0.0000	1.4060	1.6125	2.1519	2.7203	3.2088	3.4893	3.9034	3.8803	4.0139	4.1955	4.4755	4.8759	4.9520	5.2701	5.2459	5.6873	5.9455	6.2140	6.6345	6.5491	6.8507	6.8802	7.0193	7.0404	7.0879	7.3651	7.8378	8.0844	8.1666	8.4804	8.8471	9.0741	9.0219	9.0974	8.8853	9.0705	9.1000	9.3955	9.5432	9.4635	9.6475	9.9504	9.8520	10.0551	10.1614	10.0599	10.3121	10.0000	10.2319	
0.0000	0.0000	1.4219	2.1687	2.6712	2.9579	3.2052	3.5651	3.6021	3.8002	3.9449	4.2002	4.6566	4.7691	5.0582	5.0079	5.5087	5.8225	6.1153	6.5296	6.4236	6.7204	6.7621	6.8448	6.8897	6.9615	7.2533	7.7642	8.0081	8.1187	8.4666	8.8591	9.0300	8.9483	8.9677	8.7935	8.9735	8.9176	9.3110	9.4602	9.3474	9.5139	9.7840	9.7135	9.9109	10.0097	9.9279	10.1614	9.8349	10.0793	
0.0000	0.0000	0.0000	1.4267	1.9502	2.3254	2.5807	3.1385	3.1937	3.4620	3.6086	3.9002	4.2359	4.3070	4.6294	4.6275	5.0596	5.4094	5.6587	6.0667	5.9552	6.3214	6.4365	6.5308	6.5758	6.6408	6.9301	7.4685	7.7048	7.8402	8.1381	8.5705	8.7816	8.7036	8.7589	8.5309	8.6520	8.6673	8.9749	9.1447	9.0318	9.1979	9.4570	9.3825	9.6278	9.7556	9.6568	9.8792	9.5470	9.7428	
0.0000	0.0000	0.0000	0.0000	1.3232	1.8244	2.1657	2.6762	2.8098	3.0997	3.2745	3.5553	3.8186	4.0361	4.4678	4.5842	5.0265	5.4376	5.6853	6.1260	6.0235	6.4524	6.5702	6.6515	6.7050	6.7095	7.0216	7.6217	7.9017	8.0488	8.3450	8.7791	9.0096	8.9679	9.0398	8.7752	8.8569	8.7673	9.1646	9.3113	9.2238	9.3672	9.6029	9.5229	9.8159	9.9285	9.8020	10.0110	9.6921	9.8563	
0.0000	0.0000	0.0000	0.0000	0.0000	1.4156	2.1130	2.5845	2.7826	3.1090	3.3552	3.7536	4.0318	4.1665	4.6035	4.6228	5.0256	5.4238	5.6776	6.1197	6.1159	6.5239	6.6530	6.7482	6.8222	6.9461	7.2742	7.9061	8.1605	8.2949	8.5553	9.0382	9.2521	9.2096	9.1526	9.0204	8.9694	8.8301	9.2192	9.4251	9.2868	9.3351	9.6941	9.6014	9.8855	10.0863	9.9170	10.1302	9.8167	9.9720	
0.0000	0.0000	0.0000	0.0000	0.0000	0.0000	1.4267	2.0378	2.4439	2.9953	3.2343	3.7028	3.9948	4.2457	4.5504	4.6172	5.0490	5.4710	5.7997	6.1444	6.1660	6.5963	6.8000	6.9025	6.9288	7.0917	7.4575	8.0721	8.3473	8.5012	8.7280	9.2212	9.4327	9.3541	9.3358	9.1784	9.1141	8.9869	9.3701	9.5638	9.4194	9.4713	9.8080	9.7415	9.9939	10.1953	10.0312	10.2125	9.8876	10.0150	
0.0000	0.0000	0.0000	0.0000	0.0000	0.0000	0.0000	1.4219	1.9332	2.5319	2.8725	3.3612	3.5801	3.9493	4.2684	4.2902	4.7211	5.1119	5.5002	5.8083	5.7755	6.2324	6.5014	6.5968	6.6277	6.7895	7.2075	7.8461	8.0905	8.1961	8.4449	8.9749	9.1946	9.1275	9.2232	8.9632	8.9800	8.8867	9.2756	9.3812	9.2418	9.3882	9.6621	9.6376	9.9716	10.0566	9.9333	10.1226	9.8157	9.9284	
0.0000	0.0000	0.0000	0.0000	0.0000	0.0000	0.0000	0.0000	1.4108	2.1317	2.5953	3.0964	3.4556	3.7349	4.0820	4.1391	4.5229	4.8991	5.2756	5.5637	5.5435	6.0205	6.2898	6.4029	6.4556	6.6104	7.0424	7.6812	7.8714	7.9848	8.1619	8.6937	8.9052	8.8855	8.9777	8.7473	8.7646	8.7154	9.0671	9.1956	8.9984	9.1906	9.4954	9.4473	9.7718	9.8644	9.7067	9.8962	9.6043	9.6896	
0.0000	0.0000	0.0000	0.0000	0.0000	0.0000	0.0000	0.0000	0.0000	1.4315	2.0039	2.5547	2.9749	3.1377	3.5545	3.7313	4.1072	4.5551	4.8561	5.0837	5.1365	5.6216	5.8455	5.9339	5.9954	6.1883	6.6769	7.2719	7.5403	7.6697	7.8927	8.4238	8.6428	8.6318	8.7057	8.4389	8.4525	8.4696	8.6472	8.8097	8.6031	8.8257	9.0936	9.0675	9.4189	9.5328	9.3790	9.5340	9.2531	9.3493	
0.0000	0.0000	0.0000	0.0000	0.0000	0.0000	0.0000	0.0000	0.0000	0.0000	1.4903	2.2381	2.6571	2.8823	3.4742	3.7230	4.2135	4.7208	4.8305	5.1799	5.2265	5.5619	5.6942	5.7165	5.7587	5.9290	6.3714	6.9474	7.2246	7.3790	7.6385	8.1880	8.4107	8.4222	8.5257	8.2053	8.1948	8.1768	8.3379	8.5065	8.3122	8.5259	8.7862	8.7762	9.0963	9.2214	9.0990	9.2430	8.9389	9.0187	
0.0000	0.0000	0.0000	0.0000	0.0000	0.0000	0.0000	0.0000	0.0000	0.0000	0.0000	1.4999	1.9715	2.3303	2.8395	3.1797	3.8147	4.3311	4.4768	4.7447	4.7941	5.1306	5.2488	5.2970	5.3524	5.6045	5.9739	6.5883	6.9156	7.0676	7.3403	7.8735	8.1006	8.0382	8.1618	7.8907	7.8762	7.8763	8.0767	8.2088	7.9784	8.1498	8.4667	8.4941	8.8126	8.9598	8.8549	8.9812	8.6747	8.6967	
0.0000	0.0000	0.0000	0.0000	0.0000	0.0000	0.0000	0.0000	0.0000	0.0000	0.0000	0.0000	1.4792	1.8343	2.3469	2.8277	3.3676	3.8144	3.9775	4.2402	4.3078	4.7999	4.9466	4.9631	5.0863	5.2121	5.6100	6.1994	6.5142	6.6822	6.9179	7.4824	7.6892	7.6492	7.7498	7.4636	7.4678	7.5030	7.7217	7.8698	7.6335	7.7787	8.0559	8.0787	8.4028	8.5915	8.5082	8.6103	8.3073	8.3196	
0.0000	0.0000	0.0000	0.0000	0.0000	0.0000	0.0000	0.0000	0.0000	0.0000	0.0000	0.0000	0.0000	1.4633	2.2194	2.8889	3.2903	3.7648	3.9948	4.2412	4.2429	4.7337	4.8917	4.9379	4.9078	5.0823	5.5269	6.0730	6.3826	6.5059	6.7160	7.2760	7.4986	7.4625	7.5958	7.2708	7.1978	7.1595	7.3766	7.5594	7.4126	7.5619	7.8474	7.9011	8.3240	8.4675	8.3455	8.4794	8.2199	8.1568	
0.0000	0.0000	0.0000	0.0000	0.0000	0.0000	0.0000	0.0000	0.0000	0.0000	0.0000	0.0000	0.0000	0.0000	1.4267	2.3043	2.7495	3.3369	3.4970	3.7481	3.8621	4.4240	4.5963	4.7650	4.7519	4.8868	5.2243	5.8131	6.1458	6.2924	6.5163	7.0488	7.2940	7.2299	7.3257	7.0078	6.9707	7.0443	7.2497	7.4061	7.2337	7.4043	7.7471	7.7928	8.2391	8.4251	8.2791	8.4159	8.1917	8.1712	
0.0000	0.0000	0.0000	0.0000	0.0000	0.0000	0.0000	0.0000	0.0000	0.0000	0.0000	0.0000	0.0000	0.0000	0.0000	1.5317	2.1557	2.7121	3.0102	3.1778	3.3514	3.9715	4.2241	4.4101	4.4635	4.6875	5.0066	5.6734	6.0416	6.1424	6.3334	6.8553	7.1063	7.0563	7.2156	6.9237	6.9021	6.9979	7.2876	7.3689	7.1723	7.3855	7.8192	7.9111	8.3378	8.4840	8.3336	8.4719	8.2615	8.2736	
0.0000	0.0000	0.0000	0.0000	0.0000	0.0000	0.0000	0.0000	0.0000	0.0000	0.0000	0.0000	0.0000	0.0000	0.0000	0.0000	1.3424	1.9466	2.1969	2.4658	2.7530	3.3788	3.7797	3.9203	4.0586	4.4046	4.7341	5.3857	5.6867	5.7636	5.9866	6.5368	6.7866	6.7144	6.8412	6.6382	6.6481	6.7447	7.0248	7.1260	6.9678	7.1514	7.6149	7.6709	8.0998	8.2639	8.1315	8.2783	8.0185	8.1806	
0.0000	0.0000	0.0000	0.0000	0.0000	0.0000	0.0000	0.0000	0.0000	0.0000	0.0000	0.0000	0.0000	0.0000	0.0000	0.0000	0.0000	1.4792	1.9459	2.2975	2.6620	3.3842	3.8820	3.9926	4.1366	4.5319	4.8902	5.4567	5.5939	5.6280	5.8273	6.4211	6.6755	6.5941	6.6615	6.4766	6.5124	6.5747	6.8458	7.0149	6.9221	7.1196	7.5078	7.5863	8.0256	8.2009	8.1271	8.2724	8.0369	8.2152	
0.0000	0.0000	0.0000	0.0000	0.0000	0.0000	0.0000	0.0000	0.0000	0.0000	0.0000	0.0000	0.0000	0.0000	0.0000	0.0000	0.0000	0.0000	1.4426	1.8175	2.1239	2.7126	3.2714	3.3404	3.6616	4.0406	4.4019	5.0009	5.1024	5.1505	5.3244	5.9467	6.2606	6.2569	6.3595	6.2144	6.2370	6.2809	6.5917	6.6685	6.6779	6.9257	7.3442	7.4396	7.8415	7.9814	7.8820	8.0780	7.8811	8.0824	
0.0000	0.0000	0.0000	0.0000	0.0000	0.0000	0.0000	0.0000	0.0000	0.0000	0.0000	0.0000	0.0000	0.0000	0.0000	0.0000	0.0000	0.0000	0.0000	1.4378	1.7793	2.5009	3.0043	3.0702	3.4311	3.7350	4.1467	4.8162	4.9736	4.9885	5.2298	5.9217	6.2227	6.2589	6.3462	6.1964	6.2310	6.2306	6.4524	6.5216	6.5181	6.7475	7.1970	7.3019	7.7348	7.8517	7.7230	7.8737	7.6811	7.9695	
0.0000	0.0000	0.0000	0.0000	0.0000	0.0000	0.0000	0.0000	0.0000	0.0000	0.0000	0.0000	0.0000	0.0000	0.0000	0.0000	0.0000	0.0000	0.0000	0.0000	1.4999	2.2383	2.6665	2.7680	3.2712	3.5731	4.0177	4.7019	4.8648	4.8966	5.1267	5.8330	6.1775	6.1629	6.3193	6.2074	6.2316	6.2036	6.3064	6.3937	6.3891	6.6138	7.0319	7.1545	7.6169	7.8041	7.6886	7.7549	7.6019	7.8874	
0.0000	0.0000	0.0000	0.0000	0.0000	0.0000	0.0000	0.0000	0.0000	0.0000	0.0000	0.0000	0.0000	0.0000	0.0000	0.0000	0.0000	0.0000	0.0000	0.0000	0.0000	1.4889	2.1636	2.3437	2.8145	3.1767	3.7536	4.3987	4.5551	4.5444	4.8457	5.5614	5.9323	5.9115	6.0438	5.9077	5.9230	5.9709	6.0485	6.1913	6.2072	6.4610	6.8678	7.0061	7.4321	7.6049	7.4263	7.5281	7.3122	7.5353	
0.0000	0.0000	0.0000	0.0000	0.0000	0.0000	0.0000	0.0000	0.0000	0.0000	0.0000	0.0000	0.0000	0.0000	0.0000	0.0000	0.0000	0.0000	0.0000	0.0000	0.0000	0.0000	1.3949	1.7782	2.5301	3.0230	3.5937	4.2309	4.4251	4.4447	4.7754	5.5079	5.9776	6.0569	6.2061	6.1090	6.1738	6.2402	6.2380	6.3885	6.3570	6.6512	7.0643	7.1940	7.5525	7.7259	7.5109	7.6005	7.3944	7.6196	
0.0000	0.0000	0.0000	0.0000	0.0000	0.0000	0.0000	0.0000	0.0000	0.0000	0.0000	0.0000	0.0000	0.0000	0.0000	0.0000	0.0000	0.0000	0.0000	0.0000	0.0000	0.0000	0.0000	1.4012	2.1733	2.6259	3.1596	3.8539	4.2324	4.3267	4.7137	5.4166	5.9375	6.0488	6.2757	6.2229	6.3489	6.4039	6.3988	6.5081	6.5037	6.8235	7.2456	7.3558	7.6682	7.8598	7.6408	7.7566	7.6018	7.8598	
0.0000	0.0000	0.0000	0.0000	0.0000	0.0000	0.0000	0.0000	0.0000	0.0000	0.0000	0.0000	0.0000	0.0000	0.0000	0.0000	0.0000	0.0000	0.0000	0.0000	0.0000	0.0000	0.0000	0.0000	1.4474	2.0844	2.7652	3.4931	3.8620	4.0407	4.4512	5.1862	5.6712	5.8015	6.0778	6.0153	6.1914	6.2570	6.2254	6.3416	6.3513	6.6807	7.0725	7.1960	7.4705	7.6450	7.4212	7.5428	7.3641	7.6580	
0.0000	0.0000	0.0000	0.0000	0.0000	0.0000	0.0000	0.0000	0.0000	0.0000	0.0000	0.0000	0.0000	0.0000	0.0000	0.0000	0.0000	0.0000	0.0000	0.0000	0.0000	0.0000	0.0000	0.0000	0.0000	1.4523	2.3132	2.9108	3.3756	3.6279	3.9589	4.6910	5.0924	5.2226	5.5065	5.4441	5.6444	5.6984	5.6805	5.8002	5.9250	6.2529	6.6895	6.8211	7.0972	7.2978	7.1095	7.2806	7.1867	7.4357	
0.0000	0.0000	0.0000	0.0000	0.0000	0.0000	0.0000	0.0000	0.0000	0.0000	0.0000	0.0000	0.0000	0.0000	0.0000	0.0000	0.0000	0.0000	0.0000	0.0000	0.0000	0.0000	0.0000	0.0000	0.0000	0.0000	1.4951	2.2027	2.6173	2.9633	3.3782	4.0299	4.4469	4.5719	4.9324	4.9342	5.1621	5.2583	5.2637	5.3630	5.5222	5.8174	6.2550	6.4139	6.6621	6.8266	6.7384	6.9002	6.8896	7.1460	
0.0000	0.0000	0.0000	0.0000	0.0000	0.0000	0.0000	0.0000	0.0000	0.0000	0.0000	0.0000	0.0000	0.0000	0.0000	0.0000	0.0000	0.0000	0.0000	0.0000	0.0000	0.0000	0.0000	0.0000	0.0000	0.0000	0.0000	1.4219	1.9929	2.4170	2.9692	3.4270	3.9153	4.0634	4.5075	4.4780	4.7714	4.9239	4.9604	4.9741	5.1853	5.5033	6.0410	6.1841	6.3864	6.6228	6.5681	6.7891	6.8125	7.0483	
0.0000	0.0000	0.0000	0.0000	0.0000	0.0000	0.0000	0.0000	0.0000	0.0000	0.0000	0.0000	0.0000	0.0000	0.0000	0.0000	0.0000	0.0000	0.0000	0.0000	0.0000	0.0000	0.0000	0.0000	0.0000	0.0000	0.0000	0.0000	1.4426	1.8660	2.4507	2.9470	3.4696	3.6348	4.2492	4.1972	4.5872	4.7594	4.8069	4.8649	5.0702	5.3336	5.8535	5.9147	5.9843	6.2982	6.2785	6.4992	6.5660	6.8003	
0.0000	0.0000	0.0000	0.0000	0.0000	0.0000	0.0000	0.0000	0.0000	0.0000	0.0000	0.0000	0.0000	0.0000	0.0000	0.0000	0.0000	0.0000	0.0000	0.0000	0.0000	0.0000	0.0000	0.0000	0.0000	0.0000	0.0000	0.0000	0.0000	1.3424	1.8946	2.2958	2.8493	3.0646	3.6845	3.7136	4.1188	4.3107	4.4295	4.5241	4.7407	5.0004	5.5082	5.5946	5.6802	5.9691	5.9875	6.2379	6.3847	6.6363	
0.0000	0.0000	0.0000	0.0000	0.0000	0.0000	0.0000	0.0000	0.0000	0.0000	0.0000	0.0000	0.0000	0.0000	0.0000	0.0000	0.0000	0.0000	0.0000	0.0000	0.0000	0.0000	0.0000	0.0000	0.0000	0.0000	0.0000	0.0000	0.0000	0.0000	1.3583	1.9168	2.4190	2.7506	3.4212	3.4493	3.8759	4.0827	4.2763	4.3901	4.6101	4.8231	5.4114	5.5128	5.6464	5.9490	6.0498	6.3418	6.4788	6.7248	
0.0000	0.0000	0.0000	0.0000	0.0000	0.0000	0.0000	0.0000	0.0000	0.0000	0.0000	0.0000	0.0000	0.0000	0.0000	0.0000	0.0000	0.0000	0.0000	0.0000	0.0000	0.0000	0.0000	0.0000	0.0000	0.0000	0.0000	0.0000	0.0000	0.0000	0.0000	1.4744	1.9453	2.5621	3.3817	3.3965	3.8170	4.1357	4.3506	4.5285	4.7702	4.9220	5.4407	5.5432	5.6209	5.9413	5.9859	6.3186	6.4661	6.6693	
0.0000	0.0000	0.0000	0.0000	0.0000	0.0000	0.0000	0.0000	0.0000	0.0000	0.0000	0.0000	0.0000	0.0000	0.0000	0.0000	0.0000	0.0000	0.0000	0.0000	0.0000	0.0000	0.0000	0.0000	0.0000	0.0000	0.0000	0.0000	0.0000	0.0000	0.0000	0.0000	1.4060	2.1687	3.0528	3.1727	3.5234	3.8531	4.1115	4.3004	4.5672	4.7850	5.3276	5.4070	5.4529	5.8498	5.9203	6.3484	6.5933	6.7846	
0.0000	0.0000	0.0000	0.0000	0.0000	0.0000	0.0000	0.0000	0.0000	0.0000	0.0000	0.0000	0.0000	0.0000	0.0000	0.0000	0.0000	0.0000	0.0000	0.0000	0.0000	0.0000	0.0000	0.0000	0.0000	0.0000	0.0000	0.0000	0.0000	0.0000	0.0000	0.0000	0.0000	1.4426	2.2380	2.3755	2.8231	3.2062	3.5782	3.8005	4.1023	4.2627	4.7884	4.8184	4.8866	5.2594	5.4656	5.9099	6.1667	6.3820	
0.0000	0.0000	0.0000	0.0000	0.0000	0.0000	0.0000	0.0000	0.0000	0.0000	0.0000	0.0000	0.0000	0.0000	0.0000	0.0000	0.0000	0.0000	0.0000	0.0000	0.0000	0.0000	0.0000	0.0000	0.0000	0.0000	0.0000	0.0000	0.0000	0.0000	0.0000	0.0000	0.0000	0.0000	1.4778	1.7763	2.3382	2.8065	3.3396	3.5456	3.8979	4.0319	4.5419	4.5561	4.7039	5.0805	5.4790	5.9325	6.1692	6.3553	
0.0000	0.0000	0.0000	0.0000	0.0000	0.0000	0.0000	0.0000	0.0000	0.0000	0.0000	0.0000	0.0000	0.0000	0.0000	0.0000	0.0000	0.0000	0.0000	0.0000	0.0000	0.0000	0.0000	0.0000	0.0000	0.0000	0.0000	0.0000	0.0000	0.0000	0.0000	0.0000	0.0000	0.0000	0.0000	1.3328	1.8074	2.2070	2.7384	3.1481	3.5404	3.7445	4.2230	4.3013	4.4852	4.9088	5.3729	5.7542	5.9915	6.1714	
0.0000	0.0000	0.0000	0.0000	0.0000	0.0000	0.0000	0.0000	0.0000	0.0000	0.0000	0.0000	0.0000	0.0000	0.0000	0.0000	0.0000	0.0000	0.0000	0.0000	0.0000	0.0000	0.0000	0.0000	0.0000	0.0000	0.0000	0.0000	0.0000	0.0000	0.0000	0.0000	0.0000	0.0000	0.0000	0.0000	1.3853	1.9309	2.6133	3.0131	3.3807	3.5209	3.9597	4.0264	4.2082	4.5796	4.9637	5.3372	5.5278	5.7140	
0.0000	0.0000	0.0000	0.0000	0.0000	0.0000	0.0000	0.0000	0.0000	0.0000	0.0000	0.0000	0.0000	0.0000	0.0000	0.0000	0.0000	0.0000	0.0000	0.0000	0.0000	0.0000	0.0000	0.0000	0.0000	0.0000	0.0000	0.0000	0.0000	0.0000	0.0000	0.0000	0.0000	0.0000	0.0000	0.0000	0.0000	1.3169	2.0900	2.6026	2.9764	3.1084	3.5952	3.7119	3.9729	4.3580	4.7350	5.2014	5.4359	5.5745	
0.0000	0.0000	0.0000	0.0000	0.0000	0.0000	0.0000	0.0000	0.0000	0.0000	0.0000	0.0000	0.0000	0.0000	0.0000	0.0000	0.0000	0.0000	0.0000	0.0000	0.0000	0.0000	0.0000	0.0000	0.0000	0.0000	0.0000	0.0000	0.0000	0.0000	0.0000	0.0000	0.0000	0.0000	0.0000	0.0000	0.0000	0.0000	1.4585	1.9442	2.4809	2.6582	3.1528	3.3276	3.5448	3.9579	4.3622	4.8205	5.0342	5.1402	
0.0000	0.0000	0.0000	0.0000	0.0000	0.0000	0.0000	0.0000	0.0000	0.0000	0.0000	0.0000	0.0000	0.0000	0.0000	0.0000	0.0000	0.0000	0.0000	0.0000	0.0000	0.0000	0.0000	0.0000	0.0000	0.0000	0.0000	0.0000	0.0000	0.0000	0.0000	0.0000	0.0000	0.0000	0.0000	0.0000	0.0000	0.0000	0.0000	1.3742	1.9916	2.2864	2.7092	2.8153	3.0493	3.6327	3.9465	4.2596	4.5495	4.7412	
0.0000	0.0000	0.0000	0.0000	0.0000	0.0000	0.0000	0.0000	0.0000	0.0000	0.0000	0.0000	0.0000	0.0000	0.0000	0.0000	0.0000	0.0000	0.0000	0.0000	0.0000	0.0000	0.0000	0.0000	0.0000	0.0000	0.0000	0.0000	0.0000	0.0000	0.0000	0.0000	0.0000	0.0000	0.0000	0.0000	0.0000	0.0000	0.0000	0.0000	1.3694	1.8229	2.3920	2.6962	3.0011	3.5609	3.8795	4.2671	4.6081	4.8769	
0.0000	0.0000	0.0000	0.0000	0.0000	0.0000	0.0000	0.0000	0.0000	0.0000	0.0000	0.0000	0.0000	0.0000	0.0000	0.0000	0.0000	0.0000	0.0000	0.0000	0.0000	0.0000	0.0000	0.0000	0.0000	0.0000	0.0000	0.0000	0.0000	0.0000	0.0000	0.0000	0.0000	0.0000	0.0000	0.0000	0.0000	0.0000	0.0000	0.0000	0.0000	1.3169	1.9932	2.3112	2.7459	3.2056	3.4232	3.8372	4.1674	4.4753	
0.0000	0.0000	0.0000	0.0000	0.0000	0.0000	0.0000	0.0000	0.0000	0.0000	0.0000	0.0000	0.0000	0.0000	0.0000	0.0000	0.0000	0.0000	0.0000	0.0000	0.0000	0.0000	0.0000	0.0000	0.0000	0.0000	0.0000	0.0000	0.0000	0.0000	0.0000	0.0000	0.0000	0.0000	0.0000	0.0000	0.0000	0.0000	0.0000	0.0000	0.0000	0.0000	1.3901	1.8352	2.4334	2.8025	3.1218	3.5674	3.9180	4.2299	
0.0000	0.0000	0.0000	0.0000	0.0000	0.0000	0.0000	0.0000	0.0000	0.0000	0.0000	0.0000	0.0000	0.0000	0.0000	0.0000	0.0000	0.0000	0.0000	0.0000	0.0000	0.0000	0.0000	0.0000	0.0000	0.0000	0.0000	0.0000	0.0000	0.0000	0.0000	0.0000	0.0000	0.0000	0.0000	0.0000	0.0000	0.0000	0.0000	0.0000	0.0000	0.0000	0.0000	1.3439	1.9086	2.3092	2.7899	3.1606	3.5447	3.9549	
0.0000	0.0000	0.0000	0.0000	0.0000	0.0000	0.0000	0.0000	0.0000	0.0000	0.0000	0.0000	0.0000	0.0000	0.0000	0.0000	0.0000	0.0000	0.0000	0.0000	0.0000	0.0000	0.0000	0.0000	0.0000	0.0000	0.0000	0.0000	0.0000	0.0000	0.0000	0.0000	0.0000	0.0000	0.0000	0.0000	0.0000	0.0000	0.0000	0.0000	0.0000	0.0000	0.0000	0.0000	1.4633	2.0527	2.4200	2.8340	3.2208	3.6458	
0.0000	0.0000	0.0000	0.0000	0.0000	0.0000	0.0000	0.0000	0.0000	0.0000	0.0000	0.0000	0.0000	0.0000	0.0000	0.0000	0.0000	0.0000	0.0000	0.0000	0.0000	0.0000	0.0000	0.0000	0.0000	0.0000	0.0000	0.0000	0.0000	0.0000	0.0000	0.0000	0.0000	0.0000	0.0000	0.0000	0.0000	0.0000	0.0000	0.0000	0.0000	0.0000	0.0000	0.0000	0.0000	1.5269	2.0997	2.5826	2.9397	3.3683	
0.0000	0.0000	0.0000	0.0000	0.0000	0.0000	0.0000	0.0000	0.0000	0.0000	0.0000	0.0000	0.0000	0.0000	0.0000	0.0000	0.0000	0.0000	0.0000	0.0000	0.0000	0.0000	0.0000	0.0000	0.0000	0.0000	0.0000	0.0000	0.0000	0.0000	0.0000	0.0000	0.0000	0.0000	0.0000	0.0000	0.0000	0.0000	0.0000	0.0000	0.0000	0.0000	0.0000	0.0000	0.0000	0.0000	1.4219	1.9791	2.3986	2.9579	
0.0000	0.0000	0.0000	0.0000	0.0000	0.0000	0.0000	0.0000	0.0000	0.0000	0.0000	0.0000	0.0000	0.0000	0.0000	0.0000	0.0000	0.0000	0.0000	0.0000	0.0000	0.0000	0.0000	0.0000	0.0000	0.0000	0.0000	0.0000	0.0000	0.0000	0.0000	0.0000	0.0000	0.0000	0.0000	0.0000	0.0000	0.0000	0.0000	0.0000	0.0000	0.0000	0.0000	0.0000	0.0000	0.0000	0.0000	1.3583	2.0091	2.5419	
0.0000	0.0000	0.0000	0.0000	0.0000	0.0000	0.0000	0.0000	0.0000	0.0000	0.0000	0.0000	0.0000	0.0000	0.0000	0.0000	0.0000	0.0000	0.0000	0.0000	0.0000	0.0000	0.0000	0.0000	0.0000	0.0000	0.0000	0.0000	0.0000	0.0000	0.0000	0.0000	0.0000	0.0000	0.0000	0.0000	0.0000	0.0000	0.0000	0.0000	0.0000	0.0000	0.0000	0.0000	0.0000	0.0000	0.0000	0.0000	1.4523	2.0479	
0.0000	0.0000	0.0000	0.0000	0.0000	0.0000	0.0000	0.0000	0.0000	0.0000	0.0000	0.0000	0.0000	0.0000	0.0000	0.0000	0.0000	0.0000	0.0000	0.0000	0.0000	0.0000	0.0000	0.0000	0.0000	0.0000	0.0000	0.0000	0.0000	0.0000	0.0000	0.0000	0.0000	0.0000	0.0000	0.0000	0.0000	0.0000	0.0000	0.0000	0.0000	0.0000	0.0000	0.0000	0.0000	0.0000	0.0000	0.0000	0.0000	1.4267	
0.0000	0.0000	0.0000	0.0000	0.0000	0.0000	0.0000	0.0000	0.0000	0.0000	0.0000	0.0000	0.0000	0.0000	0.0000	0.0000	0.0000	0.0000	0.0000	0.0000	0.0000	0.0000	0.0000	0.0000	0.0000	0.0000	0.0000	0.0000	0.0000	0.0000	0.0000	0.0000	0.0000	0.0000	0.0000	0.0000	0.0000	0.0000	0.0000	0.0000	0.0000	0.0000	0.0000	0.0000	0.0000	0.0000	0.0000	0.0000	0.0000	0.0000	
