2000	27500624
4000	55381230
6000	83201839
8000	110982450
10000	138783060
12000	166523673
14000	194484275
16000	222184890
18000	250105494
20000	277386130
22000	305226738
24000	333627318
26000	361907904
28000	389388530
30000	417609119
32000	445349732
34000	473570321
36000	501730913
38000	530271486
40000	558092095
42000	586492675
44000	614633268
46000	642633868
48000	670354482
50000	698695065
52000	726835658
54000	754756262
56000	782476876
58000	810797460
60000	838778061
62000	867118644
64000	895199240
66000	922959852
68000	950360482
70000	978401080
72000	1006121694
74000	1034342283
76000	1062902855
78000	1090843458
80000	1119004050
82000	1147244638
84000	1175405230
86000	1202845858
88000	1230726464
90000	1258867057
92000	1285767712
94000	1313048348
96000	1341488926
98000	1369089546
100000	1397370132
