70
2130 167 1 6.027241512794849 500.0
2576 167 1 6.332255046548963 500.0
2626 167 1 6.099795654987067 500.0
2640 167 1 7.824331155426867 500.0
2130 186 1 7.7103747197181685 500.0
2626 186 1 7.040431560226863 500.0
2640 186 1 7.870679477765365 500.0
2698 186 1 7.3054451069802155 500.0
2130 208 1 6.550289361259038 500.0
2144 208 1 7.1477209476892 500.0
2108 223 1 7.868187163025619 500.0
2130 223 1 4.360229659027291 500.0
2144 223 1 6.190823245981824 500.0
2158 223 1 6.673872357004447 500.0
2165 223 1 5.126285461663751 500.0
2130 243 1 7.45800674512712 500.0
2158 243 1 6.976018721634282 500.0
2165 243 1 5.7894176809500655 500.0
2165 255 1 7.796239313526219 500.0
2227 255 1 7.634332117724132 500.0
2285 255 1 7.786766802814539 500.0
2227 296 1 7.645023327179314 500.0
2285 296 1 6.9771213206512845 500.0
2304 296 1 5.287098702205318 500.0
2344 296 1 6.556441735402376 500.0
2304 315 1 7.271895262026645 500.0
2344 315 1 5.598377489980848 500.0
2640 315 1 6.416307101986066 500.0
2698 315 1 7.702228438401059 500.0
2720 315 1 6.926601684445491 500.0
2344 334 1 7.845075382191439 500.0
2304 341 1 6.755454602097193 500.0
2344 341 1 6.164874142078821 500.0
2355 341 1 6.438794281143525 500.0
2344 360 1 7.454055452128454 500.0
2355 360 1 6.244598320621803 500.0
2403 360 1 6.284599630484053 500.0
1428 384 1 6.628508238852289 500.0
1482 384 1 7.69253265621523 500.0
2355 384 1 6.938678263244177 500.0
1374 403 1 6.406518773242755 500.0
1404 403 1 6.248514689639041 500.0
1428 403 1 5.864717601758265 500.0
1374 418 1 7.364587544737048 500.0
1404 418 1 4.521914893258399 500.0
1428 418 1 5.593275339315906 500.0
1471 418 1 6.89301248435312 500.0
1482 418 1 6.077464198344521 500.0
1404 432 1 6.919164438126037 500.0
1428 432 1 7.477566129516642 500.0
1471 432 1 6.536632024493126 500.0
1482 432 1 4.9117436701074055 500.0
1542 432 1 7.726293915070482 500.0
2249 475 1 7.439325890371692 500.0
2197 487 1 7.403052532626761 500.0
2249 487 1 4.843731621980554 500.0
2266 487 1 7.416520235902553 500.0
2304 487 1 7.789441601463192 500.0
2314 487 1 7.872856795346487 500.0
1542 506 1 7.538075070449614 500.0
2249 506 1 7.91146998215004 500.0
2197 525 1 7.381626041494292 500.0
1818 539 1 7.952953951475166 500.0
1857 539 1 6.695268210637336 500.0
1879 539 1 5.709380651449434 500.0
1942 539 1 6.731300767894355 500.0
2197 539 1 5.403946003958571 500.0
2216 539 1 7.609478706400207 500.0
2249 539 1 5.974137802932906 500.0
2266 539 1 6.148490859324039 500.0
