0.00365561	-2870.0476190474	1567.2734723357019
0.00396024	-1843.7885714287404	1233.255679451099
0.00426487	-1353.0628571430861	846.3029616536287
0.00456949	577.0533333333151	718.6770638826596
0.00487412	27.628571428431314	592.7332580296112
0.00517875	-57.84571428586787	514.9716318320679
0.00548338	-950.9580952380202	450.7566834662077
0.00578801	670.1790476190217	383.53483421425125
0.00609264	683.022857142787	359.54511505715374
0.00639727	343.15428571433586	316.27832812846
0.0067019	252.706666666636	276.8336292822729
0.00700653	411.42933333328983	258.5180046817535
0.00731116	677.6121904762294	224.27033852707348
0.00761579	806.7319999999745	214.7459974639579
0.00792042	625.689142857118	190.7854178597102
0.00822505	731.2466666667024	174.69068695485151
0.00852968	243.24723809522766	165.2653260102506
0.00883431	602.3160000000098	150.15526066116027
0.00913894	436.9815238095089	140.65101629940156
0.00944357	667.3150476190131	128.6179901648232
0.0097482	674.4558095238062	121.44827984282138
0.0100528	566.4211428571434	115.02503313742963
0.0103575	695.8988571428563	104.95736678361538
0.0106621	913.9638095237933	100.08858666016667
0.0109667	673.195047619065	93.54865198370781
0.0112713	856.1683809523674	88.44026003278145
0.011576	742.0996190476171	83.86598591675609
0.0118806	858.6447619047703	77.42491628451188
0.0121852	682.7215238095141	75.02977072440287
0.0124899	603.2630476190434	70.65216673832654
0.0127945	705.7965714285683	67.33025456971819
0.0130991	693.5299047619037	63.316932786648465
0.0134038	696.7954285714313	60.119766364610825
0.0137084	718.3172380952396	57.87326065909823
0.014013	716.6811809523801	55.062098327646396
0.0143176	706.1988190476177	52.551123650483646
0.0146223	707.2797714285753	50.28999188198811
0.0149269	658.1045523809507	47.83331828150796
0.0152315	660.3338476190493	46.1954886350224
0.0155362	650.388723809524	44.212128997137214
0.0158408	618.973580952379	42.255840425706694
0.0161454	717.6939428571427	40.85358464471472
0.01645	653.2307999999989	39.24698790555608
0.0167547	674.9299999999994	37.61538887876771
0.0170593	661.5447999999981	36.22945898274187
0.0173639	645.9441714285697	35.3065064769092
0.0176686	659.6782095238086	34.02275154843545
0.0179732	673.8819238095255	32.93385092701416
0.0182778	628.9779809523816	32.535690730874336
0.0185825	583.5178857142876	32.40115087971118
0.0188871	588.4038666666686	31.795309680979862
0.0191917	581.6150857142861	31.178032460770815
0.0194963	597.647180952381	30.249184577705567
0.019801	588.1117333333339	29.718737197401403
0.0201056	643.4519619047626	29.256117011399073
0.0204102	637.7404761904768	28.68498886731322
0.0207149	628.5032380952373	28.028214943188424
0.0210195	573.8557523809504	27.34942916189929
0.0213241	590.3370285714277	26.96776454561232
0.0216287	559.84881904762	26.420954898876214
0.0219334	586.0440952380952	25.971330850679074
0.022238	571.8457714285705	25.345750653801534
0.0225426	577.1131809523803	25.027102694332044
0.0228473	518.6707428571424	24.625426452414754
0.0231519	534.5779428571433	24.04525220073694
0.0234565	543.4308761904771	23.312475354369223
0.0237612	530.4229904761905	23.09727659657351
0.0240658	567.6262666666673	22.79465479871492
0.0243704	530.8681904761897	22.415381004903917
0.024675	552.4482666666671	21.694654529601852
0.0249797	523.4887619047612	21.573590686042113
0.0252843	483.54095238095226	21.491644121991648
0.0255889	496.0173904761899	20.93892647625207
0.0258936	507.84815238095234	20.919293916316146
0.0261982	489.33118095238	20.038885258511343
0.0265028	510.87472380952363	20.187248462356415
0.0268075	480.15843809523744	20.007664660719335
0.0271121	494.9799809523802	19.581216754707647
0.0274167	479.5113523809522	19.524653886230602
0.0277213	472.95609523809446	18.903016007905993
0.028026	464.6473904761922	18.944239086228478
0.0283306	467.1212571428566	18.87780416928778
0.0286352	473.913657142856	18.335905860916938
0.0289399	457.01051428571475	18.472937309325967
0.0292445	420.2991238095234	17.948453668629952
0.0295491	407.56043809523817	17.950381245914077
0.0298537	468.2451619047612	17.58207003898645
0.0301584	423.99388571428517	17.259704175748197
0.030463	414.4065523809519	17.238824652047956
0.0307676	430.1846285714282	16.936779411931557
0.0310723	386.36051428571363	16.78784335985401
0.0313769	415.1516571428567	16.429035770260636
0.0316815	378.6091809523805	16.21664337607059
0.0319862	398.57619047619096	16.220707810348504
0.0322908	388.27260952380925	15.947649735761457
0.0325954	396.2947619047617	15.766792091162847
0.0329	375.0632952380954	15.740497385664467
0.0332047	369.0732571428572	15.503168441655689
0.0335093	362.4687238095231	15.463143490339643
0.0338139	390.01516190476195	15.008372240449056
0.0341186	364.4037714285719	15.268905602287514
0.0344232	392.84297142857156	14.93984263631415
0.0347278	362.0503047619053	15.06445177300489
0.0350324	374.24144761904785	14.872546477153527
0.0353371	352.1966095238088	14.747570045078064
0.0356417	357.6621333333327	14.604852014452144
0.0359463	324.7994666666668	14.505928959915277
0.036251	334.3858285714282	14.57216446643178
0.0365556	339.15857142857107	14.329422764058734
0.0368602	347.42807619047653	14.299841732347357
0.0371649	329.4303238095233	14.256927060383838
0.0374695	292.5298857142863	13.994882355598083
0.0377741	338.13523809523815	14.072387795904815
0.0380787	276.8684190476188	13.961543320870833
0.0383834	317.64001904761926	13.941461958348857
0.038688	306.8923809523807	13.88280066849939
0.0389926	288.5248952380948	13.634046441452298
0.0392973	277.1523047619047	13.982291789594093
0.0396019	290.4061904761909	13.526191320083505
0.0399065	284.6416571428574	13.560686278954767
0.0402112	298.97394285714284	13.505129993856503
0.0405158	288.51857142857057	13.341329691172167
0.0408204	284.74285714285685	13.445329029168626
0.041125	285.0596380952379	13.144720193365645
0.0414297	267.7643428571426	13.223540782272988
0.0417343	294.7278666666662	13.137356612407046
0.0420389	282.24921904761857	12.937419537174744
0.0423436	285.62076190476176	13.14123780853825
0.0426482	246.5796000000003	12.92662159165716
0.0429528	279.20832380952334	13.00902122705331
0.0432574	283.31428571428575	13.128985550323106
0.0435621	238.2593904761896	13.427671441203584
0.0438667	263.7092190476193	13.557942553344116
0.0441713	263.4097142857152	13.411897402756999
0.044476	263.32104761904816	13.652470481657872
0.0447806	254.82007619047607	13.448290680721191
0.0450852	245.64409523809474	13.682399352952634
0.0453899	267.2584000000009	13.583468624946795
0.0456945	250.38546666666747	13.65284852792552
0.0459991	234.1437714285712	13.702716536453195
0.0463037	236.30201904761918	13.698100191029987
0.0466084	212.36457142857148	13.774800461083558
0.046913	228.3861142857151	13.698036391070808
0.0472176	238.35836190476158	13.723854854780848
0.0475223	211.33920000000018	13.883937800548832
0.0478269	235.8296952380951	13.762909033969779
0.0481315	214.06857142857177	13.882596464421109
0.0484361	216.6359238095245	13.72369668268166
0.0487408	211.58725714285737	13.832024537259196
0.0490454	213.77078095238033	13.694180795529068
0.04935	206.41914285714307	13.669419851097933
0.0496547	238.11805714285725	13.857076166526692
0.0499593	180.02984761904798	13.600528582815517
0.0502639	207.79946666666632	13.736643627763392
0.0505686	194.9965333333327	13.51580572785867
0.0508732	202.92358095238086	13.55044502732097
0.0511778	192.44891428571435	13.566414223920734
0.0514824	178.182914285714	13.572640652728653
0.0517871	197.9450476190476	13.620846870540205
0.0520917	195.31238095238137	13.344250215274174
0.0523963	183.47942857142755	13.441155496182645
0.052701	182.92582857142804	13.581480513890277
0.0530056	164.84845714285655	13.365920595075526
0.0533102	167.39811428571414	13.492050711893855
0.0536149	165.7864952380956	13.187561735381777
0.0539195	172.20181333333358	13.433217727973704
0.0542241	173.66446285714233	13.311108127454304
0.0545287	161.51880000000006	13.161578947030323
0.0548334	171.20592190476202	13.397081132448026
0.055138	151.76813333333314	13.170588218638859
0.0554426	177.84140571428537	13.296959354776344
0.0557473	159.3551238095236	13.03807275075269
0.0560519	176.1650933333334	13.193272173607696
0.0563565	164.44628380952338	13.0964003796532
0.0566611	136.0104095238097	13.109206514483649
0.0569658	149.58211047619102	13.20515574815972
0.0572704	161.57297333333304	12.911575106629275
0.057575	154.9862190476196	13.074473101043518
0.0578797	175.41536190476137	13.007168248250085
0.0581843	164.71724571428553	12.972946791991642
0.0584889	144.1991161904761	13.03571109402361
0.0587936	183.61373714285662	12.842007210684807
0.0590982	123.43888380952365	13.029441162565114
0.0594028	146.49695238095234	12.829442883031533
0.0597074	159.90354857142933	12.855197721407123
0.0600121	128.475573333333	12.88509266979948
0.0603167	124.51079999999962	12.778134670597197
0.0606213	139.97516190476176	12.873299394529598
0.060926	159.59591809523715	12.686525055208628
0.0612306	150.00953142857128	12.70661464973466
0.0615352	135.14121142857164	12.750368151063382
0.0618398	123.8714571428568	12.599140864858436
0.0621445	142.20571809523818	12.766403387546163
0.0624491	140.97610476190482	12.599863203239146
0.0627537	124.6285580952383	12.662193057744744
0.0630584	130.8634742857143	12.702493146750752
0.063363	145.07092952380958	12.442320213165543
0.0636676	138.43354857142856	12.607270986429553
0.0639723	138.14831809523753	12.476278310741675
0.0642769	141.77311809523758	12.53714586679429
0.0645815	134.58768952380893	12.547064945470481
0.0648861	112.78377333333395	12.481833665051118
0.0651908	114.08185904761922	12.487034004551969
0.0654954	140.60443999999904	12.377468715645158
0.0658	141.1516723809521	12.468245324950793
0.0661047	148.67607047619003	12.339669146468166
0.0664093	116.34756190476196	12.342848379647478
0.0667139	92.29401904761858	12.368564555930757
0.0670186	116.87044190476229	12.29639529731793
0.0673232	104.77078476190457	12.379573742515927
0.0676278	131.33708761904785	12.196637774780017
0.0679324	140.14620190476137	12.260788421897521
0.0682371	98.87166285714244	12.260377831098543
0.0685417	108.14953523809521	12.172364503713053
0.0688463	101.4096152380958	12.216277222288152
0.069151	105.0424609523813	12.085907524842455
0.0694556	126.43079238095225	12.15691171502585
0.0697602	103.2314076190471	12.084304248760848
0.0700648	86.26191809523846	12.135857039238067
0.0703695	101.54968571428526	12.185252554240076
0.0706741	114.58469142857155	11.963231741911887
0.0709787	123.64821714285682	12.10197991818524
0.0712834	114.04518857142818	11.947880743452073
0.071588	88.05934095238086	12.056524787800615
0.0718926	85.95261142857169	12.026211118984998
0.0721973	117.39558095238067	11.96739677715679
0.0725019	108.83431999999999	12.027327286408784
0.0728065	101.92032952380913	11.867615097683293
0.0731111	93.39033333333333	11.864130949454402
0.0734158	112.7880571428571	11.963446639452224
0.0737204	100.89852761904751	11.86523957956756
0.074025	129.2310857142857	11.875857921960273
0.0743297	92.6967047619047	11.763813593237293
0.0746343	81.28646666666668	11.869380582602746
0.0749389	94.30458285714337	11.793251215747258
0.0752435	79.02428380952415	11.758554702595605
0.0755482	82.76979428571394	11.8364927025978
0.0758528	103.19490666666667	11.746135103555773
0.0761574	86.95471619047566	11.745050759196829
0.0764621	103.84774666666686	11.646486991192315
0.0767667	108.72866285714309	11.709968413003754
0.0770713	93.8496171428568	11.621259202481834
0.077376	89.03207238095206	11.692097272661869
0.0776806	91.60275428571424	11.648929801360385
0.0779852	87.13764000000026	11.542986508225814
0.0782898	96.51248952380996	11.66234207699741
0.0785945	95.71610095238128	11.858366206685677
0.0788991	85.54890285714265	11.607206669010417
0.0792037	94.51389904761896	11.577646724806257
0.0795084	86.77345523809493	11.494068724208162
0.079813	69.1955466666667	11.626384153286867
0.0801176	84.21167999999994	11.438128478203325
0.0804222	75.03763809523832	11.468591132121944
0.0807269	78.98303809523782	11.431204143273161
0.0810315	85.7460019047619	11.456576633861577
0.0813361	81.21519238095232	11.516875193557706
0.0816408	70.04812571428545	11.304987362487381
0.0819454	80.3495409523805	11.427557422335493
0.08225	65.27615809523724	11.390847590687901
0.0825547	86.82921333333326	11.424991180572949
0.0828593	74.49447238095246	11.796286235996053
0.0831639	84.95403999999951	11.897627473328905
0.0834685	96.98465714285675	12.203820222031478
0.0837732	49.46382095238107	12.374488300878417
0.0840778	55.63509904761872	12.292081417990401
0.0843824	76.47945714285669	12.466132190740273
0.0846871	47.821047619048045	12.470737546564227
0.0849917	87.91494285714236	12.758205715274276
0.0852963	62.88874666666686	12.680510047646278
0.085601	50.37504571428485	12.801320032337415
0.0859056	66.5649961904765	12.858186370305116
0.0862102	78.27095428571454	12.772725690102337
0.0865148	79.0233790476185	13.001941593980158
0.0868195	73.21852952380937	12.850932874609862
0.0871241	83.55103238095211	12.946127297160183
0.0874287	64.0050114285711	12.979978001272928
0.0877334	88.64183238095222	12.976780917888227
0.088038	76.26733904761892	12.459684373232172
0.0883426	89.72675047618992	12.07827132708147
0.0886472	86.82320571428647	12.079214298503098
0.0889519	50.64837333333287	11.941347299415494
0.0892565	79.66926095238165	11.82879305041429
0.0895611	59.63059238095269	11.712091263549624
0.0898658	52.148649523809354	11.552931732985147
0.0901704	67.31672190476246	11.642534896617981
0.090475	82.95957142857105	11.342741016830583
0.0907797	87.42874095238079	11.440091902137429
0.0910843	63.17267619047584	11.463605338143964
0.0913889	75.95140761904787	11.317729051917151
0.0916935	65.23744000000022	11.380317811609938
0.0919982	70.28730095238103	11.234775599818088
0.0923028	59.005148571428094	11.381343862027865
0.0926074	63.26529714285641	11.227277606621866
0.0929121	58.650335238094726	11.209014858062119
0.0932167	67.50756380952424	11.193351969995437
0.0935213	68.43497523809475	11.085505977285768
0.0938259	67.11737714285647	11.175047147123339
0.0941306	51.244209523809445	11.184188796047483
0.0944352	58.38103238095215	11.150544869140928
0.0947398	88.99306285714289	11.009735437670374
0.0950445	67.89670285714266	11.094469110715902
0.0953491	63.70623809523863	11.076995242656624
0.0956537	59.295640000000844	11.0026006160528
0.0959584	78.22861523809507	10.968472726314333
0.096263	47.53804380952374	11.00259485168629
0.0965676	51.63239428571444	11.086185381694538
0.0968722	50.35479428571449	11.02815418031236
0.0971769	49.54369904761876	10.876286717914498
0.0974815	55.170714285713984	10.972473886472642
0.0977861	60.66288000000043	10.866542835860999
0.0980908	61.37853333333311	10.919444986776279
0.0983954	68.71916952380957	10.93532444936152
0.0987	80.0429866666667	10.811324392573818
0.0990047	57.47996952380987	10.918093099590774
0.0993093	60.962232380952344	10.817310957589854
0.0996139	62.391466666666986	10.849544184969215
0.0999185	55.809270476190704	10.803934958921484
0.100223	41.7828323809519	10.776563010853927
0.100528	63.93571047618963	10.804902350922
0.100832	50.885131428571526	10.722880000546212
0.101137	59.49407238095205	10.783646527187742
0.101442	57.54547428571442	10.643510881018889
0.101746	56.546514285714125	10.723101328261597
0.102051	27.295620952380943	10.777495588172773
0.102356	51.20986476190495	10.602317260235264
0.10266	64.13324952380947	10.686189415308627
0.102965	52.341525714284955	10.628761916777684
0.103269	49.85817904761916	10.662610626388657
0.103574	40.352276190476175	10.600234732486278
0.103879	67.34944571428628	10.601349560392773
0.104183	39.42083238095222	10.676557750215235
0.104488	61.782788571428284	10.560555255175064
0.104793	43.279036190476745	10.609795980981376
0.105097	36.592121904761825	10.493376331831492
0.105402	46.555203809523675	10.51752418013968
0.105707	38.70112952380907	10.614797734442192
0.106011	57.1097276190477	10.45584406413794
0.106316	48.05809333333286	10.491447683117043
0.10662	59.210681904762055	10.419243359124922
0.106925	46.16808380952392	10.430871939345913
0.10723	39.16335809523787	10.532059906211348
0.107534	31.738241904762106	10.429254483711315
0.107839	47.19736571428541	10.431504100356161
0.108144	38.74786095238079	10.382430216967283
0.108448	43.0964000000003	10.415265500894451
0.108753	51.114190476190515	10.351502898446887
0.109057	40.521093333333624	10.39867399778581
0.109362	40.191691428570664	10.406542601752331
0.109667	37.76508952380908	10.381679992643384
0.109971	38.831276190475705	10.356180081544837
0.110276	50.32559809523832	10.281487120560636
0.110581	61.73727238095154	10.244901904569229
0.110885	39.781356190476345	10.385539880183416
0.11119	64.00788952380992	10.289964773368983
0.111494	36.60819238095257	10.340843824713327
0.111799	36.571459047619044	10.2229767014007
0.112104	46.4485276190473	10.286622587616572
0.112408	29.488546666666764	10.233779864383404
0.112713	39.67060761904776	10.230700656959327
0.113018	29.315939047619395	10.26018293002894
0.113322	56.700064761904514	10.160694351464816
0.113627	43.82150285714232	10.281255883444171
0.113931	32.857700952380924	10.164986240057601
0.114236	52.77445714285733	10.203814731570313
0.114541	50.874807619048	10.161874761584821
0.114845	35.12674857142855	10.12405555978489
0.11515	32.63754285714214	10.198767972599486
0.115455	38.221379047619166	10.090837735024039
0.115759	36.3712666666666	10.08940341916406
0.116064	40.88308380952412	10.110988903184834
0.116369	46.53934285714257	10.087325636036992
0.116673	40.390409523809865	10.116223294013833
0.116978	39.60434285714285	10.070981192247196
0.117282	43.585794285713746	10.09660358704459
0.117587	37.50545714285636	10.054560304797137
0.117892	43.83519619047604	9.969039300665388
0.118196	46.197544761904226	9.983816613309115
0.118501	46.57417142857099	10.040810147322858
0.118806	46.842516190476715	10.035907390406706
0.11911	28.824401904761885	10.009111601149051
0.119415	42.43383238095248	9.96862839460995
0.119719	24.164026666666132	9.964723876146266
0.120024	35.015493333333154	9.964218261202777
0.120329	45.686984761904625	9.93470228435697
0.120633	45.30746476190501	9.950057573390112
0.120938	42.671346666666636	9.89130843924735
0.121243	31.031931428571795	9.941391687878392
0.121547	25.223969523809444	9.945189183694012
0.121852	25.308095238095802	9.86428901751185
0.122156	42.0322247619049	9.861628120515343
0.122461	15.986676190475748	9.907097810494482
0.122766	34.05831809523818	9.899888483370272
0.12307	45.103628571428374	9.790111072070337
0.123375	43.83129714285673	9.866813850881677
0.12368	30.29793523809502	9.762989377496718
0.123984	42.36302095238074	9.884148257743963
0.124289	35.54789142857146	9.790210070228897
0.124594	22.261999999999773	9.806978822776335
0.124898	47.00007809523811	9.790103424321927
0.125203	20.911916190476347	9.787098531729978
0.125507	9.25277714285727	9.787996772382208
0.125812	25.87588952380912	9.739487208728567
0.126117	29.744401904761162	9.839172690176996
0.126421	35.6218990476188	9.720759980955108
0.126726	24.017946666666603	9.936089140391877
0.127031	23.20669142857099	10.196335781536682
0.127335	33.636420952380774	10.166368947819644
0.12764	30.906502857142755	10.373817355552555
0.127944	34.45334285714267	10.419255452752513
0.128249	56.9064361904762	10.499051960816976
0.128554	17.593074285713897	10.496110717360548
0.128858	25.704537142856907	10.367013584392657
0.129163	37.1455009523811	10.287817038797167
0.129468	37.672569523809614	10.04411534336224
0.129772	42.88670285714261	10.047210761289453
0.130077	28.080121904762336	9.98086501391983
0.130381	34.62848952380966	10.04806477429039
0.130686	27.035542857143184	10.009255642720332
0.130991	38.26008952380931	9.917548057537113
0.131295	34.58939428571455	9.985302573157364
0.1316	38.2525009523809	9.881613530765947
0.131905	35.322721904761636	9.906110628623697
0.132209	31.079752380952073	9.952498658182853
0.132514	39.136009523809605	9.76977589038765
0.132819	31.799691428571464	9.884868763897986
0.133123	43.06540380952384	9.793659400940188
0.133428	29.16356380952351	9.790098676389857
0.133732	42.57841333333289	9.740160244641087
0.134037	33.78300380952339	9.734091742331008
0.134342	25.815424761903785	9.806770973482045
0.134646	17.353375238095055	9.582571762245234
0.134951	22.710281904762155	9.630774961142976
0.135256	34.98981904761905	9.585661428603478
0.13556	-1.135918095238253	9.6277858876319
0.135865	18.327914285714257	9.581195872698421
0.136169	32.17984380952373	9.472056206955052
0.136474	23.9201085714285	9.564812620136605
0.136779	29.297005714285262	9.511125988476719
0.137083	12.931350476190175	9.533290706424863
0.137388	30.428986666666447	9.494539493653212
0.137693	28.987754285713834	9.429516831065959
0.137997	27.42675809523803	9.541638453347828
0.138302	14.948430476190424	9.479567927258438
0.138606	25.39262285714301	9.518851369670307
0.138911	24.21794285714327	9.37045817390481
0.139216	5.705472380952017	9.484569761242685
0.13952	18.526356190475326	9.503127244597975
0.139825	26.683769523809246	9.371967245984669
0.14013	25.582272380952418	9.395552563206584
0.140434	41.01216952380952	9.316847536561875
0.140739	31.592554285714414	9.438692621207785
0.141044	42.309559999999635	9.337159491947212
0.141348	20.891759999999806	9.385259544472103
0.141653	39.018617142856726	9.42102130761436
0.141957	11.03882285714235	9.330699853502244
0.142262	29.40310666666619	9.382075431010332
0.142567	25.797239999999988	9.246731004431448
0.142871	17.387167619047545	9.31497256935672
0.143176	33.478419047618786	9.358603967790364
0.143481	35.653554285714506	9.323495204601985
0.143785	21.254171428571738	9.315212352876785
0.14409	13.64658476190499	9.267306200955339
0.144394	26.91805142857106	9.302672094647269
0.144699	12.092445714285702	9.299432736342933
0.145004	26.98865714285688	9.221639936272298
0.145308	14.863660952380826	9.291545018530469
0.145613	16.23199428571411	9.206198806986288
0.145918	36.634179047619284	9.26481192156407
0.146222	18.872832380952502	9.237307455894012
0.146527	23.9895904761903	9.21587499039923
0.146831	28.48388761904772	9.269877745764553
0.147136	10.60760380952388	9.171772270582213
0.147441	33.72486095238145	9.554171647896762
0.147745	31.738472380952487	9.625503930695606
0.14805	23.002554285713472	9.70375458810506
0.148355	18.853466666666066	9.917628400937964
0.148659	32.30598285714308	9.855831018395506
0.148964	26.3824914285712	10.060058460638006
0.149269	18.47702285714263	9.916852321432971
0.149573	33.385895238095316	10.05972092425324
0.149878	22.093822857142698	10.095015855703465
0.150182	28.777666666666164	10.021438436263308
0.150487	17.913977142856652	10.161108626018338
0.150792	26.650931428571027	10.108742181111234
0.151096	26.318895238095763	10.213612572214611
0.151401	21.70597714285691	10.086530797967812
0.151706	44.827838095238235	10.169828626363483
0.15201	24.993137142856483	10.184639533593225
0.152315	32.056373333332715	10.08790815404116
0.152619	35.97148761904748	9.793717230240969
0.152924	29.070676190476092	9.587398987729063
0.153229	27.72126666666651	9.54338846948813
0.153533	24.664716190475815	9.487971319508912
0.153838	24.049369523809787	9.362807453070708
0.154143	12.779815238095011	9.40051000227884
0.154447	12.262609523809544	9.256814230748242
0.154752	30.224573333333637	9.316844460388584
0.155056	11.77484190476207	9.282464317413453
0.155361	18.455104761904693	9.238877646233274
0.155666	18.548205714285473	9.331462130436124
0.15597	25.73130666666657	9.206809806477962
0.156275	5.003681904761379	9.298267675774142
0.15658	0.5480457142857631	9.221458834848361
0.156884	23.313459047619176	9.206249068863576
0.157189	23.76213904761869	9.234805733041988
0.157494	19.315935238095392	9.121436906872232
0.157798	30.673369523809697	9.192393352581867
0.158103	25.51544190476136	9.083453222121888
0.158407	23.276596190476084	9.14379494824517
0.158712	19.80171999999982	9.150870763099215
0.159017	12.46432000000027	9.127702912166434
0.159321	16.898312380952234	9.140549373575631
0.159626	23.24359047618998	8.966986915505133
0.159931	23.886499047618486	9.13193491927826
0.160235	17.55229714285747	9.094274916282766
0.16054	7.390295238095064	9.050748714171316
0.160844	20.11564190476207	9.085989478175769
0.161149	18.57984190476202	8.963544342900386
0.161454	25.816573333333395	9.06298965700199
0.161758	22.15261714285731	8.99109477708765
0.162063	34.06238285714295	8.98018285105169
0.162368	11.3761199999999	8.987571926729535
0.162672	15.668893333333358	8.976160491133605
0.162977	34.966129523809	9.018844104982168
0.163281	17.882594285714504	8.92429538327319
0.163586	10.749493333333078	8.983138563658333
0.163891	31.471457142857275	8.988277428371843
0.164195	20.755207619047553	8.902937514486874
0.1645	17.89300761904741	8.954222538335006
0.164805	22.110085714286072	8.871793258820059
0.165109	11.70093523809527	8.918662437532742
0.165414	1.780392380952378	8.891469193085307
0.165719	11.51926095238025	8.836500919673204
0.166023	4.172199999999862	8.93248515803303
0.166328	23.923398095238042	8.836633048394622
0.166632	25.919719999999984	8.89593412661998
0.166937	34.6070380952375	8.803540778019865
0.167242	23.549980952380736	8.851804314296317
0.167546	17.134977142856656	8.855015471913447
0.167851	13.368483809523184	8.84872169086876
0.168156	17.643059047618976	8.786098330034095
0.16846	23.61789142857134	8.779644009208537
0.168765	31.132430476190223	8.828086431138708
0.169069	11.12716571428507	8.79228009329871
0.169374	29.836784761904767	8.786417335568848
0.169679	8.763097142856964	8.812639110949046
0.169983	37.461188571429034	8.70871267303084
0.170288	23.147729523809346	8.773073761042836
0.170593	15.114264761904792	8.73128172475757
0.170897	16.254114285713683	8.748432350587805
0.171202	6.964851428571137	8.700396346078175
0.171506	5.188986666665869	8.756391507809795
0.171811	28.43725523809553	8.782152692393408
0.172116	30.690830476191024	8.624899474670208
0.17242	13.035767619047647	8.70983055366182
0.172725	21.397916190475712	8.663772969694248
0.17303	15.538944761904645	8.734172100155309
0.173334	24.743872380952325	8.710944376024347
0.173639	18.792451428571155	8.585146344856373
0.173944	17.692152380951995	8.728792752695774
0.174248	14.30170666666612	8.623615425111746
0.174553	19.486194285713907	8.674247650719739
0.174857	20.832394285714315	8.621015319362302
0.175162	22.04794857142872	8.630989430278944
0.175467	21.298594285714216	8.677718069219077
0.175771	7.686636190476577	8.570227639186802
0.176076	7.536321904761962	8.647201984463084
0.176381	10.271828571428614	8.541123396385528
0.176685	18.73042476190477	8.608415173545843
0.17699	35.32291238095212	8.65453514303523
0.177294	21.038910476190154	8.485758501797456
0.177599	7.949487619047488	8.597837441592933
0.177904	0.9308152380950219	8.589678872871893
0.178208	19.802396190476372	8.554585592243388
0.178513	13.231548571428107	8.593887349218965
0.178818	7.216226666666898	8.492999523207608
0.179122	23.681967619047555	8.55454045638483
0.179427	17.898318095238324	8.523966911763003
0.179731	27.36332761904748	8.506551359923199
0.180036	26.334388571428633	8.515575519120876
0.180341	22.16249142857123	8.453231906909405
0.180645	18.93479999999954	8.543894591254215
0.18095	7.731078095237649	8.498459462520877
0.181255	16.14264952380978	8.490525747018333
0.181559	16.261320000000126	8.505005558475428
0.181864	23.453005714285666	8.455047898111133
0.182169	9.541702857142695	8.513532019867474
0.182473	30.51829333333302	8.448201695687791
0.182778	14.370685714285685	8.42530385735104
0.183082	12.329489523809514	8.424296574728455
0.183387	9.74418666666594	8.439782253883827
0.183692	23.363019047619105	8.415223199777335
0.183996	1.6145066666672392	8.43453607281479
0.184301	-1.0005676190473878	8.415886077466688
0.184606	25.289851428570955	8.40581645286537
0.18491	15.264417142856814	8.422634989454943
0.185215	21.90583809523787	8.35287566545311
0.185519	13.406380952381198	8.41346398688813
0.185824	11.777860952381616	8.404673246688784
0.186129	5.684051428571308	8.353827049515527
0.186433	9.357142857142549	8.423379500737301
0.186738	7.5248457142862435	8.305583211552598
0.187043	20.826971428571426	8.394750680806634
0.187347	10.997489523809065	8.362167473798628
0.187652	14.176247619048183	8.334103602648701
0.187956	17.649887619047604	8.354247498239815
0.188261	15.74627619047618	8.2926465429687
0.188566	17.836451428570967	8.35680963027877
0.18887	23.659695238095253	8.318146811188631
0.189175	13.122476190476107	8.282838856205885
0.18948	15.381253333333689	8.292383098086676
0.189784	3.1709142857144457	8.278622345914377
0.190089	10.361988571428355	8.338406707149769
0.190394	6.727339047618557	8.255441298486016
0.190698	18.49375238095206	8.268216362112808
0.191003	12.765300952381153	8.313698569551388
0.191307	11.754695238095678	8.231715211919973
0.191612	14.795859047619047	8.259586234697124
0.191917	11.65767238095242	8.168815948601926
0.192221	22.43511238095266	8.266161999422938
0.192526	20.602779047619038	8.237181790232636
0.192831	16.667598095238247	8.243503122223787
0.193135	22.579649523809167	8.21215194239174
0.19344	17.890426666666315	8.196559898779398
0.193744	12.540695238095054	8.236008354043864
0.194049	17.820245714285363	8.198344905616658
0.194354	3.179133333333084	8.170783588948355
0.194658	13.324323809523833	8.19454440414555
0.194963	-2.2652895238095994	8.130955125509624
0.195268	12.641371428571517	8.189644495072358
0.195572	10.983550476189805	8.104074585397708
0.195877	28.446817142857128	8.171137951183645
0.196181	21.701356190476417	8.145131952565471
0.196486	1.0390780952377554	8.120255297621751
0.196791	14.499948571428263	8.139974513201485
0.197095	-3.4192304761910464	8.058963315742897
0.1974	8.878108571428243	8.14462975013734
0.197705	7.676603809523783	8.10542129871442
0.198009	14.01368571428577	8.061842808040153
0.198314	12.12343428571387	8.140621676502139
0.198619	17.372794285714406	8.056509934324778
0.198923	-5.310460952380822	8.1574723088866
0.199228	17.64480761904764	8.063986960339687
0.199532	18.647779047619792	8.054671922870911
0.199837	6.928121904762179	8.131417959984471
0.200142	10.481462857142674	8.050333555922023
0.200446	17.27345333333318	8.108558460181559
0.200751	8.557980952380149	8.051522088422049
0.201056	10.264049523809433	8.061975339949337
0.20136	9.384523809523557	8.066270681039317
0.201665	15.570944761905139	8.018945198274562
0.201969	10.786120000000494	8.088762743957416
0.202274	24.87872952380883	8.007830857529548
0.202579	13.722700952380649	8.072564666704217
0.202883	19.368140952380486	8.014869954846965
0.203188	9.392624761904074	8.05681850266589
0.203493	24.7560685714285	8.053869469790968
0.203797	24.427697142857312	7.962337433242631
0.204102	8.978306666666356	8.055873610730313
0.204406	16.216361904762095	7.940171445020986
0.204711	10.492220952380933	8.00076828820462
0.205016	15.091807619047302	7.987085103832929
0.20532	18.565714285713852	8.0063741909774
0.205625	19.616003809524045	7.9850399277244755
0.20593	5.23247047619094	7.939261397655301
0.206234	20.19404380952409	8.002860758807593
0.206539	11.87695809523774	7.950859130720343
0.206844	31.908558095238106	7.921183339523471
0.207148	-3.8306895238099514	7.989742551382639
0.207453	10.578089523808956	7.900711315685326
0.207757	15.97045523809527	7.961403435570027
0.208062	1.7721599999995874	7.948846265893513
0.208367	16.50203619047602	7.915192900932877
0.208671	12.063950476190257	7.940391547290906
0.208976	9.793878095238142	7.918715549845347
0.209281	11.600944761904941	7.9347124408815795
0.209585	26.056487619047743	7.885296190742244
0.20989	13.280489523809251	7.89752251596047
0.210194	8.592007619047024	7.915551905652798
0.210499	11.610226666666676	7.884801392899101
0.210804	23.37169904761879	7.904553922628566
0.211108	16.98979809523877	7.874942932040355
0.211413	12.579767619047288	7.848570980203987
0.211718	9.681280000000072	7.918117851406876
0.212022	22.098746666666216	8.034208467355388
0.212327	13.10613142857136	8.216250529624597
0.212631	10.552933333333385	8.257764675912853
0.212936	36.13357904761898	8.379196488886878
0.213241	23.234708571428655	8.418323059041391
0.213545	-0.8624742857139722	8.40841702819947
0.21385	17.901718095237698	8.418055639657466
0.214155	6.743849523809331	8.432878392003426
0.214459	-6.171800000000474	8.487166152656958
0.214764	10.69168380952334	8.486209491038807
0.215069	11.123169523809224	8.482827244486712
0.215373	19.734554285714125	8.506021553526498
0.215678	25.908108571427988	8.557755740221973
0.215982	15.401245714285778	8.551985982649349
0.216287	13.73018285714295	8.558177400521657
0.216592	25.752689523808954	8.603854188242275
0.216896	17.400083809523892	8.55666841164007
0.217201	20.901030476190385	8.334091009504105
0.217506	13.067243809523745	8.184616516538583
0.21781	20.8844971428573	8.123557923451129
0.218115	-0.8255047619053357	8.139591295769904
0.218419	9.433340952380718	8.00575599888911
0.218724	13.773885714285825	8.061378946425886
0.219029	14.713805714285968	7.962230865731485
0.219333	30.677329523809078	8.012791087244075
0.219638	13.184862857142434	8.028078416994804
0.219943	18.719466666666733	7.921640697725929
0.220247	18.95431238095142	7.983568970596143
0.220552	2.9573123809524304	7.8931492742565705
0.220856	9.25330095238138	7.970533583624508
0.221161	18.051813333333087	7.961023886957204
0.221466	13.813676190476087	7.826776507020986
0.22177	13.469457142857664	7.959775419003431
0.222075	16.271148571428284	7.88302806281921
0.22238	14.768091428571495	7.893217036907566
0.222684	12.34681142857113	7.864908462384181
0.222989	14.319794285714522	7.839139715765494
0.223294	25.62421523809519	7.888602231163824
0.223598	5.718731428571573	7.799811125475844
0.223903	13.373948571428684	7.820762557184095
0.224207	15.800390476190387	7.851958680067545
0.224512	15.54063809523825	7.8115440967182845
0.224817	5.261870476190609	7.850030966936484
0.225121	7.228001904761641	7.756192410746639
0.225426	21.40811047619053	7.796262792085158
0.225731	11.793226666666783	7.7932189057808
0.226035	10.31558095238097	7.796770565862805
0.22634	14.02333714285703	7.787848648353228
0.226644	13.442312380952615	7.7443986362492385
0.226949	14.894022857142488	7.792652956335516
0.227254	3.6620952380945937	7.745748519517882
0.227558	16.795001904762046	7.749292189816027
0.227863	25.581624761904038	7.7124713093629556
0.228168	11.104634285713928	7.7368414766551865
0.228472	20.277133333333097	7.77725090581086
0.228777	2.9569580952377805	7.676467380924228
0.229081	15.26625904761886	7.697436692386538
0.229386	21.56738857142841	7.676880605877057
0.229691	5.60942095238147	7.7164170840816
0.229995	-4.455415238095668	7.732606440057287
0.2303	7.641539047619119	7.665075255163561
0.230605	11.214403809523503	7.6689898140097945
0.230909	19.65891428571439	7.665779112105985
0.231214	15.097318095238279	7.71309417480342
0.231519	25.199068571428427	7.643263237618423
0.231823	5.893070476190019	7.6153585199978755
0.232128	-5.676268571428409	7.680926181876504
0.232432	9.931918095238359	7.6159546791371735
0.232737	12.566167619047519	7.659020068953942
0.233042	15.56663047619054	7.6062703347796425
0.233346	11.530316190475958	7.637654713386076
0.233651	34.41175619047584	7.660780776397238
0.233956	20.64312952380959	7.551039246021192
0.23426	11.36499809523798	7.6119401193058
0.234565	10.355579047619017	7.55964862664136
0.234869	5.436704761904991	7.6245383380213685
0.235174	13.50721333333297	7.603125790006416
0.235479	6.426897142857229	7.556352030805959
0.235783	15.78057523809548	7.592648196618953
0.236088	0.5597428571434193	7.557659737345681
0.236393	8.326470476189627	7.611092533036841
0.236697	15.753518095237382	7.500550709089343
0.237002	14.182716190476015	7.563326365888454
0.237306	4.49437904761794	7.5921965930624165
0.237611	-2.7736704761906594	7.51422402035637
0.237916	7.080426666666426	7.554489276942013
0.23822	2.60641523809511	7.499668234376498
0.238525	7.618653333333327	7.5516377289983545
0.23883	15.219028571428908	7.536885445602933
0.239134	23.355864761904854	7.451406468384781
0.239439	20.544569523809173	7.534029894264636
0.239743	16.63974285714346	7.469329516558164
0.240048	4.171801904761594	7.525625614068731
0.240353	19.047041904761386	7.511736425084864
0.240657	29.238805714285263	7.4709646844909585
0.240962	16.865641904761617	7.525580980108582
0.241267	4.956691428571389	7.449600217606775
0.241571	14.78444952381011	7.488380035781722
0.241876	2.8741123809518854	7.469947193314991
0.242181	23.550340952381532	7.446248494100002
0.242485	16.82576380952355	7.503361433216974
0.24279	1.2542019047617714	7.438633470938054
0.243094	16.849544761904554	7.43278630738175
0.243399	13.340342857142673	7.438589231154777
0.243704	-4.278780952380998	7.449901286791584
0.244008	4.133615238095274	7.440572529268995
0.244313	1.5764876190473842	7.400973843987631
0.244618	22.23859809523759	7.4081668967222924
0.244922	11.20720952380907	7.421371720759863
0.245227	20.116779047619104	7.425355761690533
0.245531	15.772251428571735	7.4030148964359785
0.245836	5.963638095237513	7.3916892442224205
0.246141	16.151929523809656	7.412520656469815
0.246445	20.55147047619016	7.377302933020429
0.24675	13.681929523809515	7.398370645905516
0.247055	14.518083809524	7.3687256710546105
0.247359	13.571112380952854	7.36140671633294
0.247664	13.005878095237904	7.351531023471649
0.247968	6.778476190476113	7.350742014214152
0.248273	0.11641523809544196	7.361804670135873
0.248578	10.190923809523724	7.316188792933579
0.248882	2.0528171428574638	7.357781185426081
0.249187	8.487314285714547	7.317124288262777
0.249492	17.9159333333331	7.321237178537249
0.249796	9.90358285714251	7.319090617492423
0.250101	-5.441348571428648	7.277090026486039
0.250406	6.008664761905038	7.358550722209612
0.25071	21.98559619047643	7.268495622152418
0.251015	-5.9835561904759516	7.3275292889305135
0.251319	-1.5004476190475202	7.3191533315549515
0.251624	15.24369904761869	7.270603451217982
0.251929	15.697798095237943	7.3412145246647995
0.252233	5.667104761904227	7.2709042066796306
0.252538	7.093847619047722	7.30857686873583
0.252843	5.379502857142029	7.285602837786824
0.253147	20.439142857142656	7.296894236370028
0.253452	7.111205714285802	7.31314210889527
0.253756	19.57929904761869	7.225352742682699
0.254061	11.877986666666516	7.282913796863762
0.254366	10.431420952380961	7.283173684220179
0.25467	10.644937142856463	7.246781534218688
0.254975	0.5648019047620778	7.302867346657727
0.25528	9.76569714285688	7.230862667955481
0.255584	15.62922095238065	7.277065559636653
0.255889	1.8985257142858813	7.252151126742299
0.256193	10.577329523809738	7.241355902848195
0.256498	18.367990476190528	7.236066450624285
0.256803	7.306763809523318	7.229814589743215
0.257107	0.4345733333329349	7.244302016202191
0.257412	0.4041180952381751	7.220213087580854
0.257717	5.376923809523362	7.210647092145223
0.258021	7.981874285713388	7.237325656803778
0.258326	8.654142857142517	7.209468145282374
0.258631	10.249809523810143	7.247993135714333
0.258935	14.036798095237941	7.156035593813355
0.25924	-0.3915295238101635	7.242340888516901
0.259544	-1.5300914285720069	7.2046844532875385
0.259849	16.845449523810316	7.19758889533968
0.260154	8.551746666666702	7.186666329673549
0.260458	13.842712380952662	7.174039271276938
0.260763	0.7668019047619623	7.243403769040072
0.261068	9.308190476190248	7.131917023306611
0.261372	9.849828571428816	7.191386004891532
0.261677	-1.326266666666811	7.180810729096997
0.261981	24.523954285714353	7.141051952631205
0.262286	9.99379428571416	7.193622245257347
0.262591	8.277144761904083	7.131420025273286
0.262895	4.14922095238154	7.148565064719195
0.2632	7.257516190475712	7.162901997086861
0.263505	6.570319999999867	7.147123866589516
0.263809	9.287594285714249	7.15542544038885
0.264114	-4.6274952380954915	7.084262582846616
0.264418	6.938302857143412	7.164515671390589
0.264723	23.60243238095194	7.1402721138752785
0.265028	2.7495619047624587	7.132568396923633
0.265332	4.799862857142614	7.101657684299145
0.265637	21.226548571428907	7.1092178416760445
0.265942	13.1441047619046	7.121160309217042
0.266246	6.226099047619016	7.071561884787706
0.266551	21.032927619047825	7.104077701049977
0.266856	4.168725714285131	7.084539988461142
0.26716	7.427609523809622	7.132855411150403
0.267465	22.116746666666813	7.082918446021407
0.267769	12.308569523809467	7.063700297289401
0.268074	10.106529523809513	7.087434789285238
0.268379	21.791226666666432	7.083355080015602
0.268683	8.013619047619045	7.092705446222737
0.268988	3.264116190476045	7.049599729792961
0.269293	5.932710476190266	7.033915300783916
0.269597	5.1007199999997965	7.083493811241393
0.269902	7.867081904762188	7.047052874147831
0.270206	2.038219047618952	7.059330227397826
0.270511	10.326241904761844	7.046989683988677
0.270816	10.182447619047537	7.036021607398971
0.27112	12.259106666666924	7.0821044255500185
0.271425	17.1576552380958	6.995132857374536
0.27173	14.62458476190477	7.052458238134227
0.272034	-0.3514628571429057	7.021341227288428
0.272339	1.2810647619045312	7.026222617813723
0.272643	12.369417142857628	7.079899585195172
0.272948	10.5862057142852	6.94857347758629
0.273253	15.86674285714281	7.031927573674299
0.273557	-0.9937676190480715	6.996343428840452
0.273862	11.11331999999976	6.987899439290826
0.274167	9.19466285714293	7.020849253251738
0.274471	11.07118666666679	6.966350470053352
0.274776	-5.872245714286066	7.041476343738957
0.275081	8.46127238095221	6.970502452879908
0.275385	3.0929504761905946	6.98063512841189
0.27569	15.528980952380493	6.978528507168113
0.275994	10.603799999999808	6.988318986021884
0.276299	16.6298647619044	7.012041991681619
0.276604	-12.002285714285392	7.134409512306689
0.276908	9.976287619047923	7.238299246735787
0.277213	11.345542857143016	7.384570969778752
0.277518	18.133710476190288	7.623797080262703
0.277822	15.805064761904362	7.684995889449853
0.278127	10.37425904761875	7.773755652469127
0.278431	13.750900952380789	7.8878266995578965
0.278736	9.447278095238119	7.9297590182894435
0.279041	8.580118095238447	8.047460703765672
0.279345	3.781302857143203	8.068444312706706
0.27965	14.763495238095459	8.190418339137844
0.279955	9.755436190475848	8.316797561857328
0.280259	0.454670476190131	8.302805969984323
0.280564	13.745874285714024	8.397830792119997
0.280868	14.84007238095245	8.325805595962812
0.281173	6.4519657142855635	8.483631931061913
0.281478	10.116613333333078	8.560664610937224
0.281782	13.481078095238104	8.431791991397656
0.282087	-7.314689523809363	8.64993678811019
0.282392	-8.314969523809452	8.55255145491481
0.282696	-8.457525714285623	8.695477780059285
0.283001	5.424840000000017	8.700548475469013
0.283306	19.08344761904715	8.662382477293317
0.28361	4.901699047618706	8.77600991479302
0.283915	6.533034285714336	8.75195206150604
0.284219	16.34613333333249	8.84104774628478
0.284524	16.307434285713498	8.852224639550814
0.284829	17.101573333333704	8.840247231200266
0.285133	5.193704761904883	8.985832631701843
0.285438	12.908428571428203	8.882153353411459
0.285743	17.135409523809813	9.051674650985326
0.286047	-3.506725714285892	8.957310465080091
0.286352	13.297729523809494	9.019695213694954
0.286656	5.672259047618979	9.119103052780169
0.286961	20.221988571428255	9.067984511698784
0.287266	-4.223878095238263	9.174001929214711
0.28757	4.1292857142858	9.119336038941206
0.287875	10.809207619047925	9.254061980721135
0.28818	-0.07025142857145283	9.17411181913924
0.288484	8.372036190476138	9.239007388437715
0.288789	15.348620952380827	9.342425570186267
0.289093	7.785761904762012	9.26955208674604
0.289398	18.820786666666436	9.34648246162691
0.289703	22.3554380952379	9.29404573030484
0.290007	11.091384761904806	9.325695339574423
0.290312	4.550407619047405	9.430261770595418
0.290617	-2.4613104761908744	9.347336435346815
0.290921	16.566733333333445	9.445399941373221
0.291226	-11.515161904761442	9.320710684850344
0.291531	0.46640571428525845	9.480897474820459
0.291835	-5.249011428571464	9.515940744049159
0.29214	0.5790819047615514	9.43839053936384
0.292444	16.069436190476267	9.610829651591036
0.292749	17.753478095238222	9.478818551104938
0.293054	7.7451600000003396	9.67123626760867
0.293358	21.903074285714013	9.569055938571125
0.293663	9.360211428571006	9.637534749703555
0.293968	6.8748590476189975	9.743242299457858
0.294272	1.2099352380946016	9.640698043880079
0.294577	13.740415238094954	9.805725078930353
0.294881	9.7654838095238	9.676290568864264
0.295186	-2.9434742857142737	9.800935541441657
0.295491	12.784775238095278	9.845066327103973
0.295795	-9.633314285713936	9.830088374558807
0.2961	30.46778476190468	9.924520476030965
0.296405	5.026219047618952	9.777754372989845
0.296709	-2.161899047619329	10.015151993919426
0.297014	2.8964990476185903	9.921477308427185
0.297318	1.6742780952375824	9.989092595507284
0.297623	21.89337333333384	10.011341193462023
0.297928	10.331992380952215	10.007200032838242
0.298232	7.281826666666404	10.14213410740309
0.298537	1.6570304761901866	10.043654695132314
0.298842	4.551230476190824	10.176770824140046
0.299146	27.452083809523913	10.092571577619736
0.299451	-5.88507428571404	10.240346889144686
0.299756	7.63506857142886	10.173275506751384
0.30006	5.456582857142678	10.204232254413428
0.300365	11.997295238095091	10.258113585145736
0.300669	24.400047619047882	10.322467598187623
0.300974	-2.798664761905343	10.273807099001871
0.301279	10.34250095238093	10.433878040878998
0.301583	-3.255685714285903	10.309550331695265
0.301888	4.564483809523665	10.443238246517094
0.302193	13.060872380952446	10.478448005135661
0.302497	10.052062857142516	10.342826622072232
0.302802	6.62202285714244	10.50537417710413
0.303106	13.78841523809541	10.45227410274902
0.303411	14.656721904761412	10.621014766928571
0.303716	11.267367619047945	10.557598392237356
0.30402	3.70055619047605	10.452235153174268
0.304325	8.4666419047619	10.723530615840769
0.30463	7.152171428571705	10.555260787595827
0.304934	7.534521904761675	10.603771426277703
0.305239	13.007567619048075	10.66471138228456
0.305543	23.454620952380765	10.59072985094058
0.305848	-7.186043809523994	10.77282892798052
0.306153	-9.428662857143024	10.775763274620008
0.306457	-6.80774476190436	10.793733547400448
0.306762	20.294493333333037	10.771889624822553
0.307067	-9.619175238095465	10.873408962403621
0.307371	5.123679999999808	10.80908611017948
0.307676	27.39674857142859	10.880028892815734
0.307981	-13.020384761904893	10.87744624269548
0.308285	-6.04810285714251	11.020450827807695
0.30859	-0.6659485714283164	11.024804746588611
0.308894	1.032367619047534	10.891270343056513
0.309199	8.544295238094719	11.07757906082648
0.309504	19.310881904761743	10.997517684036453
0.309808	15.511358095237995	11.153698603592995
0.310113	-4.599655238095295	11.182144606177154
0.310418	13.132295238094969	11.077248063593757
0.310722	-2.5239657142861915	11.25182766924635
0.311027	12.611165714285733	11.030269843664955
0.311331	1.0733714285714768	11.394720325177525
0.311636	-1.346832380952776	11.323633446964362
0.311941	-12.81206285714319	11.235684946034992
0.312245	9.355666666667162	11.42864754869536
0.31255	8.11854285714304	11.266506174931427
0.312855	-2.2835085714282854	11.527437026216333
0.313159	14.084236190475679	11.331987120439049
0.313464	22.954043809523057	11.450290527284036
0.313768	5.005634285714677	11.55794487745533
0.314073	20.79126857142853	11.250915935782114
0.314378	11.977154285714562	11.692778850266478
0.314682	4.537112380952806	11.412590250705556
0.314987	8.818681904761547	11.479947548276218
0.315292	21.03850285714259	11.689272517172453
0.315596	6.143055238094632	11.298047792040865
0.315901	8.001754285714355	11.6590313410598
0.316206	-19.79235238095214	11.476391342848233
0.31651	2.298468571428316	11.591999476584142
0.316815	6.204859047618925	11.677289554506933
0.317119	7.715693333333604	11.560878970959084
0.317424	28.214222857142488	11.807613350074305
0.317729	8.425434285714175	11.609638797743669
0.318033	13.84910095238098	11.765707005147739
0.318338	16.019350476190652	11.796926821661941
0.318643	13.238057142856974	11.71046520602827
0.318947	22.140272380952695	12.041197696325334
0.319252	25.751127619047622	11.65620834129822
0.319556	6.722660952381148	12.003677023649615
0.319861	6.043194285714719	11.908982960540344
0.320166	12.472693333333211	11.953323670433784
0.32047	10.031916190476977	12.108103867636288
0.320775	-20.622775238095414	11.929871448036874
0.32108	6.533685714285582	12.19852514921817
0.321384	3.4795428571430875	12.014630357822778
0.321689	4.2871028571425995	12.189241623842742
0.321993	-12.24584190476179	12.163095982987373
0.322298	1.781752380952355	12.156547689475389
0.322603	17.76639619047586	12.411121959435246
0.322907	1.8828533333334008	12.158243473681269
0.323212	-6.685954285714502	12.377604138942067
0.323517	15.88754666666631	12.310273298222604
0.323821	9.138230476190756	12.401223211150283
0.324126	1.3484590476190306	12.572861816578149
0.324431	14.054026666666175	12.252610859281809
0.324735	-0.8148952380958008	12.562155568742039
0.32504	-0.6009104761903927	12.38742979880585
0.325344	13.50030476190426	12.64469980455594
0.325649	14.21766666666656	12.56667180931446
0.325954	18.46251999999936	12.553143503315262
0.326258	26.44264380952336	12.767632600553977
0.326563	19.554605714285458	12.52297893370282
0.326868	13.865001904761414	12.797643420068551
0.327172	-1.1792838095237812	12.715186991746014
0.327477	34.3883619047611	12.88916066481077
0.327781	10.500790476190502	12.967806842798314
0.328086	6.257641904761613	12.724919927869253
0.328391	5.319487619047152	13.02296747073511
0.328695	6.656146666666416	12.770451342399838
0.329	24.626521904761773	13.173841692309685
0.329305	-8.583786666666526	13.059423384967088
0.329609	11.838253333333455	13.018747702788183
0.329914	24.3912152380949	13.283687099509457
0.330218	7.892089523809602	13.007450764432985
0.330523	13.455683809523578	13.304713430228558
0.330828	14.849521904761502	13.11771547769631
0.331132	2.531845714285623	13.302800279103444
0.331437	10.831447619047196	13.420829971500991
0.331742	8.254474285714366	13.180478915350424
0.332046	1.4477161904758873	13.601919236216721
0.332351	21.235300952380953	13.308641379863378
0.332656	24.013817142856624	13.507563033409436
0.33296	14.35837904761911	13.696774092751209
0.333265	-2.99723047619068	13.387801570768117
0.333569	-5.299405714286536	13.783419916666997
0.333874	2.5070380952377036	13.542944329119262
0.334179	1.3375695238096341	13.869307497464007
0.334483	-2.36013142857189	13.635328268656776
0.334788	6.788902857142887	13.769724199141077
0.335093	16.62923047619074	14.078622964242767
0.335397	6.745695238095095	13.68497634823705
0.335702	7.946558095238174	14.096229768840796
0.336006	8.92437523809491	13.811679290540336
0.336311	7.196664761905254	14.063681615618611
0.336616	-9.472788571428907	14.316248143473562
0.33692	-5.499733333333268	13.8801116872751
0.337225	8.67598095238094	14.359852776167026
0.33753	2.5614247619049024	14.026606010317282
0.337834	-2.3500057142857145	14.370267966534712
0.338139	6.628066666666541	14.434668328987525
0.338443	-10.692771428571177	14.261540342243176
0.338748	9.378695238095816	14.676141420202047
0.339053	22.066641904761752	14.239181753276489
0.339357	-5.571146666666493	14.614498785587537
0.339662	1.599440000000243	14.430731323192344
0.339967	25.375714285714537	14.602206730355823
0.340271	15.67494095238061	14.95431194926357
0.340576	6.9626323809521296	14.376371042524932
0.340881	11.471441904761832	14.957479654255303
0.341185	4.239219047618121	14.691528562122754
0.34149	27.589190476190595	14.849305024501724
0.341794	17.73305523809455	15.197081601669629
0.342099	28.182567619047347	14.80564161534355
0.342404	13.46899238095176	15.295592790841182
0.342708	8.229969523809189	14.854679707616782
0.343013	34.67024190476195	15.239829647904827
0.343318	13.981106666666676	15.22570287867418
0.343622	-24.269283809524325	15.245510891665022
0.343927	-29.980030476190223	15.666595730459619
0.344231	16.701740952380817	15.04251112357623
0.344536	5.6294399999998745	15.62993052110234
0.344841	40.14042476190497	15.34916598414797
0.345145	8.868032380952684	15.542611168142102
0.34545	-6.859310476190501	16.032237858672552
0.345755	34.940758095237925	15.155232522255726
0.346059	13.284272380951734	16.030721234329583
0.346364	4.727499047619119	15.627840685627202
0.346668	21.000965714285087	16.000236891120466
0.346973	3.907653333333485	16.030067505775087
0.347278	15.604184761904492	15.776486979215017
0.347582	-4.765529523809278	16.42601721835741
0.347887	-3.382657142857113	15.831853708160777
0.348192	9.106459047619069	16.397997213907054
0.348496	10.528076190476838	16.16192787791296
0.348801	10.835994285713753	16.167504667573166
0.349106	23.177169523809766	16.71329741595857
0.34941	18.693752380952162	15.810414810086561
0.349715	-7.713914285714338	16.58470408870371
0.350019	11.577114285714174	16.104816383196127
0.350324	24.18991619047631	16.28839359144778
0.350629	-3.876032380952097	16.522656239906695
0.350933	-2.722000000000264	16.186753570518796
0.351238	29.85859809523845	16.60453252167801
0.351543	-16.205822857143062	16.12710197142212
0.351847	1.9217904761902105	16.635330815397296
0.352152	9.732055238094972	16.410645649503127
0.352456	23.589643809523864	16.4537921649619
0.352761	-2.52436571428575	16.94536525563881
0.353066	12.422840000000122	16.391874164651966
0.35337	-3.4050019047623437	16.954469999656723
0.353675	-14.915830476190877	16.667617526075457
0.35398	9.575300952380985	17.007033404120754
0.354284	3.367611428571422	17.288007945334236
0.354589	21.36724571428573	16.66331728113996
0.354893	38.047443809524	17.385687870578487
0.355198	29.693287619048192	16.793381087617547
0.355503	41.94986285714293	17.405559704242787
0.355807	15.43418666666696	17.3758784421906
0.356112	-0.46285904761930396	17.453939282067424
0.356417	41.866295238095574	17.991803321772537
0.356721	13.736864761904997	17.11976456211404
0.357026	35.67999619047612	17.94250866898734
0.35733	8.069236190475806	17.606493701666892
0.357635	-15.113118095238178	17.97537955850373
0.35794	12.503483809523175	18.500059269261893
0.358244	-14.015550476190697	17.457082939268922
0.358549	11.103860952381126	18.558298236907767
0.358854	-19.55316190476168	17.8807916789118
0.359158	-5.6878114285711945	18.34024569782706
0.359463	24.81254857142858	18.539503259907406
0.359768	23.22496571428502	18.33694960099554
0.360072	-15.770714285714007	19.16537895766239
0.360377	26.72713142857134	18.1309676373648
0.360681	29.344657142857216	19.17254391112154
0.360986	-31.417314285714326	18.676704587504325
0.361291	7.246076190476174	19.04895836566101
0.361595	-27.920912380952245	19.804697367348542
0.3619	-2.5717923809526155	18.470642675801336
0.362205	30.160771428571422	19.598043891807894
0.362509	40.042504761904354	19.12656786927467
0.362814	24.107148571428638	19.614533641529995
0.363118	16.380057142857254	19.94472569821532
0.363423	4.670780952381222	19.163809116343494
0.363728	-4.675251428571698	20.527314290210676
0.364032	8.668192380952178	19.33833289973039
0.364337	-11.02771809523773	20.53591184911057
0.364642	-9.830240000000288	20.17306080022604
0.364946	7.871329523809436	20.08897680805567
0.365251	-43.80570857142857	21.464365506684537
0.365555	-10.930940952381434	19.716992670356102
0.36586	43.57713523809423	21.29269643127353
0.366165	14.6367085714283	20.476817548266226
0.366469	7.066339047619294	21.09255149587095
0.366774	29.10859619047642	21.983294970155576
0.367079	27.496582857142755	20.27880035509981
0.367383	37.45387809523805	21.991366063603223
0.367688	18.46508571428501	20.985119872710477
0.367993	9.098878095237808	22.001800871085354
0.368297	-69.41107809523828	21.978107825160006
0.368602	-13.886455238094868	21.522750329596
0.368906	22.09642857142825	23.219749069126642
0.369211	23.250459047619074	21.316837160040997
0.369516	12.389460952380773	23.053748804368055
0.36982	3.6779504761904036	22.20747616878542
0.370125	3.8565504761902503	22.804538532710875
0.37043	100.91095047619007	24.120472860404398
0.370734	37.950708571428606	22.043567629408702
0.371039	54.645019047618746	23.89601638458231
0.371343	54.04468380952352	22.932496853715804
0.371648	23.833447619046808	23.96967011057459
0.371953	-19.99184380952414	24.552628380682844
0.372257	0.5871771428570582	23.306184356813603
0.372562	17.847024761905175	25.513862063140962
0.372867	22.38236380952344	23.364308864114545
0.373171	-14.339855238095254	25.569932537823412
0.373476	-33.419100952380916	24.682700381563745
0.37378	-18.390459047619174	25.109759777353375
0.374085	-11.717291428571457	26.90752031216482
0.37439	-35.21193523809529	24.141293859751023
0.374694	-13.692619047619417	26.64999417861642
0.374999	-43.3140095238096	25.402087577928917
0.375304	-19.64581714285771	26.533587998669994
0.375608	-49.2158723809527	29.042506462607566
0.375913	-1.021979047619368	24.83431584500558
0.376218	64.20879428571396	28.882054131507648
0.376522	-44.77055809523819	25.80502942132986
0.376827	49.689321904762096	28.860172893788114
0.377131	16.72889904761888	28.136737873258827
0.377436	40.565371428571666	27.870704872945886
0.377741	40.854798095237754	30.51775004462261
0.378045	19.671828571428023	27.096592040287316
0.37835	26.263308571428468	30.812649650600157
0.378655	82.6042895238092	28.636501464245086
0.378959	-59.563472380952476	30.60994002370142
0.379264	-32.59446666666719	33.475443377315266
0.379568	-23.25376380952406	28.778623073669962
0.379873	1.1271161904764426	32.71893979434115
0.380178	37.46685523809532	30.556198605829223
0.380482	-14.019990476190287	32.504541825504546
0.380787	-39.317159999999944	34.41445897328846
0.381092	-44.51864380952429	31.532907221732952
0.381396	-46.553603809523736	38.260314746319835
0.381701	20.93934857142841	30.87204756497357
0.382005	27.161335238095603	37.16929550606723
0.38231	27.67098476190455	34.74638569397718
0.382615	-21.69112952380999	35.57126773165082
0.382919	-79.9266799999998	44.78236729559404
0.383224	4.7434666666669045	32.082938786985096
0.383529	8.010697142857168	44.565560093577645
0.383833	-38.73117333333283	34.9613725060722
0.384138	-7.1453352380959245	43.133259314100826
0.384443	8.668902857142768	45.25064157973097
0.384747	1.5986457142858512	36.608303223090196
0.385052	-10.826746666666338	51.07894202999243
0.385356	-17.18827809523816	37.23706098922567
0.385661	92.52216000000004	54.89695202274278
0.385966	-7.572236190476076	42.62221294999746
0.38627	-32.46946857142888	51.84783161217072
0.386575	14.949565714285598	58.800243837925414
0.38688	67.00192761904702	43.52008745402817
0.387184	69.46481904761868	63.07637607987764
0.387489	-8.874794285714813	47.35354712089343
0.387793	-25.000440000000594	69.47200580915751
0.388098	-43.200051428571555	72.42515296330654
0.388403	18.063782857142883	53.89412628909529
0.388707	163.54370476190496	80.71452863376055
0.389012	39.35456380952388	61.23736553844047
0.389317	0.	0.
0.389621	-33.28180380952347	74.32666640375322