0.0114023	0.280401E-01	0.274609E-03
0.0118584	0.279589E-01	0.255182E-03
0.0123145	0.284439E-01	0.257852E-03
0.0127706	0.277475E-01	0.240042E-03
0.0132267	0.276080E-01	0.231595E-03
0.0136828	0.270314E-01	0.227102E-03
0.0141389	0.275388E-01	0.221319E-03
0.014595	0.270635E-01	0.214334E-03
0.0150511	0.269793E-01	0.207986E-03
0.0155072	0.270028E-01	0.203395E-03
0.0159632	0.266602E-01	0.198741E-03
0.0164193	0.266439E-01	0.193435E-03
0.0168754	0.262995E-01	0.189573E-03
0.0173315	0.258599E-01	0.185302E-03
0.0177876	0.258529E-01	0.180417E-03
0.0182437	0.253777E-01	0.178361E-03
0.0186998	0.254820E-01	0.175221E-03
0.0191559	0.252038E-01	0.170762E-03
0.019612	0.250829E-01	0.170765E-03
0.0200681	0.249194E-01	0.166462E-03
0.0205241	0.246916E-01	0.162220E-03
0.0209802	0.243476E-01	0.160751E-03
0.0214363	0.239741E-01	0.157510E-03
0.0218924	0.240056E-01	0.157816E-03
0.0223485	0.239521E-01	0.153622E-03
0.0228046	0.234874E-01	0.149419E-03
0.0232607	0.233389E-01	0.150830E-03
0.0237168	0.228903E-01	0.146451E-03
0.0241728	0.227035E-01	0.145178E-03
0.0246289	0.225174E-01	0.143198E-03
0.025085	0.224787E-01	0.142288E-03
0.0255411	0.220727E-01	0.140734E-03
0.0259972	0.218867E-01	0.136038E-03
0.0264533	0.216891E-01	0.136663E-03
0.0269093	0.214691E-01	0.135076E-03
0.0273654	0.210683E-01	0.134633E-03
0.0278215	0.208721E-01	0.132288E-03
0.0282776	0.207862E-01	0.128400E-03
0.0287337	0.203934E-01	0.129087E-03
0.0291898	0.201023E-01	0.127142E-03
0.0296458	0.197686E-01	0.127290E-03
0.0301019	0.195825E-01	0.124830E-03
0.030558	0.195186E-01	0.123284E-03
0.0310141	0.191221E-01	0.123275E-03
0.0314702	0.191585E-01	0.121270E-03
0.0319262	0.187083E-01	0.118150E-03
0.0323823	0.185175E-01	0.120145E-03
0.0328384	0.181185E-01	0.117284E-03
0.0332945	0.181284E-01	0.117424E-03
0.0337506	0.177574E-01	0.115174E-03
0.0342066	0.177422E-01	0.114598E-03
0.0346627	0.175224E-01	0.113035E-03
0.0351188	0.172840E-01	0.112311E-03
0.0355749	0.169349E-01	0.112678E-03
0.0360309	0.168275E-01	0.110146E-03
0.036487	0.165561E-01	0.109843E-03
0.0369431	0.163561E-01	0.109123E-03
0.0373992	0.160912E-01	0.108160E-03
0.0378552	0.158330E-01	0.106604E-03
0.0383113	0.157854E-01	0.106630E-03
0.0387674	0.156928E-01	0.106006E-03
0.0392235	0.155443E-01	0.104938E-03
0.0396795	0.152291E-01	0.102870E-03
0.0401356	0.149167E-01	0.102547E-03
0.0405917	0.147305E-01	0.102715E-03
0.0410478	0.146399E-01	0.102356E-03
0.0415038	0.144546E-01	0.100018E-03
0.0419599	0.141536E-01	0.100665E-03
0.042416	0.140759E-01	0.994139E-04
0.042872	0.137734E-01	0.981212E-04
0.0433281	0.138552E-01	0.975146E-04
0.0437842	0.133024E-01	0.974838E-04
0.0442402	0.132704E-01	0.970788E-04
0.0446963	0.132832E-01	0.960601E-04
0.0451524	0.131212E-01	0.958342E-04
0.0456084	0.129923E-01	0.935647E-04
0.0460645	0.127079E-01	0.946936E-04
0.0465206	0.125365E-01	0.939846E-04
0.0469766	0.124078E-01	0.932101E-04
0.0474327	0.123200E-01	0.921572E-04
0.0478887	0.120535E-01	0.914034E-04
0.0483448	0.119516E-01	0.914685E-04
0.0488009	0.118564E-01	0.906645E-04
0.0492569	0.115783E-01	0.898342E-04
0.049713	0.114118E-01	0.906358E-04
0.050169	0.115153E-01	0.888139E-04
0.0506251	0.113664E-01	0.888648E-04
0.0510812	0.111296E-01	0.874423E-04
0.0515372	0.108475E-01	0.874422E-04
0.0519933	0.109349E-01	0.879889E-04
0.0524493	0.106069E-01	0.863876E-04
0.0529054	0.105367E-01	0.867520E-04
0.0533614	0.103640E-01	0.852784E-04
0.0538175	0.101239E-01	0.849963E-04
0.0542735	0.102595E-01	0.866158E-04
0.0547296	0.994192E-02	0.859422E-04
0.0551857	0.989991E-02	0.869828E-04
0.0556417	0.984628E-02	0.868684E-04
0.0560978	0.966374E-02	0.869270E-04
0.0565538	0.958181E-02	0.870588E-04
0.0570099	0.948085E-02	0.858715E-04
0.0574659	0.922853E-02	0.874893E-04
0.0579219	0.925656E-02	0.869318E-04
0.058378	0.913310E-02	0.866876E-04
0.058834	0.894582E-02	0.863216E-04
0.0592901	0.897311E-02	0.863694E-04
0.0597461	0.887881E-02	0.864978E-04
0.0602022	0.882744E-02	0.860827E-04
0.0606582	0.864462E-02	0.859572E-04
0.0611143	0.841197E-02	0.859658E-04
0.0615703	0.832370E-02	0.851674E-04
0.0620264	0.812427E-02	0.855872E-04
0.0624824	0.832849E-02	0.855950E-04
0.0629384	0.812997E-02	0.850512E-04
0.0633945	0.800647E-02	0.856427E-04
0.0638505	0.792373E-02	0.848309E-04
0.0643065	0.779855E-02	0.852831E-04
0.0647626	0.770767E-02	0.850735E-04
0.0652186	0.775853E-02	0.841272E-04
0.0656747	0.771791E-02	0.840201E-04
0.0661307	0.758265E-02	0.840997E-04
0.0665867	0.758219E-02	0.841221E-04
0.0670427	0.744655E-02	0.844287E-04
0.0674988	0.728726E-02	0.828652E-04
0.0679548	0.730238E-02	0.832480E-04
0.0684108	0.712188E-02	0.836110E-04
0.0688669	0.725596E-02	0.828221E-04
0.0693229	0.702111E-02	0.833050E-04
0.0697789	0.710965E-02	0.819651E-04
0.0702349	0.687462E-02	0.829285E-04
0.070691	0.676526E-02	0.819987E-04
0.071147	0.671343E-02	0.822056E-04
0.071603	0.670862E-02	0.825877E-04
0.072059	0.659204E-02	0.815169E-04
0.0725151	0.656056E-02	0.815910E-04
0.0729711	0.643182E-02	0.817526E-04
0.0734271	0.642894E-02	0.807056E-04
0.0738831	0.623292E-02	0.810111E-04
0.0743391	0.635349E-02	0.806160E-04
0.0747952	0.627448E-02	0.812116E-04
0.0752512	0.606187E-02	0.806351E-04
0.0757072	0.612337E-02	0.799254E-04
0.0761632	0.608451E-02	0.805087E-04
0.0766192	0.593177E-02	0.793060E-04
0.0770752	0.580356E-02	0.800103E-04
0.0775312	0.583677E-02	0.799164E-04
0.0779872	0.578958E-02	0.793265E-04
0.0784433	0.579592E-02	0.791279E-04
0.0788993	0.570677E-02	0.789892E-04
0.0793553	0.562376E-02	0.787313E-04
0.0798113	0.555625E-02	0.789944E-04
0.0802673	0.546611E-02	0.784959E-04
0.0807233	0.542823E-02	0.781090E-04
0.0811793	0.551077E-02	0.787757E-04
0.0816353	0.538214E-02	0.780141E-04
0.0820913	0.522471E-02	0.772889E-04
0.0825473	0.532242E-02	0.782291E-04
0.0830033	0.532955E-02	0.772993E-04
0.0834593	0.518244E-02	0.776882E-04
0.0839153	0.500205E-02	0.768249E-04
0.0843713	0.525908E-02	0.771411E-04
0.0848273	0.507548E-02	0.765436E-04
0.0852833	0.500452E-02	0.763649E-04
0.0857393	0.481103E-02	0.774932E-04
0.0861953	0.488119E-02	0.759859E-04
0.0866512	0.490664E-02	0.763540E-04
0.0871072	0.471725E-02	0.758746E-04
0.0875632	0.477182E-02	0.757752E-04
0.0880192	0.470820E-02	0.758189E-04
0.0884752	0.460980E-02	0.752711E-04
0.0889312	0.468851E-02	0.756833E-04
0.0893872	0.457195E-02	0.753802E-04
0.0898431	0.445365E-02	0.750369E-04
0.0902991	0.448999E-02	0.748826E-04
0.0907551	0.448238E-02	0.748307E-04
0.0912111	0.436022E-02	0.745769E-04
0.0916671	0.436457E-02	0.748411E-04
0.092123	0.435272E-02	0.739232E-04
0.092579	0.429130E-02	0.745232E-04
0.093035	0.425772E-02	0.739718E-04
0.093491	0.408583E-02	0.737956E-04
0.0939469	0.424243E-02	0.739075E-04
0.0944029	0.425409E-02	0.734832E-04
0.0948589	0.402933E-02	0.736062E-04
0.0953148	0.408816E-02	0.734317E-04
0.0957708	0.393269E-02	0.727665E-04
0.0962268	0.398240E-02	0.729482E-04
0.0966827	0.406411E-02	0.731470E-04
0.0971387	0.393615E-02	0.731045E-04
0.0975947	0.384708E-02	0.723874E-04
0.0980506	0.390320E-02	0.724643E-04
0.0985066	0.388548E-02	0.724937E-04
0.0989625	0.388892E-02	0.719621E-04
0.0994185	0.378622E-02	0.720983E-04
0.0998745	0.377613E-02	0.714936E-04
0.10033	0.367795E-02	0.723836E-04
0.100786	0.377969E-02	0.714761E-04
0.101242	0.354644E-02	0.717778E-04
0.101698	0.374149E-02	0.713241E-04
0.102154	0.365248E-02	0.709789E-04
0.10261	0.347632E-02	0.717212E-04
0.103066	0.350742E-02	0.709995E-04
0.103522	0.359110E-02	0.705092E-04
0.103978	0.348280E-02	0.710186E-04
0.104434	0.346594E-02	0.704695E-04
0.10489	0.325649E-02	0.710525E-04
0.105346	0.334116E-02	0.698584E-04
0.105802	0.324012E-02	0.711490E-04
0.106258	0.343258E-02	0.725443E-04
0.106714	0.344261E-02	0.722846E-04
0.10717	0.331682E-02	0.730240E-04
0.107625	0.337578E-02	0.729511E-04
0.108081	0.336482E-02	0.729422E-04
0.108537	0.329609E-02	0.723613E-04
0.108993	0.318289E-02	0.709724E-04
0.109449	0.322417E-02	0.713263E-04
0.109905	0.323477E-02	0.706253E-04
0.110361	0.313166E-02	0.705896E-04
0.110817	0.308451E-02	0.706657E-04
0.111273	0.300266E-02	0.697042E-04
0.111729	0.318338E-02	0.704660E-04
0.112185	0.302081E-02	0.700397E-04
0.112641	0.297390E-02	0.698454E-04
0.113097	0.283747E-02	0.689694E-04
0.113553	0.303689E-02	0.694479E-04
0.114008	0.283535E-02	0.694237E-04
0.114464	0.292987E-02	0.690234E-04
0.11492	0.285829E-02	0.686007E-04
0.115376	0.289553E-02	0.690211E-04
0.115832	0.280762E-02	0.690176E-04
0.116288	0.281700E-02	0.683683E-04
0.116744	0.270164E-02	0.683113E-04
0.1172	0.290394E-02	0.681172E-04
0.117656	0.275240E-02	0.680430E-04
0.118112	0.280017E-02	0.685931E-04
0.118568	0.284282E-02	0.675291E-04
0.119023	0.276718E-02	0.677506E-04
0.119479	0.267408E-02	0.674957E-04
0.119935	0.265686E-02	0.675468E-04
0.120391	0.268322E-02	0.672581E-04
0.120847	0.262035E-02	0.665677E-04
0.121303	0.257973E-02	0.670813E-04
0.121759	0.257900E-02	0.666448E-04
0.122215	0.247756E-02	0.661933E-04
0.122671	0.263229E-02	0.668334E-04
0.123126	0.251576E-02	0.661372E-04
0.123582	0.241194E-02	0.669019E-04
0.124038	0.252853E-02	0.656976E-04
0.124494	0.247819E-02	0.660055E-04
0.12495	0.246682E-02	0.661896E-04
0.125406	0.246797E-02	0.658561E-04
0.125862	0.245861E-02	0.658396E-04
0.126318	0.250200E-02	0.655790E-04
0.126773	0.242208E-02	0.655579E-04
0.127229	0.230248E-02	0.657988E-04
0.127685	0.236360E-02	0.650816E-04
0.128141	0.224628E-02	0.652575E-04
0.128597	0.233899E-02	0.650454E-04
0.129053	0.250930E-02	0.653678E-04
0.129509	0.237976E-02	0.662645E-04
0.129965	0.225844E-02	0.665203E-04
0.13042	0.233335E-02	0.670902E-04
0.130876	0.219461E-02	0.678062E-04
0.131332	0.220532E-02	0.686267E-04
0.131788	0.224769E-02	0.675391E-04
0.132244	0.218592E-02	0.683789E-04
0.1327	0.212463E-02	0.682033E-04
0.133156	0.216221E-02	0.687185E-04
0.133611	0.217216E-02	0.685867E-04
0.134067	0.211756E-02	0.687408E-04
0.134523	0.211275E-02	0.685522E-04
0.134979	0.214221E-02	0.688272E-04
0.135435	0.200377E-02	0.683880E-04
0.13589	0.213354E-02	0.687682E-04
0.136346	0.208573E-02	0.683145E-04
0.136802	0.209798E-02	0.694069E-04
0.137258	0.216388E-02	0.687931E-04
0.137714	0.218218E-02	0.692766E-04
0.13817	0.208396E-02	0.690654E-04
0.138626	0.208741E-02	0.694430E-04
0.139081	0.209323E-02	0.698210E-04
0.139537	0.209089E-02	0.692117E-04
0.139993	0.197227E-02	0.696200E-04
0.140449	0.202482E-02	0.694634E-04
0.140905	0.183232E-02	0.691263E-04
0.141361	0.195071E-02	0.698102E-04
0.141816	0.194616E-02	0.695195E-04
0.142272	0.208373E-02	0.698128E-04
0.142728	0.186095E-02	0.692628E-04
0.143184	0.192242E-02	0.691480E-04
0.14364	0.192029E-02	0.698262E-04
0.144095	0.189148E-02	0.687513E-04
0.144551	0.185327E-02	0.698565E-04
0.145007	0.202158E-02	0.689775E-04
0.145463	0.180814E-02	0.694039E-04
0.145919	0.191581E-02	0.690539E-04
0.146374	0.180144E-02	0.691015E-04
0.14683	0.175930E-02	0.693451E-04
0.147286	0.173387E-02	0.689042E-04
0.147742	0.184949E-02	0.690848E-04
0.148198	0.168032E-02	0.688059E-04
0.148653	0.182937E-02	0.689395E-04
0.149109	0.183480E-02	0.692156E-04
0.149565	0.168567E-02	0.685054E-04
0.150021	0.177502E-02	0.690750E-04
0.150476	0.183125E-02	0.688213E-04
0.150932	0.166337E-02	0.689003E-04
0.151388	0.170490E-02	0.687421E-04
0.151844	0.174700E-02	0.683974E-04
0.1523	0.165210E-02	0.686194E-04
0.152755	0.162429E-02	0.688487E-04
0.153211	0.162342E-02	0.684834E-04
0.153667	0.171353E-02	0.684825E-04
0.154123	0.169698E-02	0.683901E-04
0.154578	0.170592E-02	0.686237E-04
0.155034	0.177318E-02	0.679583E-04
0.15549	0.148345E-02	0.683906E-04
0.155946	0.166538E-02	0.682958E-04
0.156401	0.169856E-02	0.685711E-04
0.156857	0.154156E-02	0.681728E-04
0.157313	0.179777E-02	0.677991E-04
0.157769	0.163795E-02	0.681422E-04
0.158224	0.155638E-02	0.681842E-04
0.15868	0.172779E-02	0.680919E-04
0.159136	0.156380E-02	0.679784E-04
0.159592	0.163489E-02	0.674668E-04
0.160047	0.152610E-02	0.679243E-04
0.160503	0.146799E-02	0.681453E-04
0.160959	0.157005E-02	0.677999E-04
0.161415	0.156095E-02	0.674209E-04
0.16187	0.134041E-02	0.678351E-04
0.162326	0.143158E-02	0.675823E-04
0.162782	0.140336E-02	0.674954E-04
0.163238	0.145723E-02	0.678018E-04
0.163693	0.154830E-02	0.669308E-04
0.164149	0.153466E-02	0.681363E-04
0.164605	0.151071E-02	0.672595E-04
0.16506	0.131720E-02	0.672111E-04
0.165516	0.141744E-02	0.674246E-04
0.165972	0.145453E-02	0.668615E-04
0.166428	0.148613E-02	0.678010E-04
0.166883	0.138207E-02	0.667386E-04
0.167339	0.137680E-02	0.670882E-04
0.167795	0.142618E-02	0.673752E-04
0.16825	0.135446E-02	0.667046E-04
0.168706	0.138506E-02	0.677502E-04
0.169162	0.130272E-02	0.661005E-04
0.169617	0.132009E-02	0.670252E-04
0.170073	0.135716E-02	0.669626E-04
0.170529	0.136538E-02	0.667923E-04
0.170985	0.129536E-02	0.667636E-04
0.17144	0.135561E-02	0.665473E-04
0.171896	0.142307E-02	0.668520E-04
0.172352	0.135922E-02	0.669044E-04
0.172807	0.135101E-02	0.661011E-04
0.173263	0.125281E-02	0.667886E-04
0.173719	0.120497E-02	0.661553E-04
0.174174	0.126055E-02	0.668549E-04
0.17463	0.136615E-02	0.662532E-04
0.175086	0.129034E-02	0.660974E-04
0.175541	0.122715E-02	0.665754E-04
0.175997	0.131474E-02	0.660623E-04
0.176453	0.134172E-02	0.667282E-04
0.176908	0.134422E-02	0.657243E-04
0.177364	0.117077E-02	0.660954E-04
0.17782	0.125055E-02	0.660878E-04
0.178275	0.139446E-02	0.660196E-04
0.178731	0.122156E-02	0.659982E-04
0.179186	0.133013E-02	0.660507E-04
0.179642	0.128245E-02	0.659912E-04
0.180098	0.121539E-02	0.669542E-04
0.180554	0.128772E-02	0.675039E-04
0.181009	0.123829E-02	0.685850E-04
0.181465	0.137412E-02	0.693218E-04
0.18192	0.103827E-02	0.696688E-04
0.182376	0.118293E-02	0.697519E-04
0.182832	0.128704E-02	0.702200E-04
0.183287	0.123546E-02	0.711026E-04
0.183743	0.118932E-02	0.710107E-04
0.184198	0.134765E-02	0.718966E-04
0.184654	0.122481E-02	0.711495E-04
0.18511	0.126537E-02	0.720837E-04
0.185565	0.124922E-02	0.727964E-04
0.186021	0.109139E-02	0.723277E-04
0.186477	0.114717E-02	0.729090E-04
0.186932	0.124938E-02	0.729366E-04
0.187388	0.121969E-02	0.741884E-04
0.187843	0.113471E-02	0.735013E-04
0.188299	0.117270E-02	0.731702E-04
0.188755	0.120860E-02	0.729853E-04
0.18921	0.117061E-02	0.715128E-04
0.189666	0.117150E-02	0.711829E-04
0.190121	0.109438E-02	0.705493E-04
0.190577	0.107467E-02	0.698642E-04
0.191033	0.112764E-02	0.700222E-04
0.191488	0.104545E-02	0.694997E-04
0.191944	0.117483E-02	0.691627E-04
0.192399	0.115985E-02	0.687922E-04
0.192855	0.994454E-03	0.687898E-04
0.19331	0.105700E-02	0.691710E-04
0.193766	0.107683E-02	0.681993E-04
0.194222	0.114486E-02	0.680472E-04
0.194677	0.109116E-02	0.678505E-04
0.195133	0.104053E-02	0.683558E-04
0.195588	0.115149E-02	0.678206E-04
0.196044	0.104955E-02	0.673482E-04
0.196499	0.111494E-02	0.678903E-04
0.196955	0.111867E-02	0.673128E-04
0.197411	0.111635E-02	0.675362E-04
0.197866	0.104412E-02	0.669680E-04
0.198322	0.102920E-02	0.672507E-04
0.198777	0.972903E-03	0.674757E-04
0.199233	0.103513E-02	0.662723E-04
0.199688	0.109496E-02	0.669642E-04
0.200144	0.101437E-02	0.663231E-04
0.200599	0.104111E-02	0.665727E-04
0.201055	0.101592E-02	0.668503E-04
0.201511	0.975919E-03	0.666667E-04
0.201966	0.988220E-03	0.661284E-04
0.202422	0.981325E-03	0.661386E-04
0.202877	0.938122E-03	0.660479E-04
0.203333	0.946349E-03	0.660551E-04
0.203788	0.996451E-03	0.660767E-04
0.204244	0.965094E-03	0.660436E-04
0.204699	0.101766E-02	0.656056E-04
0.205155	0.102522E-02	0.658893E-04
0.20561	0.967359E-03	0.654081E-04
0.206066	0.993123E-03	0.654906E-04
0.206521	0.944510E-03	0.658752E-04
0.206977	0.851981E-03	0.653454E-04
0.207432	0.103374E-02	0.653967E-04
0.207888	0.920816E-03	0.651325E-04
0.208343	0.865637E-03	0.651593E-04
0.208799	0.869687E-03	0.650008E-04
0.209254	0.803209E-03	0.651938E-04
0.20971	0.853750E-03	0.646484E-04
0.210165	0.963435E-03	0.647677E-04
0.210621	0.907225E-03	0.649042E-04
0.211076	0.931943E-03	0.643250E-04
0.211532	0.900929E-03	0.645779E-04
0.211987	0.930327E-03	0.646809E-04
0.212443	0.872453E-03	0.644058E-04
0.212898	0.950793E-03	0.647060E-04
0.213353	0.878935E-03	0.637916E-04
0.213809	0.990365E-03	0.644832E-04
0.214264	0.918136E-03	0.639708E-04
0.21472	0.897210E-03	0.642032E-04
0.215175	0.901156E-03	0.641542E-04
0.215631	0.891370E-03	0.635931E-04
0.216086	0.903685E-03	0.644661E-04
0.216542	0.937326E-03	0.639049E-04
0.216997	0.108935E-02	0.638840E-04
0.217452	0.919914E-03	0.639238E-04
0.217908	0.801851E-03	0.632959E-04
0.218363	0.903070E-03	0.642704E-04
0.218819	0.921836E-03	0.634992E-04
0.219274	0.817962E-03	0.634154E-04
0.21973	0.895539E-03	0.639013E-04
0.220185	0.972575E-03	0.634496E-04
0.22064	0.768473E-03	0.638579E-04
0.221096	0.791937E-03	0.630283E-04
0.221551	0.952590E-03	0.634300E-04
0.222007	0.941526E-03	0.632017E-04
0.222462	0.825266E-03	0.629153E-04
0.222917	0.827047E-03	0.634121E-04
0.223373	0.904114E-03	0.626539E-04
0.223828	0.820283E-03	0.627921E-04
0.224284	0.789257E-03	0.627776E-04
0.224739	0.747904E-03	0.624663E-04
0.225194	0.742560E-03	0.625216E-04
0.22565	0.797350E-03	0.622827E-04
0.226105	0.750873E-03	0.623842E-04
0.226561	0.795022E-03	0.622919E-04
0.227016	0.734179E-03	0.615203E-04
0.227471	0.786257E-03	0.622465E-04
0.227927	0.770655E-03	0.616912E-04
0.228382	0.739545E-03	0.619307E-04
0.228837	0.814238E-03	0.613171E-04
0.229293	0.690441E-03	0.616630E-04
0.229748	0.787159E-03	0.614349E-04
0.230204	0.690334E-03	0.614917E-04
0.230659	0.841264E-03	0.617197E-04
0.231114	0.810054E-03	0.610693E-04
0.23157	0.844606E-03	0.615039E-04
0.232025	0.757067E-03	0.610918E-04
0.23248	0.831382E-03	0.613978E-04
0.232936	0.904582E-03	0.609248E-04
0.233391	0.768718E-03	0.614127E-04
0.233846	0.713821E-03	0.608745E-04
0.234302	0.797282E-03	0.609819E-04
0.234757	0.647020E-03	0.611925E-04
0.235212	0.906127E-03	0.610307E-04
0.235668	0.776550E-03	0.609672E-04
0.236123	0.719147E-03	0.610194E-04
0.236578	0.813891E-03	0.601775E-04
0.237034	0.738847E-03	0.609007E-04
0.237489	0.695836E-03	0.607864E-04
0.237944	0.635605E-03	0.607106E-04
0.2384	0.759113E-03	0.608999E-04
0.238855	0.809165E-03	0.604296E-04
0.23931	0.768280E-03	0.606926E-04
0.239765	0.782272E-03	0.602945E-04
0.240221	0.761908E-03	0.604629E-04
0.240676	0.716125E-03	0.603112E-04
0.241131	0.646298E-03	0.605064E-04
0.241587	0.728408E-03	0.607416E-04
0.242042	0.683523E-03	0.600427E-04
0.242497	0.734858E-03	0.599020E-04
0.242952	0.715505E-03	0.601837E-04
0.243408	0.648295E-03	0.605085E-04
0.243863	0.749918E-03	0.603169E-04
0.244318	0.709358E-03	0.596993E-04
0.244774	0.805531E-03	0.601753E-04
0.245229	0.697721E-03	0.597811E-04
0.245684	0.667717E-03	0.599534E-04
0.246139	0.755079E-03	0.599559E-04
0.246595	0.716179E-03	0.596154E-04
0.24705	0.709458E-03	0.602711E-04
0.247505	0.734424E-03	0.594710E-04
0.24796	0.731185E-03	0.597849E-04
0.248416	0.757885E-03	0.595712E-04
0.248871	0.566428E-03	0.596774E-04
0.249326	0.667515E-03	0.601271E-04
0.249781	0.656413E-03	0.593827E-04
0.250236	0.740967E-03	0.594847E-04
0.250692	0.794080E-03	0.592182E-04
0.251147	0.691681E-03	0.594609E-04
0.251602	0.667294E-03	0.596697E-04
0.252057	0.599702E-03	0.591740E-04
0.252513	0.642008E-03	0.597676E-04
0.252968	0.695843E-03	0.591876E-04
0.253423	0.693175E-03	0.592288E-04
0.253878	0.676614E-03	0.588934E-04
0.254333	0.718165E-03	0.592060E-04
0.254789	0.630780E-03	0.593578E-04
0.255244	0.668947E-03	0.590498E-04
0.255699	0.698261E-03	0.589550E-04
0.256154	0.654893E-03	0.586799E-04
0.256609	0.602350E-03	0.592076E-04
0.257064	0.677625E-03	0.587742E-04
0.25752	0.685049E-03	0.592453E-04
0.257975	0.647472E-03	0.584347E-04
0.25843	0.642416E-03	0.589947E-04
0.258885	0.705003E-03	0.586419E-04
0.25934	0.714223E-03	0.588100E-04
0.259796	0.669853E-03	0.584524E-04
0.260251	0.654332E-03	0.586839E-04
0.260706	0.638766E-03	0.587551E-04
0.261161	0.669629E-03	0.585998E-04
0.261616	0.657379E-03	0.583235E-04
0.262071	0.777418E-03	0.581187E-04
0.262526	0.735799E-03	0.587069E-04
0.262982	0.680334E-03	0.582887E-04
0.263437	0.687971E-03	0.583269E-04
0.263892	0.669807E-03	0.582081E-04
0.264347	0.563896E-03	0.583828E-04
0.264802	0.647096E-03	0.583593E-04
0.265257	0.687605E-03	0.578631E-04
0.265712	0.600234E-03	0.581660E-04
0.266167	0.584731E-03	0.581568E-04
0.266623	0.602481E-03	0.580705E-04
0.267078	0.551721E-03	0.580267E-04
0.267533	0.622470E-03	0.576301E-04
0.267988	0.643271E-03	0.583969E-04
0.268443	0.501051E-03	0.579560E-04
0.268898	0.574893E-03	0.579357E-04
0.269353	0.591830E-03	0.576453E-04
0.269808	0.517997E-03	0.577213E-04
0.270263	0.596239E-03	0.578590E-04
0.270718	0.634662E-03	0.576652E-04
0.271174	0.632064E-03	0.576298E-04
0.271628	0.704827E-03	0.576855E-04
0.272084	0.610078E-03	0.577380E-04
0.272539	0.671205E-03	0.575265E-04
0.272994	0.654145E-03	0.575456E-04
0.273449	0.723964E-03	0.573244E-04
0.273904	0.526359E-03	0.574565E-04
0.274359	0.575066E-03	0.576499E-04
0.274814	0.588555E-03	0.571882E-04
0.275269	0.576651E-03	0.572468E-04
0.275724	0.692422E-03	0.573955E-04
0.276179	0.591584E-03	0.573706E-04
0.276634	0.464582E-03	0.574799E-04
0.277089	0.521649E-03	0.566691E-04
0.277544	0.690508E-03	0.573067E-04
0.277999	0.577716E-03	0.571743E-04
0.278454	0.563926E-03	0.570728E-04
0.278909	0.698292E-03	0.571591E-04
0.279364	0.565815E-03	0.568491E-04
0.279819	0.483587E-03	0.571277E-04
0.280274	0.563271E-03	0.568756E-04
0.280729	0.572154E-03	0.569994E-04
0.281184	0.481204E-03	0.567906E-04
0.281639	0.474484E-03	0.564914E-04
0.282094	0.574540E-03	0.571473E-04
0.282549	0.591331E-03	0.567666E-04
0.283004	0.684340E-03	0.564589E-04
0.283459	0.490459E-03	0.570461E-04
0.283914	0.537878E-03	0.565574E-04
0.284369	0.491381E-03	0.568916E-04
0.284824	0.494494E-03	0.562001E-04
0.285279	0.543542E-03	0.568132E-04
0.285734	0.540256E-03	0.566453E-04
0.286189	0.484495E-03	0.564539E-04
0.286644	0.464983E-03	0.565893E-04
0.287099	0.604555E-03	0.559764E-04
0.287554	0.502324E-03	0.566202E-04
0.288009	0.520518E-03	0.562409E-04
0.288464	0.543125E-03	0.564313E-04
0.288919	0.521893E-03	0.563565E-04
0.289374	0.577471E-03	0.561929E-04
0.289829	0.583875E-03	0.562425E-04
0.290284	0.518557E-03	0.564562E-04
0.290738	0.439009E-03	0.558567E-04
0.291193	0.657446E-03	0.561675E-04
0.291648	0.474364E-03	0.560098E-04
0.292103	0.498945E-03	0.562781E-04
0.292558	0.524804E-03	0.556607E-04
0.293013	0.439936E-03	0.559347E-04
0.293468	0.641073E-03	0.561353E-04
0.293923	0.584111E-03	0.559716E-04
0.294378	0.581633E-03	0.560376E-04
0.294833	0.568825E-03	0.555422E-04
0.295287	0.505265E-03	0.559644E-04
0.295742	0.532607E-03	0.558516E-04
0.296197	0.515019E-03	0.555641E-04
0.296652	0.553661E-03	0.556387E-04
0.297107	0.476601E-03	0.557615E-04
0.297562	0.645269E-03	0.559565E-04
0.298017	0.642308E-03	0.556172E-04
0.298472	0.627516E-03	0.552302E-04
0.298926	0.512344E-03	0.555367E-04
0.299381	0.460108E-03	0.556717E-04
0.299836	0.538614E-03	0.557387E-04
0.300291	0.660024E-03	0.550436E-04
0.300746	0.628064E-03	0.556013E-04
0.301201	0.513417E-03	0.551946E-04
0.301656	0.501503E-03	0.555623E-04
0.30211	0.439205E-03	0.554246E-04
0.302565	0.462220E-03	0.550450E-04
0.30302	0.534887E-03	0.554458E-04
0.303475	0.478939E-03	0.552116E-04
0.30393	0.420685E-03	0.552841E-04
0.304384	0.528745E-03	0.549476E-04
0.304839	0.421869E-03	0.551425E-04
0.305294	0.572511E-03	0.564894E-04
0.305749	0.466756E-03	0.563696E-04
0.306204	0.524366E-03	0.576389E-04
0.306658	0.481546E-03	0.572564E-04
0.307113	0.595575E-03	0.581573E-04
0.307568	0.543627E-03	0.590485E-04
0.308023	0.467968E-03	0.583178E-04
0.308478	0.533298E-03	0.593433E-04
0.308932	0.483101E-03	0.592393E-04
0.309387	0.534074E-03	0.596137E-04
0.309842	0.490555E-03	0.599026E-04
0.310297	0.461850E-03	0.599219E-04
0.310751	0.361394E-03	0.606549E-04
0.311206	0.504917E-03	0.602867E-04
0.311661	0.362325E-03	0.609157E-04
0.312116	0.441008E-03	0.609996E-04
0.31257	0.388395E-03	0.611260E-04
0.313025	0.459142E-03	0.619238E-04
0.31348	0.516069E-03	0.611815E-04
0.313935	0.519134E-03	0.604873E-04
0.314389	0.466184E-03	0.601662E-04
0.314844	0.482088E-03	0.593201E-04
0.315299	0.445541E-03	0.594165E-04
0.315753	0.538266E-03	0.580788E-04
0.316208	0.461331E-03	0.587373E-04
0.316663	0.519279E-03	0.585390E-04
0.317117	0.510567E-03	0.582056E-04
0.317572	0.474562E-03	0.577415E-04
0.318027	0.467028E-03	0.574005E-04
0.318482	0.411479E-03	0.579529E-04
0.318936	0.485623E-03	0.574292E-04
0.319391	0.502118E-03	0.574484E-04
0.319846	0.520438E-03	0.571182E-04
0.3203	0.536388E-03	0.573193E-04
0.320755	0.526296E-03	0.571143E-04
0.32121	0.562814E-03	0.567895E-04
0.321664	0.532488E-03	0.569769E-04
0.322119	0.538546E-03	0.568286E-04
0.322574	0.545318E-03	0.568488E-04
0.323028	0.456008E-03	0.567327E-04
0.323483	0.384932E-03	0.562107E-04
0.323938	0.552425E-03	0.564726E-04
0.324392	0.421749E-03	0.561985E-04
0.324847	0.493469E-03	0.566927E-04
0.325302	0.540041E-03	0.557326E-04
0.325756	0.499702E-03	0.561815E-04
0.326211	0.396571E-03	0.560685E-04
0.326665	0.445604E-03	0.558800E-04
0.32712	0.403444E-03	0.558342E-04
0.327575	0.380794E-03	0.557256E-04
0.328029	0.475750E-03	0.561329E-04
0.328484	0.455065E-03	0.557253E-04
0.328938	0.373898E-03	0.554220E-04
0.329393	0.392788E-03	0.555391E-04
0.329848	0.402711E-03	0.554582E-04
0.330302	0.428083E-03	0.557678E-04
0.330757	0.523413E-03	0.555416E-04
0.331211	0.337382E-03	0.552195E-04
0.331666	0.523427E-03	0.555515E-04
0.33212	0.407853E-03	0.552110E-04
0.332575	0.377676E-03	0.554423E-04
0.33303	0.405689E-03	0.548552E-04
0.333484	0.536743E-03	0.548483E-04
0.333939	0.563950E-03	0.554342E-04
0.334393	0.384818E-03	0.545715E-04
0.334848	0.402546E-03	0.547677E-04
0.335302	0.401320E-03	0.543125E-04
0.335757	0.454932E-03	0.547592E-04
0.336211	0.359356E-03	0.547495E-04
0.336666	0.394828E-03	0.539264E-04
0.33712	0.369932E-03	0.545075E-04
0.337575	0.496778E-03	0.537883E-04
0.338029	0.406990E-03	0.542382E-04
0.338484	0.482841E-03	0.540742E-04
0.338938	0.439449E-03	0.536748E-04
0.339393	0.422153E-03	0.540774E-04
0.339847	0.469219E-03	0.535962E-04
0.340302	0.396815E-03	0.538910E-04
0.340756	0.423462E-03	0.535314E-04
0.341211	0.388928E-03	0.538797E-04
0.341665	0.384292E-03	0.536838E-04
0.34212	0.479060E-03	0.537273E-04
0.342574	0.515761E-03	0.544906E-04
0.343029	0.389538E-03	0.549179E-04
0.343483	0.385585E-03	0.558846E-04
0.343938	0.508040E-03	0.560789E-04
0.344392	0.366637E-03	0.566395E-04
0.344847	0.440882E-03	0.569749E-04
0.345301	0.422857E-03	0.573200E-04
0.345755	0.491427E-03	0.574669E-04
0.34621	0.429109E-03	0.575600E-04
0.346664	0.415919E-03	0.583397E-04
0.347119	0.384383E-03	0.583409E-04
0.347573	0.485165E-03	0.581303E-04
0.348028	0.514630E-03	0.585604E-04
0.348482	0.473337E-03	0.579737E-04
0.348936	0.383383E-03	0.586667E-04
0.349391	0.336964E-03	0.588597E-04
0.349845	0.377805E-03	0.587086E-04
0.3503	0.392618E-03	0.587515E-04
0.350754	0.337264E-03	0.585115E-04
0.351208	0.413912E-03	0.591502E-04
0.351663	0.429704E-03	0.587821E-04
0.352117	0.353027E-03	0.588099E-04
0.352571	0.500944E-03	0.593445E-04
0.353026	0.316039E-03	0.589973E-04
0.35348	0.320492E-03	0.596292E-04
0.353935	0.368789E-03	0.589225E-04
0.354389	0.461515E-03	0.590112E-04
0.354843	0.338424E-03	0.594737E-04
0.355298	0.267285E-03	0.593701E-04
0.355752	0.367888E-03	0.601964E-04
0.356206	0.449041E-03	0.587697E-04
0.356661	0.401865E-03	0.595573E-04
0.357115	0.365460E-03	0.597029E-04
0.357569	0.332178E-03	0.596174E-04
0.358024	0.383008E-03	0.600524E-04
0.358478	0.345464E-03	0.593111E-04
0.358932	0.452636E-03	0.600130E-04
0.359387	0.424645E-03	0.599505E-04
0.359841	0.422856E-03	0.596186E-04
0.360295	0.413688E-03	0.600378E-04
0.36075	0.398513E-03	0.599754E-04
0.361204	0.515665E-03	0.603444E-04
0.361658	0.428588E-03	0.597491E-04
0.362112	0.414771E-03	0.601872E-04
0.362567	0.336608E-03	0.600336E-04
0.363021	0.383823E-03	0.601823E-04
0.363475	0.387472E-03	0.607024E-04
0.363929	0.573628E-03	0.598559E-04
0.364384	0.342589E-03	0.601182E-04
0.364838	0.441520E-03	0.604065E-04
0.365292	0.375469E-03	0.605576E-04
0.365746	0.383172E-03	0.601955E-04
0.366201	0.354059E-03	0.601494E-04
0.366655	0.387597E-03	0.606151E-04
0.367109	0.383327E-03	0.606733E-04
0.367563	0.330338E-03	0.603183E-04
0.368018	0.405784E-03	0.607001E-04
0.368472	0.506459E-03	0.604755E-04
0.368926	0.332124E-03	0.607742E-04
0.36938	0.432869E-03	0.604603E-04
0.369834	0.364606E-03	0.606443E-04
0.370289	0.366973E-03	0.606431E-04
0.370743	0.405770E-03	0.609171E-04
0.371197	0.381716E-03	0.608132E-04
0.371651	0.387566E-03	0.604074E-04
0.372105	0.405273E-03	0.608976E-04
0.372559	0.416667E-03	0.608583E-04
0.373014	0.378184E-03	0.613082E-04
0.373468	0.477359E-03	0.605152E-04
0.373922	0.270155E-03	0.609830E-04
0.374376	0.424092E-03	0.611935E-04
0.37483	0.297648E-03	0.610013E-04
0.375284	0.317600E-03	0.610152E-04
0.375739	0.386343E-03	0.607280E-04
0.376193	0.338075E-03	0.613420E-04
0.376647	0.435255E-03	0.612511E-04
0.377101	0.466544E-03	0.606088E-04
0.377555	0.351456E-03	0.614444E-04
0.378009	0.311124E-03	0.609197E-04
0.378463	0.360932E-03	0.614230E-04
0.378917	0.356430E-03	0.615996E-04
0.379371	0.372710E-03	0.604928E-04
0.379826	0.329947E-03	0.616870E-04
0.38028	0.354983E-03	0.611380E-04
0.380734	0.339574E-03	0.615686E-04
0.381188	0.531944E-03	0.610308E-04
0.381642	0.236651E-03	0.612852E-04
0.382096	0.371654E-03	0.618564E-04
0.38255	0.311958E-03	0.610315E-04
0.383004	0.421687E-03	0.612660E-04
0.383458	0.432508E-03	0.615456E-04
0.383912	0.388442E-03	0.616083E-04
0.384366	0.262275E-03	0.618335E-04
0.38482	0.272554E-03	0.610930E-04
0.385274	0.400848E-03	0.615306E-04
0.385728	0.291161E-03	0.612365E-04
0.386182	0.334776E-03	0.617573E-04
0.386636	0.426152E-03	0.618663E-04
0.387091	0.275596E-03	0.611194E-04
0.387545	0.382846E-03	0.617459E-04
0.387999	0.392443E-03	0.612007E-04
0.388452	0.419381E-03	0.614603E-04
0.388906	0.332680E-03	0.613993E-04
0.38936	0.434562E-03	0.614065E-04
0.389815	0.444060E-03	0.615073E-04
0.390269	0.297576E-03	0.609262E-04
0.390722	0.346370E-03	0.611114E-04
0.391176	0.347891E-03	0.610152E-04
0.39163	0.220925E-03	0.613133E-04
0.392084	0.366167E-03	0.615415E-04
0.392538	0.375728E-03	0.608725E-04
0.392992	0.262013E-03	0.615087E-04
0.393446	0.351668E-03	0.607866E-04
0.3939	0.312260E-03	0.618445E-04
0.394354	0.348956E-03	0.610672E-04
0.394808	0.296803E-03	0.614797E-04
0.395262	0.472236E-03	0.616131E-04
0.395716	0.235742E-03	0.608605E-04
0.39617	0.258638E-03	0.619354E-04
0.396624	0.324999E-03	0.609880E-04
0.397078	0.464749E-03	0.616250E-04
0.397532	0.256865E-03	0.618010E-04
0.397985	0.263999E-03	0.610920E-04
0.398439	0.415556E-03	0.617940E-04
0.398893	0.282865E-03	0.612550E-04
0.399347	0.378654E-03	0.615054E-04
0.399801	0.310000E-03	0.617802E-04
0.400255	0.232779E-03	0.614732E-04
0.400709	0.206532E-03	0.619789E-04
0.401163	0.302215E-03	0.613475E-04
0.401617	0.209548E-03	0.614850E-04
0.40207	0.321413E-03	0.616069E-04
0.402524	0.384786E-03	0.614886E-04
0.402978	0.292019E-03	0.622583E-04
0.403432	0.313596E-03	0.614227E-04
0.403886	0.373773E-03	0.617556E-04
0.40434	0.350933E-03	0.615773E-04
0.404793	0.287038E-03	0.616558E-04
0.405247	0.242633E-03	0.620888E-04
0.405701	0.393731E-03	0.616655E-04
0.406155	0.275835E-03	0.619364E-04
0.406609	0.311603E-03	0.615604E-04
0.407062	0.220541E-03	0.618894E-04
0.407516	0.323332E-03	0.619368E-04
0.40797	0.279876E-03	0.617818E-04
0.408424	0.328935E-03	0.620356E-04
0.408878	0.386736E-03	0.618514E-04
0.409331	0.268040E-03	0.621552E-04
0.409785	0.243244E-03	0.618310E-04
0.410239	0.436741E-03	0.616997E-04
0.410693	0.399886E-03	0.624241E-04
0.411147	0.342337E-03	0.619220E-04
0.4116	0.253145E-03	0.622749E-04
0.412054	0.260811E-03	0.615269E-04
0.412508	0.280829E-03	0.622314E-04
0.412961	0.309255E-03	0.621074E-04
0.413415	0.315608E-03	0.621740E-04
0.413869	0.354974E-03	0.620291E-04
0.414323	0.354107E-03	0.617894E-04
0.414776	0.340435E-03	0.624797E-04
0.41523	0.258010E-03	0.621015E-04
0.415684	0.353766E-03	0.621969E-04
0.416137	0.288991E-03	0.622045E-04
0.416591	0.260732E-03	0.620223E-04
0.417045	0.321392E-03	0.625619E-04
0.417498	0.204176E-03	0.619542E-04
0.417952	0.250085E-03	0.624766E-04
0.418406	0.189168E-03	0.623161E-04
0.418859	0.325884E-03	0.622876E-04
0.419313	0.286624E-03	0.624928E-04
0.419767	0.392305E-03	0.618732E-04
0.42022	0.269439E-03	0.626696E-04
0.420674	0.275219E-03	0.623433E-04
0.421128	0.360510E-03	0.623673E-04
0.421581	0.350867E-03	0.625383E-04
0.422035	0.307783E-03	0.621126E-04
0.422489	0.261705E-03	0.629374E-04
0.422942	0.190843E-03	0.620745E-04
0.423396	0.244978E-03	0.625435E-04
0.423849	0.218409E-03	0.628118E-04
0.424303	0.270380E-03	0.620018E-04
0.424757	0.413571E-03	0.630452E-04
0.42521	0.278584E-03	0.618150E-04
0.425664	0.310035E-03	0.628523E-04
0.426117	0.323959E-03	0.623644E-04
0.426571	0.265512E-03	0.626324E-04
0.427025	0.269597E-03	0.631205E-04
0.427478	0.253036E-03	0.620568E-04
0.427932	0.275697E-03	0.630573E-04
0.428385	0.170762E-03	0.623875E-04
0.428839	0.259442E-03	0.626373E-04
0.429292	0.391278E-03	0.630017E-04
0.429746	0.317773E-03	0.623626E-04
0.430199	0.253631E-03	0.628639E-04
0.430653	0.381300E-03	0.643866E-04
0.431107	0.304776E-03	0.654143E-04
0.43156	0.279282E-03	0.671632E-04
0.432013	0.241968E-03	0.678345E-04
0.432467	0.312861E-03	0.686901E-04
0.43292	0.303758E-03	0.690466E-04
0.433374	0.334985E-03	0.696133E-04
0.433827	0.363457E-03	0.711508E-04
0.434281	0.359641E-03	0.713077E-04
0.434735	0.271158E-03	0.718831E-04
0.435188	0.401640E-03	0.725479E-04
0.435641	0.314803E-03	0.727753E-04
0.436095	0.273285E-03	0.742116E-04
0.436548	0.435795E-03	0.742325E-04
0.437002	0.196797E-03	0.749330E-04
0.437455	0.352615E-03	0.753913E-04
0.437909	0.291938E-03	0.762263E-04
0.438362	0.264920E-03	0.767282E-04
0.438816	0.126885E-03	0.766337E-04
0.439269	0.317936E-03	0.780982E-04
0.439722	0.193868E-03	0.783877E-04
0.440176	0.374980E-03	0.790802E-04
0.440629	0.209420E-03	0.790467E-04
0.441083	0.354847E-03	0.798415E-04
0.441536	0.289115E-03	0.805462E-04
0.441989	0.240604E-03	0.814709E-04
0.442443	0.347929E-03	0.814791E-04
0.442896	0.460142E-03	0.819018E-04
0.44335	0.458423E-03	0.833550E-04
0.443803	0.205542E-03	0.825985E-04
0.444256	0.212985E-03	0.838212E-04
0.44471	0.400153E-03	0.839309E-04
0.445163	0.361081E-03	0.848295E-04
0.445616	0.254681E-03	0.863564E-04
0.44607	0.321575E-03	0.858238E-04
0.446523	0.214168E-03	0.864246E-04
0.446976	0.238699E-03	0.860883E-04
0.44743	0.402952E-03	0.880550E-04
0.447883	0.276891E-03	0.897975E-04
0.448336	0.291759E-03	0.875262E-04
0.44879	0.249284E-03	0.905087E-04
0.449243	0.409473E-03	0.892846E-04
0.449696	0.295494E-03	0.913669E-04
0.450149	0.185267E-03	0.905551E-04
0.450603	0.387202E-03	0.909364E-04
0.451056	0.414767E-03	0.927876E-04
0.451509	0.186292E-03	0.914450E-04
0.451963	0.378708E-03	0.928975E-04
0.452416	0.350281E-03	0.914670E-04
0.452869	0.415455E-03	0.933795E-04
0.453322	0.230705E-03	0.943600E-04
0.453776	0.184030E-03	0.931087E-04
0.454229	0.291697E-03	0.944807E-04
0.454682	0.245560E-03	0.934006E-04
0.455135	0.113197E-03	0.951102E-04
0.455589	0.284289E-03	0.966753E-04
0.456042	0.226408E-03	0.932791E-04
0.456495	0.325592E-03	0.969666E-04
0.456948	0.350580E-03	0.954346E-04
0.457401	0.391424E-03	0.970928E-04
0.457854	0.296140E-03	0.963826E-04
0.458308	0.647903E-04	0.963395E-04
0.458761	0.160131E-03	0.988618E-04
0.459214	0.109724E-03	0.961875E-04
0.459667	0.343834E-03	0.978393E-04
0.46012	0.296456E-03	0.964801E-04
0.460574	0.236694E-03	0.983121E-04
0.461027	0.314307E-03	0.993151E-04
0.46148	0.279348E-03	0.969125E-04
0.461933	0.288160E-03	0.982561E-04
0.462386	0.437186E-03	0.973126E-04
0.462839	0.110780E-03	0.994718E-04
0.463292	0.337125E-03	0.992629E-04
0.463745	0.272378E-03	0.971057E-04
0.464199	0.250623E-03	0.999539E-04
0.464652	0.444607E-03	0.980402E-04
0.465105	0.489358E-03	0.101320E-03
0.465558	0.325921E-03	0.984881E-04
0.466011	0.357480E-03	0.100396E-03
0.466464	0.195270E-03	0.102118E-03
0.466917	0.142098E-03	0.995343E-04
0.46737	0.213843E-03	0.102571E-03
0.467823	0.338131E-03	0.100537E-03
0.468276	0.393048E-03	0.102172E-03
0.46873	0.139289E-03	0.104055E-03
0.469183	0.309155E-03	0.101741E-03
0.469635	0.407902E-03	0.103972E-03
0.470089	0.201643E-03	0.101933E-03
0.470542	0.189563E-03	0.104728E-03
0.470995	0.185717E-03	0.105407E-03
0.471448	0.381246E-03	0.102961E-03
0.471901	0.334079E-03	0.107739E-03
0.472354	0.251177E-03	0.103604E-03
0.472807	0.334951E-03	0.107789E-03
0.47326	0.234105E-03	0.104528E-03
0.473713	0.100297E-03	0.106309E-03
0.474166	0.270184E-03	0.109445E-03
0.474619	0.211124E-03	0.105039E-03
0.475072	0.235178E-03	0.108997E-03
0.475525	0.375399E-03	0.106716E-03
0.475977	0.357947E-03	0.109040E-03
0.47643	0.108782E-03	0.110315E-03
0.476883	0.255465E-03	0.108567E-03
0.477336	0.121892E-03	0.110345E-03
0.477789	0.286890E-03	0.109471E-03
0.478242	0.633771E-04	0.111378E-03
0.478695	0.349181E-03	0.111438E-03
0.479148	0.614798E-04	0.110569E-03
0.479601	0.235548E-04	0.113040E-03
0.480054	0.309605E-03	0.111305E-03
0.480507	0.115799E-03	0.113950E-03
0.48096	0.212928E-03	0.112036E-03
0.481413	0.987594E-04	0.113722E-03
0.481866	0.240940E-03	0.113972E-03
0.482318	0.258024E-03	0.115193E-03
0.482771	0.217574E-03	0.115089E-03
0.483224	0.251336E-03	0.114760E-03
0.483677	0.403084E-03	0.116672E-03
0.48413	0.333144E-03	0.115879E-03
0.484583	0.322099E-03	0.117678E-03
0.485036	0.306076E-03	0.117511E-03
0.485488	0.830563E-04	0.117746E-03
0.485941	0.134169E-03	0.118924E-03
0.486394	-0.591422E-05	0.117772E-03
0.486847	0.158948E-03	0.120028E-03
0.4873	0.289418E-03	0.119947E-03
0.487752	0.356970E-04	0.119856E-03
0.488205	0.486535E-03	0.121991E-03
0.488658	0.262769E-03	0.119995E-03
0.489111	0.205059E-03	0.122016E-03
0.489563	0.227248E-03	0.122935E-03
0.490016	0.237919E-03	0.122532E-03
0.490469	0.433425E-03	0.123859E-03
0.490922	0.195579E-03	0.123083E-03
0.491375	0.415781E-03	0.125211E-03
0.491827	0.231848E-03	0.125856E-03
0.49228	0.270490E-04	0.125205E-03
0.492733	0.259723E-03	0.126035E-03
0.493185	0.283769E-03	0.126751E-03
0.493638	0.156279E-03	0.127759E-03
0.494091	0.872013E-04	0.128165E-03
0.494544	0.255761E-03	0.128093E-03
0.494996	0.206699E-03	0.129441E-03
0.495449	0.956150E-04	0.129812E-03
0.495902	0.196829E-03	0.130523E-03
0.496354	0.275023E-03	0.130507E-03
0.496807	0.380161E-03	0.132863E-03
0.49726	0.213685E-03	0.132464E-03
0.497713	0.319858E-03	0.132223E-03
0.498165	0.321001E-03	0.134126E-03
0.498618	0.405847E-03	0.134074E-03
0.49907	0.118930E-03	0.135595E-03
0.499523	0.267098E-03	0.135665E-03
0.499976	0.267702E-03	0.135741E-03
0.500428	0.111938E-03	0.137600E-03
0.500881	0.342159E-03	0.136816E-03
0.501334	0.259858E-03	0.138436E-03
0.501786	0.310218E-03	0.140110E-03
0.502239	0.155447E-03	0.138590E-03
0.502691	0.975038E-04	0.141606E-03
0.503144	0.458591E-03	0.141236E-03
0.503597	0.285564E-03	0.141961E-03
0.504049	0.187220E-03	0.143769E-03
0.504502	-0.199654E-04	0.142661E-03
0.504954	0.445687E-03	0.143711E-03
0.505407	0.200890E-03	0.146040E-03
0.505859	0.223564E-03	0.146034E-03
0.506312	0.143708E-03	0.148055E-03
0.506764	0.912066E-04	0.146937E-03
0.507217	0.428820E-03	0.147821E-03
0.50767	0.207901E-03	0.150369E-03
