0.0589299E-01	0.605930E+02	0.299468E+02
0.0612469E-01	0.387907E+02	0.178425E+02
0.0635639E-01	0.498198E+02	0.139519E+02
0.0658809E-01	0.488721E+02	0.114340E+02
0.0681980E-01	0.428547E+02	0.965610E+01
0.0705150E-01	0.433140E+02	0.857767E+01
0.0728320E-01	0.486453E+02	0.766510E+01
0.0751490E-01	0.472907E+02	0.717089E+01
0.0774661E-01	0.403895E+02	0.627703E+01
0.0797831E-01	0.338372E+02	0.572879E+01
0.0821001E-01	0.315872E+02	0.506198E+01
0.0844171E-01	0.324826E+02	0.484599E+01
0.0867341E-01	0.299186E+02	0.442108E+01
0.0890512E-01	0.389012E+02	0.398930E+01
0.0913682E-01	0.413081E+02	0.387332E+01
0.0936852E-01	0.323430E+02	0.344529E+01
0.0960022E-01	0.335465E+02	0.337011E+01
0.0983192E-01	0.304826E+02	0.300460E+01
0.0100636E+00	0.274110E+02	0.284456E+01
0.0102953E+00	0.327000E+02	0.275435E+01
0.0105270E+00	0.285407E+02	0.247493E+01
0.0107587E+00	0.324919E+02	0.240918E+01
0.0109904E+00	0.382547E+02	0.213707E+01
0.0112221E+00	0.337983E+02	0.211079E+01
0.0114538E+00	0.322919E+02	0.201065E+01
0.0116855E+00	0.341093E+02	0.180988E+01
0.0119172E+00	0.331244E+02	0.179707E+01
0.0121489E+00	0.323860E+02	0.162969E+01
0.0123806E+00	0.334715E+02	0.161326E+01
0.0126123E+00	0.349471E+02	0.146279E+01
0.0128441E+00	0.295297E+02	0.139910E+01
0.0130758E+00	0.319081E+02	0.136792E+01
0.0133075E+00	0.338866E+02	0.127886E+01
0.0135392E+00	0.346174E+02	0.125086E+01
0.0137709E+00	0.317436E+02	0.115373E+01
0.0140026E+00	0.342663E+02	0.110033E+01
0.0142343E+00	0.329116E+02	0.107458E+01
0.0144660E+00	0.317779E+02	0.102098E+01
0.0146977E+00	0.337238E+02	0.100451E+01
0.0149294E+00	0.327314E+02	0.924427E+00
0.0151611E+00	0.324750E+02	0.916700E+00
0.0153928E+00	0.314134E+02	0.879051E+00
0.0156245E+00	0.328948E+02	0.828913E+00
0.0158562E+00	0.321209E+02	0.812640E+00
0.0160879E+00	0.317587E+02	0.780752E+00
0.0163196E+00	0.318349E+02	0.776458E+00
0.0165513E+00	0.317855E+02	0.727262E+00
0.0167830E+00	0.324994E+02	0.703162E+00
0.0170147E+00	0.321221E+02	0.684906E+00
0.0172464E+00	0.324826E+02	0.658522E+00
0.0174781E+00	0.329313E+02	0.647164E+00
0.0177098E+00	0.319919E+02	0.608944E+00
0.0179415E+00	0.318310E+02	0.606476E+00
0.0181732E+00	0.333629E+02	0.589491E+00
0.0184049E+00	0.324674E+02	0.569687E+00
0.0186366E+00	0.330289E+02	0.563308E+00
0.0188683E+00	0.331274E+02	0.537679E+00
0.0191000E+00	0.328469E+02	0.538598E+00
0.0193317E+00	0.323256E+02	0.517394E+00
0.0195634E+00	0.324331E+02	0.504003E+00
0.0197951E+00	0.323425E+02	0.496535E+00
0.0200268E+00	0.334192E+02	0.481390E+00
0.0202585E+00	0.323802E+02	0.486597E+00
0.0204902E+00	0.319135E+02	0.459611E+00
0.0207219E+00	0.324357E+02	0.461938E+00
0.0209536E+00	0.322117E+02	0.452997E+00
0.0211853E+00	0.321573E+02	0.439570E+00
0.0214170E+00	0.321002E+02	0.439657E+00
0.0216487E+00	0.315313E+02	0.417044E+00
0.0218804E+00	0.311994E+02	0.421862E+00
0.0221121E+00	0.320156E+02	0.412278E+00
0.0223438E+00	0.315196E+02	0.405643E+00
0.0225755E+00	0.310962E+02	0.400443E+00
0.0228072E+00	0.311935E+02	0.387461E+00
0.0230389E+00	0.311659E+02	0.390041E+00
0.0232706E+00	0.307806E+02	0.377714E+00
0.0235023E+00	0.316070E+02	0.375178E+00
0.0237341E+00	0.303358E+02	0.369536E+00
0.0239658E+00	0.305719E+02	0.358733E+00
0.0241975E+00	0.313895E+02	0.367655E+00
0.0244292E+00	0.314478E+02	0.350299E+00
0.0246609E+00	0.316786E+02	0.352262E+00
0.0248926E+00	0.310129E+02	0.348546E+00
0.0251243E+00	0.307687E+02	0.337380E+00
0.0253560E+00	0.297863E+02	0.338242E+00
0.0255877E+00	0.295005E+02	0.329891E+00
0.0258194E+00	0.300728E+02	0.330617E+00
0.0260511E+00	0.298088E+02	0.325359E+00
0.0262828E+00	0.298224E+02	0.325120E+00
0.0265145E+00	0.299430E+02	0.317236E+00
0.0267462E+00	0.293148E+02	0.312560E+00
0.0269779E+00	0.299241E+02	0.314268E+00
0.0272096E+00	0.299945E+02	0.309000E+00
0.0274413E+00	0.296513E+02	0.304866E+00
0.0276730E+00	0.294559E+02	0.302556E+00
0.0279047E+00	0.289712E+02	0.297258E+00
0.0281364E+00	0.292271E+02	0.299448E+00
0.0283681E+00	0.294094E+02	0.288994E+00
0.0285998E+00	0.294176E+02	0.292323E+00
0.0288315E+00	0.290744E+02	0.286460E+00
0.0290632E+00	0.284101E+02	0.285685E+00
0.0292949E+00	0.282506E+02	0.281952E+00
0.0295266E+00	0.288560E+02	0.277053E+00
0.0297583E+00	0.286403E+02	0.278124E+00
0.0299900E+00	0.287263E+02	0.272489E+00
0.0302217E+00	0.289965E+02	0.272450E+00
0.0304534E+00	0.289555E+02	0.270197E+00
0.0306851E+00	0.290290E+02	0.265967E+00
0.0309168E+00	0.282117E+02	0.265375E+00
0.0311485E+00	0.276497E+02	0.258936E+00
0.0313802E+00	0.277473E+02	0.259438E+00
0.0316119E+00	0.277333E+02	0.255848E+00
0.0318436E+00	0.271588E+02	0.254599E+00
0.0320753E+00	0.274756E+02	0.256551E+00
0.0323070E+00	0.274809E+02	0.248259E+00
0.0325387E+00	0.275962E+02	0.252899E+00
0.0327704E+00	0.276119E+02	0.245430E+00
0.0330021E+00	0.272885E+02	0.247071E+00
0.0332338E+00	0.267117E+02	0.244963E+00
0.0334655E+00	0.270059E+02	0.240801E+00
0.0336972E+00	0.268775E+02	0.241931E+00
0.0339289E+00	0.270678E+02	0.236167E+00
0.0341606E+00	0.269856E+02	0.239739E+00
0.0343923E+00	0.266676E+02	0.236348E+00
0.0346241E+00	0.264509E+02	0.232380E+00
0.0348558E+00	0.266301E+02	0.236272E+00
0.0350875E+00	0.264686E+02	0.228912E+00
0.0353192E+00	0.266875E+02	0.231084E+00
0.0355509E+00	0.266367E+02	0.227384E+00
0.0357826E+00	0.265391E+02	0.226737E+00
0.0360143E+00	0.260291E+02	0.226893E+00
0.0362460E+00	0.257822E+02	0.222614E+00
0.0364777E+00	0.263976E+02	0.224614E+00
0.0367094E+00	0.257356E+02	0.220105E+00
0.0369411E+00	0.256600E+02	0.218703E+00
0.0371728E+00	0.254437E+02	0.219335E+00
0.0374045E+00	0.252613E+02	0.215569E+00
0.0376362E+00	0.252273E+02	0.218190E+00
0.0378679E+00	0.251830E+02	0.213178E+00
0.0380996E+00	0.246733E+02	0.213315E+00
0.0383313E+00	0.248469E+02	0.211678E+00
0.0385630E+00	0.247899E+02	0.209880E+00
0.0387947E+00	0.249913E+02	0.210204E+00
0.0390264E+00	0.247216E+02	0.207915E+00
0.0392581E+00	0.242226E+02	0.207708E+00
0.0394898E+00	0.243584E+02	0.205534E+00
0.0397215E+00	0.241569E+02	0.205142E+00
0.0399532E+00	0.235252E+02	0.204897E+00
0.0401849E+00	0.236159E+02	0.200379E+00
0.0404166E+00	0.236233E+02	0.203246E+00
0.0406483E+00	0.235939E+02	0.200033E+00
0.0408800E+00	0.231838E+02	0.199881E+00
0.0411117E+00	0.231229E+02	0.197754E+00
0.0413434E+00	0.231053E+02	0.196315E+00
0.0415751E+00	0.234434E+02	0.196922E+00
0.0418068E+00	0.232560E+02	0.195491E+00
0.0420385E+00	0.227732E+02	0.195685E+00
0.0422702E+00	0.226324E+02	0.192691E+00
0.0425019E+00	0.226487E+02	0.192194E+00
0.0427336E+00	0.229566E+02	0.191615E+00
0.0429653E+00	0.225082E+02	0.190627E+00
0.0431970E+00	0.222858E+02	0.189305E+00
0.0434287E+00	0.220445E+02	0.188384E+00
0.0436604E+00	0.219166E+02	0.188188E+00
0.0438921E+00	0.219048E+02	0.187241E+00
0.0441238E+00	0.217922E+02	0.185631E+00
0.0443555E+00	0.213709E+02	0.186889E+00
0.0445872E+00	0.216442E+02	0.181891E+00
0.0448189E+00	0.214931E+02	0.185137E+00
0.0450506E+00	0.216081E+02	0.180907E+00
0.0452823E+00	0.215057E+02	0.181484E+00
0.0455140E+00	0.213681E+02	0.181734E+00
0.0457458E+00	0.212998E+02	0.179063E+00
0.0459775E+00	0.209885E+02	0.180382E+00
0.0462092E+00	0.211108E+02	0.177555E+00
0.0464409E+00	0.210661E+02	0.178905E+00
0.0466726E+00	0.205948E+02	0.178116E+00
0.0469043E+00	0.206459E+02	0.174963E+00
0.0471360E+00	0.202993E+02	0.177188E+00
0.0473677E+00	0.204651E+02	0.173781E+00
0.0475994E+00	0.203735E+02	0.175996E+00
0.0478311E+00	0.201967E+02	0.173866E+00
0.0480628E+00	0.201448E+02	0.170663E+00
0.0482945E+00	0.200208E+02	0.172930E+00
0.0485262E+00	0.200379E+02	0.170152E+00
0.0487579E+00	0.197639E+02	0.171794E+00
0.0489896E+00	0.196274E+02	0.168779E+00
0.0492213E+00	0.195915E+02	0.169447E+00
0.0494530E+00	0.193754E+02	0.168498E+00
0.0496847E+00	0.194349E+02	0.167060E+00
0.0499164E+00	0.193775E+02	0.167825E+00
0.0501481E+00	0.195484E+02	0.165593E+00
0.0503798E+00	0.194949E+02	0.166519E+00
0.0506115E+00	0.187203E+02	0.166104E+00
0.0508432E+00	0.188056E+02	0.164172E+00
0.0510749E+00	0.190045E+02	0.164741E+00
0.0513066E+00	0.187976E+02	0.163169E+00
0.0515383E+00	0.189965E+02	0.164112E+00
0.0517700E+00	0.187354E+02	0.163699E+00
0.0520017E+00	0.187580E+02	0.161242E+00
0.0522334E+00	0.186047E+02	0.161550E+00
0.0524651E+00	0.186188E+02	0.160090E+00
0.0526968E+00	0.185029E+02	0.161664E+00
0.0529285E+00	0.183761E+02	0.159452E+00
0.0531602E+00	0.182894E+02	0.160205E+00
0.0533919E+00	0.181309E+02	0.159197E+00
0.0536236E+00	0.181593E+02	0.158343E+00
0.0538553E+00	0.178532E+02	0.158782E+00
0.0540870E+00	0.177284E+02	0.156342E+00
0.0543187E+00	0.175213E+02	0.157747E+00
0.0545504E+00	0.174115E+02	0.156568E+00
0.0547821E+00	0.169843E+02	0.155174E+00
0.0550138E+00	0.172587E+02	0.155938E+00
0.0552455E+00	0.174096E+02	0.154406E+00
0.0554772E+00	0.173420E+02	0.156036E+00
0.0557089E+00	0.171001E+02	0.153953E+00
0.0559406E+00	0.171656E+02	0.153416E+00
0.0561723E+00	0.169822E+02	0.154313E+00
0.0564040E+00	0.167832E+02	0.152525E+00
0.0566358E+00	0.166289E+02	0.153615E+00
0.0568675E+00	0.166853E+02	0.150732E+00
0.0570992E+00	0.165416E+02	0.152240E+00
0.0573309E+00	0.163525E+02	0.151781E+00
0.0575626E+00	0.161821E+02	0.150775E+00
0.0577943E+00	0.162536E+02	0.151234E+00
0.0580260E+00	0.160689E+02	0.148352E+00
0.0582577E+00	0.161331E+02	0.150608E+00
0.0584894E+00	0.160417E+02	0.149479E+00
0.0587211E+00	0.158838E+02	0.149523E+00
0.0589528E+00	0.159890E+02	0.148482E+00
0.0591845E+00	0.156840E+02	0.146950E+00
0.0594162E+00	0.157874E+02	0.148720E+00
0.0596479E+00	0.159288E+02	0.146025E+00
0.0598796E+00	0.159342E+02	0.147338E+00
0.0601113E+00	0.152237E+02	0.146873E+00
0.0603430E+00	0.152780E+02	0.145351E+00
0.0605747E+00	0.148208E+02	0.147414E+00
0.0608064E+00	0.151708E+02	0.144159E+00
0.0610381E+00	0.151188E+02	0.145418E+00
0.0612698E+00	0.150639E+02	0.144822E+00
0.0615015E+00	0.149297E+02	0.144217E+00
0.0617332E+00	0.147449E+02	0.144370E+00
0.0619649E+00	0.149160E+02	0.142710E+00
0.0621966E+00	0.147422E+02	0.143641E+00
0.0624283E+00	0.147462E+02	0.142281E+00
0.0626600E+00	0.147847E+02	0.143098E+00
0.0628917E+00	0.146752E+02	0.143140E+00
0.0631234E+00	0.146190E+02	0.141161E+00
0.0633551E+00	0.143524E+02	0.142295E+00
0.0635868E+00	0.144327E+02	0.139853E+00
0.0638185E+00	0.143240E+02	0.140458E+00
0.0640502E+00	0.139914E+02	0.141200E+00
0.0642819E+00	0.140838E+02	0.139280E+00
0.0645136E+00	0.139165E+02	0.140985E+00
0.0647453E+00	0.136355E+02	0.138989E+00
0.0649770E+00	0.137362E+02	0.138974E+00
0.0652087E+00	0.139456E+02	0.138395E+00
0.0654404E+00	0.135894E+02	0.138947E+00
0.0656721E+00	0.136088E+02	0.138051E+00
0.0659038E+00	0.134414E+02	0.136833E+00
0.0661355E+00	0.134742E+02	0.138418E+00
0.0663672E+00	0.131911E+02	0.137625E+00
0.0665989E+00	0.134602E+02	0.136610E+00
0.0668306E+00	0.134902E+02	0.136585E+00
0.0670623E+00	0.131437E+02	0.136031E+00
0.0672940E+00	0.132142E+02	0.137260E+00
0.0675258E+00	0.130428E+02	0.134717E+00
0.0677575E+00	0.130953E+02	0.135849E+00
0.0679892E+00	0.130977E+02	0.134773E+00
0.0682209E+00	0.129345E+02	0.134790E+00
0.0684526E+00	0.128809E+02	0.135110E+00
0.0686843E+00	0.128978E+02	0.133774E+00
0.0689160E+00	0.125367E+02	0.134222E+00
0.0691477E+00	0.121631E+02	0.132943E+00
0.0693794E+00	0.121492E+02	0.133735E+00
0.0696111E+00	0.123735E+02	0.133612E+00
0.0698428E+00	0.123987E+02	0.131701E+00
0.0700745E+00	0.123058E+02	0.133290E+00
0.0703062E+00	0.122485E+02	0.131783E+00
0.0705379E+00	0.122171E+02	0.132486E+00
0.0707696E+00	0.121082E+02	0.131510E+00
0.0710013E+00	0.122112E+02	0.130706E+00
0.0712330E+00	0.119690E+02	0.131298E+00
0.0714647E+00	0.117133E+02	0.130574E+00
0.0716964E+00	0.117778E+02	0.130831E+00
0.0719281E+00	0.121320E+02	0.130162E+00
0.0721598E+00	0.119660E+02	0.130013E+00
0.0723915E+00	0.118305E+02	0.130441E+00
0.0726232E+00	0.116180E+02	0.128751E+00
0.0728549E+00	0.117394E+02	0.129500E+00
0.0730866E+00	0.116488E+02	0.128200E+00
0.0733183E+00	0.115106E+02	0.129649E+00
0.0735500E+00	0.114075E+02	0.128340E+00
0.0737817E+00	0.113286E+02	0.127940E+00
0.0740134E+00	0.114216E+02	0.128441E+00
0.0742451E+00	0.113097E+02	0.127196E+00
0.0744768E+00	0.113125E+02	0.127299E+00
0.0747085E+00	0.110570E+02	0.126533E+00
0.0749402E+00	0.111884E+02	0.127265E+00
0.0751719E+00	0.113276E+02	0.126763E+00
0.0754036E+00	0.111856E+02	0.125863E+00
0.0756353E+00	0.111315E+02	0.127084E+00
0.0758670E+00	0.107411E+02	0.125851E+00
0.0760987E+00	0.107061E+02	0.126049E+00
0.0763304E+00	0.106815E+02	0.125810E+00
0.0765621E+00	0.108248E+02	0.124598E+00
0.0767938E+00	0.105685E+02	0.125656E+00
0.0770255E+00	0.106815E+02	0.124085E+00
0.0772572E+00	0.106296E+02	0.125504E+00
0.0774889E+00	0.104173E+02	0.123992E+00
0.0777206E+00	0.104263E+02	0.124184E+00
0.0779523E+00	0.101309E+02	0.123988E+00
0.0781840E+00	0.100650E+02	0.123227E+00
0.0784157E+00	0.101339E+02	0.123692E+00
0.0786475E+00	0.103081E+02	0.122517E+00
0.0788792E+00	0.102401E+02	0.123021E+00
0.0791109E+00	0.103177E+02	0.123749E+00
0.0793426E+00	0.101761E+02	0.121915E+00
0.0795743E+00	0.101316E+02	0.122993E+00
0.0798060E+00	0.983552E+01	0.121084E+00
0.0800377E+00	0.979355E+01	0.122125E+00
0.0802694E+00	0.986262E+01	0.121965E+00
0.0805011E+00	0.993488E+01	0.121002E+00
0.0807328E+00	0.985006E+01	0.121885E+00
0.0809645E+00	0.992802E+01	0.120263E+00
0.0811962E+00	0.968622E+01	0.121637E+00
0.0814279E+00	0.974029E+01	0.120476E+00
0.0816596E+00	0.944326E+01	0.120407E+00
0.0818913E+00	0.947715E+01	0.120867E+00
0.0821230E+00	0.954169E+01	0.119274E+00
0.0823547E+00	0.943279E+01	0.119567E+00
0.0825864E+00	0.950791E+01	0.118706E+00
0.0828181E+00	0.937203E+01	0.119368E+00
0.0830498E+00	0.903669E+01	0.119350E+00
0.0832815E+00	0.926826E+01	0.118584E+00
0.0835132E+00	0.938703E+01	0.119039E+00
0.0837449E+00	0.908907E+01	0.117687E+00
0.0839766E+00	0.923744E+01	0.118568E+00
0.0842083E+00	0.897895E+01	0.117683E+00
0.0844400E+00	0.882140E+01	0.117599E+00
0.0846717E+00	0.888512E+01	0.117728E+00
0.0849034E+00	0.900576E+01	0.117390E+00
0.0851351E+00	0.910087E+01	0.117556E+00
0.0853668E+00	0.877913E+01	0.116364E+00
0.0855985E+00	0.870122E+01	0.116942E+00
0.0858302E+00	0.851535E+01	0.116743E+00
0.0860619E+00	0.882390E+01	0.116334E+00
0.0862936E+00	0.880924E+01	0.116180E+00
0.0865253E+00	0.865948E+01	0.115316E+00
0.0867570E+00	0.879413E+01	0.116200E+00
0.0869887E+00	0.854390E+01	0.116094E+00
0.0872204E+00	0.854203E+01	0.114968E+00
0.0874521E+00	0.874000E+01	0.115358E+00
0.0876838E+00	0.855669E+01	0.114828E+00
0.0879155E+00	0.850250E+01	0.115374E+00
0.0881472E+00	0.835488E+01	0.114627E+00
0.0883789E+00	0.848302E+01	0.114842E+00
0.0886106E+00	0.857622E+01	0.114887E+00
0.0888423E+00	0.840221E+01	0.114599E+00
0.0890740E+00	0.820320E+01	0.114897E+00
0.0893057E+00	0.832884E+01	0.113294E+00
0.0895375E+00	0.795041E+01	0.114152E+00
0.0897692E+00	0.796279E+01	0.113269E+00
0.0900009E+00	0.801494E+01	0.113494E+00
0.0902326E+00	0.798837E+01	0.113311E+00
0.0904643E+00	0.796180E+01	0.112748E+00
0.0906960E+00	0.815779E+01	0.113625E+00
0.0909277E+00	0.812645E+01	0.112771E+00
0.0911594E+00	0.764517E+01	0.112631E+00
0.0913911E+00	0.808750E+01	0.112904E+00
0.0916228E+00	0.803430E+01	0.111905E+00
0.0918545E+00	0.789343E+01	0.113214E+00
0.0920862E+00	0.785238E+01	0.111340E+00
0.0923179E+00	0.792459E+01	0.111886E+00
0.0925496E+00	0.777674E+01	0.111700E+00
0.0927813E+00	0.783581E+01	0.111539E+00
0.0930130E+00	0.760221E+01	0.112269E+00
0.0932447E+00	0.753785E+01	0.110007E+00
0.0934764E+00	0.762913E+01	0.111331E+00
0.0937081E+00	0.758547E+01	0.110942E+00
0.0939398E+00	0.776140E+01	0.110312E+00
0.0941715E+00	0.765180E+01	0.110705E+00
0.0944032E+00	0.771628E+01	0.109942E+00
0.0946349E+00	0.750058E+01	0.110928E+00
0.0948666E+00	0.748012E+01	0.109774E+00
0.0950983E+00	0.736267E+01	0.109502E+00
0.0953300E+00	0.742035E+01	0.109605E+00
0.0955617E+00	0.721948E+01	0.109072E+00
0.0957934E+00	0.701791E+01	0.110359E+00
0.0960251E+00	0.710866E+01	0.108544E+00
0.0962568E+00	0.709483E+01	0.109200E+00
0.0964885E+00	0.719256E+01	0.108784E+00
0.0967202E+00	0.708145E+01	0.108368E+00
0.0969519E+00	0.710122E+01	0.109384E+00
0.0971836E+00	0.732128E+01	0.108123E+00
0.0974153E+00	0.701959E+01	0.108239E+00
0.0976470E+00	0.702576E+01	0.107986E+00
0.0978787E+00	0.716000E+01	0.108303E+00
0.0981104E+00	0.702448E+01	0.107963E+00
0.0983421E+00	0.678006E+01	0.107743E+00
0.0985738E+00	0.673198E+01	0.108139E+00
0.0988055E+00	0.675285E+01	0.107440E+00
0.0990372E+00	0.664785E+01	0.107329E+00
0.0992689E+00	0.669808E+01	0.107047E+00
0.0995006E+00	0.686913E+01	0.106830E+00
0.0997323E+00	0.686884E+01	0.107725E+00
0.0999640E+00	0.681047E+01	0.106575E+00
0.0100196E+01	0.670750E+01	0.107278E+00
0.0100427E+01	0.674767E+01	0.106518E+00
0.0100659E+01	0.669663E+01	0.106984E+00
0.0100891E+01	0.645651E+01	0.106640E+00
0.0101123E+01	0.656442E+01	0.105651E+00
0.0101354E+01	0.661733E+01	0.106708E+00
0.0101586E+01	0.645924E+01	0.105427E+00
0.0101818E+01	0.663930E+01	0.106307E+00
0.0102049E+01	0.644907E+01	0.105884E+00
0.0102281E+01	0.650808E+01	0.105034E+00
0.0102513E+01	0.637721E+01	0.106233E+00
0.0102744E+01	0.650023E+01	0.104948E+00
0.0102976E+01	0.645215E+01	0.105503E+00
0.0103208E+01	0.644721E+01	0.105345E+00
0.0103440E+01	0.645349E+01	0.104595E+00
0.0103671E+01	0.630064E+01	0.105347E+00
0.0103903E+01	0.652017E+01	0.104071E+00
0.0104135E+01	0.639529E+01	0.105043E+00
0.0104366E+01	0.643250E+01	0.104133E+00
0.0104598E+01	0.626738E+01	0.104627E+00
0.0104830E+01	0.622541E+01	0.104619E+00
0.0105061E+01	0.615924E+01	0.103083E+00
0.0105293E+01	0.616767E+01	0.104400E+00
0.0105525E+01	0.605093E+01	0.103321E+00
0.0105757E+01	0.604785E+01	0.104345E+00
0.0105988E+01	0.593570E+01	0.103727E+00
0.0106220E+01	0.611198E+01	0.103189E+00
0.0106452E+01	0.605645E+01	0.103899E+00
0.0106683E+01	0.622703E+01	0.102599E+00
0.0106915E+01	0.621558E+01	0.103389E+00
0.0107147E+01	0.616983E+01	0.102850E+00
0.0107379E+01	0.605081E+01	0.102844E+00
0.0107610E+01	0.596924E+01	0.103280E+00
0.0107842E+01	0.607965E+01	0.102311E+00
0.0108074E+01	0.617483E+01	0.102639E+00
0.0108305E+01	0.607552E+01	0.101882E+00
0.0108537E+01	0.595023E+01	0.102229E+00
0.0108769E+01	0.574215E+01	0.102525E+00
0.0109000E+01	0.562535E+01	0.101563E+00
0.0109232E+01	0.570709E+01	0.102693E+00
0.0109464E+01	0.564953E+01	0.101526E+00
0.0109696E+01	0.572424E+01	0.101882E+00
0.0109927E+01	0.568779E+01	0.101649E+00
0.0110159E+01	0.559744E+01	0.101464E+00
0.0110391E+01	0.560907E+01	0.102041E+00
0.0110622E+01	0.557988E+01	0.100994E+00
0.0110854E+01	0.574587E+01	0.101158E+00
0.0111086E+01	0.574169E+01	0.100664E+00
0.0111317E+01	0.555453E+01	0.100681E+00
0.0111549E+01	0.568703E+01	0.101214E+00
0.0111781E+01	0.550006E+01	0.100464E+00
0.0112013E+01	0.537430E+01	0.101180E+00
0.0112244E+01	0.545837E+01	0.996743E-01
0.0112476E+01	0.549692E+01	0.100781E+00
0.0112708E+01	0.530064E+01	0.100017E+00
0.0112939E+01	0.542808E+01	0.100086E+00
0.0113171E+01	0.524558E+01	0.100357E+00
0.0113403E+01	0.536256E+01	0.997769E-01
0.0113634E+01	0.544837E+01	0.100038E+00
0.0113866E+01	0.535913E+01	0.990106E-01
0.0114098E+01	0.529872E+01	0.999142E-01
0.0114330E+01	0.513273E+01	0.994482E-01
0.0114561E+01	0.522012E+01	0.990441E-01
0.0114793E+01	0.527698E+01	0.996215E-01
0.0115025E+01	0.529512E+01	0.984899E-01
0.0115256E+01	0.534000E+01	0.991337E-01
0.0115488E+01	0.520413E+01	0.990739E-01
0.0115720E+01	0.529064E+01	0.983526E-01
0.0115951E+01	0.505297E+01	0.989847E-01
0.0116183E+01	0.517913E+01	0.979216E-01
0.0116415E+01	0.512919E+01	0.991743E-01
0.0116647E+01	0.513605E+01	0.978965E-01
0.0116878E+01	0.516262E+01	0.980386E-01
0.0117110E+01	0.522686E+01	0.987660E-01
0.0117342E+01	0.501581E+01	0.974731E-01
0.0117573E+01	0.500047E+01	0.987084E-01
0.0117805E+01	0.511302E+01	0.970904E-01
0.0118037E+01	0.501826E+01	0.977283E-01
0.0118269E+01	0.498878E+01	0.977717E-01
0.0118500E+01	0.489767E+01	0.973461E-01
0.0118732E+01	0.490064E+01	0.980875E-01
0.0118964E+01	0.488488E+01	0.968315E-01
0.0119195E+01	0.504209E+01	0.975787E-01
0.0119427E+01	0.503948E+01	0.975787E-01
0.0119659E+01	0.488564E+01	0.967908E-01
0.0119890E+01	0.483913E+01	0.970792E-01
0.0120122E+01	0.485221E+01	0.966743E-01
0.0120354E+01	0.482169E+01	0.972757E-01
0.0120586E+01	0.487215E+01	0.966247E-01
0.0120817E+01	0.472314E+01	0.968518E-01
0.0121049E+01	0.485640E+01	0.975083E-01
0.0121281E+01	0.478477E+01	0.971208E-01
0.0121512E+01	0.476744E+01	0.974700E-01
0.0121744E+01	0.475773E+01	0.967738E-01
0.0121976E+01	0.489494E+01	0.977004E-01
0.0122207E+01	0.464029E+01	0.974625E-01
0.0122439E+01	0.453384E+01	0.971933E-01
0.0122671E+01	0.465994E+01	0.975717E-01
0.0122903E+01	0.465355E+01	0.967403E-01
0.0123134E+01	0.451047E+01	0.975251E-01
0.0123366E+01	0.465087E+01	0.973181E-01
0.0123598E+01	0.470750E+01	0.972270E-01
0.0123829E+01	0.464895E+01	0.971186E-01
0.0124061E+01	0.457047E+01	0.969759E-01
0.0124293E+01	0.443622E+01	0.982970E-01
0.0124524E+01	0.451366E+01	0.969544E-01
0.0124756E+01	0.460872E+01	0.972029E-01
0.0124988E+01	0.460907E+01	0.975618E-01
0.0125220E+01	0.456273E+01	0.972398E-01
0.0125451E+01	0.458256E+01	0.975155E-01
0.0125683E+01	0.451930E+01	0.969070E-01
0.0125915E+01	0.453849E+01	0.977822E-01
0.0126146E+01	0.438128E+01	0.978529E-01
0.0126378E+01	0.442552E+01	0.975760E-01
0.0126610E+01	0.447297E+01	0.975280E-01
0.0126841E+01	0.441797E+01	0.967147E-01
0.0127073E+01	0.426791E+01	0.981749E-01
0.0127305E+01	0.434959E+01	0.971360E-01
0.0127537E+01	0.421517E+01	0.972176E-01
0.0127768E+01	0.410076E+01	0.975926E-01
0.0128000E+01	0.415174E+01	0.970350E-01
0.0128232E+01	0.433831E+01	0.983566E-01
0.0128463E+01	0.417250E+01	0.969880E-01
0.0128695E+01	0.422663E+01	0.972795E-01
0.0128927E+01	0.436058E+01	0.974519E-01
0.0129159E+01	0.419744E+01	0.971505E-01
0.0129390E+01	0.431506E+01	0.975447E-01
0.0129622E+01	0.425279E+01	0.964453E-01
0.0129854E+01	0.429762E+01	0.977133E-01
0.0130085E+01	0.422674E+01	0.968240E-01
0.0130317E+01	0.419256E+01	0.972475E-01
0.0130549E+01	0.412297E+01	0.972186E-01
0.0130780E+01	0.421686E+01	0.970084E-01
0.0131012E+01	0.403297E+01	0.976979E-01
0.0131244E+01	0.416767E+01	0.971980E-01
0.0131476E+01	0.415983E+01	0.972423E-01
0.0131707E+01	0.413686E+01	0.970668E-01
0.0131939E+01	0.428291E+01	0.972264E-01
0.0132171E+01	0.413407E+01	0.978142E-01
0.0132402E+01	0.431308E+01	0.961892E-01
0.0132634E+01	0.416151E+01	0.974244E-01
0.0132866E+01	0.416686E+01	0.972505E-01
0.0133097E+01	0.404244E+01	0.973804E-01
0.0133329E+01	0.406047E+01	0.969974E-01
0.0133561E+01	0.394256E+01	0.964515E-01
0.0133793E+01	0.392372E+01	0.972555E-01
0.0134024E+01	0.411436E+01	0.967681E-01
0.0134256E+01	0.412808E+01	0.969395E-01
0.0134488E+01	0.394448E+01	0.967911E-01
0.0134719E+01	0.390238E+01	0.963382E-01
0.0134951E+01	0.409663E+01	0.973561E-01
0.0135183E+01	0.390459E+01	0.967613E-01
0.0135414E+01	0.387378E+01	0.971155E-01
0.0135646E+01	0.398512E+01	0.966793E-01
0.0135878E+01	0.398238E+01	0.964866E-01
0.0136110E+01	0.385198E+01	0.975217E-01
0.0136341E+01	0.395895E+01	0.959928E-01
0.0136573E+01	0.366651E+01	0.967970E-01
0.0136805E+01	0.379273E+01	0.963897E-01
0.0137036E+01	0.398372E+01	0.971971E-01
0.0137268E+01	0.388424E+01	0.962892E-01
0.0137500E+01	0.388884E+01	0.961699E-01
0.0137731E+01	0.372238E+01	0.970093E-01
0.0137963E+01	0.381517E+01	0.960311E-01
0.0138195E+01	0.371860E+01	0.963577E-01
0.0138427E+01	0.379779E+01	0.960837E-01
0.0138658E+01	0.366983E+01	0.958612E-01
0.0138890E+01	0.364547E+01	0.967812E-01
0.0139122E+01	0.364657E+01	0.956286E-01
0.0139353E+01	0.354610E+01	0.966760E-01
0.0139585E+01	0.351843E+01	0.956175E-01
0.0139817E+01	0.346436E+01	0.961550E-01
0.0140049E+01	0.368814E+01	0.969169E-01
0.0140280E+01	0.386523E+01	0.954475E-01
0.0140512E+01	0.380279E+01	0.965362E-01
0.0140744E+01	0.377802E+01	0.956466E-01
0.0140975E+01	0.389965E+01	0.963188E-01
0.0141207E+01	0.367134E+01	0.960545E-01
0.0141439E+01	0.359291E+01	0.953483E-01
0.0141670E+01	0.358924E+01	0.965264E-01
0.0141902E+01	0.355715E+01	0.955876E-01
0.0142134E+01	0.366605E+01	0.960432E-01
0.0142366E+01	0.382203E+01	0.956577E-01
0.0142597E+01	0.371105E+01	0.952754E-01
0.0142829E+01	0.366087E+01	0.964644E-01
0.0143061E+01	0.344936E+01	0.954849E-01
0.0143292E+01	0.348430E+01	0.959397E-01
0.0143524E+01	0.347459E+01	0.954802E-01
0.0143756E+01	0.355424E+01	0.955702E-01
0.0143987E+01	0.364209E+01	0.957897E-01
0.0144219E+01	0.345134E+01	0.951903E-01
0.0144451E+01	0.333843E+01	0.954604E-01
0.0144683E+01	0.343663E+01	0.956786E-01
0.0144914E+01	0.350977E+01	0.962247E-01
0.0145146E+01	0.355291E+01	0.956238E-01
0.0145378E+01	0.339494E+01	0.950818E-01
0.0145609E+01	0.347767E+01	0.957711E-01
0.0145841E+01	0.356215E+01	0.949053E-01
0.0146073E+01	0.360052E+01	0.953567E-01
0.0146304E+01	0.355163E+01	0.950009E-01
0.0146536E+01	0.353238E+01	0.951373E-01
0.0146768E+01	0.351273E+01	0.953494E-01
0.0147000E+01	0.350483E+01	0.953609E-01
0.0147231E+01	0.361814E+01	0.953237E-01
0.0147463E+01	0.359413E+01	0.944703E-01
0.0147695E+01	0.341209E+01	0.955649E-01
0.0147926E+01	0.329087E+01	0.949906E-01
0.0148158E+01	0.343017E+01	0.945153E-01
0.0148390E+01	0.341517E+01	0.951053E-01
0.0148621E+01	0.346390E+01	0.948565E-01
0.0148853E+01	0.338442E+01	0.952749E-01
0.0149085E+01	0.336041E+01	0.946939E-01
0.0149317E+01	0.336628E+01	0.947749E-01
0.0149548E+01	0.318134E+01	0.952985E-01
0.0149780E+01	0.316733E+01	0.940823E-01
0.0150012E+01	0.331221E+01	0.951069E-01
0.0150243E+01	0.325297E+01	0.944181E-01
0.0150475E+01	0.313599E+01	0.947249E-01
0.0150707E+01	0.321134E+01	0.951154E-01
0.0150939E+01	0.318657E+01	0.942476E-01
0.0151170E+01	0.331238E+01	0.949529E-01
0.0151402E+01	0.322349E+01	0.941694E-01
0.0151634E+01	0.318645E+01	0.948603E-01
0.0151865E+01	0.297023E+01	0.948577E-01
0.0152097E+01	0.328209E+01	0.937329E-01
0.0152329E+01	0.322215E+01	0.948556E-01
0.0152560E+01	0.339715E+01	0.936322E-01
0.0152792E+01	0.344221E+01	0.953794E-01
0.0153024E+01	0.341924E+01	0.936885E-01
0.0153256E+01	0.327901E+01	0.943684E-01
0.0153487E+01	0.342965E+01	0.944965E-01
0.0153719E+01	0.330703E+01	0.937442E-01
0.0153951E+01	0.328070E+01	0.942072E-01
0.0154182E+01	0.336599E+01	0.935555E-01
0.0154414E+01	0.323878E+01	0.945221E-01
0.0154646E+01	0.314942E+01	0.941578E-01
0.0154877E+01	0.313901E+01	0.939281E-01
0.0155109E+01	0.310163E+01	0.940203E-01
0.0155341E+01	0.309099E+01	0.933944E-01
0.0155573E+01	0.327645E+01	0.942479E-01
0.0155804E+01	0.303570E+01	0.936813E-01
0.0156036E+01	0.296837E+01	0.937148E-01
0.0156268E+01	0.295395E+01	0.936744E-01
0.0156499E+01	0.277058E+01	0.937896E-01
0.0156731E+01	0.312221E+01	0.942284E-01
0.0156963E+01	0.307506E+01	0.929921E-01
0.0157194E+01	0.304087E+01	0.936907E-01
0.0157426E+01	0.313331E+01	0.937338E-01
0.0157658E+01	0.315349E+01	0.935415E-01
0.0157890E+01	0.297384E+01	0.935563E-01
0.0158121E+01	0.291314E+01	0.928806E-01
0.0158353E+01	0.286029E+01	0.939185E-01
0.0158585E+01	0.301773E+01	0.940102E-01
0.0158816E+01	0.308674E+01	0.929148E-01
0.0159048E+01	0.310965E+01	0.936653E-01
0.0159280E+01	0.313872E+01	0.927590E-01
0.0159511E+01	0.302547E+01	0.938362E-01
0.0159743E+01	0.317634E+01	0.928576E-01
0.0159975E+01	0.315616E+01	0.928926E-01
0.0160207E+01	0.304209E+01	0.932373E-01
0.0160438E+01	0.295599E+01	0.929075E-01
0.0160670E+01	0.289424E+01	0.936766E-01
0.0160902E+01	0.298826E+01	0.923740E-01
0.0161133E+01	0.292169E+01	0.928967E-01
0.0161365E+01	0.289087E+01	0.935425E-01
0.0161597E+01	0.296221E+01	0.929715E-01
0.0161829E+01	0.293878E+01	0.933175E-01
0.0162060E+01	0.302663E+01	0.917339E-01
0.0162292E+01	0.296041E+01	0.932283E-01
0.0162524E+01	0.300407E+01	0.930784E-01
0.0162755E+01	0.295733E+01	0.926640E-01
0.0162987E+01	0.279070E+01	0.925580E-01
0.0163219E+01	0.277610E+01	0.918214E-01
0.0163450E+01	0.289860E+01	0.933309E-01
0.0163682E+01	0.285820E+01	0.918102E-01
0.0163914E+01	0.286512E+01	0.923069E-01
0.0164146E+01	0.294692E+01	0.924269E-01
0.0164377E+01	0.289767E+01	0.923121E-01
0.0164609E+01	0.288041E+01	0.929612E-01
0.0164841E+01	0.280820E+01	0.916059E-01
0.0165072E+01	0.290308E+01	0.925688E-01
0.0165304E+01	0.282610E+01	0.924803E-01
0.0165536E+01	0.287901E+01	0.922034E-01
0.0165767E+01	0.279686E+01	0.919962E-01
0.0165999E+01	0.280047E+01	0.915683E-01
0.0166231E+01	0.279767E+01	0.924233E-01
0.0166463E+01	0.289977E+01	0.920245E-01
0.0166694E+01	0.306331E+01	0.916570E-01
0.0166926E+01	0.303512E+01	0.917821E-01
0.0167158E+01	0.308308E+01	0.918118E-01
0.0167389E+01	0.294029E+01	0.923079E-01
0.0167621E+01	0.279814E+01	0.920680E-01
0.0167853E+01	0.276291E+01	0.912544E-01
0.0168084E+01	0.296884E+01	0.921246E-01
0.0168316E+01	0.290907E+01	0.917485E-01
0.0168548E+01	0.291698E+01	0.923480E-01
0.0168780E+01	0.280942E+01	0.912903E-01
0.0169011E+01	0.283610E+01	0.915661E-01
0.0169243E+01	0.269238E+01	0.918475E-01
0.0169475E+01	0.272384E+01	0.919163E-01
0.0169706E+01	0.260494E+01	0.915839E-01
0.0169938E+01	0.275151E+01	0.914265E-01
0.0170170E+01	0.277093E+01	0.916122E-01
0.0170401E+01	0.259890E+01	0.914931E-01
0.0170633E+01	0.257552E+01	0.913314E-01
0.0170865E+01	0.271936E+01	0.911114E-01
0.0171097E+01	0.279663E+01	0.912945E-01
0.0171328E+01	0.299605E+01	0.918247E-01
0.0171560E+01	0.275959E+01	0.910057E-01
0.0171792E+01	0.288099E+01	0.910706E-01
0.0172023E+01	0.280070E+01	0.911899E-01
0.0172255E+01	0.264140E+01	0.912908E-01
0.0172487E+01	0.270930E+01	0.913347E-01
0.0172719E+01	0.253715E+01	0.902386E-01
0.0172950E+01	0.267174E+01	0.910974E-01
0.0173182E+01	0.272610E+01	0.908756E-01
0.0173414E+01	0.273273E+01	0.915421E-01
0.0173645E+01	0.260326E+01	0.912717E-01
0.0173877E+01	0.277244E+01	0.902227E-01
0.0174109E+01	0.279593E+01	0.913280E-01
0.0174340E+01	0.273337E+01	0.908897E-01
0.0174572E+01	0.261105E+01	0.907915E-01
0.0174804E+01	0.255762E+01	0.907095E-01
0.0175036E+01	0.247267E+01	0.902122E-01
0.0175267E+01	0.250262E+01	0.912456E-01
0.0175499E+01	0.269872E+01	0.903260E-01
0.0175731E+01	0.283017E+01	0.905134E-01
0.0175962E+01	0.264884E+01	0.904729E-01
0.0176194E+01	0.265564E+01	0.905222E-01
0.0176426E+01	0.260564E+01	0.909867E-01
0.0176657E+01	0.275110E+01	0.895554E-01
0.0176889E+01	0.277529E+01	0.905343E-01
0.0177121E+01	0.258215E+01	0.904664E-01
0.0177353E+01	0.277709E+01	0.906027E-01
0.0177584E+01	0.258849E+01	0.907291E-01
0.0177816E+01	0.265169E+01	0.900634E-01
0.0178048E+01	0.282924E+01	0.906725E-01
0.0178279E+01	0.275878E+01	0.904503E-01
0.0178511E+01	0.260349E+01	0.902524E-01
0.0178743E+01	0.274837E+01	0.899624E-01
0.0178974E+01	0.283576E+01	0.899145E-01
0.0179206E+01	0.248512E+01	0.910537E-01
0.0179438E+01	0.249860E+01	0.897431E-01
0.0179670E+01	0.253860E+01	0.899682E-01
0.0179901E+01	0.250698E+01	0.900164E-01
0.0180133E+01	0.262593E+01	0.900065E-01
0.0180365E+01	0.275413E+01	0.906926E-01
0.0180596E+01	0.266517E+01	0.896143E-01
0.0180828E+01	0.256326E+01	0.901673E-01
0.0181060E+01	0.240965E+01	0.899963E-01
0.0181291E+01	0.244221E+01	0.901011E-01
0.0181523E+01	0.236081E+01	0.898869E-01
0.0181755E+01	0.237256E+01	0.893567E-01
0.0181987E+01	0.233390E+01	0.902682E-01
0.0182218E+01	0.242552E+01	0.895785E-01
0.0182450E+01	0.262326E+01	0.897297E-01
0.0182682E+01	0.249302E+01	0.892481E-01
0.0182913E+01	0.255971E+01	0.898036E-01
0.0183145E+01	0.248872E+01	0.903207E-01
0.0183377E+01	0.238948E+01	0.894137E-01
0.0183609E+01	0.242674E+01	0.897219E-01
0.0183840E+01	0.224814E+01	0.891764E-01
0.0184072E+01	0.235541E+01	0.898813E-01
0.0184304E+01	0.245058E+01	0.899948E-01
0.0184535E+01	0.267866E+01	0.890157E-01
0.0184767E+01	0.257076E+01	0.901038E-01
0.0184999E+01	0.234628E+01	0.893625E-01
0.0185230E+01	0.231349E+01	0.895184E-01
0.0185462E+01	0.226506E+01	0.893316E-01
0.0185694E+01	0.254587E+01	0.891522E-01
0.0185926E+01	0.257599E+01	0.897883E-01
0.0186157E+01	0.247959E+01	0.891670E-01
0.0186389E+01	0.245145E+01	0.892430E-01
0.0186621E+01	0.238256E+01	0.891039E-01
0.0186852E+01	0.238721E+01	0.892783E-01
0.0187084E+01	0.236721E+01	0.898438E-01
0.0187316E+01	0.243320E+01	0.884855E-01
0.0187547E+01	0.239715E+01	0.895086E-01
0.0187779E+01	0.244430E+01	0.891237E-01
0.0188011E+01	0.238523E+01	0.894182E-01
0.0188243E+01	0.233733E+01	0.891247E-01
0.0188474E+01	0.246837E+01	0.886554E-01
0.0188706E+01	0.247099E+01	0.894242E-01
0.0188938E+01	0.232744E+01	0.890598E-01
0.0189169E+01	0.245355E+01	0.893008E-01
0.0189401E+01	0.242116E+01	0.887066E-01
0.0189633E+01	0.238721E+01	0.887371E-01
0.0189864E+01	0.230343E+01	0.892579E-01
0.0190096E+01	0.232227E+01	0.891295E-01
0.0190328E+01	0.231436E+01	0.887693E-01
0.0190560E+01	0.218291E+01	0.885129E-01
0.0190791E+01	0.228884E+01	0.888016E-01
0.0191023E+01	0.235977E+01	0.894039E-01
0.0191255E+01	0.220267E+01	0.881461E-01
0.0191486E+01	0.230750E+01	0.889009E-01
0.0191718E+01	0.216564E+01	0.888263E-01
0.0191950E+01	0.212000E+01	0.888225E-01
0.0192181E+01	0.230017E+01	0.889462E-01
0.0192413E+01	0.224977E+01	0.884219E-01
0.0192645E+01	0.238744E+01	0.887673E-01
0.0192877E+01	0.243733E+01	0.887445E-01
0.0193108E+01	0.234459E+01	0.882878E-01
0.0193340E+01	0.236058E+01	0.883393E-01
0.0193572E+01	0.232238E+01	0.881881E-01
0.0193803E+01	0.233017E+01	0.885912E-01
0.0194035E+01	0.223058E+01	0.883872E-01
0.0194267E+01	0.231529E+01	0.884108E-01
0.0194499E+01	0.253523E+01	0.884364E-01
0.0194730E+01	0.244529E+01	0.888149E-01