0.0340534	1.58388E-02	8.84799E-05
0.0342802	1.61028E-02	8.75214E-05
0.0345069	1.58861E-02	8.69843E-05
0.0347336	1.58894E-02	8.70241E-05
0.0349603	1.58720E-02	8.61399E-05
0.035187	1.56833E-02	8.61269E-05
0.0354137	1.56493E-02	8.57314E-05
0.0356405	1.55398E-02	8.63462E-05
0.0358672	1.55681E-02	8.47563E-05
0.0360939	1.53196E-02	8.36067E-05
0.0363206	1.53924E-02	8.38263E-05
0.0365473	1.52995E-02	8.45692E-05
0.036774	1.52659E-02	8.45073E-05
0.0370008	1.51243E-02	8.29770E-05
0.0372275	1.49724E-02	8.37686E-05
0.0374542	1.49856E-02	8.21066E-05
0.0376809	1.48836E-02	8.21496E-05
0.0379076	1.49673E-02	8.14371E-05
0.0381344	1.47447E-02	8.12569E-05
0.0383611	1.49656E-02	8.13249E-05
0.0385878	1.46595E-02	8.14156E-05
0.0388145	1.47954E-02	8.17221E-05
0.0390412	1.45397E-02	7.98576E-05
0.0392679	1.45183E-02	7.86493E-05
0.0394947	1.44652E-02	7.94388E-05
0.0397214	1.42292E-02	7.95278E-05
0.0399481	1.43882E-02	7.99388E-05
0.0401748	1.42381E-02	7.81629E-05
0.0404015	1.42568E-02	7.88285E-05
0.0406282	1.40799E-02	7.89077E-05
0.040855	1.39975E-02	7.87716E-05
0.0410817	1.42009E-02	7.67562E-05
0.0413084	1.39119E-02	7.64403E-05
0.0415351	1.37218E-02	7.67939E-05
0.0417618	1.37869E-02	7.67540E-05
0.0419885	1.36439E-02	7.69709E-05
0.0422153	1.35917E-02	7.61739E-05
0.042442	1.36178E-02	7.55318E-05
0.0426687	1.33769E-02	7.52933E-05
0.0428954	1.34428E-02	7.58292E-05
0.0431221	1.34316E-02	7.50640E-05
0.0433489	1.31700E-02	7.45276E-05
0.0435756	1.32191E-02	7.48893E-05
0.0438023	1.32079E-02	7.54445E-05
0.044029	1.31653E-02	7.35174E-05
0.0442557	1.31062E-02	7.38756E-05
0.0444824	1.30071E-02	7.30413E-05
0.0447092	1.28876E-02	7.27091E-05
0.0449359	1.30293E-02	7.38171E-05
0.0451626	1.28618E-02	7.25914E-05
0.0453893	1.27604E-02	7.22298E-05
0.045616	1.24968E-02	7.23708E-05
0.0458427	1.25923E-02	7.19254E-05
0.0460695	1.26289E-02	7.21274E-05
0.0462962	1.26019E-02	7.17095E-05
0.0465229	1.24954E-02	7.05087E-05
0.0467496	1.24833E-02	7.17836E-05
0.0469763	1.23109E-02	7.16377E-05
0.0472031	1.22772E-02	7.11725E-05
0.0474298	1.21608E-02	6.97940E-05
0.0476565	1.22270E-02	7.01282E-05
0.0478832	1.21296E-02	6.98285E-05
0.0481099	1.21228E-02	6.96895E-05
0.0483366	1.20474E-02	6.96509E-05
0.0485634	1.19090E-02	6.90919E-05
0.0487901	1.18537E-02	6.97484E-05
0.0490168	1.17897E-02	6.93612E-05
0.0492435	1.17688E-02	6.80225E-05
0.0494702	1.16901E-02	6.91000E-05
0.0496969	1.15567E-02	6.75961E-05
0.0499237	1.16246E-02	6.83598E-05
0.0501504	1.15503E-02	6.84184E-05
0.0503771	1.14713E-02	6.83445E-05
0.0506038	1.15064E-02	6.70528E-05
0.0508305	1.13315E-02	6.67395E-05
0.0510573	1.12651E-02	6.76561E-05
0.051284	1.13452E-02	6.60501E-05
0.0515107	1.12240E-02	6.66030E-05
0.0517374	1.11711E-02	6.68615E-05
0.0519641	1.10421E-02	6.67604E-05
0.0521908	1.09245E-02	6.64785E-05
0.0524176	1.10589E-02	6.53168E-05
0.0526443	1.10136E-02	6.60432E-05
0.052871	1.08992E-02	6.54454E-05
0.0530977	1.07068E-02	6.58308E-05
0.0533244	1.08221E-02	6.52665E-05
0.0535511	1.06652E-02	6.53868E-05
0.0537779	1.07962E-02	6.47758E-05
0.0540046	1.07206E-02	6.43953E-05
0.0542313	1.05632E-02	6.46663E-05
0.054458	1.05806E-02	6.37268E-05
0.0546847	1.04701E-02	6.38516E-05
0.0549115	1.03810E-02	6.39939E-05
0.0551382	1.03786E-02	6.42724E-05
0.0553649	1.01693E-02	6.42111E-05
0.0555916	1.01215E-02	6.32566E-05
0.0558183	1.02600E-02	6.29181E-05
0.056045	1.02351E-02	6.28929E-05
0.0562718	9.98027E-03	6.28768E-05
0.0564985	1.01008E-02	6.28778E-05
0.0567252	9.87516E-03	6.23188E-05
0.0569519	9.97964E-03	6.27280E-05
0.0571786	9.91124E-03	6.27643E-05
0.0574053	9.91632E-03	6.21485E-05
0.0576321	9.62523E-03	6.14224E-05
0.0578588	9.75946E-03	6.14518E-05
0.0580855	9.61767E-03	6.13684E-05
0.0583122	9.58418E-03	6.20731E-05
0.0585389	9.51644E-03	6.10578E-05
0.0587656	9.69371E-03	6.14718E-05
0.0589924	9.55851E-03	6.11585E-05
0.0592191	9.36744E-03	6.08751E-05
0.0594458	9.39507E-03	6.08160E-05
0.0596725	9.36116E-03	6.03319E-05
0.0598992	9.29898E-03	6.04272E-05
0.060126	9.30642E-03	6.01714E-05
0.0603527	9.11555E-03	6.13992E-05
0.0605794	9.15171E-03	6.01565E-05
0.0608061	9.01835E-03	6.05207E-05
0.0610328	9.04489E-03	6.04450E-05
0.0612595	8.98430E-03	6.08625E-05
0.0614863	8.90060E-03	6.08675E-05
0.061713	8.95807E-03	6.02320E-05
0.0619397	8.74733E-03	6.06674E-05
0.0621664	8.90982E-03	5.97395E-05
0.0623931	8.86868E-03	5.97240E-05
0.0626198	8.78015E-03	5.88816E-05
0.0628466	8.79985E-03	5.89982E-05
0.0630733	8.62877E-03	5.85477E-05
0.0633	8.65460E-03	5.92310E-05
0.0635267	8.46689E-03	5.93473E-05
0.0637534	8.56781E-03	5.91345E-05
0.0639802	8.51422E-03	5.83550E-05
0.0642069	8.54398E-03	5.87623E-05
0.0644336	8.47565E-03	5.83762E-05
0.0646603	8.42340E-03	5.83469E-05
0.064887	8.34226E-03	5.81918E-05
0.0651137	8.20996E-03	5.77204E-05
0.0653405	8.16925E-03	5.85812E-05
0.0655672	8.17120E-03	5.75792E-05
0.0657939	8.18869E-03	5.72499E-05
0.0660206	8.08952E-03	5.70830E-05
0.0662473	7.95346E-03	5.67981E-05
0.066474	7.96831E-03	5.75968E-05
0.0667008	8.04506E-03	5.69614E-05
0.0669275	7.88510E-03	5.73482E-05
0.0671542	7.73046E-03	5.56930E-05
0.0673809	7.88607E-03	5.69038E-05
0.0676076	7.85071E-03	5.67439E-05
0.0678344	7.91348E-03	5.72226E-05
0.0680611	7.78608E-03	5.83953E-05
0.0682878	7.70447E-03	5.90693E-05
0.0685145	7.67417E-03	6.00406E-05
0.0687412	7.54811E-03	6.02490E-05
0.0689679	7.57695E-03	6.13759E-05
0.0691947	7.63171E-03	6.10204E-05
0.0694214	7.45803E-03	6.21951E-05
0.0696481	7.48431E-03	6.24610E-05
0.0698748	7.37122E-03	6.24690E-05
0.0701015	7.24562E-03	6.22146E-05
0.0703282	7.33455E-03	6.21072E-05
0.070555	7.35747E-03	6.34588E-05
0.0707817	7.37317E-03	6.31721E-05
0.0710084	7.19931E-03	6.23041E-05
0.0712351	7.13003E-03	6.26423E-05
0.0714618	7.37648E-03	6.39876E-05
0.0716886	7.15931E-03	6.42702E-05
0.0719153	7.33230E-03	6.40577E-05
0.072142	6.99178E-03	6.43445E-05
0.0723687	7.05973E-03	6.12477E-05
0.0725954	6.96061E-03	6.10615E-05
0.0728221	6.93185E-03	6.04271E-05
0.0730489	6.99113E-03	5.94274E-05
0.0732756	6.92606E-03	5.88668E-05
0.0735023	6.91767E-03	5.95451E-05
0.073729	6.75311E-03	5.84736E-05
0.0739557	6.85074E-03	5.75991E-05
0.0741824	6.78200E-03	5.75612E-05
0.0744092	6.81224E-03	5.67958E-05
0.0746359	6.65991E-03	5.72704E-05
0.0748626	6.74746E-03	5.73607E-05
0.0750893	6.73302E-03	5.68896E-05
0.075316	6.74673E-03	5.59797E-05
0.0755427	6.57162E-03	5.58745E-05
0.0757695	6.58893E-03	5.62677E-05
0.0759962	6.46670E-03	5.54080E-05
0.0762229	6.48721E-03	5.56115E-05
0.0764496	6.45529E-03	5.45804E-05
0.0766763	6.42765E-03	5.56584E-05
0.0769031	6.42449E-03	5.53032E-05
0.0771298	6.34358E-03	5.43494E-05
0.0773565	6.30415E-03	5.42922E-05
0.0775832	6.29706E-03	5.43900E-05
0.0778099	6.17869E-03	5.41491E-05
0.0780366	6.25438E-03	5.40572E-05
0.0782634	6.13854E-03	5.41062E-05
0.0784901	6.23495E-03	5.39358E-05
0.0787168	6.30205E-03	5.34803E-05
0.0789435	6.08253E-03	5.34509E-05
0.0791702	6.06050E-03	5.30279E-05
0.0793969	6.11879E-03	5.30483E-05
0.0796237	5.92909E-03	5.26687E-05
0.0798504	5.97278E-03	5.31969E-05
0.0800771	5.94749E-03	5.29466E-05
0.0803038	6.06130E-03	5.25481E-05
0.0805305	5.91826E-03	5.21038E-05
0.0807573	5.84978E-03	5.21412E-05
0.080984	5.91286E-03	5.19875E-05
0.0812107	5.82577E-03	5.21779E-05
0.0814374	5.82374E-03	5.17631E-05
0.0816641	5.77154E-03	5.18361E-05
0.0818908	5.75959E-03	5.22136E-05
0.0821176	5.74081E-03	5.14541E-05
0.0823443	5.63486E-03	5.13330E-05
0.082571	5.65873E-03	5.08860E-05
0.0827977	5.53879E-03	5.11205E-05
0.0830244	5.56058E-03	5.09277E-05
0.0832511	5.69179E-03	5.09395E-05
0.0834779	5.55527E-03	5.11826E-05
0.0837046	5.58606E-03	5.04485E-05
0.0839313	5.54907E-03	5.05717E-05
0.084158	5.46627E-03	5.04156E-05
0.0843847	5.49956E-03	5.03302E-05
0.0846115	5.37797E-03	4.99480E-05
0.0848382	5.38538E-03	5.03005E-05
0.0850649	5.35070E-03	5.03051E-05
0.0852916	5.34050E-03	5.01161E-05
0.0855183	5.33395E-03	4.95635E-05
0.085745	5.37869E-03	4.96393E-05
0.0859718	5.25826E-03	4.93140E-05
0.0861985	5.26744E-03	4.95445E-05
0.0864252	5.22004E-03	4.95132E-05
0.0866519	5.19536E-03	4.93431E-05
0.0868786	5.26412E-03	4.92539E-05
0.0871053	5.21262E-03	4.88769E-05
0.0873321	5.07468E-03	4.91013E-05
0.0875588	5.27485E-03	4.89711E-05
0.0877855	5.03293E-03	4.86002E-05
0.0880122	5.13309E-03	4.90058E-05
0.0882389	5.11539E-03	4.89440E-05
0.0884656	5.05842E-03	4.88250E-05
0.0886924	5.02370E-03	4.80768E-05
0.0889191	4.99302E-03	4.83721E-05
0.0891458	4.93097E-03	4.84406E-05
0.0893725	4.98818E-03	4.81868E-05
0.0895992	5.04191E-03	4.81834E-05
0.089826	4.87008E-03	4.81013E-05
0.0900527	5.02217E-03	4.88019E-05
0.0902794	4.84745E-03	4.79884E-05
0.0905061	4.74764E-03	4.74949E-05
0.0907328	4.78721E-03	4.78164E-05
0.0909595	4.84315E-03	4.79286E-05
0.0911863	4.75896E-03	4.77121E-05
0.091413	4.74875E-03	4.79940E-05
0.0916397	4.78895E-03	4.80913E-05
0.0918664	4.70333E-03	4.73983E-05
0.0920931	4.71085E-03	4.76406E-05
0.0923198	4.65890E-03	4.76157E-05
0.0925466	4.64226E-03	4.74326E-05
0.0927733	4.64818E-03	4.73834E-05
0.093	4.57530E-03	4.74491E-05
0.0932267	4.58663E-03	4.80465E-05
0.0934534	4.60540E-03	4.78594E-05
0.0936802	4.56074E-03	4.73943E-05
0.0939069	4.53173E-03	4.73299E-05
0.0941336	4.45720E-03	4.80469E-05
0.0943603	4.52256E-03	4.76743E-05
0.094587	4.48819E-03	4.76234E-05
0.0948137	4.41415E-03	4.78941E-05
0.0950405	4.49025E-03	4.82778E-05
0.0952672	4.43442E-03	4.76874E-05
0.0954939	4.32531E-03	4.74896E-05
0.0957206	4.30639E-03	4.73915E-05
0.0959473	4.46623E-03	4.77080E-05
0.096174	4.37640E-03	4.75269E-05
0.0964008	4.32510E-03	4.75006E-05
0.0966275	4.25906E-03	4.81785E-05
0.0968542	4.33626E-03	4.71603E-05
0.0970809	4.34417E-03	4.73645E-05
0.0973076	4.25173E-03	4.71410E-05
0.0975344	4.38089E-03	4.74454E-05
0.0977611	4.19244E-03	4.68011E-05
0.0979878	4.29123E-03	4.71115E-05
0.0982145	4.16196E-03	4.69112E-05
0.0984412	4.20170E-03	4.67426E-05
0.0986679	4.16818E-03	4.63636E-05
0.0988947	4.14828E-03	4.57204E-05
0.0991214	4.16721E-03	4.57259E-05
0.0993481	4.08190E-03	4.53393E-05
0.0995748	4.08821E-03	4.51754E-05
0.0998015	4.05788E-03	4.51724E-05
0.100028	4.08423E-03	4.51158E-05
0.100255	4.02434E-03	4.46377E-05
0.100482	4.11226E-03	4.42981E-05
0.100708	4.02053E-03	4.43617E-05
0.100935	4.00377E-03	4.38793E-05
0.101162	3.94320E-03	4.40127E-05
0.101389	3.82382E-03	4.39082E-05
0.101615	3.91301E-03	4.43229E-05
0.101842	3.85803E-03	4.34740E-05
0.102069	3.88532E-03	4.33472E-05
0.102295	3.94699E-03	4.35591E-05
0.102522	3.90376E-03	4.32279E-05
0.102749	3.92229E-03	4.34115E-05
0.102976	3.79735E-03	4.33165E-05
0.103202	3.77475E-03	4.34629E-05
0.103429	3.74181E-03	4.30557E-05
0.103656	3.79551E-03	4.31290E-05
0.103882	3.79440E-03	4.29433E-05
0.104109	3.80738E-03	4.26625E-05
0.104336	3.81935E-03	4.30256E-05
0.104563	3.67649E-03	4.26326E-05
0.104789	3.73089E-03	4.30813E-05
0.105016	3.76896E-03	4.28631E-05
0.105243	3.70846E-03	4.21543E-05
0.105469	3.63587E-03	4.23875E-05
0.105696	3.56403E-03	4.24424E-05
0.105923	3.62690E-03	4.22496E-05
0.10615	3.60899E-03	4.20675E-05
0.106376	3.59042E-03	4.24310E-05
0.106603	3.65073E-03	4.26081E-05
0.10683	3.53452E-03	4.19942E-05
0.107056	3.60481E-03	4.18429E-05
0.107283	3.66194E-03	4.19690E-05
0.10751	3.49861E-03	4.17707E-05
0.107737	3.46879E-03	4.19420E-05
0.107963	3.53478E-03	4.17098E-05
0.10819	3.53256E-03	4.18921E-05
0.108417	3.52684E-03	4.16110E-05
0.108644	3.48647E-03	4.15740E-05
0.10887	3.52681E-03	4.14784E-05
0.109097	3.46842E-03	4.11743E-05
0.109324	3.45189E-03	4.11422E-05
0.10955	3.44659E-03	4.14753E-05
0.109777	3.44907E-03	4.13397E-05
0.110004	3.38824E-03	4.13303E-05
0.110231	3.36302E-03	4.10979E-05
0.110457	3.31857E-03	4.08670E-05
0.110684	3.35028E-03	4.08560E-05
0.110911	3.42428E-03	4.11181E-05
0.111137	3.43760E-03	4.07261E-05
0.111364	3.27627E-03	4.07001E-05
0.111591	3.34936E-03	4.09274E-05
0.111818	3.24298E-03	4.06482E-05
0.112044	3.30900E-03	4.03573E-05
0.112271	3.30242E-03	4.04396E-05
0.112498	3.36200E-03	4.05260E-05
0.112724	3.26841E-03	4.02747E-05
0.112951	3.26705E-03	4.06541E-05
0.113178	3.22004E-03	4.04719E-05
0.113405	3.25883E-03	4.01554E-05
0.113631	3.13401E-03	3.99411E-05
0.113858	3.25205E-03	4.00762E-05
0.114085	3.15473E-03	4.01312E-05
0.114311	3.21968E-03	3.99140E-05
0.114538	3.16769E-03	4.01047E-05
0.114765	3.17311E-03	4.00461E-05
0.114992	3.08989E-03	4.00273E-05
0.115218	3.05679E-03	3.94260E-05
0.115445	3.14833E-03	3.95680E-05
0.115672	3.12966E-03	3.97702E-05
0.115898	3.13561E-03	3.96604E-05
0.116125	3.11307E-03	3.95866E-05
0.116352	3.06376E-03	3.95099E-05
0.116579	2.97889E-03	3.97684E-05
0.116805	3.06891E-03	3.94212E-05
0.117032	3.05087E-03	3.92991E-05
0.117259	3.03858E-03	3.90192E-05
0.117486	3.03525E-03	3.92984E-05
0.117712	2.91589E-03	3.90835E-05
0.117939	3.08226E-03	3.93171E-05
0.118166	3.01364E-03	3.94836E-05
0.118392	3.03647E-03	3.87684E-05
0.118619	3.04323E-03	3.89343E-05
0.118846	2.92322E-03	3.87613E-05
0.119073	2.93751E-03	3.90324E-05
0.119299	3.06414E-03	3.88366E-05
0.119526	2.98176E-03	3.87202E-05
0.119753	2.92126E-03	3.88910E-05
0.119979	3.00110E-03	3.88879E-05
0.120206	2.91250E-03	3.86349E-05
0.120433	2.83853E-03	3.83683E-05
0.12066	2.91614E-03	3.83994E-05
0.120886	2.89442E-03	3.86251E-05
0.121113	2.85469E-03	3.85628E-05
0.12134	2.90018E-03	3.84087E-05
0.121566	2.79982E-03	3.84141E-05
0.121793	2.80029E-03	3.81531E-05
0.12202	2.83538E-03	3.81635E-05
0.122247	2.77804E-03	3.81719E-05
0.122473	2.82860E-03	3.80912E-05
0.1227	2.78264E-03	3.79362E-05
0.122927	2.78544E-03	3.80728E-05
0.123153	2.68957E-03	3.85807E-05
0.12338	2.75328E-03	3.78165E-05
0.123607	2.69735E-03	3.86095E-05
0.123834	2.73917E-03	3.91955E-05
0.12406	2.64637E-03	3.95554E-05
0.124287	2.76630E-03	3.98838E-05
0.124514	2.68600E-03	3.96813E-05
0.12474	2.65920E-03	3.99615E-05
0.124967	2.68084E-03	4.01833E-05
0.125194	2.56110E-03	4.04215E-05
0.125421	2.60708E-03	4.04292E-05
0.125647	2.75245E-03	4.06610E-05
0.125874	2.69221E-03	4.08434E-05
0.126101	2.68125E-03	4.08240E-05
0.126327	2.69339E-03	4.12823E-05
0.126554	2.61852E-03	4.09814E-05
0.126781	2.66229E-03	4.09922E-05
0.127008	2.70323E-03	4.12798E-05
0.127234	2.60130E-03	4.15095E-05
0.127461	2.56700E-03	4.15774E-05
0.127688	2.62610E-03	4.16560E-05
0.127914	2.51797E-03	4.08864E-05
0.128141	2.62791E-03	4.08174E-05
0.128368	2.63771E-03	4.01441E-05
0.128595	2.55509E-03	3.95356E-05
0.128821	2.51357E-03	3.94274E-05
0.129048	2.57072E-03	3.93134E-05
0.129275	2.49697E-03	3.93781E-05
0.129502	2.53529E-03	3.91581E-05
0.129728	2.64615E-03	3.93387E-05
0.129955	2.54419E-03	3.86105E-05
0.130182	2.53978E-03	3.86032E-05
0.130408	2.55123E-03	3.87297E-05
0.130635	2.47047E-03	3.83183E-05
0.130862	2.50907E-03	3.82931E-05
0.131089	2.46688E-03	3.83163E-05
0.131315	2.51105E-03	3.82052E-05
0.131542	2.45966E-03	3.83038E-05
0.131769	2.44051E-03	3.77306E-05
0.131995	2.39759E-03	3.77496E-05
0.132222	2.37492E-03	3.78124E-05
0.132449	2.41985E-03	3.79472E-05
0.132676	2.39365E-03	3.76095E-05
0.132902	2.38110E-03	3.76986E-05
0.133129	2.31418E-03	3.75414E-05
0.133356	2.45634E-03	3.76307E-05
0.133582	2.43445E-03	3.72411E-05
0.133809	2.37914E-03	3.71669E-05
0.134036	2.30430E-03	3.72223E-05
0.134263	2.40444E-03	3.71344E-05
0.134489	2.36643E-03	3.73136E-05
0.134716	2.35895E-03	3.72439E-05
0.134943	2.36220E-03	3.68904E-05
0.135169	2.37078E-03	3.67291E-05
0.135396	2.32090E-03	3.69170E-05
0.135623	2.31640E-03	3.68340E-05
0.13585	2.37492E-03	3.67332E-05
0.136076	2.24133E-03	3.68540E-05
0.136303	2.35828E-03	3.67786E-05
0.13653	2.31922E-03	3.67587E-05
0.136756	2.30124E-03	3.65422E-05
0.136983	2.33845E-03	3.63649E-05
0.13721	2.27846E-03	3.64759E-05
0.137437	2.28006E-03	3.63507E-05
0.137663	2.29217E-03	3.63236E-05
0.13789	2.30556E-03	3.61709E-05
0.138117	2.31612E-03	3.62411E-05
0.138344	2.26957E-03	3.59878E-05
0.13857	2.26897E-03	3.61467E-05
0.138797	2.21208E-03	3.58549E-05
0.139024	2.17700E-03	3.59647E-05
0.13925	2.26582E-03	3.58603E-05
0.139477	2.22911E-03	3.58789E-05
0.139704	2.19016E-03	3.62267E-05
0.139931	2.11230E-03	3.55064E-05
0.140157	2.19221E-03	3.55271E-05
0.140384	2.13752E-03	3.56371E-05
0.140611	2.24164E-03	3.56991E-05
0.140837	2.17883E-03	3.55306E-05
0.141064	2.23466E-03	3.55878E-05
0.141291	2.12251E-03	3.55630E-05
0.141518	2.16352E-03	3.53718E-05
0.141744	2.18907E-03	3.55077E-05
0.141971	2.15717E-03	3.52474E-05
0.142198	2.13141E-03	3.50909E-05
0.142424	2.14707E-03	3.55247E-05
0.142651	2.08438E-03	3.52768E-05
0.142878	2.19719E-03	3.52926E-05
0.143105	2.15650E-03	3.53875E-05
0.143331	2.16735E-03	3.50501E-05
0.143558	2.11885E-03	3.50191E-05
0.143785	2.10197E-03	3.51096E-05
0.144011	2.15859E-03	3.49116E-05
0.144238	2.04724E-03	3.49050E-05
0.144465	2.05011E-03	3.48840E-05
0.144692	2.06011E-03	3.51060E-05
0.144918	2.05486E-03	3.47553E-05
0.145145	2.18918E-03	3.47209E-05
0.145372	2.05341E-03	3.46578E-05
0.145598	2.06094E-03	3.48643E-05
0.145825	2.07825E-03	3.49900E-05
0.146052	2.07848E-03	3.45301E-05
0.146279	1.98604E-03	3.49583E-05
0.146505	2.05932E-03	3.45734E-05
0.146732	2.05639E-03	3.46175E-05
0.146959	2.01706E-03	3.46198E-05
0.147185	1.98327E-03	3.43282E-05
0.147412	2.05905E-03	3.43701E-05
0.147639	1.99138E-03	3.45750E-05
0.147866	2.12234E-03	3.46042E-05
0.148092	1.98094E-03	3.43495E-05
0.148319	2.01534E-03	3.42997E-05
0.148546	1.93544E-03	3.40670E-05
0.148773	1.98131E-03	3.42017E-05
0.148999	1.94697E-03	3.44038E-05
0.149226	1.93119E-03	3.40788E-05
0.149453	1.99853E-03	3.41458E-05
0.149679	1.99256E-03	3.43183E-05
0.149906	2.05882E-03	3.40434E-05
0.150133	1.92060E-03	3.39349E-05
0.15036	1.92366E-03	3.39183E-05
0.150586	1.91414E-03	3.37561E-05
0.150813	1.94770E-03	3.39009E-05
0.15104	2.04605E-03	3.39067E-05
0.151266	1.95537E-03	3.39050E-05
0.151493	1.94404E-03	3.36796E-05
0.15172	1.86313E-03	3.35599E-05
0.151947	1.92876E-03	3.36959E-05
0.152173	1.93158E-03	3.35263E-05
0.1524	1.96091E-03	3.33979E-05
0.152627	1.98854E-03	3.35760E-05
0.152853	1.83708E-03	3.34548E-05
0.15308	1.88641E-03	3.36071E-05
0.153307	1.93347E-03	3.32407E-05
0.153534	1.85222E-03	3.31568E-05
0.15376	1.85742E-03	3.30389E-05
0.153987	1.91183E-03	3.32804E-05
0.154214	1.93441E-03	3.31844E-05
0.15444	1.88269E-03	3.31026E-05
0.154667	1.83935E-03	3.30788E-05
0.154894	1.89610E-03	3.29708E-05
0.155121	1.83600E-03	3.29395E-05
0.155347	1.90312E-03	3.28764E-05
0.155574	1.91600E-03	3.27429E-05
0.155801	1.81388E-03	3.27914E-05
0.156027	1.83104E-03	3.29456E-05
0.156254	1.89607E-03	3.29144E-05
0.156481	1.89735E-03	3.26845E-05
0.156708	1.85418E-03	3.26337E-05
0.156934	1.81674E-03	3.25710E-05
0.157161	1.90032E-03	3.26077E-05
0.157388	1.82055E-03	3.25064E-05
0.157614	1.81910E-03	3.25133E-05
0.157841	1.74397E-03	3.26021E-05
0.158068	1.71963E-03	3.25721E-05
0.158295	1.74873E-03	3.22552E-05
0.158521	1.75525E-03	3.23995E-05
0.158748	1.86995E-03	3.22799E-05
0.158975	1.79345E-03	3.22572E-05
0.159202	1.76129E-03	3.24922E-05
0.159428	1.79435E-03	3.21965E-05
0.159655	1.77235E-03	3.22436E-05
0.159882	1.77314E-03	3.22505E-05
0.160108	1.74079E-03	3.20352E-05
0.160335	1.73107E-03	3.20689E-05
0.160562	1.72022E-03	3.20145E-05
0.160789	1.75835E-03	3.19208E-05
0.161015	1.76475E-03	3.20777E-05
0.161242	1.79196E-03	3.22900E-05
0.161469	1.74349E-03	3.17491E-05
0.161695	1.68662E-03	3.18682E-05
0.161922	1.76099E-03	3.18160E-05
0.162149	1.69229E-03	3.17584E-05
0.162376	1.72273E-03	3.18771E-05
0.162602	1.75966E-03	3.18685E-05
0.162829	1.74292E-03	3.17302E-05
0.163056	1.73987E-03	3.18259E-05
0.163282	1.65900E-03	3.17897E-05
0.163509	1.64812E-03	3.13618E-05
0.163736	1.67305E-03	3.15444E-05
0.163963	1.65412E-03	3.14748E-05
0.164189	1.69173E-03	3.16018E-05
0.164416	1.72327E-03	3.15805E-05
0.164643	1.68912E-03	3.15587E-05
0.164869	1.73720E-03	3.14137E-05
0.165096	1.70878E-03	3.14720E-05
0.165323	1.60673E-03	3.13765E-05
0.16555	1.66784E-03	3.12721E-05
0.165776	1.63040E-03	3.12578E-05
0.166003	1.67954E-03	3.13029E-05
0.16623	1.72154E-03	3.15137E-05
0.166456	1.70719E-03	3.11607E-05
0.166683	1.71869E-03	3.11377E-05
0.16691	1.63470E-03	3.10720E-05
0.167137	1.52528E-03	3.11158E-05
0.167363	1.65410E-03	3.10778E-05
0.16759	1.68513E-03	3.09859E-05
0.167817	1.67509E-03	3.11771E-05
0.168044	1.57842E-03	3.09597E-05
0.16827	1.64160E-03	3.09562E-05
0.168497	1.65504E-03	3.11328E-05
0.168724	1.60975E-03	3.07396E-05
0.16895	1.60580E-03	3.08689E-05
0.169177	1.62947E-03	3.09034E-05
0.169404	1.63321E-03	3.10826E-05
0.169631	1.59370E-03	3.08914E-05
0.169857	1.61318E-03	3.06340E-05
0.170084	1.51527E-03	3.05326E-05
0.170311	1.65163E-03	3.07330E-05
0.170537	1.60496E-03	3.07005E-05
0.170764	1.56013E-03	3.05555E-05
0.170991	1.64795E-03	3.07094E-05
0.171218	1.57461E-03	3.07379E-05
0.171444	1.57246E-03	3.05586E-05
0.171671	1.55159E-03	3.04511E-05
0.171898	1.60119E-03	3.06016E-05
0.172124	1.54243E-03	3.03281E-05
0.172351	1.53414E-03	3.04867E-05
0.172578	1.54554E-03	3.03808E-05
0.172805	1.51815E-03	3.05258E-05
0.173031	1.60935E-03	3.03288E-05
0.173258	1.51228E-03	3.02982E-05
0.173485	1.56959E-03	3.03349E-05
0.173711	1.58973E-03	3.02151E-05
0.173938	1.48396E-03	3.01516E-05
0.174165	1.52157E-03	3.01907E-05
0.174392	1.46362E-03	3.02204E-05
0.174618	1.54558E-03	3.03096E-05
0.174845	1.54975E-03	3.00513E-05
0.175072	1.53797E-03	3.01659E-05
0.175298	1.46204E-03	3.00269E-05
0.175525	1.50047E-03	3.00491E-05
0.175752	1.54060E-03	3.00237E-05
0.175979	1.56566E-03	3.00076E-05
0.176205	1.54874E-03	3.01667E-05
0.176432	1.53559E-03	2.97725E-05
0.176659	1.53450E-03	2.99226E-05
0.176886	1.50469E-03	2.99481E-05
0.177112	1.46232E-03	2.96488E-05
0.177339	1.43537E-03	2.98984E-05
0.177566	1.47219E-03	2.99059E-05
0.177792	1.41986E-03	2.98923E-05
0.178019	1.42610E-03	2.97879E-05
0.178246	1.45742E-03	2.97403E-05
0.178473	1.44232E-03	2.97742E-05
0.178699	1.46246E-03	2.97248E-05
0.178926	1.45925E-03	2.97311E-05
0.179153	1.45195E-03	3.00210E-05
0.179379	1.53803E-03	3.05051E-05
0.179606	1.46760E-03	3.06072E-05
0.179833	1.49298E-03	3.07880E-05
0.18006	1.45434E-03	3.09133E-05
0.180286	1.49338E-03	3.10153E-05
0.180513	1.47158E-03	3.12988E-05
0.18074	1.44095E-03	3.12385E-05
0.180966	1.45028E-03	3.13021E-05
0.181193	1.47599E-03	3.14969E-05
0.18142	1.41089E-03	3.17017E-05
0.181647	1.47114E-03	3.16777E-05
0.181873	1.45680E-03	3.19186E-05
0.1821	1.40510E-03	3.17927E-05
0.182327	1.45262E-03	3.19021E-05
0.182553	1.40697E-03	3.21826E-05
0.18278	1.41277E-03	3.22274E-05
0.183007	1.42707E-03	3.21604E-05
0.183234	1.34041E-03	3.21751E-05
0.18346	1.44113E-03	3.23211E-05
0.183687	1.42145E-03	3.19264E-05
0.183914	1.38334E-03	3.15832E-05
0.18414	1.44346E-03	3.14564E-05
0.184367	1.44832E-03	3.12968E-05
0.184594	1.46371E-03	3.14115E-05
0.184821	1.36778E-03	3.11356E-05
0.185047	1.36139E-03	3.08970E-05
0.185274	1.42722E-03	3.09060E-05
0.185501	1.40461E-03	3.07589E-05
0.185727	1.39768E-03	3.09897E-05
0.185954	1.38974E-03	3.08121E-05
0.186181	1.34891E-03	3.09098E-05
0.186408	1.33240E-03	3.05585E-05
0.186634	1.34454E-03	3.04759E-05
0.186861	1.35385E-03	3.06721E-05
0.187088	1.36471E-03	3.04516E-05
0.187314	1.40647E-03	3.04142E-05
0.187541	1.36564E-03	3.05449E-05
0.187768	1.36719E-03	3.07106E-05
0.187995	1.35863E-03	3.04099E-05
0.188221	1.37609E-03	3.04378E-05
0.188448	1.33456E-03	3.02162E-05
0.188675	1.42143E-03	3.05516E-05
0.188902	1.34068E-03	3.02243E-05
0.189128	1.40324E-03	3.03400E-05
0.189355	1.38535E-03	3.04167E-05
0.189582	1.29714E-03	3.03210E-05
0.189808	1.40683E-03	3.01018E-05
0.190035	1.32102E-03	3.01029E-05
0.190262	1.38743E-03	3.02466E-05
0.190489	1.38704E-03	3.01587E-05
0.190715	1.36258E-03	3.00668E-05
0.190942	1.38213E-03	3.02877E-05
0.191169	1.37252E-03	3.02871E-05
0.191395	1.33504E-03	3.00643E-05
0.191622	1.27082E-03	2.99805E-05
0.191849	1.30824E-03	3.00477E-05
0.192076	1.32524E-03	3.00959E-05
0.192302	1.38354E-03	2.99977E-05
0.192529	1.28053E-03	2.99001E-05
0.192756	1.24499E-03	3.01898E-05
0.192982	1.29607E-03	3.00440E-05
0.193209	1.22467E-03	2.97564E-05
0.193436	1.33056E-03	3.00445E-05
0.193663	1.37623E-03	3.00591E-05
0.193889	1.33801E-03	3.01444E-05
0.194116	1.31281E-03	3.01067E-05
0.194343	1.25089E-03	3.02360E-05
0.194569	1.34338E-03	3.02532E-05
0.194796	1.31483E-03	3.02271E-05
0.195023	1.24105E-03	3.01248E-05
0.19525	1.24971E-03	3.00445E-05
0.195476	1.33163E-03	3.03873E-05
0.195703	1.29892E-03	3.01933E-05
0.19593	1.24738E-03	3.02225E-05
0.196156	1.24451E-03	3.05259E-05
0.196383	1.25970E-03	3.01332E-05
0.19661	1.29934E-03	3.01877E-05
0.196837	1.32510E-03	3.03178E-05
0.197063	1.30426E-03	3.03847E-05
0.19729	1.25130E-03	3.01651E-05
0.197517	1.31245E-03	3.05395E-05
0.197744	1.28174E-03	3.04188E-05
0.19797	1.29334E-03	3.04114E-05
0.198197	1.25044E-03	3.04295E-05
0.198424	1.28930E-03	3.02056E-05
0.19865	1.27983E-03	3.03719E-05
0.198877	1.30212E-03	3.04478E-05
0.199104	1.30985E-03	3.04767E-05
0.199331	1.24518E-03	3.03558E-05
0.199557	1.36203E-03	3.05720E-05
0.199784	1.21768E-03	3.02169E-05
0.200011	1.26367E-03	3.03790E-05
0.200237	1.21867E-03	3.03683E-05
0.200464	1.25742E-03	3.03374E-05
0.200691	1.17804E-03	3.02519E-05
0.200918	1.23151E-03	3.04872E-05
0.201144	1.19260E-03	3.06911E-05
0.201371	1.24935E-03	3.03498E-05
0.201598	1.23227E-03	3.03602E-05
0.201824	1.27899E-03	3.02618E-05
0.202051	1.19551E-03	3.03740E-05
0.202278	1.21615E-03	3.02942E-05
0.202505	1.27798E-03	3.03425E-05
0.202731	1.24487E-03	3.04574E-05
0.202958	1.11365E-03	3.03097E-05
0.203185	1.25111E-03	3.03771E-05
0.203411	1.17361E-03	3.02273E-05
0.203638	1.21435E-03	3.04264E-05
0.203865	1.22170E-03	3.02350E-05
0.204092	1.24546E-03	3.05684E-05
0.204318	1.19207E-03	3.04918E-05
0.204545	1.18937E-03	3.06224E-05
0.204772	1.16088E-03	3.03989E-05
0.204998	1.20945E-03	3.03732E-05
0.205225	1.21871E-03	3.05094E-05
0.205452	1.20180E-03	3.04903E-05
0.205679	1.24334E-03	3.05086E-05
0.205905	1.15877E-03	3.04667E-05
0.206132	1.19895E-03	3.08450E-05
0.206359	1.18885E-03	3.03779E-05
0.206586	1.14898E-03	3.03728E-05
0.206812	1.10887E-03	3.03453E-05
0.207039	1.15255E-03	3.04445E-05
0.207266	1.12358E-03	3.05720E-05
0.207492	1.22736E-03	3.05400E-05
0.207719	1.16974E-03	3.06612E-05
0.207946	1.15146E-03	3.06479E-05
0.208173	1.19427E-03	3.03554E-05
0.208399	1.18633E-03	3.05595E-05
0.208626	1.14527E-03	3.02957E-05
0.208853	1.20975E-03	3.04992E-05
0.209079	1.17380E-03	3.04105E-05
0.209306	1.13499E-03	3.06694E-05
0.209533	1.19184E-03	3.05587E-05
0.20976	1.19217E-03	3.02513E-05
0.209986	1.12731E-03	3.02296E-05
0.210213	1.20907E-03	3.03663E-05
0.21044	1.12114E-03	3.04253E-05
0.210666	1.21320E-03	3.02119E-05
0.210893	1.08846E-03	3.04508E-05
0.21112	1.19957E-03	3.05280E-05
0.211347	1.14451E-03	3.04140E-05
0.211573	1.13738E-03	3.01060E-05
0.2118	1.13351E-03	3.04431E-05
0.212027	1.15043E-03	3.02178E-05
0.212253	1.16343E-03	3.04566E-05
0.21248	1.13113E-03	3.05034E-05
0.212707	1.12872E-03	3.04336E-05
0.212934	1.13115E-03	3.03276E-05
0.21316	1.21342E-03	3.02853E-05
0.213387	1.15996E-03	3.04627E-05
0.213614	1.12850E-03	3.03088E-05
0.21384	1.15262E-03	3.04812E-05
0.214067	1.17849E-03	3.02692E-05
0.214294	1.08602E-03	3.04689E-05
0.214521	1.08421E-03	3.07937E-05
0.214747	1.16775E-03	3.02585E-05
0.214974	1.12395E-03	3.03569E-05
0.215201	1.12778E-03	3.03956E-05
0.215427	1.03185E-03	3.05879E-05
0.215654	1.11911E-03	3.03143E-05
0.215881	1.16802E-03	3.05686E-05
0.216108	1.09010E-03	3.05983E-05
0.216334	1.15906E-03	3.03859E-05
0.216561	1.12894E-03	3.04105E-05
0.216788	1.13560E-03	3.03617E-05
0.217014	1.09389E-03	3.04728E-05
0.217241	1.12079E-03	3.03895E-05
0.217468	1.09081E-03	3.06331E-05
0.217695	1.07137E-03	3.06535E-05
0.217921	1.13994E-03	3.05040E-05
0.218148	1.04452E-03	3.04580E-05
0.218375	1.14461E-03	3.04468E-05
0.218602	1.10537E-03	3.05712E-05
0.218828	1.07812E-03	3.04452E-05
0.219055	1.01721E-03	3.05615E-05
0.219282	1.05960E-03	3.05264E-05
0.219508	1.12799E-03	3.07285E-05
0.219735	1.14443E-03	3.05294E-05
0.219962	1.09610E-03	3.04083E-05
0.220189	1.03935E-03	3.04115E-05
0.220415	1.08475E-03	3.05146E-05
0.220642	1.05363E-03	3.06833E-05
0.220869	1.08179E-03	3.05267E-05
0.221095	1.09253E-03	3.08191E-05
0.221322	1.08048E-03	3.05119E-05
0.221549	1.12933E-03	3.06499E-05
0.221776	1.11063E-03	3.05050E-05
0.222002	1.14830E-03	3.05205E-05
0.222229	1.07221E-03	3.05587E-05
0.222456	1.10019E-03	3.06485E-05
0.222682	1.09670E-03	3.08139E-05
0.222909	1.07326E-03	3.06326E-05
0.223136	1.10022E-03	3.05013E-05
0.223363	1.14777E-03	3.05235E-05
0.223589	1.11186E-03	3.06512E-05
0.223816	1.03064E-03	3.05663E-05
0.224043	1.10672E-03	3.06690E-05
0.224269	1.17030E-03	3.07772E-05
0.224496	1.03374E-03	3.08124E-05
0.224723	1.05996E-03	3.06275E-05
0.22495	1.02891E-03	3.04767E-05
0.225176	1.02505E-03	3.05528E-05
0.225403	1.08608E-03	3.05916E-05
0.22563	1.08461E-03	3.07440E-05
0.225856	1.00941E-03	3.06764E-05
0.226083	1.07548E-03	3.09359E-05
0.22631	1.09254E-03	3.05939E-05
0.226537	1.02203E-03	3.05643E-05
0.226763	1.06956E-03	3.06551E-05
0.22699	1.05274E-03	3.04978E-05
0.227217	1.01850E-03	3.04835E-05
0.227444	1.03542E-03	3.05769E-05
0.22767	1.02700E-03	3.07048E-05
0.227897	1.03628E-03	3.06766E-05
0.228124	1.07099E-03	3.05816E-05
0.22835	1.01423E-03	3.03223E-05
0.228577	1.10580E-03	3.04935E-05
0.228804	1.04469E-03	3.06292E-05
0.229031	1.07103E-03	3.04533E-05
0.229257	1.05857E-03	3.05681E-05
0.229484	9.93413E-04	3.08136E-05
0.229711	1.02983E-03	3.03836E-05
0.229937	1.01699E-03	3.04083E-05
0.230164	1.03473E-03	3.05821E-05
0.230391	1.06459E-03	3.04029E-05
0.230618	1.06597E-03	3.05749E-05
0.230844	1.12970E-03	3.06787E-05
0.231071	1.05569E-03	3.06474E-05
0.231298	1.05078E-03	3.06347E-05
0.231524	1.06873E-03	3.04705E-05
0.231751	1.03032E-03	3.05558E-05
0.231978	1.01851E-03	3.04477E-05
0.232205	1.00402E-03	3.06583E-05
0.232431	1.03228E-03	3.04901E-05
0.232658	1.03596E-03	3.06540E-05
0.232885	1.01959E-03	3.07703E-05
0.233111	1.01081E-03	3.04389E-05
0.233338	1.00494E-03	3.05597E-05
0.233565	1.08104E-03	3.03649E-05
0.233792	1.02811E-03	3.06423E-05
0.234018	9.70140E-04	3.05208E-05
0.234245	9.76039E-04	3.04946E-05
0.234472	1.03834E-03	3.05967E-05
0.234698	1.01434E-03	3.06488E-05
0.234925	9.79346E-04	3.12996E-05
0.235152	1.06402E-03	3.14343E-05
0.235379	9.75134E-04	3.20046E-05
0.235832	9.98832E-04	3.24962E-05
0.236059	1.01485E-03	3.24939E-05
0.236286	1.02886E-03	3.26244E-05
0.236512	9.59984E-04	3.27308E-05
0.236739	1.00567E-03	3.30061E-05
0.236966	1.00394E-03	3.32983E-05
0.237192	9.85793E-04	3.32557E-05
0.237419	9.81591E-04	3.36058E-05
0.237646	9.63600E-04	3.34724E-05
0.237873	1.03275E-03	3.39945E-05
0.238099	1.02430E-03	3.38898E-05
0.238326	9.90381E-04	3.40036E-05
0.238553	1.07620E-03	3.41602E-05
0.238779	9.78570E-04	3.44905E-05
0.239006	9.61827E-04	3.44739E-05
0.239233	9.22776E-04	3.40759E-05
0.23946	9.97450E-04	3.42147E-05
0.239686	9.47596E-04	3.29728E-05
0.239913	1.05970E-03	3.32335E-05
0.24014	1.01313E-03	3.28141E-05
0.240366	9.65820E-04	3.26915E-05
0.240593	9.94246E-04	3.26719E-05
0.24082	9.34646E-04	3.27328E-05
0.241047	9.98239E-04	3.28542E-05
0.241273	9.98457E-04	3.25922E-05
0.2415	9.22447E-04	3.24162E-05
0.241727	1.01524E-03	3.22621E-05
0.241953	9.28136E-04	3.22827E-05
0.24218	9.53113E-04	3.22212E-05
0.242407	9.31518E-04	3.21610E-05
0.242634	9.11707E-04	3.21845E-05
0.24286	9.46733E-04	3.23150E-05
0.243314	9.37673E-04	3.18009E-05
0.24354	9.40264E-04	3.20136E-05
0.243767	9.81190E-04	3.18867E-05
0.243994	9.89977E-04	3.19590E-05
0.244221	9.96258E-04	3.19336E-05
0.244447	9.05335E-04	3.21203E-05
0.244674	9.27518E-04	3.18257E-05
0.244901	9.89601E-04	3.16696E-05
0.245354	9.14516E-04	3.14058E-05
0.245581	9.53092E-04	3.18942E-05
0.245808	9.32769E-04	3.17067E-05
0.246034	9.96841E-04	3.19174E-05
0.246488	9.23086E-04	3.16439E-05
0.246715	9.16185E-04	3.14470E-05
0.246941	9.20115E-04	3.17016E-05
0.247168	9.83888E-04	3.18804E-05
0.247621	9.05458E-04	3.18000E-05
0.247848	9.37187E-04	3.18629E-05
0.248075	9.49435E-04	3.17584E-05
0.248302	9.01294E-04	3.14412E-05
0.248755	9.44008E-04	3.15312E-05
0.248982	9.81672E-04	3.17594E-05
0.249208	9.11038E-04	3.18269E-05
0.249435	9.22737E-04	3.18235E-05
0.249662	9.38337E-04	3.19986E-05
0.249889	9.74545E-04	3.14311E-05
0.250115	8.60767E-04	3.16422E-05
0.250342	8.63247E-04	3.14778E-05
0.250569	1.00702E-03	3.18721E-05
0.250795	8.95033E-04	3.14799E-05
0.251022	9.01930E-04	3.18939E-05
0.251249	8.65995E-04	3.18716E-05
0.251476	9.12870E-04	3.14927E-05
0.251702	8.86715E-04	3.16523E-05
0.251929	8.95043E-04	3.14807E-05
0.252156	9.83379E-04	3.16012E-05
0.252382	8.83706E-04	3.15487E-05
0.252609	9.19792E-04	3.16866E-05
0.252836	9.40202E-04	3.19674E-05
0.253063	9.42608E-04	3.14649E-05
0.253289	9.21697E-04	3.16282E-05
0.253516	9.53780E-04	3.14842E-05
0.253743	9.52977E-04	3.15138E-05
0.253969	8.82965E-04	3.14275E-05
0.254196	8.47921E-04	3.15941E-05
0.254423	9.07583E-04	3.16485E-05
0.25465	9.00213E-04	3.17528E-05
0.254876	8.65252E-04	3.15155E-05
0.255103	9.79820E-04	3.15234E-05
0.25533	9.31865E-04	3.15361E-05
0.255556	9.50428E-04	3.15152E-05
0.255783	9.59145E-04	3.15568E-05
0.25601	9.13718E-04	3.15128E-05
0.256237	9.25688E-04	3.17800E-05
0.256463	8.91903E-04	3.14431E-05
0.25669	9.18578E-04	3.14758E-05
0.256917	9.20007E-04	3.15252E-05
0.257144	8.50790E-04	3.14057E-05
0.25737	9.33165E-04	3.15131E-05
0.257597	9.10258E-04	3.15467E-05
0.257824	9.02483E-04	3.17578E-05
0.25805	9.08716E-04	3.13798E-05
0.258277	9.29589E-04	3.15347E-05
0.258504	8.48007E-04	3.13612E-05
0.258731	8.69678E-04	3.14862E-05
0.259184	8.59867E-04	3.14546E-05
0.259411	8.31141E-04	3.16173E-05
0.259637	8.78575E-04	3.17042E-05
0.259864	8.62501E-04	3.13209E-05
0.260091	9.17591E-04	3.13007E-05
0.260318	8.03222E-04	3.13540E-05
0.260544	8.89355E-04	3.14082E-05
0.260771	8.72534E-04	3.14919E-05
0.260998	8.38161E-04	3.14080E-05
0.261224	9.30309E-04	3.17365E-05
0.261451	8.99307E-04	3.14140E-05
0.261678	8.06793E-04	3.11747E-05
0.262131	8.85399E-04	3.11694E-05
0.262358	8.47955E-04	3.12993E-05
0.262585	8.47782E-04	3.12573E-05
0.262811	8.91822E-04	3.14491E-05
0.263038	8.87740E-04	3.12963E-05
0.263265	8.02547E-04	3.11562E-05
0.263492	8.78603E-04	3.11929E-05
0.263718	7.88440E-04	3.08933E-05
0.263945	8.28637E-04	3.12509E-05
0.264172	8.10457E-04	3.10886E-05
0.264398	8.54045E-04	3.12994E-05
0.264625	9.46522E-04	3.12808E-05
0.264852	8.98980E-04	3.11905E-05
0.265079	8.00613E-04	3.10523E-05
0.265305	7.92563E-04	3.10284E-05
0.265532	8.60963E-04	3.11799E-05
0.265759	8.98537E-04	3.10705E-05
0.265985	8.30036E-04	3.12029E-05
0.266212	8.10882E-04	3.12463E-05
0.266439	8.56371E-04	3.11943E-05
0.266666	8.44843E-04	3.09215E-05
0.266892	8.55362E-04	3.12582E-05
0.267119	8.23361E-04	3.09647E-05
0.267346	7.93686E-04	3.09408E-05
0.267573	8.60809E-04	3.10893E-05
0.267799	8.90280E-04	3.11161E-05
0.268026	8.31087E-04	3.12606E-05
0.268253	8.38264E-04	3.08230E-05
0.268479	8.16226E-04	3.08786E-05
0.268706	8.43766E-04	3.10286E-05
0.268933	8.26998E-04	3.09870E-05
0.26916	8.34661E-04	3.07367E-05
0.269386	8.21910E-04	3.09796E-05
0.269613	8.56630E-04	3.12089E-05
0.26984	8.52649E-04	3.08254E-05
0.270066	8.32122E-04	3.07886E-05
0.270293	8.07012E-04	3.07334E-05
0.27052	8.41034E-04	3.07964E-05
0.270747	8.46051E-04	3.09209E-05
0.270973	8.12273E-04	3.09734E-05
0.2712	8.59016E-04	3.09491E-05
0.271427	7.93225E-04	3.08462E-05
0.271653	8.52721E-04	3.08819E-05
0.27188	8.12800E-04	3.08025E-05
0.272107	7.95770E-04	3.07357E-05
0.272334	8.25659E-04	3.07879E-05
0.27256	8.09320E-04	3.08542E-05
0.272787	8.60641E-04	3.10848E-05
0.273014	8.67004E-04	3.11582E-05
0.27324	8.38288E-04	3.05378E-05
0.273467	8.47981E-04	3.08298E-05
0.273694	8.12646E-04	3.07186E-05
0.273921	8.27039E-04	3.08389E-05
0.274147	7.94590E-04	3.08945E-05
0.274374	8.09415E-04	3.06487E-05
0.274601	7.90082E-04	3.11489E-05
0.274827	8.28454E-04	3.08139E-05
0.275054	7.90622E-04	3.08183E-05
0.275281	8.22878E-04	3.06142E-05
0.275508	8.35609E-04	3.07831E-05
0.275734	8.24935E-04	3.07386E-05
0.275961	8.12853E-04	3.09376E-05
0.276415	8.19530E-04	3.09222E-05
0.276641	8.43177E-04	3.07819E-05
0.277095	7.68971E-04	3.06468E-05
0.277321	8.02335E-04	3.07094E-05
0.277548	8.02364E-04	3.07748E-05
0.278002	7.99797E-04	3.11657E-05
0.278228	7.81169E-04	3.06220E-05
0.278455	8.31022E-04	3.06712E-05
0.278682	8.32460E-04	3.08092E-05
0.278908	7.41130E-04	3.07097E-05
0.279135	7.87223E-04	3.06832E-05
0.279362	7.16479E-04	3.07909E-05
0.279589	7.58704E-04	3.09272E-05
0.279815	8.02950E-04	3.08252E-05
0.280042	8.52231E-04	3.08145E-05
0.280269	7.10304E-04	3.07733E-05
0.280722	7.56356E-04	3.08213E-05
0.280949	7.74127E-04	3.06490E-05
0.281176	7.53189E-04	3.09364E-05
0.281402	8.15047E-04	3.09036E-05
0.281629	7.80036E-04	3.07693E-05
0.281856	7.68065E-04	3.06539E-05
0.282082	8.07868E-04	3.07360E-05
0.282309	7.90376E-04	3.08285E-05
0.282536	7.87704E-04	3.06557E-05
0.282763	7.46587E-04	3.08969E-05
0.282989	8.26287E-04	3.09788E-05
0.283216	7.91229E-04	3.06850E-05
0.283443	8.02364E-04	3.08043E-05
0.283669	7.67067E-04	3.06665E-05
0.283896	8.06933E-04	3.06928E-05
0.284123	7.49900E-04	3.07789E-05
0.28435	7.15479E-04	3.07460E-05
0.284576	7.04757E-04	3.07701E-05
0.284803	7.78017E-04	3.08973E-05
0.28503	7.14195E-04	3.06165E-05
0.285256	8.11902E-04	3.07387E-05
0.285483	7.79746E-04	3.07155E-05
0.28571	7.38857E-04	3.08009E-05
0.285937	7.33322E-04	3.05940E-05
0.286163	8.25756E-04	3.09474E-05
0.28639	7.57343E-04	3.09501E-05
0.286617	7.75012E-04	3.07510E-05
0.28707	7.25004E-04	3.08308E-05
0.287297	7.18283E-04	3.05661E-05
0.287524	7.89618E-04	3.07977E-05
0.28775	7.41252E-04	3.07564E-05
0.287977	6.97840E-04	3.09183E-05
0.288204	7.60914E-04	3.08518E-05
0.288431	6.97852E-04	3.05619E-05
0.288657	7.40465E-04	3.07095E-05
0.288884	7.89674E-04	3.07115E-05
0.289111	7.25430E-04	3.07576E-05
0.289337	7.36329E-04	3.07014E-05
0.289564	7.80868E-04	3.09085E-05
0.289791	7.11614E-04	3.08242E-05
0.290018	7.09581E-04	3.08272E-05
0.290244	7.56234E-04	3.07157E-05
0.290924	7.01512E-04	3.24158E-05
0.291151	7.60333E-04	3.26329E-05
0.291378	7.27764E-04	3.28732E-05
0.291605	7.43843E-04	3.31198E-05
0.291831	7.21423E-04	3.33873E-05
0.292058	7.37822E-04	3.36958E-05
0.292285	6.83235E-04	3.37163E-05
0.292511	7.29908E-04	3.39013E-05
0.292738	7.24443E-04	3.41863E-05
0.292965	7.30605E-04	3.44537E-05
0.293192	7.39264E-04	3.43541E-05
0.293418	7.12922E-04	3.48969E-05
0.293645	7.60786E-04	3.47069E-05
0.293872	7.37291E-04	3.51964E-05
0.294098	7.22164E-04	3.53058E-05
0.294552	8.02621E-04	3.54688E-05
0.294779	7.70822E-04	3.58462E-05
0.295005	7.29974E-04	3.43491E-05
0.295232	7.61656E-04	3.41419E-05
0.295459	6.78323E-04	3.38955E-05
0.295685	7.99208E-04	3.37591E-05
0.295912	7.42718E-04	3.35032E-05
0.296139	6.83467E-04	3.33483E-05
0.296366	7.48207E-04	3.34594E-05
0.296592	7.01129E-04	3.32265E-05
0.296819	7.80822E-04	3.30095E-05
0.297046	7.14804E-04	3.27933E-05
0.297273	7.61229E-04	3.28661E-05
0.297499	6.96064E-04	3.26775E-05
0.297726	7.23616E-04	3.28426E-05
0.297953	6.63827E-04	3.27402E-05
0.298179	7.06480E-04	3.28209E-05
0.298406	7.36729E-04	3.23797E-05
0.298633	6.89719E-04	3.23975E-05
0.29886	7.25088E-04	3.23048E-05
0.299086	7.35625E-04	3.23930E-05
0.299313	7.17438E-04	3.23395E-05
0.29954	7.49496E-04	3.23654E-05
0.299766	7.59339E-04	3.24545E-05
0.299993	6.97405E-04	3.23186E-05
0.30022	7.64904E-04	3.20343E-05
0.300447	6.91391E-04	3.19718E-05
0.300673	7.28760E-04	3.22427E-05
0.3009	6.86682E-04	3.21941E-05
0.301127	6.69708E-04	3.21224E-05
0.301353	7.27782E-04	3.23369E-05
0.30158	6.40805E-04	3.23161E-05
0.301807	6.80200E-04	3.19069E-05
0.302034	7.59693E-04	3.20304E-05
0.30226	7.36544E-04	3.18630E-05
0.302487	7.09871E-04	3.20648E-05
0.302714	7.03491E-04	3.19549E-05
0.30294	6.76334E-04	3.20533E-05
0.303167	6.85068E-04	3.22214E-05
0.303394	7.30648E-04	3.18675E-05
0.303621	7.23117E-04	3.18103E-05
0.304301	7.34323E-04	3.18880E-05
0.304527	6.78994E-04	3.17994E-05
0.304754	7.32138E-04	3.18014E-05
0.304981	7.30126E-04	3.19805E-05
0.305208	6.77046E-04	3.15009E-05
0.305434	7.68453E-04	3.16443E-05
0.305661	7.41580E-04	3.14731E-05
0.305888	6.71626E-04	3.16000E-05
0.306115	6.97059E-04	3.16811E-05
0.306568	7.11622E-04	3.18645E-05
0.306795	6.79429E-04	3.15076E-05
0.307021	6.43082E-04	3.14701E-05
0.307248	6.31988E-04	3.14226E-05
0.307475	6.97255E-04	3.14362E-05
0.307702	6.78471E-04	3.14128E-05
0.307928	6.68853E-04	3.15213E-05
0.308155	7.61516E-04	3.16479E-05
0.308382	6.68437E-04	3.15540E-05
0.308608	6.32279E-04	3.13137E-05
0.308835	7.56402E-04	3.12917E-05
0.309062	6.85267E-04	3.12963E-05
0.309289	6.76450E-04	3.13908E-05
0.309515	7.02542E-04	3.12074E-05
0.309742	6.59167E-04	3.12754E-05
0.309969	7.03068E-04	3.14989E-05
0.310195	6.14101E-04	3.11105E-05
0.310422	7.54471E-04	3.10950E-05
0.310649	7.17306E-04	3.12230E-05
0.310876	6.56708E-04	3.10639E-05
0.311102	6.50143E-04	3.12703E-05
0.311329	6.96857E-04	3.12570E-05
0.311556	6.19813E-04	3.12997E-05
0.311782	7.01523E-04	3.10904E-05
0.312009	7.17746E-04	3.11866E-05
0.312236	7.06759E-04	3.10682E-05
0.312463	6.56392E-04	3.10467E-05
0.312689	6.90980E-04	3.12256E-05
0.312916	6.80306E-04	3.11341E-05
0.313143	6.39625E-04	3.13034E-05
0.313369	6.86726E-04	3.12242E-05
0.313596	7.30779E-04	3.10667E-05
0.313823	6.23956E-04	3.10262E-05
0.31405	6.04362E-04	3.09987E-05
0.314276	6.75080E-04	3.10732E-05
0.314503	6.82211E-04	3.11562E-05
0.31473	7.14694E-04	3.12291E-05
0.314956	6.76725E-04	3.15402E-05
0.315183	7.19519E-04	3.08482E-05
0.31541	6.68329E-04	3.09764E-05
0.315637	6.49746E-04	3.09722E-05
0.315863	6.27851E-04	3.10542E-05
0.31609	7.17279E-04	3.11186E-05
0.316317	6.89425E-04	3.10670E-05
0.316544	6.68475E-04	3.13848E-05
0.31677	7.06744E-04	3.12228E-05
0.316997	6.73998E-04	3.09291E-05
0.317224	6.06973E-04	3.08734E-05
0.31745	7.18189E-04	3.10666E-05
0.317677	7.07841E-04	3.09961E-05
0.317904	7.14139E-04	3.11397E-05
0.318131	6.11318E-04	3.11524E-05
0.318357	6.70171E-04	3.13854E-05
0.318584	6.25041E-04	3.08985E-05
0.318811	6.32697E-04	3.10056E-05
0.319037	6.72167E-04	3.08444E-05
0.319264	6.53483E-04	3.09862E-05
0.319491	6.45038E-04	3.10600E-05
0.319718	6.51139E-04	3.11621E-05
0.319944	6.63419E-04	3.11668E-05
0.320171	6.48784E-04	3.11488E-05
0.320398	6.59053E-04	3.09361E-05
0.320624	6.69038E-04	3.10605E-05
0.320851	6.52545E-04	3.08279E-05
0.321078	6.71716E-04	3.09740E-05
0.321305	6.65098E-04	3.11181E-05
0.321531	6.17627E-04	3.10419E-05
0.321758	6.93279E-04	3.13458E-05
0.321985	6.43280E-04	3.09175E-05
0.322211	6.18545E-04	3.09776E-05
0.322438	6.26769E-04	3.08900E-05
0.322665	6.71608E-04	3.09801E-05
0.322892	6.88992E-04	3.08935E-05
0.323118	6.22746E-04	3.10672E-05
0.323345	6.37861E-04	3.12853E-05
0.323572	6.53595E-04	3.11082E-05
0.323798	6.22292E-04	3.08127E-05
0.324025	6.75118E-04	3.10004E-05
0.324252	6.23693E-04	3.09563E-05
0.324479	6.85131E-04	3.09538E-05
0.324705	6.81769E-04	3.09387E-05
0.325159	6.37779E-04	3.11494E-05
0.325385	6.19638E-04	3.09271E-05
0.325839	6.90933E-04	3.09371E-05
0.326066	6.18467E-04	3.10814E-05
0.326292	6.20356E-04	3.09170E-05
0.326519	6.60866E-04	3.10074E-05
0.326746	6.98771E-04	3.13336E-05
0.326973	6.69242E-04	3.08675E-05
0.327199	6.90754E-04	3.08739E-05
0.327426	6.31230E-04	3.09641E-05
0.327653	6.52620E-04	3.08517E-05
0.327879	6.09857E-04	3.10317E-05
0.328106	6.53551E-04	3.10700E-05
0.328333	6.25709E-04	3.09724E-05
0.32856	6.17901E-04	3.11261E-05
0.328786	6.35769E-04	3.07796E-05
0.329013	6.06321E-04	3.08707E-05
0.32924	6.23895E-04	3.09474E-05
0.329466	6.18317E-04	3.09968E-05
0.329693	6.64589E-04	3.09767E-05
0.32992	6.73769E-04	3.10160E-05
0.330147	5.85418E-04	3.11508E-05
0.330373	6.34425E-04	3.08313E-05
0.3306	6.50395E-04	3.08273E-05
0.330827	6.55299E-04	3.09681E-05
0.331053	6.41617E-04	3.08871E-05
0.33128	6.25598E-04	3.08752E-05
0.331507	6.10885E-04	3.09956E-05
0.331734	6.27065E-04	3.10631E-05
0.33196	6.23027E-04	3.10564E-05
0.332187	6.69270E-04	3.08393E-05
0.332414	6.03111E-04	3.08051E-05
0.33264	5.78659E-04	3.09154E-05
0.332867	6.13230E-04	3.08591E-05
0.333094	6.01383E-04	3.09444E-05
0.333321	6.22336E-04	3.10197E-05
0.333547	6.15165E-04	3.12197E-05
0.333774	6.81811E-04	3.07997E-05
0.334001	6.04114E-04	3.07640E-05
0.334227	6.14518E-04	3.09010E-05
0.334454	6.25586E-04	3.08248E-05
0.334681	6.07783E-04	3.10011E-05
0.334908	6.23280E-04	3.08840E-05
0.335134	6.37822E-04	3.10393E-05
0.335361	6.26896E-04	3.10934E-05
0.335588	5.73702E-04	3.08883E-05
0.335815	6.23362E-04	3.06873E-05
0.336041	6.19508E-04	3.09779E-05
0.336268	6.34468E-04	3.08782E-05
0.336495	6.08959E-04	3.09257E-05
0.336721	5.70916E-04	3.09209E-05
0.337175	5.85675E-04	3.07748E-05
0.337628	6.34596E-04	3.07887E-05
0.337855	6.43839E-04	3.08064E-05
0.338082	6.31244E-04	3.08622E-05
0.338308	6.02699E-04	3.09286E-05
0.338535	6.57749E-04	3.10614E-05
0.338762	6.36723E-04	3.10299E-05
0.338989	6.42845E-04	3.07765E-05
0.339215	5.91366E-04	3.08193E-05
0.339442	5.89385E-04	3.08699E-05
0.339669	6.03654E-04	3.08845E-05
0.339895	5.49417E-04	3.08476E-05
0.340122	5.59670E-04	3.09000E-05
0.340349	5.32788E-04	3.10991E-05
0.340576	5.90674E-04	3.07674E-05
0.340802	5.64793E-04	3.08185E-05
0.341029	6.38745E-04	3.07905E-05
0.341256	5.64544E-04	3.09026E-05
0.341482	6.21968E-04	3.08646E-05
0.341709	6.15212E-04	3.08546E-05
0.342163	5.98907E-04	3.10056E-05
0.342389	5.61543E-04	3.06677E-05
0.342616	5.71468E-04	3.07992E-05
0.342843	6.27288E-04	3.09184E-05
0.343069	5.63343E-04	3.08960E-05
0.343296	6.16199E-04	3.06799E-05
0.34375	6.23001E-04	3.10063E-05
0.343976	5.86225E-04	3.07350E-05
0.344203	6.33487E-04	3.08348E-05
0.34443	6.22879E-04	3.07811E-05
0.344656	6.52647E-04	3.08503E-05
0.344883	5.82599E-04	3.09093E-05
0.345337	5.80766E-04	3.11185E-05
0.345563	6.16594E-04	3.07974E-05
0.346017	6.30214E-04	3.18027E-05
0.346244	5.47257E-04	3.23497E-05
0.346697	6.36176E-04	3.30919E-05
0.346924	6.27187E-04	3.34049E-05
0.34715	5.76259E-04	3.32758E-05
0.347604	6.01329E-04	3.40168E-05
0.347831	5.44265E-04	3.42237E-05
0.348057	6.26671E-04	3.45428E-05
0.348284	5.94397E-04	3.47975E-05
0.348511	5.75249E-04	3.47551E-05
0.348737	6.19522E-04	3.51321E-05
0.348964	5.61192E-04	3.54513E-05
0.349191	6.17758E-04	3.53717E-05
0.349644	6.21446E-04	3.59856E-05
0.349871	5.59341E-04	3.59378E-05
