0.0063258	8.9675e-06	2.1114e-06
0.0066133	1.1696e-05	1.8243e-06
0.0069008	9.8345e-06	1.517e-06
0.0071884	1.1338e-05	1.4012e-06
0.0074759	1.0229e-05	1.0882e-06
0.0077634	9.5723e-06	8.8604e-07
0.008051	8.6119e-06	7.2647e-07
0.0083385	7.7251e-06	6.36e-07
0.008626	9.2667e-06	5.9813e-07
0.0089136	9.8642e-06	5.4619e-07
0.0092011	7.8465e-06	5.4222e-07
0.0094887	9.1356e-06	5.3235e-07
0.0097762	8.4996e-06	5.0703e-07
0.010064	9.7669e-06	4.9973e-07
0.010351	9.5806e-06	4.7167e-07
0.010639	9.2474e-06	4.7092e-07
0.010926	8.9791e-06	4.6716e-07
0.011214	8.5597e-06	4.5505e-07
0.011501	1.0253e-05	4.6363e-07
0.011789	8.8043e-06	4.5533e-07
0.012076	9.1443e-06	4.6301e-07
0.012364	9.2877e-06	4.5427e-07
0.012652	8.7716e-06	4.5265e-07
0.012939	8.4173e-06	4.4805e-07
0.013227	8.7826e-06	4.4169e-07
0.013514	9.0996e-06	4.4375e-07
0.013802	8.6631e-06	4.3248e-07
0.014089	8.3665e-06	4.3823e-07
0.014377	1.0069e-05	4.3462e-07
0.014664	9.9295e-06	4.2177e-07
0.014952	8.0266e-06	4.3809e-07
0.015239	8.8884e-06	4.4403e-07
0.015527	7.9675e-06	4.5368e-07
0.015814	8.281e-06	4.5855e-07
0.016102	8.1796e-06	4.4839e-07
0.016389	8.2279e-06	4.2573e-07
0.016677	8.1945e-06	4.0501e-07
0.016965	9.2519e-06	4.1416e-07
0.017252	8.3588e-06	4.1286e-07
0.01754	8.7804e-06	4.0597e-07
0.017827	7.9414e-06	3.9672e-07
0.018115	8.1871e-06	3.9325e-07
0.018402	8.3434e-06	3.9852e-07
0.01869	8.5284e-06	3.8724e-07
0.018977	8.2112e-06	3.8639e-07
0.019265	8.1897e-06	3.8372e-07
0.019552	8.9695e-06	3.7449e-07
0.01984	7.9399e-06	3.6446e-07
0.020127	8.3674e-06	3.4899e-07
0.020415	9.0944e-06	3.6102e-07
0.020702	8.8757e-06	3.5562e-07
0.02099	8.6114e-06	3.5386e-07
0.021278	8.5304e-06	3.4582e-07
0.021565	8.6233e-06	3.3779e-07
0.021853	7.5851e-06	3.4448e-07
0.02214	7.7382e-06	3.4088e-07
0.022428	8.539e-06	3.38e-07
0.022715	8.4332e-06	3.3325e-07
0.023003	8.2488e-06	3.3581e-07
0.02329	8.1702e-06	3.3737e-07
0.023578	8.7191e-06	3.259e-07
0.023865	7.9599e-06	3.2919e-07
0.024153	7.7146e-06	3.2892e-07
0.02444	7.9284e-06	3.2623e-07
0.024728	8.2808e-06	3.2597e-07
0.025015	8.1101e-06	3.1557e-07
0.025303	8.3182e-06	3.1943e-07
0.02559	7.2877e-06	3.1901e-07
0.025878	7.5797e-06	3.1909e-07
0.026166	8.1226e-06	3.2135e-07
0.026453	7.3835e-06	3.0876e-07
0.026741	7.5663e-06	3.1663e-07
0.027028	7.8281e-06	3.1088e-07
0.027316	7.7284e-06	3.1094e-07
0.027603	7.0701e-06	3.1249e-07
0.027891	8.4365e-06	3.0579e-07
0.028178	8.1771e-06	3.098e-07
0.028466	7.5228e-06	2.9959e-07
0.028753	7.5633e-06	3.0778e-07
0.029041	6.8297e-06	3.021e-07
0.029328	7.4427e-06	3.0219e-07
0.029616	7.5859e-06	3.0727e-07
0.029903	7.1442e-06	2.9213e-07
0.030191	6.7618e-06	3.0208e-07
0.030478	6.9343e-06	3.0163e-07
0.030766	7.8436e-06	2.9486e-07
0.031053	7.4865e-06	2.9683e-07
0.031341	7.3949e-06	2.9537e-07
0.031629	7.2062e-06	2.965e-07
0.031916	7.3815e-06	2.9344e-07
0.032204	7.0584e-06	2.9227e-07
0.032491	6.455e-06	2.905e-07
0.032779	6.7246e-06	2.8956e-07
0.033066	7.0139e-06	2.9518e-07
0.033354	6.8096e-06	2.876e-07
0.033641	7.3123e-06	2.8485e-07
0.033929	7.1373e-06	2.8634e-07
0.034216	7.0073e-06	2.8501e-07
0.034504	6.9035e-06	2.8612e-07
0.034791	6.6657e-06	2.8137e-07
0.035079	6.8351e-06	2.8272e-07
0.035366	7.3318e-06	2.8073e-07
0.035654	7.2132e-06	2.8474e-07
0.035941	6.7167e-06	2.8109e-07
0.036229	6.6063e-06	2.7685e-07
0.036516	6.7365e-06	2.799e-07
0.036804	6.8631e-06	2.7533e-07
0.037092	6.9031e-06	2.7571e-07
0.037379	6.6303e-06	2.643e-07
0.037667	6.8097e-06	2.6967e-07
0.037954	6.8407e-06	2.7385e-07
0.038242	6.2603e-06	2.6712e-07
0.038529	6.2809e-06	2.702e-07
0.038817	6.6988e-06	2.6672e-07
0.039104	6.0796e-06	2.7142e-07
0.039392	6.5649e-06	2.7157e-07
0.039679	6.5468e-06	2.6181e-07
0.039967	6.2086e-06	2.6847e-07
0.040254	6.3731e-06	2.633e-07
0.040542	6.4271e-06	2.687e-07
0.040829	6.8584e-06	2.6316e-07
0.041117	6.7253e-06	2.6079e-07
0.041404	6.2601e-06	2.6614e-07
0.041692	6.1253e-06	2.6211e-07
0.041979	6.3636e-06	2.6359e-07
0.042267	6.2158e-06	2.5862e-07
0.042554	6.5345e-06	2.6051e-07
0.042842	5.8355e-06	2.625e-07
0.043129	6.318e-06	2.5807e-07
0.043417	6.1885e-06	2.5654e-07
0.043704	5.8737e-06	2.5593e-07
0.043992	6.1857e-06	2.5339e-07
0.04428	6.0794e-06	2.4954e-07
0.044567	5.7554e-06	2.5058e-07
0.044855	5.3664e-06	2.6079e-07
0.045142	5.6938e-06	2.6344e-07
0.04543	5.3424e-06	2.6596e-07
0.045717	5.7955e-06	2.662e-07
0.046005	6.01e-06	2.6803e-07
0.046292	6.4205e-06	2.6944e-07
0.04658	5.7653e-06	2.7084e-07
0.046867	5.3699e-06	2.7472e-07
0.047155	5.5944e-06	2.6861e-07
0.047442	5.1811e-06	2.7504e-07
0.04773	5.6076e-06	2.7494e-07
0.048017	5.4574e-06	2.7537e-07
0.048305	5.39e-06	2.724e-07
0.048592	5.5868e-06	2.6993e-07
0.04888	5.8677e-06	2.7579e-07
0.049167	5.3313e-06	2.7398e-07
0.049455	5.7457e-06	2.7307e-07
0.049742	5.3043e-06	2.7265e-07
0.05003	5.3614e-06	2.7064e-07
0.050317	4.9741e-06	2.737e-07
0.050605	5.6413e-06	2.7125e-07
0.050892	5.34e-06	2.7366e-07
0.05118	4.9005e-06	2.7597e-07
0.051467	5.0032e-06	2.6993e-07
0.051755	5.3819e-06	2.7682e-07
0.052042	5.1662e-06	2.6632e-07
0.05233	5.2353e-06	2.7518e-07
0.052617	5.3626e-06	2.6958e-07
0.052905	5.0815e-06	2.7169e-07
0.053192	5.2061e-06	2.7389e-07
0.05348	4.6265e-06	2.6535e-07
0.053768	4.8983e-06	2.7422e-07
0.054055	4.8806e-06	2.7037e-07
0.054343	5.1016e-06	2.663e-07
0.05463	4.742e-06	2.7028e-07
0.054918	5.4526e-06	2.5992e-07
0.055205	4.5376e-06	2.6518e-07
0.055493	4.686e-06	2.6047e-07
0.05578	5.5529e-06	2.6288e-07
0.056068	4.64e-06	2.6886e-07
0.056355	4.8118e-06	2.6713e-07
0.056643	4.6678e-06	2.6736e-07
0.05693	4.6383e-06	2.6081e-07
0.057218	4.7503e-06	2.6704e-07
0.057505	4.5605e-06	2.6451e-07
0.057793	4.5434e-06	2.648e-07
0.05808	4.6573e-06	2.6658e-07
0.058368	4.6349e-06	2.6103e-07
0.058655	4.4436e-06	2.6736e-07
0.058943	4.8644e-06	2.6382e-07
0.05923	4.4814e-06	2.6071e-07
0.059518	4.3574e-06	2.6368e-07
0.059805	4.8285e-06	2.617e-07
0.060093	5.0106e-06	2.6674e-07
0.06038	4.2524e-06	2.5849e-07
0.060668	4.3633e-06	2.6016e-07
0.060955	4.1963e-06	2.595e-07
0.061243	4.2963e-06	2.6242e-07
0.06153	4.0333e-06	2.6452e-07
0.061818	4.276e-06	2.5687e-07
0.062105	3.9726e-06	2.637e-07
0.062393	4.208e-06	2.589e-07
0.06268	4.4485e-06	2.6048e-07
0.062968	4.2959e-06	2.596e-07
0.063255	3.7358e-06	2.583e-07
0.063543	3.9135e-06	2.607e-07
0.06383	4.0628e-06	2.584e-07
0.064118	3.728e-06	2.5797e-07
0.064405	3.8467e-06	2.5584e-07
0.064693	4.2193e-06	2.5867e-07
0.06498	3.7556e-06	2.598e-07
0.065268	4.2993e-06	2.5225e-07
0.065555	3.7769e-06	2.5829e-07
0.065843	3.9601e-06	2.5574e-07
0.06613	4.0164e-06	2.5887e-07
0.066418	3.5186e-06	2.5557e-07
0.066705	3.7377e-06	2.5429e-07
0.066993	4.29e-06	2.5612e-07
0.06728	3.1512e-06	2.546e-07
0.067568	3.4145e-06	2.5654e-07
0.067855	3.8618e-06	2.5275e-07
0.068143	3.3172e-06	2.5249e-07
0.06843	3.8441e-06	2.5627e-07
0.068718	3.7182e-06	2.5199e-07
0.069005	4.353e-06	2.5487e-07
0.069293	3.788e-06	2.5381e-07
0.06958	3.6737e-06	2.5115e-07
0.069868	3.96e-06	2.5547e-07
0.070155	3.7708e-06	2.477e-07
0.070443	3.6162e-06	2.5305e-07
0.07073	4.1471e-06	2.5144e-07
0.071018	2.9855e-06	2.5005e-07
0.071305	3.8832e-06	2.5335e-07
0.071593	3.9187e-06	2.4769e-07
0.07188	3.4241e-06	2.5204e-07
0.072168	3.5152e-06	2.5613e-07
0.072455	3.5897e-06	2.57e-07
0.072742	3.8053e-06	2.5762e-07
0.07303	4.494e-06	2.6174e-07
0.073317	3.175e-06	2.7039e-07
0.073605	3.8112e-06	2.7282e-07
0.073892	3.6951e-06	2.7281e-07
0.07418	3.2139e-06	2.7385e-07
0.074467	3.5926e-06	2.7646e-07
0.074755	3.7039e-06	2.7796e-07
0.075042	3.4026e-06	2.717e-07
0.07533	3.2448e-06	2.7393e-07
0.075617	3.3438e-06	2.7806e-07
0.075905	3.8763e-06	2.8002e-07
0.076192	3.3003e-06	2.7746e-07
0.07648	3.1219e-06	2.7766e-07
0.076767	3.9515e-06	2.8023e-07
0.077055	3.1326e-06	2.7611e-07
0.077342	3.2917e-06	2.6633e-07
0.07763	2.9978e-06	2.5884e-07
0.077917	3.3099e-06	2.5925e-07
0.078205	2.9194e-06	2.596e-07
0.078492	3.9466e-06	2.5258e-07
0.07878	3.0659e-06	2.5306e-07
0.079067	3.3184e-06	2.5172e-07
0.079355	2.9684e-06	2.5295e-07
0.079642	3.1712e-06	2.5324e-07
0.07993	3.3006e-06	2.4868e-07
0.080217	3.2251e-06	2.5169e-07
0.080505	2.6356e-06	2.4964e-07
0.080792	2.6126e-06	2.5114e-07
0.08108	3.4278e-06	2.4689e-07
0.081367	2.9178e-06	2.4777e-07
0.081654	2.6918e-06	2.4965e-07
0.081942	2.9025e-06	2.466e-07
0.082229	2.7014e-06	2.491e-07
0.082517	2.4852e-06	2.4656e-07
0.082804	3.2081e-06	2.4809e-07
0.083092	3.7334e-06	2.4846e-07
0.083379	3.2677e-06	2.4268e-07
0.083667	3.0522e-06	2.4716e-07
0.083954	2.8806e-06	2.4155e-07
0.084242	3.0836e-06	2.4578e-07
0.084529	2.7895e-06	2.4551e-07
0.084817	2.4238e-06	2.4188e-07
0.085104	3.2215e-06	2.4568e-07
0.085392	3.0919e-06	2.4279e-07
0.085679	2.8377e-06	2.4414e-07
0.085967	2.3331e-06	2.4216e-07
0.086254	3.0227e-06	2.3997e-07
0.086542	3.1846e-06	2.4462e-07
0.086829	2.7046e-06	2.3929e-07
0.087116	2.2148e-06	2.4177e-07
0.087404	2.5866e-06	2.3828e-07
0.087691	2.2485e-06	2.41e-07
0.087979	2.3592e-06	2.4373e-07
0.088266	2.5619e-06	2.416e-07
0.088554	2.3493e-06	2.3755e-07
0.088841	2.1673e-06	2.3727e-07
0.089129	2.5383e-06	2.3941e-07
0.089416	2.2701e-06	2.3976e-07
0.089704	2.7252e-06	2.3338e-07
0.089991	3.1494e-06	2.3307e-07
0.090279	2.6981e-06	2.3298e-07
0.090566	2.8576e-06	2.3479e-07
0.090854	2.2347e-06	2.3288e-07
0.091141	2.5166e-06	2.3342e-07
0.091428	2.5866e-06	2.3629e-07
0.091716	2.5171e-06	2.3417e-07
0.092003	2.2075e-06	2.3539e-07
0.092291	2.5139e-06	2.3022e-07
0.092578	2.7673e-06	2.344e-07
0.092866	2.3797e-06	2.3382e-07
0.093153	2.0198e-06	2.3282e-07
0.093441	2.7617e-06	2.3263e-07
0.093728	1.6005e-06	2.311e-07
0.094016	2.1872e-06	2.3383e-07
0.094303	2.5836e-06	2.3229e-07
0.09459	2.7074e-06	2.2913e-07
0.094878	2.6992e-06	2.3197e-07
0.095165	2.2484e-06	2.3013e-07
0.095453	2.3409e-06	2.3393e-07
0.09574	2.0892e-06	2.2686e-07
0.096028	2.5851e-06	2.3303e-07
0.096315	2.1434e-06	2.3065e-07
0.096603	2.2236e-06	2.3107e-07
0.09689	2.0929e-06	2.3043e-07
0.097178	2.8855e-06	2.2909e-07
0.097465	2.356e-06	2.3284e-07
0.097752	2.8324e-06	2.2959e-07
0.09804	1.802e-06	2.2718e-07
0.098327	2.5579e-06	2.2994e-07
0.098615	2.6579e-06	2.2599e-07
0.098902	2.3134e-06	2.2971e-07
0.09919	2.1189e-06	2.2953e-07
0.099477	2.4359e-06	2.2624e-07
0.099765	2.2847e-06	2.2749e-07
0.10005	2.1325e-06	2.2692e-07
0.10034	2.3072e-06	2.2798e-07
0.10063	2.3996e-06	2.2334e-07
0.10091	2.1249e-06	2.2681e-07
0.1012	1.9209e-06	2.2734e-07
0.10149	2.3727e-06	2.2646e-07
0.10178	2.3208e-06	2.2642e-07
0.10206	2.347e-06	2.2509e-07
0.10235	1.8733e-06	2.2619e-07
0.10264	1.5442e-06	2.2777e-07
0.10293	2.0847e-06	2.2468e-07
0.10321	2.2406e-06	2.2305e-07
0.1035	2.3593e-06	2.238e-07
0.10379	2.3376e-06	2.2597e-07
0.10408	2.0923e-06	2.2454e-07
0.10436	1.7129e-06	2.2339e-07
0.10465	1.2664e-06	2.2415e-07
0.10494	2.2975e-06	2.2388e-07
0.10523	2.0646e-06	2.1867e-07
0.10551	2.3495e-06	2.1565e-07
0.1058	2.0149e-06	2.2009e-07
0.10609	1.809e-06	2.2075e-07
0.10638	2.1868e-06	2.1978e-07
0.10666	2.0988e-06	2.19e-07
0.10695	2.1865e-06	2.2063e-07
0.10724	2.3033e-06	2.1999e-07
0.10753	2.2671e-06	2.1551e-07
0.10781	2.0144e-06	2.1592e-07
0.1081	1.9517e-06	2.1513e-07
0.10839	1.4915e-06	2.1896e-07
0.10868	2.09e-06	2.183e-07
0.10896	2.2715e-06	2.1514e-07
0.10925	1.7674e-06	2.172e-07
0.10954	1.8978e-06	2.152e-07
0.10983	1.9714e-06	2.1739e-07
0.11011	2.0811e-06	2.1774e-07
0.1104	1.8638e-06	2.1467e-07
0.11069	1.8124e-06	2.1736e-07
0.11097	1.5107e-06	2.1706e-07
0.11126	1.8114e-06	2.1699e-07
0.11155	1.7996e-06	2.1672e-07
0.11184	1.7564e-06	2.1418e-07
0.11212	1.8283e-06	2.1525e-07
0.11241	1.8969e-06	2.1524e-07
0.1127	1.8742e-06	2.1573e-07
0.11299	2.0132e-06	2.1631e-07
0.11327	1.4602e-06	2.1517e-07
0.11356	1.666e-06	2.1824e-07
0.11385	1.826e-06	2.1227e-07
0.11414	1.6212e-06	2.1361e-07
0.11442	1.8451e-06	2.1336e-07
0.11471	1.9572e-06	2.1467e-07
0.115	1.68e-06	2.1474e-07
0.11529	1.7081e-06	2.1052e-07
0.11557	1.77e-06	2.1443e-07
0.11586	1.6883e-06	2.137e-07
0.11615	1.6874e-06	2.1427e-07
0.11644	1.7637e-06	2.1398e-07
0.11672	1.7614e-06	2.1178e-07
0.11701	1.8447e-06	2.1477e-07
0.1173	1.7143e-06	2.1231e-07
0.11759	2.1072e-06	2.1034e-07
0.11787	1.7836e-06	2.1119e-07
0.11816	1.9273e-06	2.1182e-07
0.11845	2.1756e-06	2.142e-07
0.11874	1.4823e-06	2.1118e-07
0.11902	1.7053e-06	2.1114e-07
0.11931	2.1478e-06	2.0885e-07
0.1196	1.7267e-06	2.1161e-07
0.11988	1.538e-06	2.1134e-07
0.12017	1.6836e-06	2.0836e-07
0.12046	1.9178e-06	2.1017e-07
0.12075	1.4704e-06	2.0951e-07
0.12103	1.8295e-06	2.1104e-07
0.12132	1.6674e-06	2.0849e-07
0.12161	1.4077e-06	2.1079e-07
0.1219	1.4543e-06	2.103e-07
0.12218	1.6129e-06	2.0873e-07
0.12247	1.5405e-06	2.0786e-07
0.12276	1.5816e-06	2.0831e-07
0.12305	1.7011e-06	2.0991e-07
0.12333	1.4426e-06	2.0845e-07
0.12362	1.4638e-06	2.0866e-07
0.12391	1.9877e-06	2.0711e-07
0.1242	1.7919e-06	2.071e-07
0.12448	1.0134e-06	2.0888e-07
0.12477	2.1076e-06	2.1001e-07
0.12506	1.5333e-06	2.143e-07
0.12535	1.4825e-06	2.2016e-07
0.12563	1.5436e-06	2.1804e-07
0.12592	1.2359e-06	2.2174e-07
0.12621	2.0136e-06	2.198e-07
0.12649	1.2689e-06	2.2386e-07
0.12678	1.7945e-06	2.2695e-07
0.12707	1.564e-06	2.1877e-07
0.12736	1.3979e-06	2.1669e-07
0.12764	1.6925e-06	2.1388e-07
0.12793	1.8346e-06	2.1801e-07
0.12822	1.5804e-06	2.1599e-07
0.12851	1.2015e-06	2.1289e-07
0.12879	1.6971e-06	2.1462e-07
0.12908	1.0869e-06	2.1003e-07
0.12937	2.0513e-06	2.1453e-07
0.12966	1.6198e-06	2.1324e-07
0.12994	1.6709e-06	2.1021e-07
0.13023	1.6232e-06	2.1244e-07
0.13052	1.2036e-06	2.0947e-07
0.13081	1.2375e-06	2.1154e-07
0.13109	1.6057e-06	2.0783e-07
0.13138	1.4389e-06	2.0937e-07
0.13167	1.3273e-06	2.1117e-07
0.13196	1.4597e-06	2.075e-07
0.13224	1.5319e-06	2.0994e-07
0.13253	1.4729e-06	2.098e-07
0.13282	1.6405e-06	2.072e-07
0.1331	1.6426e-06	2.1103e-07
0.13339	9.9967e-07	2.1513e-07
0.13368	1.5636e-06	2.1755e-07
0.13397	1.2419e-06	2.1845e-07
0.13425	1.0801e-06	2.2222e-07
0.13454	1.4029e-06	2.2033e-07
0.13483	1.3279e-06	2.2022e-07
0.13512	9.8737e-07	2.2238e-07
0.1354	1.3651e-06	2.1823e-07
0.13569	1.2054e-06	2.2322e-07
0.13598	1.4257e-06	2.2126e-07
0.13627	1.1812e-06	2.2478e-07
0.13655	7.8973e-07	2.2496e-07
0.13684	1.4627e-06	2.2305e-07
0.13713	1.5365e-06	2.2251e-07
0.13742	1.3791e-06	2.2376e-07
0.1377	1.5569e-06	2.2568e-07
0.13799	1.4881e-06	2.2644e-07
0.13828	1.3884e-06	2.1666e-07
0.13856	1.66e-06	2.1454e-07
0.13885	1.6004e-06	2.0865e-07
0.13914	9.6543e-07	2.1235e-07
0.13943	9.2641e-07	2.0916e-07
0.13971	1.4463e-06	2.0843e-07
0.14	1.4977e-06	2.1018e-07
0.14029	9.6453e-07	2.0651e-07
0.14058	1.4991e-06	2.0856e-07
0.14086	1.2717e-06	2.06e-07
0.14115	1.2914e-06	2.0622e-07
0.14144	1.2731e-06	2.0831e-07
0.14173	1.3817e-06	2.0593e-07
0.14201	1.4774e-06	2.0545e-07
0.1423	1.2369e-06	2.0426e-07
0.14259	1.5563e-06	2.0431e-07
0.14288	1.196e-06	2.0494e-07
0.14316	1.4072e-06	2.0334e-07
0.14345	1.161e-06	2.0487e-07
0.14374	1.1644e-06	2.0239e-07
0.14402	1.033e-06	2.0299e-07
0.14431	9.6615e-07	1.991e-07
0.1446	1.1481e-06	1.9694e-07
0.14489	1.4128e-06	1.9955e-07
0.14517	8.0568e-07	2.0033e-07
0.14546	1.7113e-06	2.0046e-07
0.14575	1.0726e-06	1.9686e-07
0.14604	9.8335e-07	1.9723e-07
0.14632	1.1604e-06	1.9797e-07
0.14661	9.1176e-07	1.9875e-07
0.1469	1.0593e-06	1.9708e-07
0.14719	1.2118e-06	1.9756e-07
0.14747	7.0128e-07	1.9904e-07
0.14776	1.2126e-06	1.9899e-07
0.14805	1.4107e-06	1.9692e-07
0.14834	1.1951e-06	1.9967e-07
0.14862	1.1591e-06	1.982e-07
0.14891	1.3967e-06	1.9808e-07
0.1492	1.6006e-06	1.9582e-07
0.14948	6.6274e-07	1.9783e-07
0.14977	1.3349e-06	1.9602e-07
0.15006	1.0612e-06	1.9624e-07
0.15035	1.3806e-06	1.9864e-07
0.15063	1.0836e-06	1.9598e-07
0.15092	9.683e-07	1.9743e-07
0.15121	1.1947e-06	1.9457e-07
0.1515	1.5634e-06	1.9651e-07
0.15178	1.2883e-06	1.9644e-07
0.15207	1.047e-06	1.9502e-07
0.15236	1.1453e-06	1.9785e-07
0.15265	1.3925e-06	1.9554e-07
0.15293	8.4842e-07	1.9501e-07
0.15322	1.1692e-06	1.9449e-07
0.15351	1.0727e-06	1.9539e-07
0.15379	8.1373e-07	1.9703e-07
0.15408	1.3566e-06	1.9337e-07
0.15437	1.1901e-06	1.9496e-07
0.15466	1.6888e-06	1.9337e-07
0.15494	1.0289e-06	1.9587e-07
0.15523	6.7737e-07	1.9488e-07
0.15552	6.6237e-07	1.9274e-07
0.15581	8.5285e-07	1.9503e-07
0.15609	1.2076e-06	1.9263e-07
0.15638	8.0642e-07	1.9261e-07
0.15667	1.1543e-06	1.9302e-07
0.15695	1.1482e-06	1.9127e-07
0.15724	1.2544e-06	1.9386e-07
0.15753	8.2941e-07	1.9237e-07
0.15782	9.4423e-07	1.924e-07
0.1581	1.5973e-06	1.93e-07
0.15839	1.4375e-06	1.9123e-07
0.15868	1.1683e-06	1.9363e-07
0.15897	1.24e-06	1.9015e-07
0.15925	1.0692e-06	1.9126e-07
0.15954	8.8064e-07	1.9177e-07
0.15983	7.3354e-07	1.9151e-07
0.16012	6.9024e-07	1.9095e-07
0.1604	1.1342e-06	1.8878e-07
0.16069	1.3022e-06	1.9247e-07
0.16098	1.2209e-06	1.9083e-07
0.16126	9.583e-07	1.9058e-07
0.16155	1.2479e-06	1.8989e-07
0.16184	7.863e-07	1.8586e-07
0.16213	7.9829e-07	1.8799e-07
0.16241	1.2155e-06	1.8732e-07
0.1627	5.2862e-07	1.8858e-07
0.16299	1.099e-06	1.8777e-07
0.16328	1.1236e-06	1.8799e-07
0.16356	9.4998e-07	1.8821e-07
0.16385	8.7414e-07	1.8678e-07
0.16414	9.4545e-07	1.8875e-07
0.16443	1.2814e-06	1.871e-07
0.16471	1.0095e-06	1.8665e-07
0.165	7.5654e-07	1.8707e-07
0.16529	1.122e-06	1.8716e-07
0.16557	1.151e-06	1.8551e-07
0.16586	9.0149e-07	1.8422e-07
0.16615	7.7659e-07	1.8287e-07
0.16644	9.1892e-07	1.8152e-07
0.16672	9.1417e-07	1.8344e-07
0.16701	1.3855e-06	1.8505e-07
0.1673	5.4455e-07	1.8424e-07
0.16759	1.0063e-06	1.8519e-07
0.16787	8.5272e-07	1.8361e-07
0.16816	4.9042e-07	1.863e-07
0.16845	8.1489e-07	1.8478e-07
0.16873	1.0225e-06	1.8387e-07
0.16902	1.2153e-06	1.8514e-07
0.16931	1.1782e-06	1.838e-07
0.1696	9.5637e-07	1.8508e-07
0.16988	8.8059e-07	1.8481e-07
0.17017	6.37e-07	1.8371e-07
0.17046	9.0845e-07	1.8482e-07
0.17075	8.3831e-07	1.8257e-07
0.17103	1.1503e-06	1.8415e-07
0.17132	1.5655e-06	1.8362e-07
0.17161	7.8201e-07	1.8362e-07
0.17189	9.3482e-07	1.8392e-07
0.17218	9.9072e-07	1.8106e-07
0.17247	7.9247e-07	1.8281e-07
0.17276	1.0209e-06	1.8233e-07
0.17304	8.5723e-07	1.8276e-07
0.17333	9.6992e-07	1.8437e-07
0.17362	1.0789e-06	1.8172e-07
0.17391	8.3744e-07	1.8285e-07
0.17419	1.0838e-06	1.8254e-07
0.17448	1.2286e-06	1.8224e-07
0.17477	9.4027e-07	1.8236e-07
0.17505	1.2254e-06	1.8185e-07
0.17534	7.3047e-07	1.8168e-07
0.17563	9.3788e-07	1.8183e-07
0.17592	8.183e-07	1.813e-07
0.1762	1.0327e-06	1.8005e-07
0.17649	5.9069e-07	1.8136e-07
0.17678	8.8725e-07	1.8149e-07
0.17707	8.4912e-07	1.8182e-07
0.17735	7.8355e-07	1.7982e-07
0.17764	8.2994e-07	1.8042e-07
0.17793	8.9077e-07	1.8122e-07
0.17821	7.5152e-07	1.8129e-07
0.1785	8.0416e-07	1.8041e-07
0.17879	6.8403e-07	1.7964e-07
0.17908	1.1321e-06	1.7939e-07
0.17936	6.7314e-07	1.782e-07
0.17965	1.0522e-06	1.7598e-07
0.17994	8.4746e-07	1.7767e-07
0.18023	7.188e-07	1.7813e-07
0.18051	9.1619e-07	1.7807e-07
0.1808	8.401e-07	1.7799e-07
0.18109	1.0975e-06	1.7678e-07
0.18137	8.5871e-07	1.7775e-07
0.18166	1.109e-06	1.7792e-07
0.18195	7.1046e-07	1.7746e-07
0.18224	9.6854e-07	1.776e-07
0.18252	7.8239e-07	1.7629e-07
0.18281	7.4134e-07	1.7786e-07
0.1831	6.0255e-07	1.766e-07
0.18338	8.8299e-07	1.7557e-07
0.18367	9.3435e-07	1.7783e-07
0.18396	1.1384e-06	1.7496e-07
0.18425	1.0738e-06	1.7874e-07
0.18453	9.0393e-07	1.7542e-07
0.18482	7.9388e-07	1.7525e-07
0.18511	7.157e-07	1.763e-07
0.1854	4.7512e-07	1.7609e-07
0.18568	8.1734e-07	1.7833e-07
0.18597	8.1122e-07	1.7423e-07
0.18626	1.0117e-06	1.759e-07
0.18654	8.219e-07	1.77e-07
0.18683	8.4755e-07	1.7514e-07
0.18712	5.8036e-07	1.7606e-07
0.18741	8.9074e-07	1.7541e-07
0.18769	8.8113e-07	1.7633e-07
0.18798	1.0914e-06	1.7618e-07
0.18827	6.149e-07	1.7389e-07
0.18856	6.882e-07	1.7604e-07
0.18884	5.9693e-07	1.755e-07
0.18913	1.0417e-06	1.7598e-07
0.18942	7.5236e-07	1.7431e-07
0.1897	8.8549e-07	1.7388e-07
0.18999	6.0696e-07	1.7615e-07
0.19028	8.9334e-07	1.7406e-07
0.19057	1.0035e-06	1.7392e-07
0.19085	6.1402e-07	1.7534e-07
0.19114	7.9494e-07	1.7431e-07
0.19143	8.9295e-07	1.7458e-07
0.19171	5.9791e-07	1.732e-07
0.192	5.4361e-07	1.736e-07
0.19229	8.9295e-07	1.7388e-07
0.19258	6.2714e-07	1.7421e-07
0.19286	8.809e-07	1.7539e-07
0.19315	4.6632e-07	1.7282e-07
0.19344	5.3905e-07	1.732e-07
0.19372	6.1364e-07	1.7354e-07
0.19401	7.2372e-07	1.7752e-07
0.1943	7.88e-07	1.7972e-07
0.19459	6.982e-07	1.8206e-07
0.19487	6.3541e-07	1.821e-07
0.19516	7.5444e-07	1.8414e-07
0.19545	1.0976e-06	1.8343e-07
0.19574	1.0107e-06	1.8353e-07
0.19602	9.3282e-07	1.8557e-07
0.19631	8.006e-07	1.8459e-07
0.1966	2.9937e-07	1.8599e-07
0.19688	4.8767e-07	1.8129e-07
0.19717	5.767e-07	1.8262e-07
0.19746	6.4724e-07	1.855e-07
0.19775	9.4321e-07	1.8613e-07
0.19803	8.7088e-07	1.8486e-07
0.19832	5.4848e-07	1.8567e-07
0.19861	4.6571e-07	1.864e-07
0.19889	9.5877e-07	1.8745e-07
0.19918	7.6094e-07	1.8e-07
0.19947	7.4626e-07	1.7744e-07
0.19976	8.0571e-07	1.7779e-07
0.20004	5.8814e-07	1.7851e-07
0.20033	2.1904e-07	1.7687e-07
0.20062	5.6735e-07	1.7394e-07
0.2009	7.9863e-07	1.7697e-07
0.20119	6.3179e-07	1.7554e-07
0.20148	7.2299e-07	1.7599e-07
0.20177	7.763e-07	1.7555e-07
0.20205	4.1013e-07	1.7345e-07
0.20234	7.3183e-07	1.7645e-07
0.20263	7.4449e-07	1.7425e-07
0.20292	7.5675e-07	1.7496e-07
0.2032	3.6917e-07	1.7431e-07
0.20349	7.0406e-07	1.7369e-07
0.20378	7.6253e-07	1.7496e-07
0.20406	6.358e-07	1.7223e-07
0.20435	7.6948e-07	1.741e-07
0.20464	9.0935e-07	1.7431e-07
0.20493	4.9289e-07	1.7403e-07
0.20521	6.3446e-07	1.7224e-07
0.2055	1.1187e-06	1.7154e-07
0.20579	4.5003e-07	1.7322e-07
0.20607	1.0081e-06	1.7168e-07
0.20636	8.5523e-07	1.7216e-07
0.20665	9.1073e-07	1.721e-07
0.20694	1.0796e-06	1.7182e-07
0.20722	3.4935e-07	1.7283e-07
0.20751	4.4383e-07	1.7118e-07
0.2078	7.294e-07	1.711e-07
0.20808	5.1511e-07	1.7116e-07
0.20837	6.4762e-07	1.7274e-07
0.20866	5.8233e-07	1.7225e-07
0.20895	6.3463e-07	1.7063e-07
0.20923	6.0411e-07	1.7186e-07
0.20952	6.1154e-07	1.6947e-07
0.20981	5.3422e-07	1.7091e-07
0.21009	6.0448e-07	1.7022e-07
0.21038	8.4144e-07	1.7003e-07
0.21067	1.0752e-06	1.7093e-07
0.21096	7.2151e-07	1.701e-07
0.21124	2.0915e-07	1.7075e-07
0.21153	6.4049e-07	1.6918e-07
0.21182	3.7409e-07	1.6945e-07
0.2121	8.9019e-07	1.7043e-07
0.21239	8.9669e-07	1.6794e-07
0.21268	5.8612e-07	1.6914e-07
0.21297	5.8159e-07	1.6831e-07
0.21325	7.0317e-07	1.6989e-07
0.21354	4.1529e-07	1.6895e-07
0.21383	7.3856e-07	1.6734e-07
0.21411	5.8227e-07	1.6818e-07
0.2144	7.7351e-07	1.6499e-07
0.21469	8.4101e-07	1.6612e-07
0.21498	5.1833e-07	1.6532e-07
0.21526	7.8173e-07	1.6666e-07
0.21555	5.3687e-07	1.6779e-07
0.21584	6.0706e-07	1.6543e-07
0.21612	5.0703e-07	1.671e-07
0.21641	7.3674e-07	1.657e-07
0.2167	6.2961e-07	1.6662e-07
0.21699	3.7988e-07	1.6696e-07
0.21727	6.78e-07	1.6596e-07
0.21756	8.411e-07	1.6666e-07
0.21785	3.41e-07	1.6553e-07
0.21813	6.4951e-07	1.6583e-07
0.21842	1.0538e-06	1.6678e-07
0.21871	9.5189e-07	1.6463e-07
0.219	2.7616e-07	1.6643e-07
0.21928	3.7924e-07	1.6539e-07
0.21957	8.8941e-07	1.6596e-07
0.21986	4.2508e-07	1.6543e-07
0.22014	8.5307e-07	1.6469e-07
0.22043	6.6959e-07	1.664e-07
0.22072	5.6785e-07	1.6458e-07
0.22101	7.0458e-07	1.6584e-07
0.22129	4.8381e-07	1.645e-07
0.22158	6.8951e-07	1.6476e-07
0.22187	3.2539e-07	1.6511e-07
0.22215	7.6742e-07	1.6488e-07
0.22244	5.5516e-07	1.6536e-07
0.22273	7.9206e-08	1.6485e-07
0.22301	5.5921e-07	1.6442e-07
0.2233	7.7517e-07	1.648e-07
0.22359	3.887e-07	1.64e-07
0.22388	3.7385e-07	1.6462e-07
0.22416	5.0403e-07	1.6409e-07
0.22445	4.8575e-07	1.6502e-07
0.22474	5.1568e-07	1.6386e-07
0.22502	3.4019e-07	1.6441e-07
0.22531	6.8019e-07	1.6469e-07
0.2256	5.6485e-07	1.6387e-07
0.22589	1.0039e-06	1.6397e-07
0.22617	8.5226e-07	1.621e-07
0.22646	6.0889e-07	1.6491e-07
0.22675	6.583e-07	1.6223e-07
0.22703	7.19e-07	1.5978e-07
0.22732	8.6154e-07	1.61e-07
0.22761	5.1046e-07	1.6043e-07
0.2279	5.0655e-07	1.6342e-07
0.22818	8.85e-07	1.6204e-07
0.22847	5.7974e-07	1.6122e-07
0.22876	3.1694e-07	1.6324e-07
0.22904	5.9444e-07	1.6151e-07
0.22933	7.6591e-07	1.6324e-07
0.22962	5.4004e-07	1.6043e-07
0.2299	6.578e-07	1.6245e-07
0.23019	6.7648e-07	1.6123e-07
0.23048	4.1401e-07	1.6199e-07
0.23077	3.2863e-07	1.6177e-07
0.23105	5.2939e-07	1.601e-07
0.23134	3.2135e-07	1.6196e-07
0.23163	4.4005e-07	1.5991e-07
0.23191	4.7442e-07	1.581e-07
0.2322	5.3012e-07	1.5891e-07
0.23249	5.3566e-07	1.5776e-07
0.23278	2.1101e-07	1.5968e-07
0.23306	4.362e-07	1.5839e-07
0.23335	2.3477e-07	1.5849e-07
0.23364	4.4623e-07	1.5966e-07
0.23392	5.8864e-07	1.5884e-07
0.23421	4.6174e-07	1.5931e-07
0.2345	2.9894e-07	1.5696e-07
0.23478	5.8555e-07	1.5904e-07
0.23507	4.4041e-07	1.5913e-07
0.23536	5.1509e-07	1.5859e-07
0.23565	8.3533e-07	1.5944e-07
0.23593	9.1575e-07	1.5775e-07
0.23622	6.2774e-07	1.597e-07
0.23651	3.8559e-07	1.5963e-07
0.23679	5.3174e-07	1.5932e-07
0.23708	3.7864e-07	1.6004e-07
0.23737	5.6031e-07	1.5855e-07
0.23766	6.7599e-07	1.5991e-07
0.23794	7.3164e-07	1.5806e-07
0.23823	6.9441e-07	1.5888e-07
0.23852	8.2043e-07	1.5847e-07
0.2388	5.2211e-07	1.59e-07
0.23909	5.0097e-07	1.5894e-07
0.23938	7.7819e-07	1.567e-07
0.23966	8.7747e-07	1.5877e-07
0.23995	3.7786e-07	1.5852e-07
0.24024	5.2741e-07	1.5878e-07
0.24053	4.5769e-07	1.5776e-07
0.24081	5.8793e-07	1.5753e-07
0.2411	4.0789e-07	1.5958e-07
0.24139	3.5062e-07	1.5786e-07
0.24167	6.5458e-07	1.573e-07
0.24196	3.7173e-07	1.579e-07
0.24225	5.9231e-07	1.5703e-07
0.24253	6.5873e-07	1.5886e-07
0.24282	7.6722e-07	1.5777e-07
0.24311	3.8191e-07	1.5729e-07
0.2434	3.7632e-07	1.5777e-07
0.24368	4.1518e-07	1.5819e-07
0.24397	3.6603e-07	1.577e-07
0.24426	5.4146e-07	1.5629e-07
0.24454	5.8562e-07	1.5674e-07
0.24483	7.9924e-07	1.5751e-07
0.24512	4.489e-07	1.5666e-07
0.24541	9.4992e-07	1.5637e-07
0.24569	5.6202e-07	1.5673e-07
0.24598	5.5337e-07	1.5682e-07
0.24627	6.4532e-07	1.5592e-07
0.24655	3.0929e-07	1.5583e-07
0.24684	3.3345e-07	1.5607e-07
0.24713	4.7452e-07	1.5603e-07
0.24741	1.1948e-07	1.5736e-07
0.2477	3.1672e-07	1.5559e-07
0.24799	2.1829e-07	1.5588e-07
0.24828	3.4634e-07	1.5566e-07
0.24856	4.9549e-07	1.5548e-07
0.24885	5.5804e-07	1.562e-07
0.24914	6.7904e-07	1.535e-07
0.24942	6.7053e-07	1.5399e-07
0.24971	1.5071e-07	1.5333e-07
0.25	6.6213e-07	1.5336e-07
0.25028	3.9364e-07	1.5278e-07
0.25057	2.6532e-07	1.54e-07
0.25086	1.1549e-07	1.5415e-07
0.25114	3.6199e-07	1.5317e-07
0.25143	4.9031e-07	1.5323e-07
0.25172	6.6283e-07	1.529e-07
0.25201	7.5193e-07	1.5442e-07
0.25229	4.6316e-07	1.5376e-07
0.25258	5.8319e-07	1.5369e-07
0.25287	5.0552e-07	1.5444e-07
0.25315	4.6177e-07	1.5298e-07
0.25344	7.4295e-07	1.5493e-07
0.25373	4.5777e-07	1.5416e-07
0.25401	5.6445e-07	1.5401e-07
0.2543	3.7046e-07	1.5417e-07
0.25459	5.1201e-07	1.5312e-07
0.25488	4.7558e-07	1.5374e-07
0.25516	5.4332e-07	1.5518e-07
0.25545	3.4834e-07	1.5957e-07
0.25574	6.8844e-07	1.6104e-07
0.25602	-3.7563e-08	1.5941e-07
0.25631	4.4412e-07	1.6153e-07
0.2566	2.1468e-07	1.6052e-07
0.25688	1.6555e-07	1.6191e-07
0.25717	3.6067e-07	1.6277e-07
0.25746	3.0725e-07	1.6114e-07
0.25775	6.9012e-07	1.6198e-07
0.25803	3.6423e-07	1.6259e-07
0.25832	1.0113e-07	1.6373e-07
0.25861	4.3717e-07	1.6394e-07
0.25889	4.0882e-07	1.6364e-07
0.25918	4.4488e-07	1.6575e-07
0.25947	8.4321e-07	1.646e-07
0.25975	4.686e-07	1.6618e-07
0.26004	3.5595e-07	1.6425e-07
0.26033	4.2308e-07	1.6532e-07
0.26061	8.3167e-07	1.6657e-07
0.2609	4.1632e-07	1.6472e-07
0.26119	4.294e-07	1.6541e-07
0.26148	2.4451e-07	1.6611e-07
0.26176	1.2689e-08	1.664e-07
0.26205	5.1838e-07	1.6731e-07
0.26234	4.4815e-07	1.6544e-07
0.26262	4.5124e-07	1.6642e-07
0.26291	8.1747e-07	1.6647e-07
0.2632	3.8048e-07	1.6736e-07
0.26348	7.0765e-07	1.6715e-07
0.26377	3.5309e-07	1.6693e-07
0.26406	5.9589e-07	1.6713e-07
0.26434	5.0456e-07	1.6786e-07
0.26463	3.8825e-07	1.6885e-07
0.26492	8.7293e-07	1.6673e-07
0.26521	3.3831e-07	1.6861e-07
0.26549	1.753e-07	1.6861e-07
0.26578	6.9598e-07	1.698e-07
0.26607	2.6681e-07	1.6908e-07
0.26635	3.9164e-07	1.6738e-07
0.26664	3.9548e-07	1.6875e-07
0.26693	6.4503e-07	1.7162e-07
0.26721	4.5603e-08	1.7613e-07
0.2675	1.4649e-07	1.7694e-07
0.26779	4.8255e-07	1.7825e-07
0.26807	2.9812e-07	1.8321e-07
0.26836	7.103e-07	1.8173e-07
0.26865	8.495e-07	1.8505e-07
0.26894	1.5906e-07	1.8655e-07
0.26922	4.1612e-07	1.8726e-07
0.26951	3.0027e-07	1.9215e-07
0.2698	3.5692e-07	1.8937e-07
0.27008	1.9644e-07	1.9468e-07
0.27037	4.0913e-07	1.9423e-07
0.27066	6.401e-07	1.9514e-07
0.27094	6.1932e-07	1.9704e-07
0.27123	4.6459e-07	1.9605e-07
0.27152	3.7128e-07	1.9921e-07
0.2718	6.015e-07	1.9931e-07
0.27209	8.7547e-07	1.985e-07
0.27238	6.8277e-07	2.0213e-07
0.27267	6.3685e-07	2.0022e-07
0.27295	2.081e-07	2.0462e-07
0.27324	2.7569e-07	2.0058e-07
0.27353	5.798e-07	2.0171e-07
0.27381	2.3654e-07	2.0463e-07
0.2741	1.5295e-07	2.0473e-07
0.27439	2.885e-07	2.072e-07
0.27467	3.8535e-07	2.0399e-07
0.27496	2.7814e-07	2.0537e-07
0.27525	1.6989e-08	2.0999e-07
0.27553	6.7744e-07	2.0791e-07
0.27582	4.8397e-07	2.0846e-07
0.27611	1.0192e-06	2.0932e-07
0.27639	8.0448e-07	2.1021e-07
0.27668	6.4885e-07	2.1315e-07
0.27697	4.701e-07	2.0932e-07
0.27726	5.3842e-07	2.1148e-07
0.27754	6.0234e-07	2.1164e-07
0.27783	2.2791e-07	2.1064e-07
0.27812	-9.4168e-08	2.1372e-07
0.2784	1.3115e-07	2.1083e-07
0.27869	2.382e-07	2.1421e-07
0.27898	-8.9351e-08	2.1557e-07
0.27926	5.7816e-07	2.1556e-07
0.27955	7.3309e-07	2.1604e-07
0.27984	2.3585e-07	2.1488e-07
0.28012	-7.4713e-08	2.1744e-07
0.28041	5.0708e-07	2.176e-07
0.2807	8.6472e-07	2.1621e-07
0.28098	1.3537e-07	2.1959e-07
0.28127	2.1031e-07	2.1889e-07
0.28156	6.181e-07	2.2026e-07
0.28184	7.4807e-07	2.2042e-07
0.28213	2.2351e-07	2.1826e-07
0.28242	5.1717e-07	2.2278e-07
0.28271	2.5902e-07	2.2147e-07
0.28299	5.6155e-07	2.1963e-07
0.28328	4.7016e-07	2.23e-07
0.28357	3.6902e-07	2.2063e-07
0.28385	5.3512e-07	2.2719e-07
0.28414	-1.1775e-07	2.2728e-07
0.28443	6.895e-07	2.2226e-07
0.28471	8.9909e-07	2.2735e-07
0.285	4.8614e-07	2.2384e-07
0.28529	2.7116e-07	2.2782e-07
0.28557	8.7276e-07	2.2669e-07
0.28586	8.0236e-07	2.2481e-07
0.28615	8.3398e-08	2.3116e-07
0.28643	4.5881e-07	2.2657e-07
0.28672	3.5412e-07	2.3032e-07
0.28701	3.9285e-07	2.2924e-07
0.28729	6.2851e-07	2.3185e-07
0.28758	-1.2569e-07	2.3444e-07
0.28787	6.4257e-07	2.2681e-07
0.28815	7.7149e-07	2.3421e-07
0.28844	8.2249e-07	2.3268e-07
0.28873	4.5871e-07	2.3434e-07
0.28902	6.0041e-07	2.3968e-07
0.2893	6.7578e-07	2.3148e-07
0.28959	5.097e-07	2.3765e-07
0.28988	2.9464e-07	2.356e-07
0.29016	3.3984e-07	2.39e-07
0.29045	1.0965e-06	2.3771e-07
0.29074	4.0815e-07	2.3605e-07
0.29102	3.9997e-07	2.4277e-07
0.29131	2.1092e-07	2.4003e-07
0.2916	6.5484e-07	2.3876e-07
0.29188	3.7182e-07	2.4434e-07
0.29217	1.2115e-07	2.4072e-07
0.29246	2.5787e-07	2.4567e-07
0.29274	5.9497e-08	2.4167e-07
0.29303	6.4071e-07	2.4635e-07
0.29332	-9.0646e-09	2.4539e-07
0.2936	5.9699e-08	2.4361e-07
0.29389	6.4806e-07	2.4785e-07
0.29418	2.0929e-07	2.4488e-07
0.29446	5.3816e-07	2.4897e-07
0.29475	2.0086e-07	2.4713e-07
0.29504	2.6067e-07	2.4868e-07
0.29532	1.3942e-07	2.4744e-07
0.29561	4.2042e-07	2.4824e-07
0.2959	1.6153e-07	2.5448e-07
0.29618	6.9739e-07	2.5204e-07
0.29647	-1.3287e-07	2.5068e-07
0.29676	8.5419e-07	2.5068e-07
0.29705	2.4616e-07	2.5343e-07
0.29733	4.3348e-07	2.5291e-07
0.29762	4.1613e-07	2.527e-07
0.29791	9.292e-07	2.5723e-07
0.29819	6.1653e-07	2.522e-07
0.29848	2.0687e-07	2.5974e-07
0.29877	4.738e-07	2.564e-07
0.29905	5.3533e-07	2.556e-07
0.29934	4.1325e-07	2.5857e-07
0.29963	1.6815e-07	2.5462e-07
0.29991	4.1671e-07	2.5903e-07
0.3002	8.8068e-08	2.5712e-07
0.30049	3.8595e-07	2.5879e-07
0.30077	6.0013e-07	2.621e-07
0.30106	8.5763e-07	2.5411e-07
0.30135	2.8184e-07	2.625e-07
0.30163	-7.1413e-08	2.5575e-07
0.30192	1.4477e-06	2.6253e-07
0.30221	2.4754e-07	2.6283e-07
0.30249	-9.7818e-08	2.6112e-07
0.30278	2.5079e-07	2.6845e-07
0.30307	4.5749e-07	2.602e-07
0.30335	4.9825e-07	2.6538e-07
0.30364	7.4231e-07	2.6678e-07
0.30393	2.9648e-07	2.6798e-07
0.30421	2.4365e-07	2.7137e-07
0.3045	5.5459e-07	2.6406e-07
0.30479	2.7418e-07	2.7226e-07
0.30507	4.9031e-07	2.67e-07
0.30536	8.3463e-07	2.713e-07
0.30565	5.0258e-07	2.7417e-07
0.30593	2.8625e-07	2.6991e-07
0.30622	1.8743e-07	2.7786e-07
0.30651	7.0712e-07	2.6885e-07
0.30679	-8.1618e-07	2.7504e-07
0.30708	5.0949e-07	2.7383e-07
0.30737	1.1944e-07	2.7603e-07
0.30765	1.6298e-07	2.8216e-07
0.30794	2.7759e-07	2.7208e-07
0.30823	2.4884e-07	2.7926e-07
0.30851	6.9714e-07	2.7898e-07
0.3088	-2.2974e-07	2.7884e-07
0.30909	4.3036e-07	2.8817e-07
0.30937	8.5883e-07	2.7696e-07
0.30966	3.2456e-07	2.8424e-07
0.30995	2.1727e-07	2.8039e-07
0.31023	2.5178e-07	2.8537e-07
0.31052	3.4209e-07	2.8488e-07
0.31081	6.7275e-07	2.8281e-07
0.31109	4.5201e-07	2.8989e-07
0.31138	4.8322e-07	2.8278e-07
0.31167	6.4366e-07	2.8958e-07
0.31195	4.0533e-07	2.8677e-07
0.31224	-9.8026e-09	2.9172e-07
0.31253	-3.4804e-07	2.9436e-07
0.31282	8.4389e-07	2.8725e-07
0.3131	5.5803e-07	2.9703e-07
0.31339	7.2547e-07	2.9184e-07
0.31368	2.0962e-07	2.9837e-07
0.31396	6.238e-07	2.9957e-07
0.31425	7.3519e-07	2.9267e-07
0.31454	6.5589e-07	3.0141e-07
0.31482	5.5732e-07	2.97e-07
0.31511	1.1725e-06	3.0267e-07
0.3154	4.5978e-07	3.0241e-07
0.31568	3.0476e-07	2.9928e-07
0.31597	7.5397e-07	3.0958e-07
0.31626	6.6908e-07	2.9934e-07
0.31654	1.5853e-07	3.09e-07
0.31683	8.083e-07	3.0342e-07
0.31712	-3.5639e-07	3.0775e-07
0.3174	3.2253e-07	3.1602e-07
0.31769	1.4374e-07	3.0172e-07
0.31798	5.995e-07	3.145e-07
0.31826	6.1001e-07	3.1058e-07
0.31855	4.0165e-07	3.1369e-07
0.31883	7.2911e-07	3.1582e-07
0.31912	2.0887e-07	3.129e-07
0.31941	2.4928e-07	3.1975e-07
0.31969	-3.7259e-07	3.1002e-07
0.31998	7.7359e-09	3.238e-07
0.32027	2.8307e-07	3.1782e-07
0.32055	1.5379e-07	3.2009e-07
0.32084	-7.5651e-08	3.2415e-07
0.32113	5.7394e-07	3.1505e-07
0.32141	5.4677e-07	3.2808e-07
0.3217	8.3602e-08	3.2013e-07
0.32199	3.6841e-07	3.2471e-07
0.32227	3.3568e-07	3.2667e-07
0.32256	4.2232e-07	3.2684e-07
0.32285	-9.4878e-08	3.3826e-07
0.32313	1.2648e-06	3.26e-07
0.32342	-4.3008e-08	3.335e-07
0.32371	3.7034e-07	3.3312e-07
0.32399	2.7805e-07	3.3097e-07
0.32428	4.3774e-07	3.4507e-07
0.32457	2.2581e-09	3.342e-07
0.32485	2.2652e-07	3.423e-07
0.32514	7.6505e-07	3.3725e-07
0.32543	1.0792e-07	3.4352e-07
0.32571	7.7025e-07	3.5232e-07
0.326	-1.4917e-07	3.3231e-07
0.32629	7.5382e-07	3.512e-07
0.32657	4.5259e-07	3.3753e-07
0.32686	4.2688e-07	3.521e-07
0.32715	-1.7315e-08	3.4811e-07
0.32743	7.1238e-07	3.4743e-07
0.32772	-5.2027e-07	3.6214e-07
0.32801	-6.7522e-07	3.4932e-07
0.32829	4.5037e-07	3.5701e-07
0.32858	-4.0493e-07	3.5393e-07
0.32887	3.8386e-07	3.5487e-07
0.32915	9.4349e-07	3.6598e-07
0.32944	-3.9928e-07	3.5188e-07
0.32973	4.4226e-07	3.6709e-07
0.33001	-5.3807e-07	3.5921e-07
0.3303	9.3114e-07	3.6595e-07
0.33059	8.7026e-07	3.6384e-07
0.33087	1.3565e-07	3.5971e-07
0.33116	4.0936e-07	3.6764e-07
0.33145	-1.2808e-07	3.5239e-07
0.33173	4.1439e-07	3.6583e-07
0.33202	2.6789e-07	3.6206e-07
0.33231	3.715e-07	3.6591e-07
0.33259	6.9325e-08	3.7435e-07
0.33288	-5.1684e-07	3.4965e-07
0.33317	1.8938e-07	3.7662e-07
0.33345	-1.2509e-08	3.6244e-07
0.33374	4.749e-07	3.7015e-07
0.33402	2.4372e-07	3.7609e-07
0.33431	9.6331e-07	3.646e-07
0.3346	-8.3873e-07	3.8482e-07
0.33488	6.953e-07	3.6988e-07
0.33517	5.0391e-07	3.8202e-07
0.33546	1.9929e-07	3.7761e-07
0.33574	1.7145e-07	3.8023e-07
0.33603	-4.8258e-07	3.9329e-07
0.33632	1.177e-07	3.7719e-07
0.3366	1.663e-06	3.9004e-07
0.33689	1.4328e-07	3.8569e-07
0.33718	-2.5961e-07	3.9729e-07
0.33746	9.0389e-07	4.0244e-07
0.33775	1.1781e-07	3.8255e-07
0.33804	2.7767e-07	4.0586e-07
0.33832	1.4773e-06	3.912e-07
0.33861	4.4005e-07	4.0528e-07
0.3389	5.5476e-07	4.0579e-07
0.33918	4.3333e-07	3.9893e-07
0.33947	4.5935e-08	4.1904e-07
0.33976	3.8256e-07	3.882e-07
0.34004	3.3208e-07	4.2132e-07
0.34033	5.5445e-07	4.0373e-07
0.34062	5.3975e-07	4.1987e-07
0.3409	4.4626e-08	4.2867e-07
0.34119	5.4097e-07	4.0367e-07
0.34147	-4.1537e-07	4.3194e-07
0.34176	8.56e-07	4.0735e-07
0.34205	-2.9053e-07	4.2712e-07
0.34233	6.3307e-07	4.3288e-07
0.34262	4.4514e-07	4.2138e-07
0.34291	3.8296e-07	4.3849e-07
0.34319	6.4843e-09	4.2325e-07
0.34348	-1.6495e-07	4.4336e-07
0.34377	1.5058e-09	4.3076e-07
0.34405	3.8863e-07	4.4507e-07
0.34434	9.4862e-07	4.55e-07
0.34463	3.2493e-08	4.3795e-07
0.34491	8.2355e-07	4.5856e-07
0.3452	2.9839e-08	4.4998e-07
0.34549	1.4746e-06	4.6485e-07
0.34577	2.8012e-07	4.8125e-07
0.34606	-5.5122e-07	4.3981e-07
0.34635	1.9906e-06	4.8812e-07
0.34663	1.8552e-07	4.5578e-07
0.34692	1.9992e-07	4.7831e-07
0.3472	4.6686e-07	4.8268e-07
0.34749	-1.1587e-07	4.7194e-07
0.34778	-2.3648e-07	4.9785e-07
0.34806	7.0569e-07	4.6514e-07
0.34835	2.122e-07	4.9848e-07
0.34864	6.5144e-08	4.7859e-07
0.34892	3.5265e-07	5.0039e-07
0.34921	-8.2353e-07	5.219e-07
0.3495	1.4877e-06	4.7854e-07
0.34978	2.0663e-07	5.1119e-07
0.35007	1.1339e-06	4.9247e-07
0.35036	-8.0919e-07	5.2732e-07
0.35064	-4.8226e-09	5.286e-07
0.35093	1.1209e-07	5.1687e-07
0.35122	6.4366e-07	5.5817e-07
0.3515	4.8997e-08	4.9821e-07
0.35179	1.6504e-06	5.5085e-07
0.35207	-2.4836e-07	5.3684e-07
0.35236	-7.8339e-08	5.4107e-07
0.35265	2.4319e-07	6.0331e-07
0.35293	4.0872e-07	5.1336e-07
0.35322	8.8916e-07	5.9697e-07
0.35351	2.2543e-07	5.5057e-07
0.35379	-1.3164e-06	5.7567e-07
0.35408	9.7828e-07	6.0495e-07
0.35437	3.3234e-07	5.57e-07
0.35465	1.6291e-06	6.2325e-07
0.35494	-1.0384e-06	5.5357e-07
0.35523	-3.2063e-07	6.2617e-07
0.35551	1.2298e-08	6.0026e-07
0.3558	4.3514e-07	6.0223e-07
0.35609	4.1711e-08	6.5784e-07
0.35637	3.971e-07	5.8922e-07
0.35666	-8.9489e-07	6.7973e-07
0.35694	9.0533e-07	6.1845e-07
0.35723	4.6341e-07	6.7891e-07
0.35752	-7.9164e-07	6.995e-07
0.3578	5.7551e-07	6.282e-07
0.35809	9.994e-07	7.1272e-07
0.35838	2.5512e-07	6.6096e-07
0.35866	4.7315e-07	7.2388e-07
0.35895	7.408e-07	7.0001e-07
0.35924	1.5585e-06	7.2132e-07
0.35952	-4.5191e-07	7.7508e-07
0.35981	1.864e-06	6.8874e-07
0.36009	5.2809e-07	7.8514e-07
0.36038	1.8272e-06	7.4513e-07
0.36067	7.6063e-07	7.9271e-07
0.36095	3.4289e-07	8.2253e-07
0.36124	-1.6841e-07	7.7666e-07
0.36153	1.9372e-06	8.3302e-07
0.36181	7.8787e-07	8.0356e-07
0.3621	-6.804e-07	8.6415e-07
0.36239	-8.8311e-07	9.3136e-07
0.36267	4.1183e-08	8.1255e-07
0.36296	7.6987e-07	9.7265e-07
