0.003725569	-9.283160e-01	1.088830e+00
0.004194901	3.581123e+00	6.890030e-01
0.004664234	2.654669e+00	5.437307e-01
0.005133567	2.761659e+00	4.422702e-01
0.005602899000000001	3.891989e+00	3.635552e-01
0.006072232	2.891428e+00	2.874189e-01
0.006541565000000001	2.884694e+00	2.593231e-01
0.007010897000000001	3.207321e+00	2.222525e-01
0.007480230000000001	2.913291e+00	2.059666e-01
0.007949563	2.982755e+00	1.701691e-01
0.008418895000000001	3.182781e+00	1.499694e-01
0.008888228	3.276896e+00	1.483960e-01
0.009357561	3.382095e+00	1.346942e-01
0.009826893000000001	3.515051e+00	1.212987e-01
0.010296230000000002	3.352727e+00	1.041511e-01
0.01076556	3.292964e+00	1.085075e-01
0.01123489	3.235681e+00	1.003481e-01
0.011704220000000001	3.259528e+00	9.139333e-02
0.01217356	3.088817e+00	8.482697e-02
0.012642890000000002	3.175492e+00	8.470001e-02
0.01311222	3.141633e+00	8.034674e-02
0.013581550000000001	3.279401e+00	7.843234e-02
0.01405089	3.222758e+00	7.319637e-02
0.01452022	3.069347e+00	7.242635e-02
0.014989549999999999	3.198225e+00	6.908803e-02
0.015458880000000001	3.183077e+00	6.811282e-02
0.015928220000000003	3.200673e+00	6.558815e-02
0.01639755	3.210633e+00	6.139484e-02
0.01686688	3.346357e+00	6.249002e-02
0.01733622	3.291151e+00	6.166268e-02
0.01780555	3.176600e+00	5.840819e-02
0.01827488	3.179564e+00	5.693844e-02
0.01874421	3.112681e+00	5.637128e-02
0.01921355	3.230510e+00	5.659664e-02
0.01968288	3.273034e+00	5.563423e-02
0.020152210000000004	3.179591e+00	5.356479e-02
0.02062154	3.202260e+00	5.087032e-02
0.021090880000000003	3.175523e+00	5.206302e-02
0.02156021	3.288816e+00	5.230099e-02
0.02202954	3.117094e+00	4.989192e-02
0.022498870000000004	3.246421e+00	4.838273e-02
0.022968210000000003	3.187921e+00	4.902774e-02
0.023437540000000003	3.209135e+00	4.918806e-02
0.02390687	3.193727e+00	4.763901e-02
0.024376210000000002	3.189574e+00	4.663313e-02
0.02484554	3.183812e+00	4.687023e-02
0.025314870000000003	3.115972e+00	4.655121e-02
0.025784200000000004	3.107646e+00	4.501716e-02
0.02625354	3.161102e+00	4.337757e-02
0.02672287	3.127921e+00	4.460794e-02
0.0271922	3.187359e+00	4.447490e-02
0.027661530000000004	3.134033e+00	4.360207e-02
0.028130870000000002	3.121584e+00	4.219967e-02
0.0286002	3.046671e+00	4.148827e-02
0.02906953	3.079875e+00	4.324446e-02
0.02953886	3.098216e+00	4.260770e-02
0.030008200000000002	3.117480e+00	4.037532e-02
0.030477530000000003	3.019018e+00	4.049533e-02
0.03094686	3.053342e+00	4.038737e-02
0.031416190000000004	3.023020e+00	4.164461e-02
0.03188553	3.069230e+00	3.873381e-02
0.032354860000000006	3.106173e+00	3.937700e-02
0.032824189999999996	3.026396e+00	3.925556e-02
0.03329353	2.993439e+00	3.996663e-02
0.03376286	3.092148e+00	3.771391e-02
0.03423219	3.090505e+00	3.820154e-02
0.034701520000000007	3.013615e+00	3.839837e-02
0.03517086	3.057574e+00	4.044191e-02
0.03564019	3.034023e+00	3.985997e-02
0.03610952	3.062839e+00	3.961445e-02
0.03657885	2.950112e+00	4.105718e-02
0.03704819	3.057391e+00	4.190753e-02
0.03751752	2.976240e+00	4.294139e-02
0.03798685	3.003748e+00	4.080195e-02
0.038456180000000006	2.968490e+00	4.284477e-02
0.038925520000000005	2.970492e+00	4.244108e-02
0.03939485	3.027102e+00	4.339511e-02
0.03986418	2.981026e+00	4.378510e-02
0.04033351	2.981594e+00	4.556396e-02
0.04080285	3.039801e+00	4.655620e-02
0.041272180000000006	2.965648e+00	4.701927e-02
0.04174151	2.988865e+00	4.776936e-02
0.04221085	2.941033e+00	4.877031e-02
0.042680180000000005	2.996638e+00	5.042123e-02
0.04314951	2.934278e+00	5.138343e-02
0.04361884	2.842102e+00	5.141085e-02
0.044088180000000005	2.990293e+00	5.203129e-02
0.04455751	2.940847e+00	5.357538e-02
0.045026840000000005	2.876684e+00	5.313106e-02
0.04549617	2.854130e+00	5.429210e-02
0.04596551	2.877979e+00	5.283897e-02
0.046434840000000005	2.989653e+00	5.218787e-02
0.04690417	2.908204e+00	5.101503e-02
0.047373500000000006	2.828682e+00	4.948467e-02
0.04784284	2.839081e+00	4.958372e-02
0.04831217	2.875686e+00	4.945597e-02
0.048781500000000005	2.812997e+00	4.854806e-02
0.04925083	2.824286e+00	4.928705e-02
0.04972017000000001	2.828533e+00	4.874962e-02
0.0501895	2.832492e+00	4.680981e-02
0.05065883	2.766066e+00	4.729306e-02
0.05112817	2.883847e+00	4.845184e-02
0.0515975	2.815964e+00	4.802545e-02
0.05206683	2.662673e+00	4.547121e-02
0.05253616	2.696784e+00	4.675030e-02
0.05300550000000001	2.689484e+00	4.754996e-02
0.05347483	2.731181e+00	4.667977e-02
0.05394416	2.687439e+00	4.519302e-02
0.05441349	2.744755e+00	4.567103e-02
0.05488283000000001	2.713766e+00	4.580505e-02
0.05535216	2.766490e+00	4.585581e-02
0.05582149	2.651107e+00	4.364003e-02
0.05629082	2.566586e+00	4.420065e-02
0.056760160000000004	2.647885e+00	4.437960e-02
0.05722949000000001	2.670566e+00	4.471241e-02
0.05769882	2.712842e+00	4.340943e-02
0.058168160000000003	2.667380e+00	4.322522e-02
0.05863749000000001	2.616847e+00	4.321510e-02
0.059106820000000004	2.634278e+00	4.496427e-02
0.05957615000000001	2.494447e+00	4.277333e-02
0.06004549000000001	2.632196e+00	4.244318e-02
0.060514820000000004	2.587559e+00	4.308977e-02
0.06098415000000001	2.508115e+00	4.366345e-02
0.061453480000000005	2.624845e+00	4.219601e-02
0.06192282	2.629707e+00	4.201150e-02
0.06239215000000001	2.563561e+00	4.258576e-02
0.06286148000000001	2.495936e+00	4.271264e-02
0.06333081	2.526605e+00	4.327643e-02
0.06380015	2.494026e+00	4.106245e-02
0.06426948	2.543979e+00	4.262614e-02
0.06473881000000001	2.472892e+00	4.244162e-02
0.06520814000000001	2.571589e+00	4.255352e-02
0.06567748	2.432383e+00	4.130276e-02
0.06614681	2.442546e+00	4.103180e-02
0.06661614	2.439544e+00	4.164481e-02
0.06708548	2.500380e+00	4.224509e-02
0.06755481	2.414449e+00	4.118279e-02
0.06802414	2.422102e+00	4.079805e-02
0.06849347	2.424803e+00	4.157492e-02
0.06896281	2.377421e+00	4.179923e-02
0.06943214	2.380898e+00	4.103912e-02
0.06990147000000001	2.406885e+00	4.035050e-02
0.0703708	2.468462e+00	4.100803e-02
0.07084014	2.420548e+00	4.082408e-02
0.07130947	2.340248e+00	4.105730e-02
0.0717788	2.351120e+00	3.992079e-02
0.07224813000000001	2.334872e+00	4.024018e-02
0.07271746999999999	2.338795e+00	4.084648e-02
0.0731868	2.350294e+00	4.063899e-02
0.07365613	2.322278e+00	4.007492e-02
0.07412546	2.398791e+00	3.967474e-02
0.0745948	2.309122e+00	4.037599e-02
0.07506413	2.352291e+00	4.008783e-02
0.07553346	2.325013e+00	4.023007e-02
0.07600280000000001	2.258211e+00	3.932653e-02
0.07647213000000001	2.314903e+00	3.947768e-02
0.07694146	2.291431e+00	4.025209e-02
0.07741079000000001	2.257194e+00	3.956679e-02
0.07788013	2.331533e+00	3.880602e-02
0.07834946000000001	2.207952e+00	3.908911e-02
0.07881879000000001	2.309347e+00	3.999622e-02
0.07928812	2.242510e+00	3.943109e-02
0.07975746	2.269023e+00	3.855185e-02
0.08022679	2.194431e+00	3.872438e-02
0.08069612000000001	2.220776e+00	3.947465e-02
0.08116545	2.150217e+00	3.920923e-02
0.08163479000000001	2.198538e+00	3.826453e-02
0.08210412	2.139263e+00	3.810068e-02
0.08257345	2.189558e+00	3.907698e-02
0.08304279	2.159099e+00	3.848747e-02
0.08351212000000001	2.142064e+00	3.888391e-02
0.08398145000000001	2.167965e+00	3.771809e-02
0.08445078	2.195431e+00	3.845565e-02
0.08492012	2.096135e+00	3.856743e-02
0.08538945	2.108773e+00	3.839571e-02
0.08585878000000001	2.059748e+00	3.743559e-02
0.08632811000000001	2.110429e+00	3.763762e-02
0.08679745	2.072671e+00	3.829481e-02
0.08726678	2.083416e+00	3.819683e-02
0.08773611	2.142740e+00	3.704396e-02
0.08820544000000001	1.991561e+00	3.737507e-02
0.08867478000000001	2.084789e+00	3.815104e-02
0.08914411	1.985448e+00	3.778319e-02
0.08961344	1.963316e+00	3.696718e-02
0.09008277	2.005347e+00	3.712235e-02
0.09055211	2.008437e+00	3.765535e-02
0.09102144000000001	2.042796e+00	3.724084e-02
0.09149077	1.998852e+00	3.693065e-02
0.09196011	1.948781e+00	3.697911e-02
0.09242944	1.962347e+00	3.682704e-02
0.09289877	2.004145e+00	3.745660e-02
0.09336810000000001	1.951553e+00	3.734310e-02
0.09383744000000001	2.034632e+00	3.560312e-02
0.09430677	1.967620e+00	3.692132e-02
0.0947761	1.976061e+00	3.688544e-02
0.09524543	1.967230e+00	3.681826e-02
0.09571477	1.967181e+00	3.578907e-02
0.0961841	1.874260e+00	3.638824e-02
0.09665343	1.958429e+00	3.684805e-02
0.09712276	1.840571e+00	3.653848e-02
0.09759210000000001	1.931863e+00	3.557217e-02
0.09806143	1.857439e+00	3.590205e-02
0.09853076	1.778342e+00	3.634517e-02
0.09900009	1.837722e+00	3.620452e-02
0.09946943000000001	1.852502e+00	3.550560e-02
0.09993876000000002	1.827595e+00	3.566077e-02
0.1004081	1.809867e+00	3.592474e-02
0.1008774	1.843390e+00	3.627478e-02
0.10134680000000001	1.874217e+00	3.547912e-02
0.10181610000000002	1.774393e+00	3.495417e-02
0.1022854	1.809140e+00	3.577332e-02
0.1027548	1.765033e+00	3.561149e-02
0.1032241	1.776041e+00	3.570727e-02
0.1036934	1.812918e+00	3.478126e-02
0.1041628	1.818357e+00	3.546680e-02
0.1046321	1.734130e+00	3.511881e-02
0.1051014	1.726498e+00	3.539326e-02
0.10557080000000002	1.728633e+00	3.476694e-02
0.1060401	1.745852e+00	3.492639e-02
0.1065094	1.692490e+00	3.492408e-02
0.10697870000000001	1.711799e+00	3.531716e-02
0.1074481	1.680357e+00	3.450579e-02
0.10791740000000001	1.638615e+00	3.444671e-02
0.1083867	1.668704e+00	3.489627e-02
0.1088561	1.731816e+00	3.490524e-02
0.1093254	1.702995e+00	3.442854e-02
0.10979470000000001	1.749627e+00	3.412100e-02
0.1102641	1.700334e+00	3.443191e-02
0.11073340000000001	1.658316e+00	3.463837e-02
0.11120270000000002	1.633370e+00	3.459467e-02
0.11167210000000001	1.603921e+00	3.369500e-02
0.1121414	1.644059e+00	3.418732e-02
0.11261070000000001	1.610336e+00	3.418600e-02
0.1130801	1.657120e+00	3.453154e-02
0.11354940000000001	1.590709e+00	3.364088e-02
0.11401870000000001	1.634393e+00	3.358053e-02
0.11448810000000001	1.583059e+00	3.420246e-02
0.11495740000000002	1.608503e+00	3.408484e-02
0.1154267	1.508225e+00	3.338369e-02
0.1158961	1.553411e+00	3.336471e-02
0.11636540000000001	1.547663e+00	3.393757e-02
0.11683470000000001	1.610301e+00	3.435661e-02
0.11730410000000001	1.585367e+00	3.320176e-02
0.11777340000000001	1.518794e+00	3.315487e-02
0.11824269999999999	1.511028e+00	3.331338e-02
0.11871210000000001	1.528183e+00	3.398131e-02
0.11918139999999999	1.553234e+00	3.354884e-02
0.1196507	1.498602e+00	3.258408e-02
0.12012010000000001	1.479094e+00	3.396780e-02
0.12058940000000001	1.582013e+00	3.522165e-02
0.12105870000000002	1.473206e+00	3.558766e-02
0.12152810000000001	1.507776e+00	3.556202e-02
0.12199739999999999	1.484373e+00	3.619078e-02
0.1224667	1.500908e+00	3.723902e-02
0.12293609999999999	1.418020e+00	3.709354e-02
0.1234054	1.427367e+00	3.666299e-02
0.1238747	1.462694e+00	3.795710e-02
0.12434410000000001	1.410008e+00	3.826640e-02
0.12481340000000002	1.427319e+00	3.843878e-02
0.1252827	1.433000e+00	3.764077e-02
0.1257521	1.360329e+00	3.856774e-02
0.1262214	1.420168e+00	3.899201e-02
0.12669070000000002	1.421682e+00	3.778247e-02
0.1271601	1.468627e+00	3.605833e-02
0.1276294	1.331090e+00	3.518198e-02
0.1280987	1.390289e+00	3.523227e-02
0.12856810000000002	1.382214e+00	3.513107e-02
0.1290374	1.261049e+00	3.474153e-02
0.1295067	1.405771e+00	3.331737e-02
0.129976	1.387459e+00	3.421690e-02
0.13044540000000002	1.397582e+00	3.379953e-02
0.13091470000000002	1.353212e+00	3.360631e-02
0.131384	1.369097e+00	3.278975e-02
0.1318534	1.332059e+00	3.324110e-02
0.1323227	1.270002e+00	3.287173e-02
0.132792	1.344771e+00	3.338791e-02
0.1332614	1.316615e+00	3.249171e-02
0.1337307	1.255594e+00	3.261070e-02
0.1342	1.332102e+00	3.284056e-02
0.13466940000000002	1.191873e+00	3.281321e-02
0.1351387	1.277668e+00	3.266604e-02
0.135608	1.299044e+00	3.214487e-02
0.1360774	1.294531e+00	3.239034e-02
0.1365467	1.248829e+00	3.281572e-02
0.137016	1.300145e+00	3.255172e-02
0.1374854	1.304502e+00	3.190547e-02
0.1379547	1.207270e+00	3.202882e-02
0.138424	1.239446e+00	3.203655e-02
0.1388934	1.258258e+00	3.248091e-02
0.1393627	1.239354e+00	3.176732e-02
0.139832	1.198574e+00	3.160987e-02
0.1403014	1.201261e+00	3.205602e-02
0.1407707	1.187721e+00	3.209362e-02
0.14124	1.304798e+00	3.171962e-02
0.1417094	1.260331e+00	3.124588e-02
0.1421787	1.148003e+00	3.202020e-02
0.142648	1.176446e+00	3.188173e-02
0.1431174	1.210234e+00	3.148248e-02
0.1435867	1.253232e+00	3.108118e-02
0.14405600000000002	1.230566e+00	3.149663e-02
0.1445254	1.108176e+00	3.169547e-02
0.1449947	1.225324e+00	3.176957e-02
0.145464	1.160630e+00	3.057797e-02
0.1459334	1.190977e+00	3.109148e-02
0.1464027	1.144852e+00	3.151216e-02
0.146872	1.078931e+00	3.156248e-02
0.1473414	1.107061e+00	3.053289e-02
0.14781070000000002	1.106936e+00	3.078705e-02
0.14828	1.095678e+00	3.139892e-02
0.1487494	1.074622e+00	3.129110e-02
0.1492187	1.051604e+00	3.037078e-02
0.14968800000000002	1.115829e+00	3.140046e-02
0.1501574	1.059214e+00	3.249176e-02
0.1506267	1.100992e+00	3.325831e-02
0.151096	1.120676e+00	3.289991e-02
0.15156540000000002	1.106467e+00	3.334694e-02
0.1520347	1.083651e+00	3.411740e-02
0.152504	1.047793e+00	3.356283e-02
0.1529733	1.099135e+00	3.253622e-02
0.15344270000000002	1.074987e+00	3.185820e-02
0.15391200000000002	1.020929e+00	3.181153e-02
0.15438130000000003	1.019475e+00	3.203195e-02
0.1548507	1.020900e+00	3.148242e-02
0.15532	1.056676e+00	3.056486e-02
0.15578930000000002	1.039240e+00	3.048238e-02
0.1562587	1.034142e+00	3.080262e-02
0.156728	1.039416e+00	3.050939e-02
0.1571973	1.027673e+00	2.970331e-02
0.15766670000000002	1.054326e+00	3.024817e-02
0.15813600000000003	1.013069e+00	3.057909e-02
0.1586053	9.759769e-01	3.065863e-02
0.1590747	1.030344e+00	2.991925e-02
0.15954400000000002	1.049977e+00	3.029132e-02
0.16001330000000002	9.663521e-01	3.033536e-02
0.1604827	9.515153e-01	3.033543e-02
0.160952	9.314872e-01	3.018449e-02
0.1614213	9.774951e-01	2.971517e-02
0.16189070000000003	1.034393e+00	3.026027e-02
0.16236	9.726938e-01	3.002281e-02
0.1628293	9.478188e-01	3.047651e-02
0.16329870000000002	1.018773e+00	2.911767e-02
0.16376800000000002	1.022549e+00	3.014324e-02
0.16423730000000003	1.044732e+00	2.992462e-02
0.1647067	9.934798e-01	3.021499e-02
0.165176	9.423393e-01	2.906477e-02
0.1656453	9.121938e-01	2.968488e-02
0.1661147	9.775128e-01	2.974889e-02
0.166584	9.097398e-01	2.987031e-02
0.16705330000000002	8.979745e-01	2.923270e-02
0.16752270000000002	9.213826e-01	2.930826e-02
0.16799200000000003	9.140765e-01	2.951028e-02
0.1684613	9.047730e-01	2.971219e-02
0.1689307	9.183291e-01	2.933400e-02
0.1694	9.684082e-01	2.902939e-02
0.1698693	9.235332e-01	2.927764e-02
0.1703387	9.246505e-01	2.942800e-02
0.17080800000000002	7.953341e-01	2.924539e-02
0.17127730000000002	9.848238e-01	2.868449e-02
0.17174670000000003	8.976250e-01	2.937617e-02
0.172216	8.604311e-01	2.891504e-02
0.1726853	8.933035e-01	2.959661e-02
0.1731547	8.516020e-01	2.841147e-02
0.173624	8.417551e-01	2.876709e-02
0.1740933	8.949923e-01	2.911866e-02
0.1745626	8.546710e-01	2.921519e-02
0.17503200000000002	8.498239e-01	2.849467e-02
0.1755013	8.765612e-01	2.851204e-02
0.1759706	8.243163e-01	2.895492e-02
0.17644	8.819490e-01	2.879566e-02
0.17690930000000002	8.719898e-01	2.855979e-02
0.17737860000000003	8.199923e-01	2.840681e-02
0.177848	8.143928e-01	2.874114e-02
0.1783173	7.923087e-01	2.859628e-02
0.17878660000000002	8.305383e-01	2.863426e-02
0.179256	8.109822e-01	2.818870e-02
0.1797253	8.065485e-01	2.862350e-02
0.1801946	7.917398e-01	2.833696e-02
0.18066400000000002	8.633521e-01	2.888603e-02
0.18113330000000002	7.322194e-01	2.779382e-02
0.1816026	8.251658e-01	2.814254e-02
0.182072	7.811556e-01	2.841511e-02
0.18254130000000002	8.409566e-01	2.870315e-02
0.18301060000000002	7.488138e-01	2.765984e-02
0.18348	8.059006e-01	2.804453e-02
0.1839493	7.502525e-01	2.821855e-02
0.18441860000000002	7.845970e-01	2.844918e-02
0.18488800000000002	8.098954e-01	2.771797e-02
0.1853573	7.560919e-01	2.782821e-02
0.1858266	7.369516e-01	2.811861e-02
0.18629600000000002	7.514566e-01	2.807601e-02
0.18676530000000002	7.775485e-01	2.766031e-02
0.18723460000000003	7.529541e-01	2.774076e-02
0.187704	7.309311e-01	2.784594e-02
0.18817330000000002	7.957959e-01	2.794873e-02
0.1886426	7.404975e-01	2.789330e-02
0.189112	7.635178e-01	2.745193e-02
0.1895813	7.647781e-01	2.755871e-02
0.19005060000000001	7.387041e-01	2.792851e-02
0.19052000000000002	6.895229e-01	2.787864e-02
0.19098930000000003	7.108215e-01	2.704267e-02
0.1914586	7.502372e-01	2.759808e-02
0.19192800000000002	7.846811e-01	2.761322e-02
0.1923973	7.217423e-01	2.757147e-02
0.1928666	7.281785e-01	2.710563e-02
0.193336	7.608877e-01	2.726301e-02
0.1938053	7.466327e-01	2.727397e-02
0.19427460000000002	7.006199e-01	2.733303e-02
0.19474400000000003	6.542653e-01	2.699764e-02
0.1952133	7.457118e-01	2.695433e-02
0.1956826	7.294056e-01	2.720352e-02
0.196152	7.111734e-01	2.725737e-02
0.1966213	7.220740e-01	2.698260e-02
0.1970906	6.598572e-01	2.689325e-02
0.1975599	7.018368e-01	2.707920e-02
0.19802930000000002	6.587857e-01	2.720660e-02
0.1984986	6.128877e-01	2.727253e-02
0.1989679	6.857933e-01	2.666130e-02
0.1994373	7.296276e-01	2.720651e-02
0.19990660000000002	6.515994e-01	2.687012e-02
0.20037590000000002	6.682117e-01	2.727845e-02
0.2008453	6.626097e-01	2.767397e-02
0.2013146	6.825051e-01	2.854652e-02
0.20178390000000002	6.654311e-01	2.866597e-02
0.20225330000000002	6.976530e-01	2.913997e-02
0.20272260000000003	6.220255e-01	2.916958e-02
0.20319189999999998	6.460587e-01	2.964779e-02
0.20366130000000002	7.001250e-01	2.955750e-02
0.20413060000000002	6.928036e-01	2.982782e-02
0.20459990000000003	6.361914e-01	2.983782e-02
0.2050693	6.702831e-01	3.003092e-02
0.20553860000000002	5.996607e-01	2.996451e-02
0.20600790000000002	6.803470e-01	3.009937e-02
0.20647730000000003	6.586020e-01	3.022587e-02
0.20694659999999998	6.521020e-01	2.974129e-02
0.2074159	5.614796e-01	2.893866e-02
0.20788530000000002	6.221607e-01	2.852362e-02
0.20835460000000003	6.618392e-01	2.836570e-02
0.20882390000000003	6.087959e-01	2.751617e-02
0.20929330000000002	6.494770e-01	2.760660e-02
0.20976260000000002	6.836454e-01	2.747427e-02
0.21023190000000003	6.381378e-01	2.759562e-02
0.21070129999999998	6.193342e-01	2.686515e-02
0.21117059999999999	6.772755e-01	2.712756e-02
0.2116399	6.241480e-01	2.725129e-02
0.21210930000000003	6.557781e-01	2.714456e-02
0.21257860000000003	5.711352e-01	2.679852e-02
0.21304789999999998	6.614617e-01	2.698991e-02
0.21351730000000002	6.061403e-01	2.676127e-02
0.21398660000000003	6.049413e-01	2.685126e-02
0.21445590000000003	6.167474e-01	2.678277e-02
0.21492529999999999	5.808699e-01	2.664320e-02
0.2153946	5.664515e-01	2.665304e-02
0.2158639	5.771250e-01	2.671133e-02
0.21633330000000003	5.671785e-01	2.670274e-02
0.21680259999999998	5.627398e-01	2.646632e-02
0.2172719	5.907271e-01	2.645553e-02
0.21774130000000003	6.297398e-01	2.646649e-02
0.21821060000000003	6.181939e-01	2.668755e-02
0.21867990000000004	5.771377e-01	2.602907e-02
0.2191493	6.012857e-01	2.639663e-02
0.2196186	5.978010e-01	2.629672e-02
0.2200879	5.590638e-01	2.662651e-02
0.2205572	5.841633e-01	2.586983e-02
0.2210266	5.491021e-01	2.617210e-02
0.2214959	5.571225e-01	2.630207e-02
0.2219652	6.111684e-01	2.635825e-02
0.22243460000000004	5.051836e-01	2.572936e-02
0.22290390000000004	5.828418e-01	2.612663e-02
0.2233732	5.454260e-01	2.618321e-02
0.2238426	5.300205e-01	2.603137e-02
0.2243119	5.232245e-01	2.582734e-02
0.22478120000000001	5.585179e-01	2.589060e-02
0.2252506	5.801148e-01	2.592309e-02
0.2257199	5.452576e-01	2.602763e-02
0.2261892	5.201964e-01	2.588578e-02
0.22665860000000004	5.222985e-01	2.545570e-02
0.2271279	5.559897e-01	2.584423e-02
0.2275972	5.177525e-01	2.592571e-02
0.2280666	5.188877e-01	2.588034e-02
0.22853590000000001	5.248470e-01	2.530131e-02
0.22900520000000002	5.894260e-01	2.567880e-02
0.2294746	5.074311e-01	2.567435e-02
0.2299439	4.929719e-01	2.583285e-02
0.2304132	5.333443e-01	2.515575e-02
0.2308826	5.053367e-01	2.556520e-02
0.2313519	5.498112e-01	2.551764e-02
0.2318212	5.188163e-01	2.561987e-02
0.2322906	5.301837e-01	2.517084e-02
0.23275990000000002	5.464974e-01	2.542232e-02
0.2332292	5.236530e-01	2.552225e-02
0.2336986	4.815867e-01	2.547908e-02
0.2341679	5.278904e-01	2.513027e-02
0.23463720000000002	4.983214e-01	2.511981e-02
0.2351066	5.352066e-01	2.552010e-02
0.2355759	4.789286e-01	2.521852e-02
0.2360452	4.466480e-01	2.517367e-02
0.23651460000000002	5.122678e-01	2.483360e-02
0.2369839	5.066658e-01	2.536719e-02
0.2374532	4.673673e-01	2.527505e-02
0.2379226	5.600485e-01	2.509313e-02
0.23839190000000002	4.630178e-01	2.479232e-02
0.23886120000000002	5.078597e-01	2.516667e-02
0.2393306	4.951429e-01	2.508018e-02
0.2397999	4.858393e-01	2.514455e-02
0.24026920000000002	4.410025e-01	2.470111e-02
0.2407386	4.887373e-01	2.491779e-02
0.2412079	4.672857e-01	2.495100e-02
0.2416772	4.389924e-01	2.499698e-02
0.24214660000000002	4.783291e-01	2.464246e-02
0.24261590000000002	5.298903e-01	2.478381e-02
0.2430852	4.362398e-01	2.503152e-02
0.2435545	4.792220e-01	2.479705e-02
0.24402390000000002	4.894107e-01	2.471638e-02
0.24449320000000002	4.708316e-01	2.462097e-02
0.24496250000000003	4.175281e-01	2.473712e-02
0.2454319	5.076148e-01	2.479518e-02
0.24590120000000001	4.808010e-01	2.473910e-02
0.24637050000000002	4.464898e-01	2.429135e-02
0.2468399	4.036734e-01	2.456852e-02
0.2473092	4.737551e-01	2.474866e-02
0.2477785	4.842730e-01	2.470344e-02
0.24824790000000002	4.847066e-01	2.422388e-02
0.24871720000000003	4.029490e-01	2.446930e-02
0.24918650000000003	4.966734e-01	2.464852e-02
0.24965590000000001	4.155026e-01	2.446079e-02
0.2501252	4.261709e-01	2.430438e-02
0.2505945	4.581607e-01	2.423192e-02
0.2510639	4.117194e-01	2.448285e-02
0.2515332	4.390510e-01	2.434040e-02
0.2520025	4.482092e-01	2.411284e-02
0.2524719	4.584923e-01	2.402831e-02
0.25294120000000003	3.590689e-01	2.421888e-02
0.2534105	4.483954e-01	2.443228e-02
0.2538799	4.772194e-01	2.405678e-02
0.2543492	4.566556e-01	2.386838e-02
0.2548185	4.034566e-01	2.407177e-02
0.2552879	4.570459e-01	2.444937e-02
0.2557572	4.060612e-01	2.422515e-02
0.2562265	3.723597e-01	2.361875e-02
0.25669590000000003	3.533597e-01	2.405176e-02
0.2571652	4.049031e-01	2.423902e-02
0.2576345	4.684694e-01	2.434717e-02
0.2581039	4.094796e-01	2.364310e-02
0.2585732	4.443138e-01	2.387516e-02
0.2590425	4.191301e-01	2.408417e-02
0.2595119	3.647245e-01	2.423181e-02
0.2599812	3.834668e-01	2.367742e-02
0.26045050000000003	3.813878e-01	2.378911e-02
0.2609199	4.314184e-01	2.404993e-02
0.2613892	4.115817e-01	2.417328e-02
0.2618585	3.927576e-01	2.350598e-02
0.2623279	4.294490e-01	2.377310e-02
0.2627972	4.614770e-01	2.383871e-02
0.2632665	4.021199e-01	2.391738e-02
0.2637359	4.621582e-01	2.368696e-02
0.26420520000000003	4.548341e-01	2.367234e-02
0.26467450000000003	4.340052e-01	2.367103e-02
0.26514380000000004	3.930434e-01	2.391885e-02
0.2656132	4.621454e-01	2.378361e-02
0.2660825	3.798495e-01	2.327699e-02
0.2665518	3.694133e-01	2.358259e-02
0.2670212	4.307015e-01	2.384537e-02
0.2674905	3.747398e-01	2.372340e-02
0.2679598	3.905715e-01	2.318879e-02
0.26842920000000003	3.425102e-01	2.355952e-02
0.26889850000000004	3.768801e-01	2.357026e-02
0.2693678	3.987015e-01	2.377058e-02
0.2698372	3.627015e-01	2.317272e-02
0.2703065	3.828189e-01	2.347254e-02
0.2707758	3.329260e-01	2.346935e-02
0.2712452	4.337679e-01	2.354678e-02
0.2717145	4.182729e-01	2.314905e-02
0.27218380000000003	3.694770e-01	2.338311e-02
0.27265320000000004	3.519720e-01	2.346035e-02
0.2731225	3.946735e-01	2.344018e-02
0.2735918	3.838138e-01	2.322009e-02
0.2740612	4.398443e-01	2.308647e-02
0.2745305	3.667398e-01	2.340510e-02
0.2749998	3.917143e-01	2.337215e-02
0.2754692	3.508546e-01	2.331109e-02
0.27593850000000003	3.745281e-01	2.288151e-02
0.27640780000000004	3.329184e-01	2.332409e-02
0.2768772	3.930408e-01	2.316670e-02
0.2773465	3.899898e-01	2.329187e-02
0.2778158	3.792143e-01	2.286634e-02
0.2782852	4.125612e-01	2.320348e-02
0.2787545	3.668036e-01	2.305085e-02
0.2792238	3.550204e-01	2.333479e-02
0.27969320000000003	3.573061e-01	2.280214e-02
0.28016250000000004	3.589898e-01	2.312392e-02
0.28063180000000004	3.960689e-01	2.300539e-02
0.2811012	3.824567e-01	2.363132e-02
0.2815705	3.056965e-01	2.394677e-02
0.2820398	3.560791e-01	2.437651e-02
0.2825092	3.716454e-01	2.456130e-02
0.2829785	3.502475e-01	2.477031e-02
0.28344779999999997	3.539311e-01	2.484264e-02
0.28391720000000004	3.666403e-01	2.489160e-02
0.28438650000000004	3.153316e-01	2.493113e-02
0.28485580000000005	3.572730e-01	2.511765e-02
0.2853252	3.939923e-01	2.519509e-02
0.2857945	3.638954e-01	2.503349e-02
0.2862638	3.673979e-01	2.513679e-02
0.2867332	3.238572e-01	2.534752e-02
0.28720249999999997	3.461786e-01	2.536667e-02
0.2876718	3.293954e-01	2.420302e-02
0.2881411	3.603878e-01	2.423032e-02
0.28861050000000005	3.542220e-01	2.392830e-02
0.28907980000000005	3.924796e-01	2.373918e-02
0.2895491	3.297117e-01	2.334079e-02
0.2900185	3.205995e-01	2.335706e-02
0.2904878	3.844209e-01	2.347638e-02
0.2909571	3.365204e-01	2.343194e-02
0.2914265	3.455128e-01	2.312545e-02
0.2918958	3.317729e-01	2.319259e-02
0.2923651	3.664439e-01	2.338947e-02
0.29283450000000005	3.442296e-01	2.304716e-02
0.2933038	3.562220e-01	2.295537e-02
0.2937731	3.090816e-01	2.305484e-02
0.2942425	3.163138e-01	2.313217e-02
0.2947118	3.461939e-01	2.305157e-02
0.29518110000000003	3.485510e-01	2.298625e-02
0.2956505	3.780790e-01	2.275987e-02
0.2961198	3.662933e-01	2.297125e-02
0.2965891	3.296913e-01	2.297446e-02
0.2970585	3.406837e-01	2.312963e-02
0.2975278	3.200306e-01	2.245186e-02
0.2979971	3.605255e-01	2.283584e-02
0.2984665	2.544821e-01	2.282919e-02
0.29893580000000003	3.365230e-01	2.284360e-02
0.2994051	3.518444e-01	2.258455e-02
0.2998745	3.579694e-01	2.268384e-02
0.30034380000000005	3.586990e-01	2.273475e-02
0.30081310000000006	3.250612e-01	2.273018e-02
0.3012825	2.931250e-01	2.252733e-02
0.3017518	3.502245e-01	2.251852e-02
0.3022211	2.973571e-01	2.261905e-02
0.30269050000000003	3.010025e-01	2.272341e-02
0.3031598	3.283801e-01	2.231358e-02
0.3036291	3.306275e-01	2.255622e-02
0.30409850000000005	2.799184e-01	2.251071e-02
0.30456780000000006	3.169567e-01	2.257086e-02
0.30503710000000006	3.069388e-01	2.230677e-02
0.3055065	2.956301e-01	2.228695e-02
0.3059758	3.525383e-01	2.250898e-02
0.3064451	3.073775e-01	2.260063e-02
0.3069145	2.765357e-01	2.236807e-02
0.3073838	3.214159e-01	2.200025e-02
0.3078531	3.359159e-01	2.232905e-02
0.30832250000000005	2.908928e-01	2.250449e-02
0.30879180000000006	2.815841e-01	2.240942e-02
0.30926110000000007	3.371046e-01	2.189358e-02
0.3097305	2.934617e-01	2.219907e-02
0.3101998	3.159821e-01	2.243055e-02
0.31066910000000003	3.068317e-01	2.236584e-02
0.31113840000000004	3.251581e-01	2.178191e-02
0.3116078	2.527627e-01	2.210151e-02
0.3120771	2.890255e-01	2.206544e-02
0.3125464	3.029872e-01	2.249981e-02
0.31301580000000007	2.430408e-01	2.174578e-02
0.3134851	3.451403e-01	2.211257e-02
0.3139544	3.060842e-01	2.207207e-02
0.31442380000000003	2.811122e-01	2.223528e-02
0.31489310000000004	2.687347e-01	2.177142e-02
0.31536240000000004	2.880434e-01	2.177449e-02
0.3158318	2.933036e-01	2.210323e-02
0.3163011	2.688674e-01	2.215676e-02
0.3167704	2.619975e-01	2.175801e-02
0.3172398	2.746734e-01	2.175103e-02
0.3177091	2.926429e-01	2.198722e-02
0.31817840000000003	2.727525e-01	2.203350e-02
0.31864780000000004	2.403521e-01	2.196815e-02
0.31911710000000004	3.151888e-01	2.135026e-02
0.3195864	3.079642e-01	2.176359e-02
0.3200558	2.851403e-01	2.183953e-02
0.3205251	2.839719e-01	2.194239e-02
0.3209944	2.894949e-01	2.134179e-02
0.3214638	2.590791e-01	2.170291e-02
0.3219331	2.789133e-01	2.175510e-02
0.32240240000000003	2.855281e-01	2.175614e-02
0.32287180000000004	3.050867e-01	2.151734e-02
0.3233411	2.426939e-01	2.151438e-02
0.3238104	2.963035e-01	2.172628e-02
0.3242798	2.944923e-01	2.172652e-02
0.3247491	2.691275e-01	2.148633e-02
0.3252184	2.436199e-01	2.149072e-02
0.3256878	3.056403e-01	2.173231e-02
0.32615710000000003	2.673852e-01	2.157672e-02
0.32662640000000004	2.599132e-01	2.153616e-02
0.3270958	2.566505e-01	2.143802e-02
0.3275651	2.598495e-01	2.160977e-02
0.3280344	2.669617e-01	2.147108e-02
0.3285038	2.605867e-01	2.151846e-02
0.3289731	2.768571e-01	2.139425e-02
0.3294424	2.424694e-01	2.145661e-02
0.32991180000000003	2.456837e-01	2.149204e-02
0.33038110000000004	2.598138e-01	2.160427e-02
0.33085040000000004	2.387679e-01	2.114361e-02
0.3313198	2.628877e-01	2.147720e-02
0.3317891	2.271556e-01	2.124425e-02
0.3322584	2.803724e-01	2.146684e-02
0.3327277	2.566250e-01	2.108816e-02
0.3331971	2.288750e-01	2.146817e-02
0.33366640000000003	2.626710e-01	2.133005e-02
0.33413570000000004	2.291046e-01	2.130031e-02
0.33460510000000004	2.685255e-01	2.121048e-02
0.33507440000000005	2.595919e-01	2.135767e-02
0.3355437	2.408648e-01	2.126672e-02
0.3360131	2.559082e-01	2.116222e-02
0.3364824	2.951276e-01	2.112083e-02
0.3369517	2.701531e-01	2.165531e-02
0.33742110000000003	2.154107e-01	2.187443e-02
0.33789040000000004	2.417475e-01	2.221063e-02
0.33835970000000004	2.829082e-01	2.230972e-02
0.33882910000000005	2.675663e-01	2.271586e-02
0.33929840000000006	2.515433e-01	2.269913e-02
0.3397677	2.383724e-01	2.254168e-02
0.3402371	2.442015e-01	2.249755e-02
0.3407064	2.765994e-01	2.268759e-02
0.3411757	2.682551e-01	2.278699e-02
0.34164510000000003	2.617883e-01	2.283756e-02
0.34211440000000004	2.469286e-01	2.282589e-02
0.34258370000000005	2.841862e-01	2.275665e-02
0.34305310000000006	2.885280e-01	2.300720e-02
0.3435224	2.338597e-01	2.297712e-02
0.3439917	2.283087e-01	2.304537e-02
0.3444611	2.690485e-01	2.283610e-02
0.3449304	2.737092e-01	2.302509e-02
0.34539970000000003	2.593929e-01	2.316637e-02
0.34586910000000004	2.222551e-01	2.319608e-02
0.34633840000000005	2.388826e-01	2.297249e-02
0.34680770000000005	1.882525e-01	2.327253e-02
0.3472771	2.581582e-01	2.337424e-02
0.3477464	1.916786e-01	2.323826e-02
0.3482157	2.522551e-01	2.309071e-02
0.3486851	2.298648e-01	2.324440e-02
0.34915440000000003	2.680842e-01	2.326528e-02
0.3496237	2.599031e-01	2.354294e-02
0.35009310000000005	2.191990e-01	2.324823e-02
0.35056240000000005	2.166276e-01	2.337096e-02
0.35103170000000006	2.977449e-01	2.335595e-02
0.3515011	2.421275e-01	2.367425e-02
0.3519704	2.264311e-01	2.337203e-02
0.3524397	2.468801e-01	2.338101e-02
0.35290910000000003	2.387270e-01	2.349702e-02
0.3533784	2.289362e-01	2.365128e-02
0.3538477	2.306173e-01	2.367840e-02
0.35431710000000005	2.108495e-01	2.338172e-02
0.35478640000000006	1.965281e-01	2.343635e-02
0.35525570000000006	1.979082e-01	2.370007e-02
0.355725	2.072679e-01	2.384186e-02
0.3561944	2.503622e-01	2.345268e-02
0.35666370000000003	2.409235e-01	2.359569e-02
0.35713300000000003	2.140893e-01	2.368057e-02
0.3576024	2.574490e-01	2.404449e-02
0.3580717	2.349668e-01	2.351241e-02
0.358541	1.843367e-01	2.352048e-02
0.35901040000000006	2.569311e-01	2.365268e-02
0.3594797	2.579744e-01	2.379442e-02
0.359949	2.714107e-01	2.361070e-02
0.3604184	2.133495e-01	2.350355e-02
0.36088770000000003	1.905077e-01	2.362931e-02
0.36135700000000004	2.177066e-01	2.460184e-02
0.3618264	2.451097e-01	2.544836e-02
0.3622957	2.391224e-01	2.521567e-02
0.362765	2.031046e-01	2.569433e-02
0.3632344	2.487934e-01	2.600165e-02
0.3637037	2.352245e-01	2.647207e-02
0.364173	2.477245e-01	2.623562e-02
0.36464240000000003	2.231530e-01	2.635025e-02
0.36511170000000004	2.233266e-01	2.646543e-02
0.365581	2.045791e-01	2.712943e-02
0.3660504	1.845970e-01	2.675999e-02
0.3665197	2.484566e-01	2.693585e-02
0.366989	1.998878e-01	2.698957e-02
0.3674584	2.115740e-01	2.735363e-02
0.3679277	2.399668e-01	2.755597e-02
0.36839700000000003	2.281556e-01	2.737437e-02
0.36886640000000004	2.411224e-01	2.744202e-02
0.3693357	1.991326e-01	2.801264e-02
0.369805	2.119107e-01	2.776556e-02
0.3702744	1.767704e-01	2.800068e-02
0.3707437	1.635918e-01	2.781108e-02
0.371213	1.570536e-01	2.826230e-02
0.3716824	2.082627e-01	2.834856e-02
0.37215170000000003	2.280587e-01	2.865078e-02
0.37262100000000004	2.621990e-01	2.834359e-02
0.37309040000000004	2.386659e-01	2.850274e-02
0.3735597	1.610663e-01	2.886773e-02
0.374029	2.732934e-01	2.884222e-02
0.3744984	2.114005e-01	2.905840e-02
0.3749677	2.034592e-01	2.896819e-02
0.375437	2.167449e-01	2.938933e-02
0.37590640000000003	1.633011e-01	2.908741e-02
0.37637570000000004	2.044923e-01	2.955907e-02
0.37684500000000004	1.920816e-01	2.947460e-02
0.3773144	1.723572e-01	2.965015e-02
0.3777837	2.311301e-01	2.957903e-02
0.378253	2.749209e-01	2.987884e-02
0.3787223	1.788036e-01	2.991758e-02
0.3791917	2.243137e-01	3.017618e-02
0.379661	1.933010e-01	3.003760e-02
0.38013030000000003	2.205765e-01	3.019065e-02
0.38059970000000004	1.595485e-01	3.027803e-02
0.38106900000000005	1.182194e-01	3.071552e-02
0.38153830000000005	1.922398e-01	3.037249e-02
0.3820077	1.861531e-01	3.059538e-02
0.382477	2.277858e-01	3.088979e-02
0.3829463	1.447322e-01	3.103508e-02
0.3834157	2.336429e-01	3.093060e-02
0.38388500000000003	2.018087e-01	3.109347e-02
0.38435430000000004	1.886148e-01	3.130389e-02
0.38482370000000005	1.548265e-01	3.147295e-02
0.38529300000000005	1.750357e-01	3.135504e-02
0.3857623	2.505612e-01	3.142142e-02
0.3862317	2.080688e-01	3.176951e-02
0.386701	1.865586e-01	3.192927e-02
0.3871703	2.622653e-01	3.180920e-02
0.38763970000000003	1.947959e-01	3.172989e-02
0.38810900000000004	1.323495e-01	3.211320e-02
0.38857830000000004	2.054796e-01	3.253137e-02
0.38904770000000005	1.814438e-01	3.223269e-02
0.389517	2.538776e-01	3.221698e-02
0.3899863	1.826658e-01	3.244135e-02
0.3904557	2.435510e-01	3.298596e-02
0.390925	1.713980e-01	3.277735e-02
0.39139430000000003	2.061174e-01	3.254520e-02
0.39186370000000004	1.986557e-01	3.252471e-02
0.39233300000000004	2.541224e-01	3.317477e-02
0.39280230000000005	1.594362e-01	3.273817e-02
0.3932717	2.074439e-01	3.306298e-02
0.393741	1.652244e-01	3.253855e-02
0.3942103	2.586097e-01	3.314309e-02
0.3946797	2.073877e-01	3.294109e-02
0.39514900000000003	1.883342e-01	3.343061e-02
0.3956183	1.663368e-01	3.280939e-02
0.39608770000000004	1.659770e-01	3.314436e-02
0.39655700000000005	1.508418e-01	3.328736e-02
0.39702630000000005	1.708928e-01	3.361601e-02
0.3974957	1.663673e-01	3.362760e-02
0.397965	2.306505e-01	3.364917e-02
0.3984343	2.068775e-01	3.370729e-02
0.3989037	2.289056e-01	3.392028e-02
0.399373	1.985969e-01	3.410106e-02
0.3998423	2.001505e-01	3.421642e-02
0.4003117	2.153163e-01	3.401636e-02
0.40078100000000005	1.725536e-01	3.437034e-02
0.4012503	1.927577e-01	3.461966e-02
0.40171960000000007	1.362373e-01	3.491845e-02
0.402189	1.466352e-01	3.454213e-02
0.40265829999999997	2.350587e-01	3.457441e-02
0.40312760000000003	1.915510e-01	3.529400e-02
0.403597	2.020689e-01	3.502399e-02
0.40406630000000004	1.619336e-01	3.525981e-02
0.4045356	1.942525e-01	3.523727e-02
0.405005	9.523726e-02	3.547068e-02
0.40547430000000007	1.502831e-01	3.534878e-02
0.4059436	1.823062e-01	3.605402e-02
0.40641299999999997	2.447194e-01	3.572782e-02
0.40688230000000003	1.982066e-01	3.590602e-02
0.4073516	1.880178e-01	3.592897e-02
0.40782100000000004	1.372806e-01	3.642467e-02
0.4082903	2.106633e-01	3.617691e-02
0.4087596	2.200306e-01	3.646838e-02
0.40922900000000006	2.305204e-01	3.655960e-02
0.4096983	1.832908e-01	3.704836e-02
0.4101676000000001	1.673827e-01	3.658723e-02
0.41063700000000003	1.767322e-01	3.702801e-02
0.4111063	1.860586e-01	3.705705e-02
0.41157560000000004	1.862959e-01	3.767716e-02
0.412045	1.278520e-01	3.711907e-02
0.4125143	1.866862e-01	3.745220e-02
0.4129836	1.498316e-01	3.762645e-02
0.413453	2.288597e-01	3.806205e-02
0.4139223000000001	1.001046e-01	3.783393e-02
0.4143916	2.082322e-01	3.778068e-02
0.414861	1.946148e-01	3.834184e-02
0.41533030000000004	1.882117e-01	3.867907e-02
0.4157996	1.787118e-01	3.868587e-02
0.416269	2.244541e-01	3.816110e-02
0.4167383	2.103980e-01	3.886538e-02
0.4172076	1.304184e-01	3.914294e-02
0.4176770000000001	1.093061e-01	3.952015e-02
0.4181463	2.240816e-01	3.895573e-02
0.4186156000000001	2.035791e-01	3.923303e-02
0.41908500000000004	2.276990e-01	3.948775e-02
0.4195543	1.706607e-01	4.007927e-02
0.42002360000000005	1.566709e-01	3.965860e-02
0.420493	1.531582e-01	3.991364e-02
0.4209623	1.516480e-01	4.016386e-02
0.4214316	1.996352e-01	4.092436e-02
0.421901	2.015612e-01	4.036579e-02
0.4223703000000001	1.999490e-01	4.030372e-02
0.42283960000000004	1.949949e-01	4.093156e-02
0.4233089	1.952806e-01	4.154247e-02
0.42377830000000005	1.732117e-01	4.098610e-02
0.4242476	2.357679e-01	4.090827e-02
0.42471690000000006	1.692806e-01	4.201512e-02
0.4251863	1.606914e-01	4.200268e-02
0.4256556	2.271761e-01	4.152293e-02
0.42612490000000003	1.691071e-01	4.189398e-02
0.42659430000000004	2.264030e-01	4.231868e-02
0.4270636	1.491608e-01	4.293904e-02
0.42753290000000005	1.615689e-01	4.235775e-02
0.4280023	1.568342e-01	4.232435e-02
0.42847160000000006	2.104413e-01	4.286567e-02
0.4289409	2.258827e-01	4.395441e-02
0.4294103	1.865255e-01	4.298289e-02
0.42987960000000003	1.075127e-01	4.321362e-02
0.43034890000000003	1.719286e-01	4.369908e-02
0.4308183	1.197347e-01	4.433335e-02
0.43128760000000005	1.862704e-01	4.447240e-02
0.4317569	1.801071e-01	4.360326e-02
0.43222630000000006	1.423036e-01	4.449876e-02
0.4326956	1.804643e-01	4.514765e-02
0.43316489999999996	4.991836e-02	4.498753e-02
0.43363430000000003	1.569949e-01	4.496776e-02
0.43410360000000003	2.165357e-01	4.532009e-02
0.43457290000000004	1.013827e-01	4.567535e-02
0.43504230000000005	1.186071e-01	4.604171e-02
0.4355116	1.798240e-01	4.575363e-02
0.43598090000000006	1.260102e-01	4.606763e-02
0.4364503	9.896172e-02	4.643995e-02
0.43691959999999996	1.212424e-01	4.727126e-02
0.4373889	1.256046e-01	4.662303e-02
0.43785830000000003	8.106888e-02	4.681660e-02
0.43832760000000004	1.839261e-01	4.727664e-02
0.43879690000000005	1.332628e-01	4.816854e-02
0.4392663	2.057474e-01	4.643232e-02
0.43973560000000006	2.249617e-01	4.715885e-02
0.4402049	1.784184e-01	4.758192e-02
0.44067429999999996	1.046250e-01	4.830091e-02
0.4411436	1.761174e-01	4.686263e-02
0.4416129	1.479056e-01	4.712426e-02
0.44208230000000004	1.647985e-01	4.769029e-02
0.44255160000000004	1.008419e-01	4.881753e-02
0.4430209	1.106046e-01	4.688187e-02
0.44349030000000006	1.860433e-01	4.794314e-02
0.4439596	2.179056e-01	4.854238e-02
0.44442890000000007	1.053418e-01	4.993245e-02
0.4448983	1.619796e-01	4.808415e-02
0.4453676	1.683903e-01	4.896798e-02
0.44583690000000004	1.529414e-01	4.934366e-02
0.4463062	1.168418e-01	5.034896e-02
0.4467756	4.968877e-02	4.999622e-02
0.44724490000000006	1.698010e-01	4.942159e-02
0.4477142	1.736046e-01	5.037864e-02
0.44818360000000007	2.070102e-01	5.166449e-02
0.4486529	1.556964e-01	5.145453e-02
0.44912219999999997	8.506375e-02	5.047251e-02
0.44959160000000004	1.476428e-01	5.146673e-02
0.4500609	1.968087e-01	5.252194e-02
0.45053020000000005	2.018291e-01	5.264404e-02
0.45099960000000006	8.295407e-02	5.176920e-02
0.4514689	1.496632e-01	5.265124e-02
0.45193820000000007	1.436428e-01	5.356528e-02
0.4524076	2.444796e-01	5.434500e-02
0.45287689999999997	1.364107e-01	5.323523e-02
0.45334620000000003	1.561811e-01	5.376743e-02
0.4538156	1.285331e-01	5.484284e-02
0.45428490000000005	1.929490e-01	5.600995e-02
0.4547542	3.380867e-02	5.475842e-02
0.4552236	4.698469e-02	5.476794e-02
0.45569290000000007	2.565076e-01	5.646725e-02
0.4561622	1.072704e-01	5.763692e-02
0.45663159999999997	1.299056e-01	5.614895e-02
0.45710090000000003	1.395204e-01	5.617501e-02
0.4575702	8.751020e-02	5.767570e-02
0.45803960000000005	3.362322e-01	5.999584e-02
0.4585089	1.356760e-01	5.755647e-02
0.4589782	1.101786e-01	5.801856e-02
0.45944760000000007	1.154847e-01	5.890085e-02
0.4599169	2.924719e-01	6.182779e-02
0.4603862000000001	1.136479e-01	5.896935e-02
0.46085560000000003	1.628750e-01	6.013310e-02
0.4613249	1.727831e-01	6.085559e-02
0.46179420000000004	2.419286e-01	6.286878e-02
0.4622636	7.773470e-02	6.159456e-02
0.4627329	1.329285e-01	6.178979e-02
0.4632022	1.140740e-01	6.298229e-02
0.4636716	1.933674e-02	6.444474e-02
0.4641409000000001	1.555842e-01	6.441149e-02
0.46461020000000003	9.865050e-02	6.359098e-02
0.4650796	1.166862e-01	6.458861e-02
0.46554890000000004	1.467347e-01	6.611018e-02
0.4660182	1.575740e-01	6.805598e-02
0.4664876	4.503572e-02	6.567429e-02
0.4669569	2.228061e-01	6.644454e-02
0.4674262	1.654771e-01	6.863260e-02
0.4678956000000001	2.280358e-01	7.138455e-02
0.46836490000000003	2.601760e-01	6.797268e-02
0.4688342	2.491837e-01	6.939894e-02
0.46930350000000004	1.275076e-01	7.075340e-02
0.4697729	2.957959e-01	7.512360e-02
0.47024220000000005	8.953316e-02	7.084140e-02
0.4707115	9.121685e-02	7.194696e-02
0.4711809	7.554082e-02	7.369211e-02
0.4716502	2.827245e-01	7.829323e-02
0.4721195	1.601658e-01	7.408746e-02
0.4725889	1.661148e-01	7.501038e-02
0.47305820000000004	2.754159e-01	7.731563e-02
0.4735275	2.066097e-01	8.195095e-02
0.47399690000000005	1.563699e-01	7.752419e-02
0.4744662	1.781684e-01	7.884663e-02
0.47493550000000007	7.540561e-02	8.121575e-02
0.4754049	1.158367e-01	8.404560e-02
0.4758742	-2.541072e-02	8.410358e-02
0.47634350000000003	2.111633e-01	8.383627e-02
0.47681290000000004	1.361607e-01	8.547283e-02
0.4772822	1.374260e-01	8.913449e-02
0.47775150000000005	1.109821e-01	8.878436e-02
0.4782209	1.893954e-01	8.911947e-02
0.47869020000000007	1.137423e-01	9.046917e-02
0.4791595	1.150332e-01	9.475505e-02
0.4796289	1.128138e-01	9.385053e-02
0.48009820000000003	2.398061e-01	9.591066e-02
0.48056750000000004	7.438011e-02	9.789749e-02
0.4810369	3.520817e-01	1.032693e-01
0.48150620000000005	-1.297806e-01	1.002232e-01
0.4819755	4.504595e-02	1.030918e-01
0.48244490000000007	6.458930e-02	1.063281e-01
0.4829142	1.489489e-01	1.115465e-01
0.48338349999999997	2.174924e-01	1.096742e-01
0.48385290000000003	1.440842e-01	1.144353e-01
0.48432220000000004	2.612142e-01	1.180626e-01
0.48479150000000004	2.902296e-01	1.222964e-01
0.48526090000000005	1.466123e-01	1.223779e-01
0.4857302	9.906885e-02	1.290014e-01
0.48619950000000006	-1.074770e-01	1.336512e-01
0.4866689	2.705918e-01	1.337768e-01
0.48713819999999997	1.883317e-01	1.419823e-01
0.4876075	5.788011e-02	1.522838e-01
0.48807690000000004	2.237424e-01	1.567565e-01
0.48854620000000004	3.344388e-01	1.589462e-01
0.48901550000000005	1.856428e-01	1.726183e-01
0.4894849	3.030689e-01	1.872313e-01
0.48995420000000006	-3.189800e-02	1.861337e-01
0.4904235	1.719719e-01	2.106504e-01
0.4908928000000001	1.844209e-01	2.472815e-01
0.4913622	1.035178e-01	2.650194e-01
0.4918315	-1.070561e-01	2.758649e-01
0.49230080000000004	1.533877e-01	3.416089e-01
0.49277020000000005	4.450588e-02	2.036407e-01
