Sample description: prot1
Sample: prot1 c= 4.5 Code: Apr1
Subtracted from raw files: "C:\Data\rishi-4and9mgpml\prot4p5mgpmlrep1_0001.img" "C:\Data\rishi-4and9mgpml\bufferrep1_0002.img"
Processed by SAXSLab Sat Apr 02 09:53:54 2022
BeamCenter_X: 754.149 BeamCenter_Y: 199.623
Exposure time (sec): 3600
Pin diode (mean): 6.6504e-08
==============================================
0.00340574 0.0001 0
0.00421722 0.0001 0
0.0050287 0.0001 0
0.00584019 0.0001 0
0.00665167 0.0001 0
0.00746315 0.0001 0
0.00827463 0.0001 0
0.00908611 0.0001 0
0.0098976 4.0363 1.30229
0.0107091 4.1377 0.418302
0.0115206 4.48009 0.202164
0.012332 4.49088 0.147467
0.0131435 4.42721 0.111012
0.013955 4.46522 0.0900657
0.0147665 4.38171 0.0840966
0.015578 4.25683 0.0712856
0.0163895 4.23649 0.0695903
0.0172009 4.27714 0.0694896
0.0180124 4.33731 0.0633619
0.0188239 4.29442 0.0574417
0.0196354 4.2141 0.0610531
0.0204469 4.27146 0.0541959
0.0212583 4.12411 0.0514978
0.0220698 4.16216 0.0514398
0.0228813 4.14191 0.0488241
0.0236928 4.16089 0.0514628
0.0245043 4.08522 0.0437881
0.0253158 3.92588 0.045125
0.0261272 3.99878 0.0448134
0.0269387 3.96133 0.0468401
0.0277502 3.88379 0.0438309
0.0285617 3.80452 0.0378709
0.0293732 3.7786 0.0413637
0.0301846 3.83163 0.0416739
0.0309961 3.7734 0.0360293
0.0318076 3.78616 0.0401758
0.0326191 3.61459 0.0373104
0.0334306 3.63771 0.0357364
0.0342421 3.56761 0.0358148
0.0350535 3.58276 0.0347577
0.035865 3.54081 0.0361457
0.0366765 3.49245 0.0344685
0.037488 3.42632 0.0324459
0.0382995 3.42272 0.0339389
0.0391109 3.33038 0.0319695
0.0399224 3.32778 0.0316187
0.0407339 3.22576 0.0318525
0.0415454 3.23969 0.028624
0.0423569 3.18234 0.031229
0.0431684 3.16887 0.0310699
0.0439798 3.09917 0.030207
0.0447913 3.05768 0.0304911
0.0456028 3.06994 0.0288
0.0464143 2.95387 0.0295811
0.0472258 2.94169 0.0267814
0.0480372 2.92546 0.0283177
0.0488487 2.87262 0.0270993
0.0496602 2.82114 0.0259809
0.0504717 2.81703 0.0267857
0.0512832 2.77824 0.0261433
0.0520947 2.73883 0.0267287
0.0529061 2.69176 0.0265892
0.0537176 2.62353 0.0245934
0.0545291 2.56553 0.0256845
0.0553406 2.55061 0.0240217
0.0561521 2.51126 0.0249167
0.0569635 2.47798 0.0241492
0.057775 2.43064 0.0248757
0.0585865 2.41485 0.0242552
0.059398 2.3419 0.022843
0.0602095 2.3595 0.0237119
0.061021 2.23515 0.0238096
0.0618324 2.24337 0.0226384
0.0626439 2.25505 0.022324
0.0634554 2.22363 0.021654
0.0642669 2.16504 0.0222746
0.0650784 2.12718 0.0224241
0.0658898 2.11139 0.0213722
0.0667013 2.09608 0.0214637
0.0675128 2.03117 0.0217091
0.0683243 2.02566 0.0216664
0.0691358 2.01916 0.0203317
0.0699473 1.93352 0.0209113
0.0707587 1.95111 0.0204152
0.0715702 1.93127 0.0203974
0.0723817 1.87828 0.020079
0.0731932 1.86945 0.0193896
0.0740047 1.81707 0.019088
0.0748161 1.79606 0.0204537
0.0756276 1.75976 0.0191534
0.0764391 1.74056 0.019155
0.0772506 1.75391 0.0197787
0.0780621 1.70124 0.0188975
0.0788736 1.69162 0.0190769
0.079685 1.63082 0.0189466
0.0804965 1.62428 0.0183733
0.081308 1.58195 0.018812
0.0821195 1.59071 0.0177945
0.082931 1.53033 0.0187844
0.0837424 1.51581 0.0180344
0.0845539 1.52193 0.0183014
0.0853654 1.48442 0.0184924
0.0861769 1.44991 0.0172498
0.0869884 1.44403 0.0172466
0.0877999 1.44113 0.0173849
0.0886113 1.41796 0.0171103
0.0894228 1.39184 0.0179955
0.0902343 1.36896 0.0170458
0.0910458 1.36749 0.0173231
0.0918573 1.36621 0.016701
0.0926687 1.30918 0.0161525
0.0934802 1.31208 0.0166841
0.0942917 1.2966 0.0167182
0.0951032 1.26719 0.0165143
0.0959147 1.22468 0.0164252
0.0967262 1.25393 0.0160494
0.0975376 1.25444 0.0164959
0.0983491 1.22423 0.0160722
0.0991606 1.1934 0.0160755
0.0999721 1.17348 0.0162396
0.100784 1.19271 0.0157098
0.101595 1.15614 0.0164576
0.102407 1.11855 0.0158812
0.103218 1.10991 0.0157364
0.104029 1.10976 0.0152232
0.104841 1.09458 0.0156653
0.105652 1.0858 0.0152419
0.106464 1.08554 0.015535
0.107275 1.06495 0.015349
0.108087 1.03813 0.0153499
0.108898 1.0383 0.0150622
0.10971 1.01171 0.0151196
0.110521 1.01911 0.0150161
0.111333 1.02572 0.0151217
0.112144 0.994928 0.0149347
0.112956 0.969839 0.0147299
0.113767 0.984988 0.0147016
0.114579 0.958115 0.0146105
0.11539 0.944512 0.0149903
0.116202 0.957641 0.0142176
0.117013 0.929876 0.0143115
0.117825 0.945042 0.0141058
0.118636 0.920226 0.0141514
0.119448 0.925793 0.0144288
0.120259 0.897664 0.0141866
0.121071 0.927032 0.013584
0.121882 0.898781 0.0138453
0.122694 0.887256 0.0141826
0.123505 0.880599 0.0140098
0.124317 0.857605 0.0142233
0.125128 0.856152 0.0138682
0.125939 0.848879 0.0139826
0.126751 0.864376 0.013818
0.127562 0.810135 0.0136744
0.128374 0.851158 0.0135356
0.129185 0.819019 0.0132788
0.129997 0.804636 0.013811
0.130808 0.818799 0.0136479
0.13162 0.769436 0.0133856
0.132431 0.785541 0.0134808
0.133243 0.794879 0.0132974
0.134054 0.766372 0.0135422
0.134866 0.764044 0.0130849
0.135677 0.769396 0.0128867
0.136489 0.74722 0.0129096
0.1373 0.758098 0.0129433
0.138112 0.730395 0.0130659
0.138923 0.73124 0.012741
0.139735 0.725038 0.0129853
0.140546 0.736149 0.0131722
0.141358 0.731708 0.0123129
0.142169 0.746986 0.0126476
0.142981 0.705542 0.0122375
0.143792 0.691372 0.0125257
0.144604 0.73372 0.0126411
0.145415 0.693291 0.0125355
0.146227 0.699362 0.0124736
0.147038 0.682413 0.0122876
0.14785 0.652316 0.0124545
0.148661 0.688324 0.0124445
0.149472 0.681662 0.0124482
0.150284 0.674024 0.0126171
0.151095 0.66803 0.0119029
0.151907 0.652057 0.0120059
0.152718 0.656018 0.0121599
0.15353 0.664192 0.0124742
0.154341 0.642726 0.0121899
0.155153 0.643795 0.0120278
0.155964 0.633776 0.0122998
0.156776 0.620548 0.0122227
0.157587 0.632073 0.0122907
0.158399 0.626173 0.0120609
0.15921 0.627984 0.0123293
0.160022 0.594806 0.0124087
0.160833 0.581551 0.0124784
0.161645 0.627119 0.0124633
0.162456 0.6104 0.0124271
0.163268 0.601567 0.0128169
0.164079 0.598721 0.0120837
0.164891 0.618295 0.0127532
0.165702 0.55999 0.0123493
0.166514 0.588649 0.0124266
0.167325 0.569484 0.0124471
0.168137 0.582049 0.0126438
0.168948 0.574464 0.0129335
0.16976 0.553321 0.0124522
0.170571 0.567228 0.0129602
0.171382 0.554174 0.0130918
0.172194 0.540292 0.0125861
0.173005 0.567067 0.0128189
0.173817 0.529376 0.0128743
0.174628 0.55997 0.0129056
0.17544 0.528102 0.013075
0.176251 0.533267 0.0130447
0.177063 0.535664 0.0131803
0.177874 0.522588 0.0129357
0.178686 0.538882 0.0132854
0.179497 0.526466 0.013143
0.180309 0.547679 0.013037
0.18112 0.537501 0.0129716
0.181932 0.54739 0.0128034
0.182743 0.521263 0.012762
0.183555 0.53476 0.0131122
0.184366 0.509181 0.0131206
0.185178 0.479782 0.0133273
0.185989 0.501494 0.0131928
0.186801 0.481094 0.0131974
0.187612 0.476036 0.0134957
0.188424 0.455737 0.0131606
0.189235 0.505342 0.0133537
0.190047 0.497394 0.0131869
0.190858 0.463535 0.0131515
0.19167 0.481459 0.0134139
0.192481 0.509025 0.013207
0.193292 0.459907 0.0131183
0.194104 0.489263 0.0134408
0.194915 0.465301 0.0132024
0.195727 0.470301 0.0135469
0.196538 0.44493 0.0131249
0.19735 0.45172 0.0132825
0.198161 0.462981 0.0131828
0.198973 0.446484 0.0132214
0.199784 0.462515 0.01355
0.200596 0.452317 0.012954
0.201407 0.437744 0.0137011
0.202219 0.454632 0.0135205
0.20303 0.445976 0.0135343
0.203842 0.455681 0.013569
0.204653 0.422907 0.0132796
0.205465 0.459027 0.0135544
0.206276 0.447049 0.0134457
0.207088 0.457883 0.0134499
0.207899 0.417934 0.0135456
0.208711 0.445121 0.0131764
0.209522 0.405464 0.0137216
0.210334 0.442137 0.0137036
0.211145 0.390398 0.0137829
0.211957 0.395991 0.0134055
0.212768 0.425563 0.0136025
0.21358 0.424776 0.013884
0.214391 0.420272 0.0137321
0.215203 0.410321 0.0135729
0.216014 0.420069 0.0133865
0.216825 0.430475 0.0135933
0.217637 0.430175 0.0136503
0.218448 0.411079 0.0138202
0.21926 0.397107 0.0136262
0.220071 0.376396 0.0135667
0.220883 0.384386 0.0134518
0.221694 0.418157 0.0132533
0.222506 0.417486 0.0132311
0.223317 0.38821 0.0129924
0.224129 0.404301 0.0132228
0.22494 0.407313 0.013246
0.225752 0.385917 0.0134443
0.226563 0.379792 0.0137165
0.227375 0.384486 0.0130957
0.228186 0.388916 0.0136501
0.228998 0.382891 0.0134484
0.229809 0.381145 0.0135836
0.230621 0.375763 0.0137059
0.231432 0.377537 0.0136149
0.232244 0.383681 0.0137984
0.233055 0.355463 0.0134349
0.233867 0.378549 0.0134341
0.234678 0.35048 0.0139724
0.23549 0.377388 0.0137155
0.236301 0.361652 0.013641
0.237113 0.374847 0.0136222
0.237924 0.350394 0.013418
0.238735 0.365178 0.0132083
0.239547 0.361527 0.0136863
0.240358 0.364502 0.0138545
0.24117 0.385457 0.0132868
0.241981 0.358834 0.0135273
0.242793 0.355406 0.013411
0.243604 0.347682 0.013803
0.244416 0.348296 0.0138097
0.245227 0.319629 0.0137073
0.246039 0.350261 0.0137524
0.24685 0.338115 0.0136944
0.247662 0.338201 0.0135369
0.248473 0.363199 0.0137339
0.249285 0.361628 0.0138015
0.250096 0.348296 0.0132456
0.250908 0.338155 0.0137826
0.251719 0.33528 0.0134233
0.252531 0.331229 0.0139113
0.253342 0.338758 0.0135822
0.254154 0.299926 0.0134979
0.254965 0.341034 0.0135674
0.255777 0.331361 0.01358
0.256588 0.326725 0.013469
0.2574 0.340511 0.0135373
0.258211 0.316969 0.0140451
0.259023 0.323135 0.0139092
0.259834 0.327025 0.0133252
0.260645 0.308024 0.013228
0.261457 0.305778 0.0137035
0.262268 0.321586 0.0139794
0.26308 0.324183 0.0140779
0.263891 0.309628 0.0134607
0.264703 0.297006 0.0132635
0.265514 0.319189 0.0137715
0.266326 0.317659 0.0141642
0.267137 0.339646 0.0136264
0.267949 0.29481 0.0135564
0.26876 0.329201 0.0139249
0.269572 0.299228 0.0131422
0.270383 0.32128 0.0138154
0.271195 0.301001 0.0139264
0.272006 0.298826 0.0135317
0.272818 0.315414 0.013578
0.273629 0.304416 0.0141792
0.274441 0.298939 0.0139035
0.275252 0.301163 0.0132817
0.276064 0.319298 0.0136315
0.276875 0.303245 0.0135757
0.277687 0.326895 0.0138869
0.278498 0.298606 0.0136443
0.27931 0.30047 0.0135596
0.280121 0.331021 0.0137428
0.280933 0.30184 0.0140225
0.281744 0.289269 0.0138618
0.282555 0.272018 0.0139938
0.283367 0.316512 0.0140918
0.284178 0.289979 0.0136703
0.28499 0.289633 0.0139244
0.285801 0.298621 0.0139387
0.286613 0.272283 0.0139332
0.287424 0.301788 0.0140452
0.288236 0.284343 0.0134864
0.289047 0.287262 0.0137254
0.289859 0.291752 0.0138343
0.29067 0.290707 0.0135966
0.291482 0.282031 0.0141037
0.292293 0.290945 0.013653
0.293105 0.293058 0.0135112
0.293916 0.246117 0.0137077
0.294728 0.283939 0.0138115
0.295539 0.267858 0.0134021
0.296351 0.280856 0.0138851
0.297162 0.250026 0.0138559
0.297974 0.279126 0.0137483
0.298785 0.280542 0.0144919
0.299597 0.284245 0.0136544
0.300408 0.282877 0.0133604
0.30122 0.261973 0.0137797
0.302031 0.250606 0.0129382
0.302843 0.264078 0.0134066
0.303654 0.272178 0.0134641
0.304466 0.245082 0.013525
0.305277 0.260773 0.0137434
0.306088 0.264445 0.0134844
0.3069 0.274778 0.0131912
0.307711 0.244152 0.0137716
0.308523 0.264699 0.0138087
0.309334 0.260831 0.0132645
0.310146 0.276795 0.0134989
0.310957 0.243956 0.0135275
0.311769 0.255146 0.0135351
0.31258 0.271444 0.0135241
0.313392 0.251029 0.0137627
0.314203 0.252435 0.0135748
0.315015 0.28023 0.0136228
0.315826 0.248033 0.0132968
0.316638 0.262942 0.0137004
0.317449 0.251565 0.0133365
0.318261 0.254646 0.0142231
0.319072 0.24312 0.0139027
0.319884 0.257234 0.0131945
0.320695 0.266003 0.0137191
0.321507 0.219859 0.0135019
0.322318 0.234633 0.0134465
0.32313 0.235657 0.013455
0.323941 0.258619 0.0132718
0.324753 0.224722 0.013605
0.325564 0.231927 0.0139975
0.326376 0.257483 0.013587
0.327187 0.206399 0.013879
0.327998 0.240474 0.013625
0.32881 0.220445 0.0137324
0.329621 0.224783 0.0136205
0.330433 0.2616 0.0135762
0.331244 0.199231 0.0137801
0.332056 0.240085 0.013558
0.332867 0.20394 0.013618
0.333679 0.226125 0.0136617
0.33449 0.2354 0.0132431
0.335302 0.220138 0.0135747
0.336113 0.230804 0.0138384
0.336925 0.231258 0.013517
0.337736 0.242515 0.0138073
0.338548 0.204615 0.0136659
0.339359 0.233241 0.0137173
0.340171 0.244257 0.014044
0.340982 0.215551 0.0137542
0.341794 0.182449 0.0134103
0.342605 0.207549 0.0135886
0.343417 0.20301 0.0137989
0.344228 0.208418 0.0135893
0.34504 0.235755 0.0134958
0.345851 0.217416 0.0135812
0.346663 0.225372 0.0137527
0.347474 0.206954 0.0137979
0.348286 0.224953 0.0141447
0.349097 0.239059 0.01367
0.349908 0.21961 0.0137978
0.35072 0.208388 0.0140517
0.351531 0.214214 0.013695
0.352343 0.210685 0.0139768
0.353154 0.227762 0.0134328
0.353966 0.206745 0.0141846
0.354777 0.212078 0.013414
0.355589 0.212528 0.0138124
0.3564 0.21088 0.0139665
0.357212 0.215993 0.0138171
0.358023 0.208471 0.0137213
0.358835 0.210965 0.0138872
0.359646 0.204565 0.0136249
0.360458 0.199297 0.0138756
0.361269 0.196032 0.0137049
0.362081 0.205083 0.0134771
0.362892 0.201027 0.0138565
0.363704 0.195806 0.0136032
0.364515 0.200217 0.0135952
0.365327 0.204747 0.0135425
0.366138 0.195253 0.0136659
0.36695 0.200974 0.0134926
0.367761 0.207642 0.013661
0.368573 0.209674 0.0137965
0.369384 0.20395 0.0133263
0.370196 0.206607 0.013824
0.371007 0.200744 0.0138533
0.371818 0.229126 0.013884
0.37263 0.183498 0.0135068
0.373441 0.203659 0.0133439
0.374253 0.198757 0.0133436
0.375064 0.179684 0.0134646
0.375876 0.210386 0.0138696
0.376687 0.223675 0.0139881
0.377499 0.212383 0.013757
0.37831 0.174076 0.0135596
0.379122 0.182861 0.0136976
0.379933 0.210632 0.0132997
0.380745 0.205325 0.0127489
0.381556 0.169769 0.013133
0.382368 0.179758 0.0132304
0.383179 0.189173 0.0133088
0.383991 0.202964 0.0135506
0.384802 0.188579 0.0132971
0.385614 0.188181 0.0131606
0.386425 0.202435 0.0133675
0.387237 0.192379 0.0134133
0.388048 0.191641 0.0135263
0.38886 0.199192 0.0136481
0.389671 0.208124 0.0134931
0.390483 0.180895 0.0134601
0.391294 0.174364 0.0136978
0.392106 0.187796 0.0136621
0.392917 0.197216 0.0137556
0.393729 0.179425 0.0138274
0.39454 0.18397 0.012788
0.395351 0.196874 0.0137016
0.396163 0.182485 0.0134611
0.396974 0.218303 0.0139047
0.397786 0.178757 0.0134559
0.398597 0.19485 0.0133039
0.399409 0.185392 0.0135663
0.40022 0.171844 0.0134205
0.401032 0.158456 0.0137054
0.401843 0.193538 0.0137108
0.402655 0.196536 0.0140396
0.403466 0.196909 0.0139364
0.404278 0.187252 0.0133368
0.405089 0.198503 0.0135171
0.405901 0.181594 0.0136473
0.406712 0.197537 0.0138156
0.407524 0.196889 0.0135808
0.408335 0.170666 0.0135823
0.409147 0.155538 0.013585
0.409958 0.174331 0.0136621
0.41077 0.178935 0.0138783
0.411581 0.203028 0.013873
0.412393 0.174193 0.0133623
0.413204 0.174979 0.0136641
0.414016 0.167711 0.014138
0.414827 0.16318 0.0137501
0.415639 0.160625 0.0137408
0.41645 0.173674 0.0135864
0.417261 0.177121 0.0136444
0.418073 0.152813 0.0139928
0.418884 0.188938 0.0142129
0.419696 0.171559 0.0140091
0.420507 0.172784 0.0137591
0.421319 0.159515 0.0138879
0.42213 0.173315 0.0138594
0.422942 0.169941 0.0137925
0.423753 0.180685 0.0138714
0.424565 0.173848 0.013607
0.425376 0.158862 0.0141774
0.426188 0.179502 0.0138479
0.426999 0.190053 0.0139949
0.427811 0.166084 0.0137432
0.428622 0.147866 0.0138181
0.429434 0.159082 0.013657
0.430245 0.146784 0.0135246
0.431057 0.15804 0.0136158
0.431868 0.175652 0.0140686
0.43268 0.17614 0.0139356
0.433491 0.167742 0.0139124
0.434303 0.134342 0.014049
0.435114 0.176219 0.0134596
0.435926 0.153331 0.0135431
0.436737 0.163966 0.013768
0.437549 0.171353 0.0136319
0.43836 0.141842 0.0138434
0.439171 0.162118 0.0135548
0.439983 0.17279 0.0137593
0.440794 0.168067 0.0142239
0.441606 0.159389 0.0134714
0.442417 0.122271 0.0136696
0.443229 0.139127 0.0135888
0.44404 0.149543 0.0140914
0.444852 0.14907 0.0137207
0.445663 0.149465 0.0139538
0.446475 0.166473 0.0138283
0.447286 0.173913 0.013531
0.448098 0.15623 0.0138432
0.448909 0.172016 0.0142158
0.449721 0.146842 0.0139146
0.450532 0.192735 0.0136224
0.451344 0.129807 0.0137286
0.452155 0.167031 0.0136119
0.452967 0.14182 0.0135081
0.453778 0.168011 0.0138115
0.45459 0.130424 0.0139126
0.455401 0.13345 0.0138471
0.456213 0.136294 0.0137898
0.457024 0.154001 0.013864
0.457836 0.148103 0.0141587
0.458647 0.164963 0.0132226
0.459459 0.155619 0.0127598
0.46027 0.152586 0.0127368
0.461082 0.142342 0.0130875
0.461893 0.143385 0.013514
0.462704 0.120301 0.0131132
0.463516 0.134743 0.0134017
0.464327 0.153823 0.013005
0.465139 0.16814 0.0135757
0.46595 0.148919 0.0136264
0.466762 0.154134 0.0134995
0.467573 0.147171 0.0133991
0.468385 0.140993 0.0139005
0.469196 0.156071 0.0137784
0.470008 0.172536 0.013594
0.470819 0.129319 0.0130384
0.471631 0.160059 0.0142404
0.472442 0.143659 0.013383
0.473254 0.177618 0.0136335
0.474065 0.1507 0.0132868
0.474877 0.141527 0.0134619
0.475688 0.140174 0.0135302
0.4765 0.166783 0.0134987
0.477311 0.15421 0.013813
0.478123 0.139917 0.0134788
0.478934 0.148502 0.0138202
0.479746 0.145127 0.013937
0.480557 0.155478 0.0135031
0.481369 0.138822 0.0133677
0.48218 0.126705 0.0140291
0.482992 0.158833 0.0135268
0.483803 0.15469 0.0136874
0.484614 0.158996 0.0134566
0.485426 0.143633 0.0134484
0.486237 0.141281 0.0133562
0.487049 0.130312 0.0137255
0.48786 0.130991 0.01408
0.488672 0.12989 0.0139723
0.489483 0.127944 0.0136324
0.490295 0.125882 0.0139468
0.491106 0.150972 0.0138165
0.491918 0.157727 0.0133292
0.492729 0.129743 0.0135537
0.493541 0.143564 0.0136604
0.494352 0.139916 0.0138576
0.495164 0.136189 0.0137695
0.495975 0.140054 0.0142572
0.496787 0.145178 0.0139853
0.497598 0.149239 0.0135286
0.49841 0.139115 0.0137624
0.499221 0.119825 0.013573
0.500033 0.113668 0.013897
0.500844 0.127578 0.0137578
0.501656 0.126421 0.0134715
0.502467 0.160355 0.0136075
0.503279 0.137181 0.0138142
0.50409 0.152725 0.0135401
0.504902 0.120693 0.0137374
0.505713 0.112432 0.0136777
0.506524 0.132579 0.0138129
0.507336 0.135287 0.0136613
0.508147 0.138103 0.0139147
0.508959 0.118655 0.0137805
0.50977 0.136617 0.0140068
0.510582 0.140935 0.0140965
0.511393 0.135085 0.0137457
0.512205 0.134368 0.0141405
0.513016 0.139169 0.0134482
0.513828 0.115152 0.0137621
0.514639 0.12009 0.0143909
0.515451 0.111274 0.0137562
0.516262 0.108607 0.0137397
0.517074 0.126689 0.0140025
0.517885 0.141917 0.0137416
0.518697 0.121761 0.013929
0.519508 0.133824 0.0139895
0.52032 0.148685 0.013967
0.521131 0.127604 0.0136047
0.521943 0.138283 0.0133781
0.522754 0.143678 0.0139131
0.523566 0.109159 0.013863
0.524377 0.121344 0.0137315
0.525189 0.128702 0.013781
0.526 0.155173 0.0137264
0.526812 0.126985 0.0134853
0.527623 0.100379 0.013961
0.528434 0.12908 0.0136613
0.529246 0.123407 0.013763
0.530057 0.138297 0.0140622
0.530869 0.116014 0.0138064
0.53168 0.145252 0.0140262
0.532492 0.140512 0.0142026
0.533303 0.112928 0.0138981
0.534115 0.159834 0.0135175
0.534926 0.129983 0.0139319
0.535738 0.125908 0.0140695
0.536549 0.123052 0.0140234
0.537361 0.132016 0.0134187
0.538172 0.114992 0.0125799
0.538984 0.105583 0.0129976
0.539795 0.137184 0.0135398
0.540607 0.138144 0.0137833
0.541418 0.105403 0.0135695
0.54223 0.11242 0.0137397
0.543041 0.138536 0.0136564
0.543853 0.120329 0.0138667
0.544664 0.115245 0.0139853
0.545476 0.117012 0.0133433
0.546287 0.129917 0.0135379
0.547099 0.100878 0.0138525
0.54791 0.10209 0.0138355
0.548722 0.108953 0.0136167
0.549533 0.134886 0.013589
0.550345 0.141522 0.0136474
0.551156 0.119306 0.0136428
0.551967 0.133613 0.0138684
0.552779 0.114188 0.0140063
0.55359 0.113058 0.0138058
0.554402 0.149519 0.0137322
0.555213 0.136256 0.0137047
0.556025 0.105079 0.0139332
0.556836 0.12182 0.0136757
0.557648 0.106836 0.0139789
0.558459 0.102313 0.0138255
0.559271 0.137427 0.0137958
0.560082 0.133527 0.0139127
0.560894 0.119828 0.014081
0.561705 0.117434 0.0138424
0.562517 0.111039 0.0143262
0.563328 0.105635 0.0143205
0.56414 0.116898 0.0141797
0.564951 0.124074 0.0143858
0.565763 0.127375 0.0144241
0.566574 0.133351 0.0139087
0.567386 0.134334 0.0141978
0.568197 0.114846 0.0144955
0.569009 0.123588 0.0145825
0.56982 0.133238 0.0143607
0.570632 0.103948 0.014003
0.571443 0.132983 0.0145188
0.572255 0.117115 0.0140688
0.573066 0.117396 0.0144181
0.573877 0.0814261 0.0141568
0.574689 0.12004 0.0142051
0.5755 0.109886 0.0141925
0.576312 0.108464 0.014525
0.577123 0.123451 0.0142019
0.577935 0.109967 0.0137794
0.578746 0.125134 0.0146577
0.579558 0.110174 0.0144164
0.580369 0.118308 0.0140784
0.581181 0.135646 0.0144654
0.581992 0.108408 0.0145163
0.582804 0.093684 0.0143863
0.583615 0.122787 0.0142203
0.584427 0.0969259 0.014643
0.585238 0.108501 0.0143029
0.58605 0.113008 0.0145558
0.586861 0.105214 0.0147182
0.587673 0.0813885 0.0146694
0.588484 0.0932144 0.0142472
0.589296 0.111116 0.0144685
0.590107 0.115679 0.0143499
0.590919 0.104597 0.0141291
0.59173 0.122911 0.0144342
0.592542 0.0932385 0.0146467
0.593353 0.0970428 0.0142172
0.594165 0.117788 0.014069
0.594976 0.11541 0.0144373
0.595787 0.129686 0.0144427
0.596599 0.0857624 0.014797
0.59741 0.125274 0.0141018
0.598222 0.129783 0.014536
0.599033 0.116354 0.0148967
0.599845 0.115548 0.0147606
0.600656 0.126755 0.0140941
0.601468 0.128494 0.0148215
0.602279 0.108315 0.0145972
0.603091 0.133983 0.0148309
0.603902 0.0802843 0.0146377
0.604714 0.128485 0.0144078
0.605525 0.117122 0.0145862
0.606337 0.114175 0.0142643
0.607148 0.0910248 0.0145711
0.60796 0.0915521 0.0149767
0.608771 0.119624 0.0149407
0.609583 0.127063 0.0146454
0.610394 0.0939027 0.0145295
0.611206 0.0978158 0.0147862
0.612017 0.135264 0.0145348
0.612829 0.128653 0.014651
0.61364 0.1241 0.014337
0.614452 0.103701 0.0148447
==============================================
Sample description:                     prot1
Sample code:                            Apr1
Sample concentration:                   4.5
Beam center X [px]:                     754.149
Beam center Y [px]:                     199.623
Exposure time [s]:                      3600
Sample temperature [deg C]:             19.99
