0.0155072	0.142985E-01	0.203590E-03
0.0159632	0.140756E-01	0.198433E-03
0.0164193	0.140978E-01	0.193426E-03
0.0168754	0.141057E-01	0.190141E-03
0.0173315	0.140565E-01	0.185304E-03
0.0177876	0.140710E-01	0.180892E-03
0.0182437	0.138088E-01	0.178413E-03
0.0186998	0.138591E-01	0.175249E-03
0.0191559	0.137870E-01	0.170712E-03
0.019612	0.136335E-01	0.170840E-03
0.0200681	0.138592E-01	0.166691E-03
0.0205241	0.136807E-01	0.162341E-03
0.0209802	0.136799E-01	0.161388E-03
0.0214363	0.135054E-01	0.157630E-03
0.0218924	0.135547E-01	0.158138E-03
0.0223485	0.132431E-01	0.153787E-03
0.0228046	0.133822E-01	0.149972E-03
0.0232607	0.131765E-01	0.151570E-03
0.0237168	0.132327E-01	0.147367E-03
0.0241728	0.131601E-01	0.145663E-03
0.0246289	0.131296E-01	0.144131E-03
0.025085	0.130813E-01	0.143055E-03
0.0255411	0.130060E-01	0.141744E-03
0.0259972	0.127046E-01	0.136750E-03
0.0264533	0.124404E-01	0.137473E-03
0.0269093	0.123964E-01	0.135965E-03
0.0273654	0.126884E-01	0.135750E-03
0.0278215	0.126627E-01	0.133579E-03
0.0282776	0.124851E-01	0.129557E-03
0.0287337	0.123459E-01	0.130251E-03
0.0291898	0.124929E-01	0.128836E-03
0.0296458	0.122227E-01	0.128770E-03
0.0301019	0.120289E-01	0.126344E-03
0.030558	0.119963E-01	0.124643E-03
0.0310141	0.116633E-01	0.124894E-03
0.0314702	0.117482E-01	0.122902E-03
0.0319262	0.116607E-01	0.119859E-03
0.0323823	0.116560E-01	0.121978E-03
0.0328384	0.115771E-01	0.119245E-03
0.0332945	0.115459E-01	0.119697E-03
0.0337506	0.113511E-01	0.117218E-03
0.0342066	0.110558E-01	0.116158E-03
0.0346627	0.113043E-01	0.115204E-03
0.0351188	0.110284E-01	0.114394E-03
0.0355749	0.109393E-01	0.114785E-03
0.0360309	0.109303E-01	0.112379E-03
0.036487	0.109566E-01	0.112376E-03
0.0369431	0.108132E-01	0.111464E-03
0.0373992	0.107458E-01	0.110471E-03
0.0378552	0.106693E-01	0.109159E-03
0.0383113	0.106257E-01	0.109221E-03
0.0387674	0.103573E-01	0.108511E-03
0.0392235	0.103422E-01	0.107533E-03
0.0396795	0.102794E-01	0.105476E-03
0.0401356	0.101723E-01	0.105288E-03
0.0405917	0.100487E-01	0.105601E-03
0.0410478	0.996941E-02	0.105180E-03
0.0415038	0.984809E-02	0.102829E-03
0.0419599	0.983330E-02	0.103406E-03
0.042416	0.979267E-02	0.102366E-03
0.042872	0.991830E-02	0.101323E-03
0.0433281	0.991775E-02	0.100693E-03
0.0437842	0.962346E-02	0.100657E-03
0.0442402	0.917216E-02	0.100139E-03
0.0446963	0.925559E-02	0.991940E-04
0.0451524	0.912110E-02	0.988802E-04
0.0456084	0.906713E-02	0.965362E-04
0.0460645	0.906937E-02	0.978258E-04
0.0465206	0.898918E-02	0.972663E-04
0.0469766	0.905673E-02	0.968357E-04
0.0474327	0.888187E-02	0.955087E-04
0.0478887	0.880733E-02	0.949649E-04
0.0483448	0.874396E-02	0.951291E-04
0.0488009	0.857808E-02	0.939119E-04
0.0492569	0.852827E-02	0.932740E-04
0.049713	0.842897E-02	0.942143E-04
0.050169	0.859381E-02	0.923625E-04
0.0506251	0.824181E-02	0.921878E-04
0.0510812	0.828194E-02	0.909319E-04
0.0515372	0.824335E-02	0.911089E-04
0.0519933	0.807775E-02	0.913521E-04
0.0524493	0.802165E-02	0.900327E-04
0.0529054	0.789507E-02	0.903381E-04
0.0533614	0.788721E-02	0.889076E-04
0.0538175	0.785752E-02	0.885863E-04
0.0542735	0.769502E-02	0.901625E-04
0.0547296	0.763987E-02	0.896369E-04
0.0551857	0.779161E-02	0.907066E-04
0.0556417	0.764828E-02	0.906884E-04
0.0560978	0.748152E-02	0.907973E-04
0.0565538	0.771177E-02	0.911148E-04
0.0570099	0.727607E-02	0.896980E-04
0.0574659	0.729633E-02	0.915317E-04
0.0579219	0.728887E-02	0.908916E-04
0.058378	0.709253E-02	0.905525E-04
0.058834	0.701532E-02	0.903106E-04
0.0592901	0.692481E-02	0.901955E-04
0.0597461	0.695558E-02	0.906401E-04
0.0602022	0.688389E-02	0.901977E-04
0.0606582	0.668810E-02	0.899921E-04
0.0611143	0.684293E-02	0.901465E-04
0.0615703	0.656505E-02	0.892571E-04
0.0620264	0.652689E-02	0.896757E-04
0.0624824	0.676718E-02	0.898966E-04
0.0629384	0.645859E-02	0.893425E-04
0.0633945	0.653728E-02	0.897997E-04
0.0638505	0.632259E-02	0.893141E-04
0.0643065	0.625254E-02	0.895814E-04
0.0647626	0.619824E-02	0.892375E-04
0.0652186	0.631242E-02	0.884594E-04
0.0656747	0.600491E-02	0.881665E-04
0.0661307	0.616021E-02	0.883825E-04
0.0665867	0.613728E-02	0.883960E-04
0.0670427	0.597447E-02	0.885862E-04
0.0674988	0.597082E-02	0.872799E-04
0.0679548	0.608033E-02	0.877012E-04
0.0684108	0.593182E-02	0.880890E-04
0.0688669	0.589970E-02	0.870628E-04
0.0693229	0.584725E-02	0.878413E-04
0.0697789	0.582656E-02	0.862854E-04
0.0702349	0.579954E-02	0.873535E-04
0.070691	0.557248E-02	0.863851E-04
0.071147	0.568482E-02	0.865488E-04
0.071603	0.544873E-02	0.868311E-04
0.072059	0.540931E-02	0.858291E-04
0.0725151	0.544144E-02	0.860511E-04
0.0729711	0.538100E-02	0.861266E-04
0.0734271	0.533397E-02	0.849152E-04
0.0738831	0.523484E-02	0.855124E-04
0.0743391	0.520940E-02	0.850083E-04
0.0747952	0.526268E-02	0.855711E-04
0.0752512	0.518805E-02	0.850128E-04
0.0757072	0.512369E-02	0.843977E-04
0.0761632	0.503972E-02	0.848425E-04
0.0766192	0.487465E-02	0.836018E-04
0.0770752	0.494822E-02	0.844266E-04
0.0775312	0.492320E-02	0.843842E-04
0.0779872	0.483076E-02	0.837106E-04
0.0784433	0.475729E-02	0.834814E-04
0.0788993	0.476414E-02	0.834539E-04
0.0793553	0.479032E-02	0.832082E-04
0.0798113	0.477412E-02	0.834057E-04
0.0802673	0.468741E-02	0.829563E-04
0.0807233	0.449505E-02	0.824426E-04
0.0811793	0.453575E-02	0.832968E-04
0.0816353	0.454022E-02	0.823598E-04
0.0820913	0.453399E-02	0.818613E-04
0.0825473	0.458532E-02	0.827497E-04
0.0830033	0.444593E-02	0.816613E-04
0.0834593	0.429887E-02	0.821233E-04
0.0839153	0.440169E-02	0.813333E-04
0.0843713	0.436059E-02	0.816118E-04
0.0848273	0.437557E-02	0.809969E-04
0.0852833	0.414065E-02	0.806844E-04
0.0857393	0.424616E-02	0.820177E-04
0.0861953	0.416654E-02	0.803672E-04
0.0866512	0.414419E-02	0.807786E-04
0.0871072	0.426274E-02	0.804203E-04
0.0875632	0.409197E-02	0.803725E-04
0.0880192	0.407340E-02	0.802457E-04
0.0884752	0.401665E-02	0.797414E-04
0.0889312	0.393769E-02	0.800797E-04
0.0893872	0.385100E-02	0.797677E-04
0.0898431	0.394802E-02	0.794854E-04
0.0902991	0.387148E-02	0.792380E-04
0.0907551	0.386347E-02	0.793354E-04
0.0912111	0.385314E-02	0.789092E-04
0.0916671	0.374481E-02	0.792960E-04
0.092123	0.376565E-02	0.783260E-04
0.092579	0.363479E-02	0.789000E-04
0.093035	0.357332E-02	0.782572E-04
0.093491	0.364467E-02	0.782506E-04
0.0939469	0.363294E-02	0.782985E-04
0.0944029	0.361478E-02	0.779943E-04
0.0948589	0.339877E-02	0.778191E-04
0.0953148	0.351243E-02	0.777785E-04
0.0957708	0.357775E-02	0.773203E-04
0.0962268	0.356419E-02	0.773744E-04
0.0966827	0.341260E-02	0.775233E-04
0.0971387	0.335963E-02	0.775965E-04
0.0975947	0.347686E-02	0.767726E-04
0.0980506	0.345896E-02	0.769193E-04
0.0985066	0.333129E-02	0.768070E-04
0.0989625	0.318128E-02	0.763111E-04
0.0994185	0.331533E-02	0.765339E-04
0.0998745	0.321050E-02	0.758202E-04
0.10033	0.329059E-02	0.768603E-04
0.100786	0.321232E-02	0.757460E-04
0.101242	0.320347E-02	0.761103E-04
0.101698	0.324319E-02	0.757405E-04
0.102154	0.323362E-02	0.752352E-04
0.10261	0.309123E-02	0.760910E-04
0.103066	0.301263E-02	0.753514E-04
0.103522	0.299305E-02	0.746602E-04
0.103978	0.302518E-02	0.753629E-04
0.104434	0.304268E-02	0.748014E-04
0.10489	0.295587E-02	0.753755E-04
0.105346	0.288706E-02	0.740174E-04
0.105802	0.296959E-02	0.755407E-04
0.106258	0.291363E-02	0.769555E-04
0.106714	0.288904E-02	0.767002E-04
0.10717	0.281002E-02	0.775250E-04
0.107625	0.277786E-02	0.773557E-04
0.108081	0.275373E-02	0.773708E-04
0.108537	0.290085E-02	0.768836E-04
0.108993	0.272050E-02	0.753580E-04
0.109449	0.279859E-02	0.757584E-04
0.109905	0.278209E-02	0.749508E-04
0.110361	0.273230E-02	0.750194E-04
0.110817	0.268582E-02	0.752050E-04
0.111273	0.258142E-02	0.740353E-04
0.111729	0.272260E-02	0.747865E-04
0.112185	0.266877E-02	0.743079E-04
0.112641	0.254311E-02	0.741150E-04
0.113097	0.269322E-02	0.733303E-04
0.113553	0.251556E-02	0.736133E-04
0.114008	0.239683E-02	0.736948E-04
0.114464	0.242130E-02	0.733430E-04
0.11492	0.244824E-02	0.727734E-04
0.115376	0.245972E-02	0.732853E-04
0.115832	0.259702E-02	0.734775E-04
0.116288	0.240047E-02	0.724861E-04
0.116744	0.258295E-02	0.726565E-04
0.1172	0.232411E-02	0.724039E-04
0.117656	0.244642E-02	0.723040E-04
0.118112	0.243485E-02	0.728671E-04
0.118568	0.245084E-02	0.716726E-04
0.119023	0.230444E-02	0.719056E-04
0.119479	0.225821E-02	0.717707E-04
0.119935	0.230703E-02	0.717856E-04
0.120391	0.243040E-02	0.716242E-04
0.120847	0.236988E-02	0.707414E-04
0.121303	0.239933E-02	0.713790E-04
0.121759	0.222694E-02	0.707819E-04
0.122215	0.227367E-02	0.705134E-04
0.122671	0.237227E-02	0.710823E-04
0.123126	0.231883E-02	0.703739E-04
0.123582	0.218608E-02	0.711110E-04
0.124038	0.207686E-02	0.697612E-04
0.124494	0.215672E-02	0.701242E-04
0.12495	0.225341E-02	0.704410E-04
0.125406	0.212814E-02	0.700316E-04
0.125862	0.206243E-02	0.699451E-04
0.126318	0.219612E-02	0.696445E-04
0.126773	0.225280E-02	0.697202E-04
0.127229	0.202726E-02	0.698668E-04
0.127685	0.201639E-02	0.692346E-04
0.128141	0.213717E-02	0.695677E-04
0.128597	0.190579E-02	0.691067E-04
0.129053	0.209479E-02	0.694462E-04
0.129509	0.206553E-02	0.705379E-04
0.129965	0.187138E-02	0.706569E-04
0.13042	0.191066E-02	0.713293E-04
0.130876	0.198311E-02	0.719952E-04
0.131332	0.184746E-02	0.727969E-04
0.131788	0.203176E-02	0.717395E-04
0.132244	0.195813E-02	0.727467E-04
0.1327	0.207077E-02	0.725248E-04
0.133156	0.185811E-02	0.731246E-04
0.133611	0.185603E-02	0.729759E-04
0.134067	0.184334E-02	0.729999E-04
0.134523	0.187938E-02	0.728292E-04
0.134979	0.181289E-02	0.731969E-04
0.135435	0.173637E-02	0.727157E-04
0.13589	0.196057E-02	0.733416E-04
0.136346	0.182399E-02	0.727002E-04
0.136802	0.176739E-02	0.737708E-04
0.137258	0.170490E-02	0.730820E-04
0.137714	0.173082E-02	0.736183E-04
0.13817	0.167966E-02	0.733202E-04
0.138626	0.168772E-02	0.737755E-04
0.139081	0.176268E-02	0.741402E-04
0.139537	0.175261E-02	0.735962E-04
0.139993	0.165614E-02	0.739981E-04
0.140449	0.179978E-02	0.738295E-04
0.140905	0.174361E-02	0.736152E-04
0.141361	0.181941E-02	0.742813E-04
0.141816	0.167618E-02	0.739891E-04
0.142272	0.159750E-02	0.741026E-04
0.142728	0.159831E-02	0.737465E-04
0.143184	0.167600E-02	0.735829E-04
0.14364	0.162552E-02	0.741763E-04
0.144095	0.156424E-02	0.731006E-04
0.144551	0.159643E-02	0.744347E-04
0.145007	0.156690E-02	0.732764E-04
0.145463	0.161589E-02	0.738810E-04
0.145919	0.160258E-02	0.735817E-04
0.146374	0.144432E-02	0.735150E-04
0.14683	0.157307E-02	0.738063E-04
0.147286	0.144235E-02	0.731249E-04
0.147742	0.158899E-02	0.735842E-04
0.148198	0.139765E-02	0.732129E-04
0.148653	0.145800E-02	0.733351E-04
0.149109	0.151922E-02	0.736168E-04
0.149565	0.141650E-02	0.728225E-04
0.150021	0.139686E-02	0.734917E-04
0.150476	0.140241E-02	0.731105E-04
0.150932	0.146237E-02	0.732169E-04
0.151388	0.149931E-02	0.731111E-04
0.151844	0.139700E-02	0.726549E-04
0.1523	0.137762E-02	0.730878E-04
0.152755	0.133267E-02	0.732005E-04
0.153211	0.149706E-02	0.729410E-04
0.153667	0.130292E-02	0.728238E-04
0.154123	0.136715E-02	0.726131E-04
0.154578	0.147827E-02	0.729298E-04
0.155034	0.136080E-02	0.722819E-04
0.15549	0.141558E-02	0.727307E-04
0.155946	0.141713E-02	0.726062E-04
0.156401	0.132443E-02	0.729248E-04
0.156857	0.121058E-02	0.725078E-04
0.157313	0.135184E-02	0.721266E-04
0.157769	0.130148E-02	0.724585E-04
0.158224	0.134506E-02	0.726016E-04
0.15868	0.131521E-02	0.725013E-04
0.159136	0.128699E-02	0.724073E-04
0.159592	0.123455E-02	0.716603E-04
0.160047	0.141470E-02	0.722861E-04
0.160503	0.123083E-02	0.725973E-04
0.160959	0.139184E-02	0.723255E-04
0.161415	0.127739E-02	0.718150E-04
0.16187	0.125513E-02	0.721419E-04
0.162326	0.119416E-02	0.719062E-04
0.162782	0.135711E-02	0.719103E-04
0.163238	0.120498E-02	0.721042E-04
0.163693	0.129378E-02	0.712623E-04
0.164149	0.114319E-02	0.723554E-04
0.164605	0.125001E-02	0.715871E-04
0.16506	0.122513E-02	0.715106E-04
0.165516	0.125070E-02	0.717825E-04
0.165972	0.106032E-02	0.710879E-04
0.166428	0.121601E-02	0.721987E-04
0.166883	0.119871E-02	0.710750E-04
0.167339	0.120528E-02	0.713019E-04
0.167795	0.126979E-02	0.717621E-04
0.16825	0.117183E-02	0.710017E-04
0.168706	0.117944E-02	0.722492E-04
0.169162	0.111791E-02	0.704093E-04
0.169617	0.127086E-02	0.714425E-04
0.170073	0.109632E-02	0.712490E-04
0.170529	0.103123E-02	0.710568E-04
0.170985	0.111108E-02	0.711149E-04
0.17144	0.109684E-02	0.708490E-04
0.171896	0.114532E-02	0.712093E-04
0.172352	0.111831E-02	0.711619E-04
0.172807	0.998664E-03	0.702960E-04
0.173263	0.106473E-02	0.710748E-04
0.173719	0.983567E-03	0.703165E-04
0.174174	0.111119E-02	0.712668E-04
0.17463	0.114840E-02	0.705924E-04
0.175086	0.113093E-02	0.704315E-04
0.175541	0.113217E-02	0.709140E-04
0.175997	0.107054E-02	0.703389E-04
0.176453	0.102708E-02	0.709487E-04
0.176908	0.111773E-02	0.700726E-04
0.177364	0.101961E-02	0.702533E-04
0.17782	0.112685E-02	0.703709E-04
0.178275	0.109284E-02	0.701963E-04
0.178731	0.107520E-02	0.702246E-04
0.179186	0.947268E-03	0.703301E-04
0.179642	0.946205E-03	0.703082E-04
0.180098	0.106895E-02	0.712802E-04
0.180554	0.102702E-02	0.717881E-04
0.181009	0.818501E-03	0.729461E-04
0.181465	0.998292E-03	0.738320E-04
0.18192	0.101680E-02	0.742284E-04
0.182376	0.921741E-03	0.742235E-04
0.182832	0.959030E-03	0.748189E-04
0.183287	0.110650E-02	0.757489E-04
0.183743	0.876100E-03	0.754289E-04
0.184198	0.928522E-03	0.765762E-04
0.184654	0.928940E-03	0.757604E-04
0.18511	0.850367E-03	0.766771E-04
0.185565	0.938639E-03	0.774538E-04
0.186021	0.883183E-03	0.769273E-04
0.186477	0.957510E-03	0.776213E-04
0.186932	0.899977E-03	0.776214E-04
0.187388	0.956964E-03	0.787894E-04
0.187843	0.950793E-03	0.784133E-04
0.188299	0.899456E-03	0.778442E-04
0.188755	0.906314E-03	0.777420E-04
0.18921	0.953735E-03	0.761207E-04
0.189666	0.819553E-03	0.757718E-04
0.190121	0.884789E-03	0.751676E-04
0.190577	0.842814E-03	0.744533E-04
0.191033	0.947796E-03	0.746462E-04
0.191488	0.903769E-03	0.739387E-04
0.191944	0.917489E-03	0.736532E-04
0.192399	0.975550E-03	0.732591E-04
0.192855	0.100976E-02	0.733175E-04
0.19331	0.813147E-03	0.736065E-04
0.193766	0.851661E-03	0.726266E-04
0.194222	0.845005E-03	0.725222E-04
0.194677	0.867788E-03	0.722783E-04
0.195133	0.937775E-03	0.728980E-04
0.195588	0.859127E-03	0.722408E-04
0.196044	0.818812E-03	0.717009E-04
0.196499	0.844616E-03	0.722136E-04
0.196955	0.710490E-03	0.716814E-04
0.197411	0.808906E-03	0.719893E-04
0.197866	0.788596E-03	0.713057E-04
0.198322	0.850402E-03	0.716510E-04
0.198777	0.787479E-03	0.718776E-04
0.199233	0.834832E-03	0.706669E-04
0.199688	0.863447E-03	0.711806E-04
0.200144	0.796933E-03	0.706297E-04
0.200599	0.723922E-03	0.708832E-04
0.201055	0.851630E-03	0.712560E-04
0.201511	0.690960E-03	0.709833E-04
0.201966	0.717271E-03	0.704940E-04
0.202422	0.808411E-03	0.705568E-04
0.202877	0.806266E-03	0.703930E-04
0.203333	0.762162E-03	0.703648E-04
0.203788	0.589769E-03	0.702849E-04
0.204244	0.758153E-03	0.703485E-04
0.204699	0.719128E-03	0.698031E-04
0.205155	0.770726E-03	0.701184E-04
0.20561	0.853263E-03	0.696244E-04
0.206066	0.606208E-03	0.696755E-04
0.206521	0.790808E-03	0.702368E-04
0.206977	0.829141E-03	0.696809E-04
0.207432	0.731855E-03	0.696788E-04
0.207888	0.779381E-03	0.694222E-04
0.208343	0.841520E-03	0.694854E-04
0.208799	0.772404E-03	0.693111E-04
0.209254	0.738577E-03	0.694399E-04
0.20971	0.604427E-03	0.687248E-04
0.210165	0.619085E-03	0.689458E-04
0.210621	0.632725E-03	0.689389E-04
0.211076	0.825868E-03	0.686392E-04
0.211532	0.747925E-03	0.688153E-04
0.211987	0.752245E-03	0.689618E-04
0.212443	0.749046E-03	0.686799E-04
0.212898	0.706343E-03	0.688208E-04
0.213353	0.622879E-03	0.678746E-04
0.213809	0.651361E-03	0.685327E-04
0.214264	0.615460E-03	0.681238E-04
0.21472	0.717654E-03	0.683379E-04
0.215175	0.701146E-03	0.683353E-04
0.215631	0.757812E-03	0.677888E-04
0.216086	0.683004E-03	0.685550E-04
0.216542	0.688373E-03	0.679831E-04
0.216997	0.487579E-03	0.678687E-04
0.217452	0.667034E-03	0.680508E-04
0.217908	0.542147E-03	0.674809E-04
0.218363	0.679336E-03	0.685166E-04
0.218819	0.627502E-03	0.676932E-04
0.219274	0.708395E-03	0.676002E-04
0.21973	0.810277E-03	0.681198E-04
0.220185	0.632598E-03	0.675152E-04
0.22064	0.623709E-03	0.680276E-04
0.221096	0.745003E-03	0.672031E-04
0.221551	0.665142E-03	0.674897E-04
0.222007	0.573798E-03	0.672612E-04
0.222462	0.674224E-03	0.669958E-04
0.222917	0.559145E-03	0.675700E-04
0.223373	0.598440E-03	0.667482E-04
0.223828	0.559614E-03	0.668573E-04
0.224284	0.482583E-03	0.666553E-04
0.224739	0.628235E-03	0.665366E-04
0.225194	0.680843E-03	0.665332E-04
0.22565	0.635655E-03	0.663450E-04
0.226105	0.616317E-03	0.665096E-04
0.226561	0.561022E-03	0.664043E-04
0.227016	0.476962E-03	0.654919E-04
0.227471	0.620020E-03	0.663181E-04
0.227927	0.578680E-03	0.657913E-04
0.228382	0.549790E-03	0.658758E-04
0.228837	0.607831E-03	0.653334E-04
0.229293	0.573991E-03	0.657178E-04
0.229748	0.442531E-03	0.654413E-04
0.230204	0.631466E-03	0.655727E-04
0.230659	0.673283E-03	0.657753E-04
0.231114	0.662437E-03	0.651120E-04
0.23157	0.567443E-03	0.655430E-04
0.232025	0.564252E-03	0.650868E-04
0.23248	0.525497E-03	0.654034E-04
0.232936	0.584489E-03	0.649300E-04
0.233391	0.644383E-03	0.655482E-04
0.233846	0.636097E-03	0.649395E-04
0.234302	0.566921E-03	0.649515E-04
0.234757	0.536785E-03	0.652611E-04
0.235212	0.577301E-03	0.649543E-04
0.235668	0.501370E-03	0.649444E-04
0.236123	0.570965E-03	0.650613E-04
0.236578	0.534612E-03	0.641582E-04
0.237034	0.645254E-03	0.648950E-04
0.237489	0.599536E-03	0.647417E-04
0.237944	0.455224E-03	0.645840E-04
0.2384	0.528097E-03	0.648551E-04
0.238855	0.494473E-03	0.643076E-04
0.23931	0.680100E-03	0.647129E-04
0.239765	0.550954E-03	0.642202E-04
0.240221	0.614553E-03	0.644829E-04
0.240676	0.435352E-03	0.642393E-04
0.241131	0.539907E-03	0.645369E-04
0.241587	0.491003E-03	0.646356E-04
0.242042	0.521705E-03	0.639384E-04
0.242497	0.562624E-03	0.637996E-04
0.242952	0.528834E-03	0.640698E-04
0.243408	0.393745E-03	0.643625E-04
0.243863	0.552557E-03	0.643341E-04
0.244318	0.558034E-03	0.635834E-04
0.244774	0.347177E-03	0.639927E-04
0.245229	0.561925E-03	0.637860E-04
0.245684	0.436649E-03	0.638189E-04
0.246139	0.535373E-03	0.639036E-04
0.246595	0.545501E-03	0.634888E-04
0.24705	0.481442E-03	0.642200E-04
0.247505	0.578094E-03	0.634593E-04
0.24796	0.473528E-03	0.636458E-04
0.248416	0.527248E-03	0.634084E-04
0.248871	0.385899E-03	0.635304E-04
0.249326	0.447534E-03	0.641044E-04
0.249781	0.477636E-03	0.631956E-04
0.250236	0.498329E-03	0.634166E-04
0.250692	0.506962E-03	0.631099E-04
0.251147	0.601192E-03	0.634854E-04
0.251602	0.450306E-03	0.635775E-04
0.252057	0.436451E-03	0.629797E-04
0.252513	0.392991E-03	0.635940E-04
0.252968	0.441027E-03	0.630048E-04
0.253423	0.512631E-03	0.631607E-04
0.253878	0.399109E-03	0.627352E-04
0.254333	0.456809E-03	0.630966E-04
0.254789	0.415821E-03	0.631697E-04
0.255244	0.506709E-03	0.629079E-04
0.255699	0.464985E-03	0.627861E-04
0.256154	0.449148E-03	0.624725E-04
0.256609	0.471173E-03	0.631619E-04
0.257064	0.395242E-03	0.625744E-04
0.25752	0.553292E-03	0.631493E-04
0.257975	0.544114E-03	0.623808E-04
0.25843	0.450962E-03	0.628353E-04
0.258885	0.547681E-03	0.625615E-04
0.25934	0.422060E-03	0.626355E-04
0.259796	0.504915E-03	0.623173E-04
0.260251	0.437969E-03	0.624785E-04
0.260706	0.449767E-03	0.625796E-04
0.261161	0.441827E-03	0.625241E-04
0.261616	0.448330E-03	0.622421E-04
0.262071	0.444568E-03	0.619247E-04
0.262526	0.515374E-03	0.626075E-04
0.262982	0.429189E-03	0.620341E-04
0.263437	0.508745E-03	0.621781E-04
0.263892	0.424399E-03	0.620179E-04
0.264347	0.416125E-03	0.621881E-04
0.264802	0.510204E-03	0.620873E-04
0.265257	0.406034E-03	0.616583E-04
0.265712	0.443492E-03	0.620588E-04
0.266167	0.478911E-03	0.619580E-04
0.266623	0.288123E-03	0.618108E-04
0.267078	0.439055E-03	0.618635E-04
0.267533	0.360784E-03	0.613491E-04
0.267988	0.428926E-03	0.622077E-04
0.268443	0.448865E-03	0.617814E-04
0.268898	0.584904E-03	0.617702E-04
0.269353	0.505225E-03	0.615155E-04
0.269808	0.473835E-03	0.615426E-04
0.270263	0.499422E-03	0.616730E-04
0.270718	0.496961E-03	0.614873E-04
0.271174	0.423684E-03	0.613696E-04
0.271628	0.365550E-03	0.615167E-04
0.272084	0.362688E-03	0.615215E-04
0.272539	0.401107E-03	0.612216E-04
0.272994	0.290622E-03	0.612599E-04
0.273449	0.454472E-03	0.610444E-04
0.273904	0.395694E-03	0.613074E-04
0.274359	0.480194E-03	0.615487E-04
0.274814	0.395218E-03	0.609542E-04
0.275269	0.383514E-03	0.610213E-04
0.275724	0.499536E-03	0.611528E-04
0.276179	0.496946E-03	0.611359E-04
0.276634	0.399850E-03	0.612853E-04
0.277089	0.384521E-03	0.602958E-04
0.277544	0.418558E-03	0.611241E-04
0.277999	0.440737E-03	0.610029E-04
0.278454	0.428619E-03	0.608605E-04
0.278909	0.486662E-03	0.609541E-04
0.279364	0.416653E-03	0.606599E-04
0.279819	0.428688E-03	0.609062E-04
0.280274	0.509011E-03	0.607187E-04
0.280729	0.374999E-03	0.607328E-04
0.281184	0.488806E-03	0.606111E-04
0.281639	0.418921E-03	0.601655E-04
0.282094	0.348234E-03	0.609299E-04
0.282549	0.417285E-03	0.604964E-04
0.283004	0.394554E-03	0.601540E-04
0.283459	0.445798E-03	0.608360E-04
0.283914	0.286194E-03	0.602146E-04
0.284369	0.411143E-03	0.606414E-04
0.284824	0.366440E-03	0.599103E-04
0.285279	0.416169E-03	0.606109E-04
0.285734	0.393859E-03	0.603286E-04
0.286189	0.365606E-03	0.601378E-04
0.286644	0.304311E-03	0.603093E-04
0.287099	0.307162E-03	0.595459E-04
0.287554	0.491972E-03	0.604391E-04
0.288009	0.461680E-03	0.600525E-04
0.288464	0.438792E-03	0.601912E-04
0.288919	0.414778E-03	0.600987E-04
0.289374	0.351715E-03	0.598470E-04
0.289829	0.462186E-03	0.599914E-04
0.290284	0.485573E-03	0.602112E-04
0.290738	0.471211E-03	0.595883E-04
0.291193	0.377684E-03	0.599062E-04
0.291648	0.349866E-03	0.596369E-04
0.292103	0.375580E-03	0.599529E-04
0.292558	0.372269E-03	0.592801E-04
0.293013	0.402543E-03	0.596872E-04
0.293468	0.327313E-03	0.597392E-04
0.293923	0.389769E-03	0.596858E-04
0.294378	0.294683E-03	0.597609E-04
0.294833	0.327004E-03	0.592019E-04
0.295287	0.371782E-03	0.596012E-04
0.295742	0.314959E-03	0.595713E-04
0.296197	0.405971E-03	0.592310E-04
0.296652	0.420227E-03	0.593202E-04
0.297107	0.448079E-03	0.594624E-04
0.297562	0.389907E-03	0.596514E-04
0.298017	0.367307E-03	0.592670E-04
0.298472	0.421215E-03	0.589622E-04
0.298926	0.379920E-03	0.592378E-04
0.299381	0.476917E-03	0.594839E-04
0.299836	0.299843E-03	0.593414E-04
0.300291	0.335646E-03	0.586392E-04
0.300746	0.458278E-03	0.593149E-04
0.301201	0.437295E-03	0.589372E-04
0.301656	0.388345E-03	0.592285E-04
0.30211	0.419514E-03	0.591487E-04
0.302565	0.343798E-03	0.586763E-04
0.30302	0.520489E-03	0.591637E-04
0.303475	0.211591E-03	0.588149E-04
0.30393	0.415250E-03	0.589659E-04
0.304384	0.451531E-03	0.585862E-04
0.304839	0.454408E-03	0.589029E-04
0.305294	0.300904E-03	0.602293E-04
0.305749	0.343048E-03	0.601075E-04
0.306204	0.436259E-03	0.614624E-04
0.306658	0.399250E-03	0.611216E-04
0.307113	0.326142E-03	0.619679E-04
0.307568	0.331402E-03	0.628656E-04
0.308023	0.264961E-03	0.621027E-04
0.308478	0.413412E-03	0.633070E-04
0.308932	0.316589E-03	0.631322E-04
0.309387	0.347081E-03	0.636663E-04
0.309842	0.314251E-03	0.638591E-04
0.310297	0.347133E-03	0.638688E-04
0.310751	0.270997E-03	0.645972E-04
0.311206	0.336703E-03	0.643129E-04
0.311661	0.375952E-03	0.649445E-04
0.312116	0.249266E-03	0.649370E-04
0.31257	0.455382E-03	0.652795E-04
0.313025	0.306640E-03	0.659405E-04
0.31348	0.317537E-03	0.652911E-04
0.313935	0.375511E-03	0.645020E-04
0.314389	0.379272E-03	0.641602E-04
0.314844	0.283493E-03	0.632118E-04
0.315299	0.299054E-03	0.633838E-04
0.315753	0.414372E-03	0.619338E-04
0.316208	0.359668E-03	0.625874E-04
0.316663	0.252574E-03	0.623309E-04
0.317117	0.330372E-03	0.620091E-04
0.317572	0.328886E-03	0.616129E-04
0.318027	0.409072E-03	0.611399E-04
0.318482	0.356782E-03	0.617618E-04
0.318936	0.300039E-03	0.612024E-04
0.319391	0.275684E-03	0.612174E-04
0.319846	0.345491E-03	0.609870E-04
0.3203	0.317832E-03	0.611051E-04
0.320755	0.370756E-03	0.609218E-04
0.32121	0.348368E-03	0.605041E-04
0.321664	0.360101E-03	0.607548E-04
0.322119	0.308933E-03	0.606039E-04
0.322574	0.273785E-03	0.606262E-04
0.323028	0.262981E-03	0.604747E-04
0.323483	0.294365E-03	0.599325E-04
0.323938	0.304231E-03	0.601494E-04
0.324392	0.373176E-03	0.599926E-04
0.324847	0.362513E-03	0.605147E-04
0.325302	0.384752E-03	0.594632E-04
0.325756	0.278661E-03	0.598989E-04
0.326211	0.307150E-03	0.598696E-04
0.326665	0.367174E-03	0.595872E-04
0.32712	0.338006E-03	0.595144E-04
0.327575	0.406034E-03	0.594878E-04
0.328029	0.246273E-03	0.598299E-04
0.328484	0.378751E-03	0.594718E-04
0.328938	0.300401E-03	0.591508E-04
0.329393	0.346633E-03	0.593423E-04
0.329848	0.373467E-03	0.591612E-04
0.330302	0.353444E-03	0.594898E-04
0.330757	0.295562E-03	0.591696E-04
0.331211	0.331458E-03	0.588843E-04
0.331666	0.306900E-03	0.592133E-04
0.33212	0.324784E-03	0.588138E-04
0.332575	0.365482E-03	0.591125E-04
0.33303	0.178115E-03	0.584722E-04
0.333484	0.469076E-03	0.585523E-04
0.333939	0.336790E-03	0.590601E-04
0.334393	0.342278E-03	0.582340E-04
0.334848	0.288029E-03	0.584582E-04
0.335302	0.316698E-03	0.579912E-04
0.335757	0.319734E-03	0.584298E-04
0.336211	0.246070E-03	0.584305E-04
0.336666	0.298059E-03	0.575389E-04
0.33712	0.354343E-03	0.581500E-04
0.337575	0.265060E-03	0.573676E-04
0.338029	0.265230E-03	0.578806E-04
0.338484	0.385982E-03	0.577131E-04
0.338938	0.315567E-03	0.572201E-04
0.339393	0.301664E-03	0.576770E-04
0.339847	0.260959E-03	0.571095E-04
0.340302	0.293255E-03	0.574150E-04
0.340756	0.371744E-03	0.571462E-04
0.341211	0.348539E-03	0.574871E-04
0.341665	0.455433E-03	0.573393E-04
0.34212	0.177481E-03	0.572237E-04
0.342574	0.330764E-03	0.581511E-04
0.343029	0.311298E-03	0.585842E-04
0.343483	0.378072E-03	0.595804E-04
0.343938	0.276089E-03	0.597918E-04
0.344392	0.394243E-03	0.605206E-04
0.344847	0.294632E-03	0.607701E-04
0.345301	0.282765E-03	0.611075E-04
0.345755	0.239119E-03	0.612199E-04
0.34621	0.295031E-03	0.614556E-04
0.346664	0.293461E-03	0.621939E-04
0.347119	0.162597E-03	0.620782E-04
0.347573	0.307663E-03	0.619885E-04
0.348028	0.370752E-03	0.624601E-04
0.348482	0.313752E-03	0.618887E-04
0.348936	0.412898E-03	0.626372E-04
0.349391	0.280843E-03	0.627470E-04
0.349845	0.247823E-03	0.625097E-04
0.3503	0.326863E-03	0.626209E-04
0.350754	0.186590E-03	0.623834E-04
0.351208	0.299304E-03	0.631876E-04
0.351663	0.269741E-03	0.626235E-04
0.352117	0.405454E-03	0.628034E-04
0.352571	0.330850E-03	0.632443E-04
0.353026	0.252267E-03	0.629241E-04
0.35348	0.270301E-03	0.635805E-04
0.353935	0.348986E-03	0.628469E-04
0.354389	0.290776E-03	0.630203E-04
0.354843	0.390728E-03	0.636028E-04
0.355298	0.255843E-03	0.633500E-04
0.355752	0.297409E-03	0.642529E-04
0.356206	0.299731E-03	0.627131E-04
0.356661	0.354585E-03	0.636288E-04
0.357115	0.352279E-03	0.636422E-04
0.357569	0.324554E-03	0.636111E-04
0.358024	0.236673E-03	0.640468E-04
0.358478	0.349037E-03	0.633155E-04
0.358932	0.360833E-03	0.640655E-04
0.359387	0.221909E-03	0.638223E-04
0.359841	0.351515E-03	0.635602E-04
0.360295	0.209769E-03	0.639713E-04
0.36075	0.246350E-03	0.639526E-04
0.361204	0.185538E-03	0.642959E-04
0.361658	0.179841E-03	0.634819E-04
0.362112	0.210685E-03	0.641512E-04
0.362567	0.446889E-03	0.640706E-04
0.363021	0.261655E-03	0.641247E-04
0.363475	0.360336E-03	0.647785E-04
0.363929	0.419103E-03	0.638328E-04
0.364384	0.400865E-03	0.641219E-04
0.364838	0.331750E-03	0.644339E-04
0.365292	0.213982E-03	0.645492E-04
0.365746	0.360329E-03	0.641817E-04
0.366201	0.185775E-03	0.641642E-04
0.366655	0.163715E-03	0.645962E-04
0.367109	0.260750E-03	0.645895E-04
0.367563	0.315612E-03	0.644165E-04
0.368018	0.241051E-03	0.648036E-04
0.368472	0.210287E-03	0.645044E-04
0.368926	0.244580E-03	0.648717E-04
0.36938	0.390108E-03	0.645631E-04
0.369834	0.317995E-03	0.646292E-04
0.370289	0.274504E-03	0.646789E-04
0.370743	0.298491E-03	0.649822E-04
0.371197	0.166613E-03	0.649018E-04
0.371651	0.238253E-03	0.644826E-04
0.372105	0.352437E-03	0.650686E-04
0.372559	0.278582E-03	0.649384E-04
0.373014	0.232898E-03	0.654580E-04
0.373468	0.133008E-03	0.643552E-04
0.373922	0.293734E-03	0.650438E-04
0.374376	0.319768E-03	0.652626E-04
0.37483	0.302462E-03	0.650336E-04
0.375284	0.444204E-03	0.652005E-04
0.375739	0.255631E-03	0.647482E-04
0.376193	0.233599E-03	0.654786E-04
0.376647	0.278256E-03	0.653157E-04
0.377101	0.173130E-03	0.646153E-04
0.377555	0.293906E-03	0.655177E-04
0.378009	0.238866E-03	0.649617E-04
0.378463	0.168240E-03	0.655168E-04
0.378917	0.335424E-03	0.657743E-04
0.379371	0.234071E-03	0.645467E-04
0.379826	0.183448E-03	0.657191E-04
0.38028	0.252005E-03	0.651361E-04
0.380734	0.158354E-03	0.656401E-04
0.381188	0.265348E-03	0.650019E-04
0.381642	0.211378E-03	0.654060E-04
0.382096	0.146582E-03	0.658462E-04
0.38255	0.219882E-03	0.651637E-04
0.383004	0.276760E-03	0.652942E-04
0.383458	0.194584E-03	0.655760E-04
0.383912	0.331574E-03	0.657472E-04
0.384366	0.265680E-03	0.659831E-04
0.38482	0.209056E-03	0.651856E-04
0.385274	0.286885E-03	0.657893E-04
0.385728	0.232637E-03	0.653650E-04
0.386182	0.243078E-03	0.659313E-04
0.386636	0.301044E-03	0.660142E-04
0.387091	0.226749E-03	0.651943E-04
0.387545	0.313625E-03	0.658304E-04
0.387999	0.275651E-03	0.652581E-04
0.388452	0.252767E-03	0.655058E-04
0.388906	0.277117E-03	0.654594E-04
0.38936	0.333828E-03	0.654140E-04
0.389815	0.337112E-03	0.656364E-04
0.390269	0.354961E-03	0.650316E-04
0.390722	0.296814E-03	0.651699E-04
0.391176	0.349607E-03	0.651605E-04
0.39163	0.312570E-03	0.655183E-04
0.392084	0.263873E-03	0.656451E-04
0.392538	0.316870E-03	0.649429E-04
0.392992	0.210243E-03	0.655932E-04
0.393446	0.388422E-03	0.649908E-04
0.3939	0.276163E-03	0.660073E-04
0.394354	0.282485E-03	0.650712E-04
0.394808	0.203348E-03	0.655647E-04
0.395262	0.363392E-03	0.656442E-04
0.395716	0.152041E-03	0.648684E-04
0.39617	0.179573E-03	0.660853E-04
0.396624	0.224308E-03	0.650724E-04
0.397078	0.160593E-03	0.655976E-04
0.397532	0.216896E-03	0.658900E-04
0.397985	0.262213E-03	0.652170E-04
0.398439	0.240478E-03	0.659564E-04
0.398893	0.149056E-03	0.653040E-04
0.399347	0.188288E-03	0.656279E-04
0.399801	0.229846E-03	0.659844E-04
0.400255	0.169923E-03	0.656302E-04
0.400709	0.173296E-03	0.659718E-04
0.401163	0.266113E-03	0.655082E-04
0.401617	0.288268E-03	0.656389E-04
0.40207	0.263510E-03	0.658228E-04
0.402524	0.214209E-03	0.655395E-04
0.402978	0.231756E-03	0.664732E-04
0.403432	0.232288E-03	0.655369E-04
0.403886	0.272337E-03	0.658221E-04
0.40434	0.165225E-03	0.655301E-04
0.404793	0.384167E-03	0.659174E-04
0.405247	0.324980E-03	0.662763E-04
0.405701	0.270675E-03	0.657480E-04
0.406155	0.280787E-03	0.661496E-04
0.406609	0.200448E-03	0.656818E-04
0.407062	0.299824E-03	0.660725E-04
0.407516	0.265920E-03	0.661098E-04
0.40797	0.287425E-03	0.659487E-04
0.408424	0.245447E-03	0.661887E-04
0.408878	0.262423E-03	0.660836E-04
0.409331	0.270692E-03	0.664167E-04
0.409785	0.217349E-03	0.659286E-04
0.410239	0.231458E-03	0.658231E-04
0.410693	0.216055E-03	0.665359E-04
0.411147	0.348257E-03	0.661418E-04
0.4116	0.179279E-03	0.663904E-04
0.412054	0.234192E-03	0.657214E-04
0.412508	0.274901E-03	0.664921E-04
0.412961	0.292048E-03	0.663189E-04
0.413415	0.268453E-03	0.664311E-04
0.413869	0.321557E-03	0.662802E-04
0.414323	0.202562E-03	0.658954E-04
0.414776	0.234885E-03	0.666051E-04
0.41523	0.198152E-03	0.662929E-04
0.415684	0.210034E-03	0.663107E-04
0.416137	0.247350E-03	0.663668E-04
0.416591	0.298206E-03	0.661816E-04
0.417045	0.194890E-03	0.666845E-04
0.417498	0.228623E-03	0.661152E-04
0.417952	0.231921E-03	0.667207E-04
0.418406	0.146279E-03	0.664172E-04
0.418859	0.241459E-03	0.664824E-04
0.419313	0.235452E-03	0.667039E-04
0.419767	0.691997E-04	0.660101E-04
0.42022	0.266170E-03	0.668233E-04
0.420674	0.209295E-03	0.665545E-04
0.421128	0.157545E-03	0.665304E-04
0.421581	0.262774E-03	0.666655E-04
0.422035	0.244463E-03	0.662588E-04
0.422489	0.231048E-03	0.671744E-04
0.422942	0.230448E-03	0.662019E-04
0.423396	0.162946E-03	0.667206E-04
0.423849	0.284887E-03	0.671699E-04
0.424303	0.208436E-03	0.662072E-04
0.424757	0.134755E-03	0.672002E-04
0.42521	0.222253E-03	0.659184E-04
0.425664	0.234913E-03	0.670462E-04
0.426117	0.285966E-03	0.666746E-04
0.426571	0.159267E-03	0.666802E-04
0.427025	0.190089E-03	0.672911E-04
0.427478	0.199496E-03	0.661460E-04
0.427932	0.203868E-03	0.672123E-04
0.428385	0.153147E-03	0.665289E-04
0.428839	0.142495E-03	0.668348E-04
0.429292	0.340553E-03	0.672423E-04
0.429746	0.278571E-03	0.665473E-04
0.430199	0.304473E-03	0.671720E-04
0.430653	0.224933E-03	0.686336E-04
0.431107	0.233534E-03	0.698126E-04
0.43156	0.197828E-03	0.715872E-04
0.432013	0.248561E-03	0.723545E-04
0.432467	0.970946E-04	0.731814E-04
0.43292	0.212587E-03	0.735586E-04
0.433374	0.246260E-03	0.743268E-04
0.433827	0.257407E-03	0.758582E-04
0.434281	0.316491E-03	0.761120E-04
0.434735	0.146408E-03	0.766568E-04
0.435188	0.270171E-03	0.773510E-04
0.435641	0.357579E-03	0.776705E-04
0.436095	0.181045E-03	0.791678E-04
0.436548	0.393743E-03	0.791884E-04
0.437002	0.180388E-03	0.799190E-04
0.437455	0.353937E-03	0.806286E-04
0.437909	0.197292E-03	0.812854E-04
0.438362	0.218693E-03	0.818156E-04
0.438816	0.278567E-03	0.817611E-04
0.439269	0.213627E-03	0.832431E-04
0.439722	0.256405E-03	0.836587E-04
0.440176	0.157115E-03	0.843970E-04
0.440629	0.307992E-03	0.844721E-04
0.441083	0.291107E-03	0.852190E-04
0.441536	0.172299E-03	0.860247E-04
0.441989	0.245369E-03	0.869612E-04
0.442443	0.618687E-04	0.868717E-04
0.442896	0.359006E-03	0.875734E-04
0.44335	0.207081E-03	0.889312E-04
0.443803	0.279701E-03	0.882935E-04
0.444256	0.384648E-03	0.896883E-04
0.44471	0.938661E-04	0.892774E-04
0.445163	0.359810E-03	0.904737E-04
0.445616	0.908400E-04	0.918934E-04
0.44607	0.251388E-03	0.914662E-04
0.446523	0.311661E-03	0.923412E-04
0.446976	0.235624E-03	0.920063E-04
0.44743	0.234112E-03	0.938013E-04
0.447883	0.178085E-03	0.958838E-04
0.448336	0.376985E-03	0.936491E-04
0.44879	-0.819940E-04	0.963403E-04
0.449243	0.181451E-03	0.952591E-04
0.449696	0.318009E-03	0.974253E-04
0.450149	0.261295E-03	0.966979E-04
0.450603	0.736411E-04	0.968861E-04
0.451056	0.236512E-03	0.990481E-04
0.451509	0.294594E-03	0.976373E-04
0.451963	0.128886E-03	0.991163E-04
0.452416	0.153052E-03	0.975309E-04
0.452869	0.721670E-04	0.995200E-04
0.453322	0.369945E-03	0.100754E-03
0.453776	0.224366E-03	0.994021E-04
0.454229	0.106512E-03	0.100660E-03
0.454682	0.191468E-03	0.996510E-04
0.455135	0.193808E-03	0.101409E-03
0.455589	0.166118E-03	0.103098E-03
0.456042	0.276460E-03	0.996956E-04
0.456495	0.223844E-03	0.103402E-03
0.456948	0.276490E-03	0.101775E-03
0.457401	0.259734E-03	0.103638E-03
0.457854	0.592553E-04	0.102762E-03
0.458308	0.335425E-03	0.103085E-03
0.458761	0.245793E-03	0.105486E-03
0.459214	0.211020E-03	0.102681E-03
0.459667	0.194212E-03	0.104437E-03
0.46012	0.185798E-03	0.102850E-03
0.460574	0.162490E-03	0.105052E-03
0.461027	0.381445E-03	0.105884E-03
0.46148	0.939532E-04	0.103386E-03
0.461933	0.398088E-03	0.105170E-03
0.462386	0.168975E-03	0.103761E-03
0.462839	0.196250E-03	0.106055E-03
0.463292	0.261211E-03	0.105801E-03
0.463745	0.332941E-03	0.103916E-03
0.464199	0.154113E-03	0.106566E-03
0.464652	0.103009E-03	0.104377E-03
0.465105	-0.601546E-04	0.107828E-03
0.465558	0.221342E-03	0.105065E-03
0.466011	0.165490E-03	0.107143E-03
0.466464	0.265151E-03	0.108901E-03
0.466917	0.292172E-03	0.106299E-03
0.46737	0.138646E-03	0.109490E-03
0.467823	0.229572E-03	0.107408E-03
0.468276	0.219588E-03	0.109041E-03
0.46873	0.133386E-03	0.110890E-03
0.469183	0.135676E-03	0.108701E-03
0.469635	0.284154E-04	0.110757E-03
0.470089	0.268351E-03	0.108738E-03
0.470542	0.225165E-03	0.111678E-03
0.470995	0.279581E-03	0.112629E-03
0.471448	0.138159E-03	0.109685E-03
0.471901	0.384152E-03	0.114990E-03
0.472354	0.168269E-03	0.110344E-03
0.472807	0.154841E-03	0.114875E-03
0.47326	0.128953E-03	0.111556E-03
0.473713	0.218360E-03	0.113144E-03
0.474166	0.860694E-04	0.116896E-03
0.474619	0.182052E-03	0.112096E-03
0.475072	0.267602E-03	0.116329E-03
0.475525	0.670681E-04	0.113876E-03
0.475977	0.276002E-03	0.116503E-03
0.47643	0.159650E-03	0.117636E-03
0.476883	0.242686E-03	0.115818E-03
0.477336	0.114166E-03	0.117779E-03
0.477789	0.257757E-03	0.116766E-03
0.478242	0.179846E-03	0.118962E-03
0.478695	0.229249E-03	0.118820E-03
0.479148	0.162862E-03	0.118008E-03
0.479601	0.175876E-03	0.121002E-03
0.480054	0.110540E-03	0.118495E-03
0.480507	-0.111457E-03	0.121326E-03
0.48096	0.169983E-03	0.119559E-03
0.481413	0.133073E-04	0.121314E-03
0.481866	0.247792E-03	0.121832E-03
0.482318	0.474862E-04	0.122644E-03
0.482771	0.131353E-03	0.122899E-03
0.483224	0.282239E-03	0.122858E-03
0.483677	0.626576E-04	0.124496E-03
0.48413	-0.130504E-03	0.123426E-03
0.484583	-0.761036E-04	0.125137E-03
0.485036	0.278572E-03	0.125200E-03
0.485488	0.124167E-03	0.125646E-03
0.485941	0.134814E-03	0.126950E-03
0.486394	0.163437E-03	0.125461E-03
0.486847	0.311880E-04	0.127985E-03
0.4873	0.232569E-03	0.127707E-03
0.487752	0.140386E-03	0.127941E-03
0.488205	0.278802E-03	0.130119E-03
0.488658	0.133447E-03	0.128177E-03
0.489111	0.268047E-03	0.130443E-03
0.489563	0.159690E-03	0.131318E-03
0.490016	0.228402E-04	0.130614E-03
0.490469	0.134146E-05	0.131825E-03
0.490922	0.414839E-03	0.131431E-03
0.491375	0.234640E-03	0.133757E-03
0.491827	0.274250E-03	0.134202E-03
0.49228	0.306933E-03	0.133713E-03
0.492733	0.189356E-03	0.134517E-03
0.493185	0.402104E-03	0.135598E-03
0.493638	0.130104E-03	0.136491E-03
0.494091	0.109404E-03	0.136850E-03
0.494544	0.620197E-04	0.136630E-03
0.494996	0.368051E-03	0.138161E-03
0.495449	0.391795E-03	0.138901E-03
0.495902	0.153603E-03	0.139154E-03
0.496354	-0.106677E-04	0.139268E-03
0.496807	-0.533604E-04	0.141441E-03
0.49726	0.131476E-03	0.141124E-03
0.497713	-0.111820E-03	0.140574E-03
0.498165	0.293209E-03	0.143394E-03
0.498618	0.160108E-03	0.143228E-03
0.49907	0.698406E-04	0.144843E-03
0.499523	0.367831E-03	0.144785E-03
0.499976	0.137656E-03	0.144892E-03
0.500428	0.427075E-03	0.147204E-03
0.500881	0.318699E-03	0.146520E-03
0.501334	0.196208E-03	0.148183E-03
0.501786	0.213478E-03	0.149808E-03
0.502239	0.625195E-04	0.147656E-03
0.502691	0.513255E-04	0.150730E-03
0.503144	0.612161E-04	0.149935E-03
0.503597	0.174756E-04	0.151410E-03
0.504049	0.574978E-04	0.153224E-03
0.504502	0.690670E-04	0.152081E-03
0.504954	0.954881E-04	0.153447E-03
0.505407	0.221410E-03	0.155693E-03
0.505859	0.324933E-03	0.155651E-03
0.506312	-0.221384E-04	0.158206E-03
0.506764	0.154620E-03	0.156504E-03
0.507217	0.175955E-03	0.157404E-03
0.50767	-0.199367E-03	0.160053E-03
0.508122	0.250648E-03	0.160101E-03
0.508575	-0.301509E-04	0.163308E-03
0.509027	0.403752E-03	0.161435E-03
0.50948	0.183009E-03	0.162972E-03
0.509932	0.155309E-03	0.164307E-03
0.510385	0.602142E-04	0.165558E-03
0.510837	0.275619E-03	0.168712E-03
0.51129	0.650498E-04	0.165374E-03
0.511742	0.377123E-03	0.169716E-03
0.512194	0.309739E-03	0.169430E-03
0.512647	0.160311E-04	0.170706E-03
0.513099	0.169686E-03	0.172069E-03
0.513552	0.246014E-03	0.172372E-03
0.514004	-0.108374E-03	0.173286E-03
0.514457	0.350725E-03	0.177475E-03
0.514909	0.635004E-03	0.176405E-03
0.515362	0.157144E-03	0.177473E-03
0.515814	0.787574E-04	0.179303E-03
0.516266	-0.220589E-04	0.179477E-03
0.516719	0.564573E-03	0.184193E-03
0.517171	0.351813E-03	0.183128E-03
0.517624	0.188234E-05	0.185470E-03
0.518076	0.502363E-04	0.185480E-03
0.518528	0.424426E-03	0.188261E-03
0.518981	0.357098E-04	0.189046E-03
0.519433	-0.985982E-04	0.188505E-03
0.519886	0.408265E-03	0.195265E-03
0.520338	0.420150E-03	0.194114E-03
0.52079	0.901926E-04	0.195377E-03
0.521243	0.195374E-03	0.196690E-03
0.521695	0.839032E-04	0.197120E-03
0.522147	0.123338E-03	0.201470E-03
0.522599	0.188612E-03	0.203040E-03
0.523052	-0.570106E-04	0.203646E-03
0.523504	0.251618E-03	0.204735E-03
0.523956	0.546507E-03	0.208045E-03
