# Useful angular range estimated by SHANUM
# for file HeVPNT33ATrunc_ChromX_Avg_crop.dat
  0.155072E-01  0.142985E-01  0.203590E-03
  0.159632E-01  0.140756E-01  0.198433E-03
  0.164193E-01  0.140978E-01  0.193426E-03
  0.168754E-01  0.141057E-01  0.190141E-03
  0.173315E-01  0.140565E-01  0.185304E-03
  0.177876E-01  0.140710E-01  0.180892E-03
  0.182437E-01  0.138088E-01  0.178413E-03
  0.186998E-01  0.138591E-01  0.175249E-03
  0.191559E-01  0.137870E-01  0.170712E-03
  0.196120E-01  0.136335E-01  0.170840E-03
  0.200681E-01  0.138592E-01  0.166691E-03
  0.205241E-01  0.136807E-01  0.162341E-03
  0.209802E-01  0.136799E-01  0.161388E-03
  0.214363E-01  0.135054E-01  0.157630E-03
  0.218924E-01  0.135547E-01  0.158138E-03
  0.223485E-01  0.132431E-01  0.153787E-03
  0.228046E-01  0.133822E-01  0.149972E-03
  0.232607E-01  0.131765E-01  0.151570E-03
  0.237168E-01  0.132327E-01  0.147367E-03
  0.241728E-01  0.131601E-01  0.145663E-03
  0.246289E-01  0.131296E-01  0.144131E-03
  0.250850E-01  0.130813E-01  0.143055E-03
  0.255411E-01  0.130060E-01  0.141744E-03
  0.259972E-01  0.127046E-01  0.136750E-03
  0.264533E-01  0.124404E-01  0.137473E-03
  0.269093E-01  0.123964E-01  0.135965E-03
  0.273654E-01  0.126884E-01  0.135750E-03
  0.278215E-01  0.126627E-01  0.133579E-03
  0.282776E-01  0.124851E-01  0.129557E-03
  0.287337E-01  0.123459E-01  0.130251E-03
  0.291898E-01  0.124929E-01  0.128836E-03
  0.296458E-01  0.122227E-01  0.128770E-03
  0.301019E-01  0.120289E-01  0.126344E-03
  0.305580E-01  0.119963E-01  0.124643E-03
  0.310141E-01  0.116633E-01  0.124894E-03
  0.314702E-01  0.117482E-01  0.122902E-03
  0.319262E-01  0.116607E-01  0.119859E-03
  0.323823E-01  0.116560E-01  0.121978E-03
  0.328384E-01  0.115771E-01  0.119245E-03
  0.332945E-01  0.115459E-01  0.119697E-03
  0.337506E-01  0.113511E-01  0.117218E-03
  0.342066E-01  0.110558E-01  0.116158E-03
  0.346627E-01  0.113043E-01  0.115204E-03
  0.351188E-01  0.110284E-01  0.114394E-03
  0.355749E-01  0.109393E-01  0.114785E-03
  0.360309E-01  0.109303E-01  0.112379E-03
  0.364870E-01  0.109566E-01  0.112376E-03
  0.369431E-01  0.108132E-01  0.111464E-03
  0.373992E-01  0.107458E-01  0.110471E-03
  0.378552E-01  0.106693E-01  0.109159E-03
  0.383113E-01  0.106257E-01  0.109221E-03
  0.387674E-01  0.103573E-01  0.108511E-03
  0.392235E-01  0.103422E-01  0.107533E-03
  0.396795E-01  0.102794E-01  0.105476E-03
  0.401356E-01  0.101723E-01  0.105288E-03
  0.405917E-01  0.100487E-01  0.105601E-03
  0.410478E-01  0.996941E-02  0.105180E-03
  0.415038E-01  0.984809E-02  0.102829E-03
  0.419599E-01  0.983330E-02  0.103406E-03
  0.424160E-01  0.979267E-02  0.102366E-03
  0.428720E-01  0.991830E-02  0.101323E-03
  0.433281E-01  0.991775E-02  0.100693E-03
  0.437842E-01  0.962346E-02  0.100657E-03
  0.442402E-01  0.917216E-02  0.100139E-03
  0.446963E-01  0.925559E-02  0.991940E-04
  0.451524E-01  0.912110E-02  0.988802E-04
  0.456084E-01  0.906713E-02  0.965362E-04
  0.460645E-01  0.906937E-02  0.978258E-04
  0.465206E-01  0.898918E-02  0.972663E-04
  0.469766E-01  0.905673E-02  0.968357E-04
  0.474327E-01  0.888187E-02  0.955087E-04
  0.478887E-01  0.880733E-02  0.949649E-04
  0.483448E-01  0.874396E-02  0.951291E-04
  0.488009E-01  0.857808E-02  0.939119E-04
  0.492569E-01  0.852827E-02  0.932740E-04
  0.497130E-01  0.842897E-02  0.942143E-04
  0.501690E-01  0.859381E-02  0.923625E-04
  0.506251E-01  0.824181E-02  0.921878E-04
  0.510812E-01  0.828194E-02  0.909319E-04
  0.515372E-01  0.824335E-02  0.911089E-04
  0.519933E-01  0.807775E-02  0.913521E-04
  0.524493E-01  0.802165E-02  0.900327E-04
  0.529054E-01  0.789507E-02  0.903381E-04
  0.533614E-01  0.788721E-02  0.889076E-04
  0.538175E-01  0.785752E-02  0.885863E-04
  0.542735E-01  0.769502E-02  0.901625E-04
  0.547296E-01  0.763987E-02  0.896369E-04
  0.551857E-01  0.779161E-02  0.907066E-04
  0.556417E-01  0.764828E-02  0.906884E-04
  0.560978E-01  0.748152E-02  0.907973E-04
  0.565538E-01  0.771177E-02  0.911148E-04
  0.570099E-01  0.727607E-02  0.896980E-04
  0.574659E-01  0.729633E-02  0.915317E-04
  0.579219E-01  0.728887E-02  0.908916E-04
  0.583780E-01  0.709253E-02  0.905525E-04
  0.588340E-01  0.701532E-02  0.903106E-04
  0.592901E-01  0.692481E-02  0.901955E-04
  0.597461E-01  0.695558E-02  0.906401E-04
  0.602022E-01  0.688389E-02  0.901977E-04
  0.606582E-01  0.668810E-02  0.899921E-04
  0.611143E-01  0.684293E-02  0.901465E-04
  0.615703E-01  0.656505E-02  0.892571E-04
  0.620264E-01  0.652689E-02  0.896757E-04
  0.624824E-01  0.676718E-02  0.898966E-04
  0.629384E-01  0.645859E-02  0.893425E-04
  0.633945E-01  0.653728E-02  0.897997E-04
  0.638505E-01  0.632259E-02  0.893141E-04
  0.643065E-01  0.625254E-02  0.895814E-04
  0.647626E-01  0.619824E-02  0.892375E-04
  0.652186E-01  0.631242E-02  0.884594E-04
  0.656747E-01  0.600491E-02  0.881665E-04
  0.661307E-01  0.616021E-02  0.883825E-04
  0.665867E-01  0.613728E-02  0.883960E-04
  0.670427E-01  0.597447E-02  0.885862E-04
  0.674988E-01  0.597082E-02  0.872799E-04
  0.679548E-01  0.608033E-02  0.877012E-04
  0.684108E-01  0.593182E-02  0.880890E-04
  0.688669E-01  0.589970E-02  0.870628E-04
  0.693229E-01  0.584725E-02  0.878413E-04
  0.697789E-01  0.582656E-02  0.862854E-04
  0.702349E-01  0.579954E-02  0.873535E-04
  0.706910E-01  0.557248E-02  0.863851E-04
  0.711470E-01  0.568482E-02  0.865488E-04
  0.716030E-01  0.544873E-02  0.868311E-04
  0.720590E-01  0.540931E-02  0.858291E-04
  0.725151E-01  0.544144E-02  0.860511E-04
  0.729711E-01  0.538100E-02  0.861266E-04
  0.734271E-01  0.533397E-02  0.849152E-04
  0.738831E-01  0.523484E-02  0.855124E-04
  0.743391E-01  0.520940E-02  0.850083E-04
  0.747952E-01  0.526268E-02  0.855711E-04
  0.752512E-01  0.518805E-02  0.850128E-04
  0.757072E-01  0.512369E-02  0.843977E-04
  0.761632E-01  0.503972E-02  0.848425E-04
  0.766192E-01  0.487465E-02  0.836018E-04
  0.770752E-01  0.494822E-02  0.844266E-04
  0.775312E-01  0.492320E-02  0.843842E-04
  0.779872E-01  0.483076E-02  0.837106E-04
  0.784433E-01  0.475729E-02  0.834814E-04
  0.788993E-01  0.476414E-02  0.834539E-04
  0.793553E-01  0.479032E-02  0.832082E-04
  0.798113E-01  0.477412E-02  0.834057E-04
  0.802673E-01  0.468741E-02  0.829563E-04
  0.807233E-01  0.449505E-02  0.824426E-04
  0.811793E-01  0.453575E-02  0.832968E-04
  0.816353E-01  0.454022E-02  0.823598E-04
  0.820913E-01  0.453399E-02  0.818613E-04
  0.825473E-01  0.458532E-02  0.827497E-04
  0.830033E-01  0.444593E-02  0.816613E-04
  0.834593E-01  0.429887E-02  0.821233E-04
  0.839153E-01  0.440169E-02  0.813333E-04
  0.843713E-01  0.436059E-02  0.816118E-04
  0.848273E-01  0.437557E-02  0.809969E-04
  0.852833E-01  0.414065E-02  0.806844E-04
  0.857393E-01  0.424616E-02  0.820177E-04
  0.861953E-01  0.416654E-02  0.803672E-04
  0.866512E-01  0.414419E-02  0.807786E-04
  0.871072E-01  0.426274E-02  0.804203E-04
  0.875632E-01  0.409197E-02  0.803725E-04
  0.880192E-01  0.407340E-02  0.802457E-04
  0.884752E-01  0.401665E-02  0.797414E-04
  0.889312E-01  0.393769E-02  0.800797E-04
  0.893872E-01  0.385100E-02  0.797677E-04
  0.898431E-01  0.394802E-02  0.794854E-04
  0.902991E-01  0.387148E-02  0.792380E-04
  0.907551E-01  0.386347E-02  0.793354E-04
  0.912111E-01  0.385314E-02  0.789092E-04
  0.916671E-01  0.374481E-02  0.792960E-04
  0.921230E-01  0.376565E-02  0.783260E-04
  0.925790E-01  0.363479E-02  0.789000E-04
  0.930350E-01  0.357332E-02  0.782572E-04
  0.934910E-01  0.364467E-02  0.782506E-04
  0.939469E-01  0.363294E-02  0.782985E-04
  0.944029E-01  0.361478E-02  0.779943E-04
  0.948589E-01  0.339877E-02  0.778191E-04
  0.953148E-01  0.351243E-02  0.777785E-04
  0.957708E-01  0.357775E-02  0.773203E-04
  0.962268E-01  0.356419E-02  0.773744E-04
  0.966827E-01  0.341260E-02  0.775233E-04
  0.971387E-01  0.335963E-02  0.775965E-04
  0.975947E-01  0.347686E-02  0.767726E-04
  0.980506E-01  0.345896E-02  0.769193E-04
  0.985066E-01  0.333129E-02  0.768070E-04
  0.989625E-01  0.318128E-02  0.763111E-04
  0.994185E-01  0.331533E-02  0.765339E-04
  0.998745E-01  0.321050E-02  0.758202E-04
  0.100330E+00  0.329059E-02  0.768603E-04
  0.100786E+00  0.321232E-02  0.757460E-04
  0.101242E+00  0.320347E-02  0.761103E-04
  0.101698E+00  0.324319E-02  0.757405E-04
  0.102154E+00  0.323362E-02  0.752352E-04
  0.102610E+00  0.309123E-02  0.760910E-04
  0.103066E+00  0.301263E-02  0.753514E-04
  0.103522E+00  0.299305E-02  0.746602E-04
  0.103978E+00  0.302518E-02  0.753629E-04
  0.104434E+00  0.304268E-02  0.748014E-04
  0.104890E+00  0.295587E-02  0.753755E-04
  0.105346E+00  0.288706E-02  0.740174E-04
  0.105802E+00  0.296959E-02  0.755407E-04
  0.106258E+00  0.291363E-02  0.769555E-04
  0.106714E+00  0.288904E-02  0.767002E-04
  0.107170E+00  0.281002E-02  0.775250E-04
  0.107625E+00  0.277786E-02  0.773557E-04
  0.108081E+00  0.275373E-02  0.773708E-04
  0.108537E+00  0.290085E-02  0.768836E-04
  0.108993E+00  0.272050E-02  0.753580E-04
  0.109449E+00  0.279859E-02  0.757584E-04
  0.109905E+00  0.278209E-02  0.749508E-04
  0.110361E+00  0.273230E-02  0.750194E-04
  0.110817E+00  0.268582E-02  0.752050E-04
  0.111273E+00  0.258142E-02  0.740353E-04
  0.111729E+00  0.272260E-02  0.747865E-04
  0.112185E+00  0.266877E-02  0.743079E-04
  0.112641E+00  0.254311E-02  0.741150E-04
  0.113097E+00  0.269322E-02  0.733303E-04
  0.113553E+00  0.251556E-02  0.736133E-04
  0.114008E+00  0.239683E-02  0.736948E-04
  0.114464E+00  0.242130E-02  0.733430E-04
  0.114920E+00  0.244824E-02  0.727734E-04
  0.115376E+00  0.245972E-02  0.732853E-04
  0.115832E+00  0.259702E-02  0.734775E-04
  0.116288E+00  0.240047E-02  0.724861E-04
  0.116744E+00  0.258295E-02  0.726565E-04
  0.117200E+00  0.232411E-02  0.724039E-04
  0.117656E+00  0.244642E-02  0.723040E-04
  0.118112E+00  0.243485E-02  0.728671E-04
  0.118568E+00  0.245084E-02  0.716726E-04
  0.119023E+00  0.230444E-02  0.719056E-04
  0.119479E+00  0.225821E-02  0.717707E-04
  0.119935E+00  0.230703E-02  0.717856E-04
  0.120391E+00  0.243040E-02  0.716242E-04
  0.120847E+00  0.236988E-02  0.707414E-04
  0.121303E+00  0.239933E-02  0.713790E-04
  0.121759E+00  0.222694E-02  0.707819E-04
  0.122215E+00  0.227367E-02  0.705134E-04
  0.122671E+00  0.237227E-02  0.710823E-04
  0.123126E+00  0.231883E-02  0.703739E-04
  0.123582E+00  0.218608E-02  0.711110E-04
  0.124038E+00  0.207686E-02  0.697612E-04
  0.124494E+00  0.215672E-02  0.701242E-04
  0.124950E+00  0.225341E-02  0.704410E-04
  0.125406E+00  0.212814E-02  0.700316E-04
  0.125862E+00  0.206243E-02  0.699451E-04
  0.126318E+00  0.219612E-02  0.696445E-04
  0.126773E+00  0.225280E-02  0.697202E-04
  0.127229E+00  0.202726E-02  0.698668E-04
  0.127685E+00  0.201639E-02  0.692346E-04
  0.128141E+00  0.213717E-02  0.695677E-04
  0.128597E+00  0.190579E-02  0.691067E-04
  0.129053E+00  0.209479E-02  0.694462E-04
  0.129509E+00  0.206553E-02  0.705379E-04
  0.129965E+00  0.187138E-02  0.706569E-04
  0.130420E+00  0.191066E-02  0.713293E-04
  0.130876E+00  0.198311E-02  0.719952E-04
  0.131332E+00  0.184746E-02  0.727969E-04
  0.131788E+00  0.203176E-02  0.717395E-04
  0.132244E+00  0.195813E-02  0.727467E-04
  0.132700E+00  0.207077E-02  0.725248E-04
  0.133156E+00  0.185811E-02  0.731246E-04
  0.133611E+00  0.185603E-02  0.729759E-04
  0.134067E+00  0.184334E-02  0.729999E-04
  0.134523E+00  0.187938E-02  0.728292E-04
  0.134979E+00  0.181289E-02  0.731969E-04
  0.135435E+00  0.173637E-02  0.727157E-04
  0.135890E+00  0.196057E-02  0.733416E-04
  0.136346E+00  0.182399E-02  0.727002E-04
  0.136802E+00  0.176739E-02  0.737708E-04
  0.137258E+00  0.170490E-02  0.730820E-04
  0.137714E+00  0.173082E-02  0.736183E-04
  0.138170E+00  0.167966E-02  0.733202E-04
  0.138626E+00  0.168772E-02  0.737755E-04
  0.139081E+00  0.176268E-02  0.741402E-04
  0.139537E+00  0.175261E-02  0.735962E-04
  0.139993E+00  0.165614E-02  0.739981E-04
  0.140449E+00  0.179978E-02  0.738295E-04
  0.140905E+00  0.174361E-02  0.736152E-04
  0.141361E+00  0.181941E-02  0.742813E-04
  0.141816E+00  0.167618E-02  0.739891E-04
  0.142272E+00  0.159750E-02  0.741026E-04
  0.142728E+00  0.159831E-02  0.737465E-04
  0.143184E+00  0.167600E-02  0.735829E-04
  0.143640E+00  0.162552E-02  0.741763E-04
  0.144095E+00  0.156424E-02  0.731006E-04
  0.144551E+00  0.159643E-02  0.744347E-04
  0.145007E+00  0.156690E-02  0.732764E-04
  0.145463E+00  0.161589E-02  0.738810E-04
  0.145919E+00  0.160258E-02  0.735817E-04
  0.146374E+00  0.144432E-02  0.735150E-04
  0.146830E+00  0.157307E-02  0.738063E-04
  0.147286E+00  0.144235E-02  0.731249E-04
  0.147742E+00  0.158899E-02  0.735842E-04
  0.148198E+00  0.139765E-02  0.732129E-04
  0.148653E+00  0.145800E-02  0.733351E-04
  0.149109E+00  0.151922E-02  0.736168E-04
  0.149565E+00  0.141650E-02  0.728225E-04
  0.150021E+00  0.139686E-02  0.734917E-04
  0.150476E+00  0.140241E-02  0.731105E-04
  0.150932E+00  0.146237E-02  0.732169E-04
  0.151388E+00  0.149931E-02  0.731111E-04
  0.151844E+00  0.139700E-02  0.726549E-04
  0.152300E+00  0.137762E-02  0.730878E-04
  0.152755E+00  0.133267E-02  0.732005E-04
  0.153211E+00  0.149706E-02  0.729410E-04
  0.153667E+00  0.130292E-02  0.728238E-04
  0.154123E+00  0.136715E-02  0.726131E-04
  0.154578E+00  0.147827E-02  0.729298E-04
  0.155034E+00  0.136080E-02  0.722819E-04
  0.155490E+00  0.141558E-02  0.727307E-04
  0.155946E+00  0.141713E-02  0.726062E-04
  0.156401E+00  0.132443E-02  0.729248E-04
  0.156857E+00  0.121058E-02  0.725078E-04
  0.157313E+00  0.135184E-02  0.721266E-04
  0.157769E+00  0.130148E-02  0.724585E-04
  0.158224E+00  0.134506E-02  0.726016E-04
  0.158680E+00  0.131521E-02  0.725013E-04
  0.159136E+00  0.128699E-02  0.724073E-04
  0.159592E+00  0.123455E-02  0.716603E-04
  0.160047E+00  0.141470E-02  0.722861E-04
  0.160503E+00  0.123083E-02  0.725973E-04
  0.160959E+00  0.139184E-02  0.723255E-04
  0.161415E+00  0.127739E-02  0.718150E-04
  0.161870E+00  0.125513E-02  0.721419E-04
  0.162326E+00  0.119416E-02  0.719062E-04
  0.162782E+00  0.135711E-02  0.719103E-04
  0.163238E+00  0.120498E-02  0.721042E-04
  0.163693E+00  0.129378E-02  0.712623E-04
  0.164149E+00  0.114319E-02  0.723554E-04
  0.164605E+00  0.125001E-02  0.715871E-04
  0.165060E+00  0.122513E-02  0.715106E-04
  0.165516E+00  0.125070E-02  0.717825E-04
  0.165972E+00  0.106032E-02  0.710879E-04
  0.166428E+00  0.121601E-02  0.721987E-04
  0.166883E+00  0.119871E-02  0.710750E-04
  0.167339E+00  0.120528E-02  0.713019E-04
  0.167795E+00  0.126979E-02  0.717621E-04
  0.168250E+00  0.117183E-02  0.710017E-04
  0.168706E+00  0.117944E-02  0.722492E-04
  0.169162E+00  0.111791E-02  0.704093E-04
  0.169617E+00  0.127086E-02  0.714425E-04
  0.170073E+00  0.109632E-02  0.712490E-04
  0.170529E+00  0.103123E-02  0.710568E-04
  0.170985E+00  0.111108E-02  0.711149E-04
  0.171440E+00  0.109684E-02  0.708490E-04
  0.171896E+00  0.114532E-02  0.712093E-04
  0.172352E+00  0.111831E-02  0.711619E-04
  0.172807E+00  0.998664E-03  0.702960E-04
  0.173263E+00  0.106473E-02  0.710748E-04
  0.173719E+00  0.983567E-03  0.703165E-04
  0.174174E+00  0.111119E-02  0.712668E-04
  0.174630E+00  0.114840E-02  0.705924E-04
  0.175086E+00  0.113093E-02  0.704315E-04
  0.175541E+00  0.113217E-02  0.709140E-04
  0.175997E+00  0.107054E-02  0.703389E-04
  0.176453E+00  0.102708E-02  0.709487E-04
  0.176908E+00  0.111773E-02  0.700726E-04
  0.177364E+00  0.101961E-02  0.702533E-04
  0.177820E+00  0.112685E-02  0.703709E-04
  0.178275E+00  0.109284E-02  0.701963E-04
  0.178731E+00  0.107520E-02  0.702246E-04
  0.179186E+00  0.947268E-03  0.703301E-04
  0.179642E+00  0.946205E-03  0.703082E-04
  0.180098E+00  0.106895E-02  0.712802E-04
  0.180554E+00  0.102702E-02  0.717881E-04
  0.181009E+00  0.818501E-03  0.729461E-04
  0.181465E+00  0.998292E-03  0.738320E-04
  0.181920E+00  0.101680E-02  0.742284E-04
  0.182376E+00  0.921741E-03  0.742235E-04
  0.182832E+00  0.959030E-03  0.748189E-04
  0.183287E+00  0.110650E-02  0.757489E-04
  0.183743E+00  0.876100E-03  0.754289E-04
  0.184198E+00  0.928522E-03  0.765762E-04
  0.184654E+00  0.928940E-03  0.757604E-04
  0.185110E+00  0.850367E-03  0.766771E-04
  0.185565E+00  0.938639E-03  0.774538E-04
  0.186021E+00  0.883183E-03  0.769273E-04
  0.186477E+00  0.957510E-03  0.776213E-04
  0.186932E+00  0.899977E-03  0.776214E-04
  0.187388E+00  0.956964E-03  0.787894E-04
  0.187843E+00  0.950793E-03  0.784133E-04
  0.188299E+00  0.899456E-03  0.778442E-04
  0.188755E+00  0.906314E-03  0.777420E-04
  0.189210E+00  0.953735E-03  0.761207E-04
  0.189666E+00  0.819553E-03  0.757718E-04
  0.190121E+00  0.884789E-03  0.751676E-04
  0.190577E+00  0.842814E-03  0.744533E-04
  0.191033E+00  0.947796E-03  0.746462E-04
  0.191488E+00  0.903769E-03  0.739387E-04
  0.191944E+00  0.917489E-03  0.736532E-04
  0.192399E+00  0.975550E-03  0.732591E-04
  0.192855E+00  0.100976E-02  0.733175E-04
  0.193310E+00  0.813147E-03  0.736065E-04
  0.193766E+00  0.851661E-03  0.726266E-04
  0.194222E+00  0.845005E-03  0.725222E-04
  0.194677E+00  0.867788E-03  0.722783E-04
  0.195133E+00  0.937775E-03  0.728980E-04
  0.195588E+00  0.859127E-03  0.722408E-04
  0.196044E+00  0.818812E-03  0.717009E-04
  0.196499E+00  0.844616E-03  0.722136E-04
  0.196955E+00  0.710490E-03  0.716814E-04
  0.197411E+00  0.808906E-03  0.719893E-04
  0.197866E+00  0.788596E-03  0.713057E-04
  0.198322E+00  0.850402E-03  0.716510E-04
  0.198777E+00  0.787479E-03  0.718776E-04
  0.199233E+00  0.834832E-03  0.706669E-04
  0.199688E+00  0.863447E-03  0.711806E-04
  0.200144E+00  0.796933E-03  0.706297E-04
  0.200599E+00  0.723922E-03  0.708832E-04
  0.201055E+00  0.851630E-03  0.712560E-04
  0.201511E+00  0.690960E-03  0.709833E-04
  0.201966E+00  0.717271E-03  0.704940E-04
  0.202422E+00  0.808411E-03  0.705568E-04
  0.202877E+00  0.806266E-03  0.703930E-04
  0.203333E+00  0.762162E-03  0.703648E-04
  0.203788E+00  0.589769E-03  0.702849E-04
  0.204244E+00  0.758153E-03  0.703485E-04
  0.204699E+00  0.719128E-03  0.698031E-04
  0.205155E+00  0.770726E-03  0.701184E-04
  0.205610E+00  0.853263E-03  0.696244E-04
  0.206066E+00  0.606208E-03  0.696755E-04
  0.206521E+00  0.790808E-03  0.702368E-04
  0.206977E+00  0.829141E-03  0.696809E-04
  0.207432E+00  0.731855E-03  0.696788E-04
  0.207888E+00  0.779381E-03  0.694222E-04
  0.208343E+00  0.841520E-03  0.694854E-04
  0.208799E+00  0.772404E-03  0.693111E-04
  0.209254E+00  0.738577E-03  0.694399E-04
  0.209710E+00  0.604427E-03  0.687248E-04
  0.210165E+00  0.619085E-03  0.689458E-04
  0.210621E+00  0.632725E-03  0.689389E-04
  0.211076E+00  0.825868E-03  0.686392E-04
  0.211532E+00  0.747925E-03  0.688153E-04
  0.211987E+00  0.752245E-03  0.689618E-04
  0.212443E+00  0.749046E-03  0.686799E-04
  0.212898E+00  0.706343E-03  0.688208E-04
  0.213353E+00  0.622879E-03  0.678746E-04
  0.213809E+00  0.651361E-03  0.685327E-04
  0.214264E+00  0.615460E-03  0.681238E-04
  0.214720E+00  0.717654E-03  0.683379E-04
  0.215175E+00  0.701146E-03  0.683353E-04
  0.215631E+00  0.757812E-03  0.677888E-04
  0.216086E+00  0.683004E-03  0.685550E-04
  0.216542E+00  0.688373E-03  0.679831E-04
  0.216997E+00  0.487579E-03  0.678687E-04
  0.217452E+00  0.667034E-03  0.680508E-04
  0.217908E+00  0.542147E-03  0.674809E-04
  0.218363E+00  0.679336E-03  0.685166E-04
  0.218819E+00  0.627502E-03  0.676932E-04
  0.219274E+00  0.708395E-03  0.676002E-04
  0.219730E+00  0.810277E-03  0.681198E-04
  0.220185E+00  0.632598E-03  0.675152E-04
  0.220640E+00  0.623709E-03  0.680276E-04
  0.221096E+00  0.745003E-03  0.672031E-04
  0.221551E+00  0.665142E-03  0.674897E-04
  0.222007E+00  0.573798E-03  0.672612E-04
  0.222462E+00  0.674224E-03  0.669958E-04
  0.222917E+00  0.559145E-03  0.675700E-04
  0.223373E+00  0.598440E-03  0.667482E-04
  0.223828E+00  0.559614E-03  0.668573E-04
  0.224284E+00  0.482583E-03  0.666553E-04
  0.224739E+00  0.628235E-03  0.665366E-04
  0.225194E+00  0.680843E-03  0.665332E-04
  0.225650E+00  0.635655E-03  0.663450E-04
  0.226105E+00  0.616317E-03  0.665096E-04
  0.226561E+00  0.561022E-03  0.664043E-04
  0.227016E+00  0.476962E-03  0.654919E-04
  0.227471E+00  0.620020E-03  0.663181E-04
  0.227927E+00  0.578680E-03  0.657913E-04
  0.228382E+00  0.549790E-03  0.658758E-04
  0.228837E+00  0.607831E-03  0.653334E-04
  0.229293E+00  0.573991E-03  0.657178E-04
  0.229748E+00  0.442531E-03  0.654413E-04
  0.230204E+00  0.631466E-03  0.655727E-04
  0.230659E+00  0.673283E-03  0.657753E-04
  0.231114E+00  0.662437E-03  0.651120E-04
  0.231570E+00  0.567443E-03  0.655430E-04
  0.232025E+00  0.564252E-03  0.650868E-04
  0.232480E+00  0.525497E-03  0.654034E-04
  0.232936E+00  0.584489E-03  0.649300E-04
  0.233391E+00  0.644383E-03  0.655482E-04
  0.233846E+00  0.636097E-03  0.649395E-04
  0.234302E+00  0.566921E-03  0.649515E-04
  0.234757E+00  0.536785E-03  0.652611E-04
  0.235212E+00  0.577301E-03  0.649543E-04
  0.235668E+00  0.501370E-03  0.649444E-04
  0.236123E+00  0.570965E-03  0.650613E-04
  0.236578E+00  0.534612E-03  0.641582E-04
  0.237034E+00  0.645254E-03  0.648950E-04
  0.237489E+00  0.599536E-03  0.647417E-04
  0.237944E+00  0.455224E-03  0.645840E-04
  0.238400E+00  0.528097E-03  0.648551E-04
  0.238855E+00  0.494473E-03  0.643076E-04
  0.239310E+00  0.680100E-03  0.647129E-04
  0.239765E+00  0.550954E-03  0.642202E-04
  0.240221E+00  0.614553E-03  0.644829E-04
  0.240676E+00  0.435352E-03  0.642393E-04
  0.241131E+00  0.539907E-03  0.645369E-04
  0.241587E+00  0.491003E-03  0.646356E-04
  0.242042E+00  0.521705E-03  0.639384E-04
  0.242497E+00  0.562624E-03  0.637996E-04
  0.242952E+00  0.528834E-03  0.640698E-04
  0.243408E+00  0.393745E-03  0.643625E-04
  0.243863E+00  0.552557E-03  0.643341E-04
  0.244318E+00  0.558034E-03  0.635834E-04
  0.244774E+00  0.347177E-03  0.639927E-04
  0.245229E+00  0.561925E-03  0.637860E-04
  0.245684E+00  0.436649E-03  0.638189E-04
  0.246139E+00  0.535373E-03  0.639036E-04
  0.246595E+00  0.545501E-03  0.634888E-04
  0.247050E+00  0.481442E-03  0.642200E-04
  0.247505E+00  0.578094E-03  0.634593E-04
  0.247960E+00  0.473528E-03  0.636458E-04
  0.248416E+00  0.527248E-03  0.634084E-04
  0.248871E+00  0.385899E-03  0.635304E-04
  0.249326E+00  0.447534E-03  0.641044E-04
  0.249781E+00  0.477636E-03  0.631956E-04
  0.250236E+00  0.498329E-03  0.634166E-04
  0.250692E+00  0.506962E-03  0.631099E-04
  0.251147E+00  0.601192E-03  0.634854E-04
  0.251602E+00  0.450306E-03  0.635775E-04
  0.252057E+00  0.436451E-03  0.629797E-04
  0.252513E+00  0.392991E-03  0.635940E-04
  0.252968E+00  0.441027E-03  0.630048E-04
  0.253423E+00  0.512631E-03  0.631607E-04
  0.253878E+00  0.399109E-03  0.627352E-04
  0.254333E+00  0.456809E-03  0.630966E-04
  0.254789E+00  0.415821E-03  0.631697E-04
  0.255244E+00  0.506709E-03  0.629079E-04
  0.255699E+00  0.464985E-03  0.627861E-04
  0.256154E+00  0.449148E-03  0.624725E-04
  0.256609E+00  0.471173E-03  0.631619E-04
  0.257064E+00  0.395242E-03  0.625744E-04
  0.257520E+00  0.553292E-03  0.631493E-04
  0.257975E+00  0.544114E-03  0.623808E-04
  0.258430E+00  0.450962E-03  0.628353E-04
  0.258885E+00  0.547681E-03  0.625615E-04
  0.259340E+00  0.422060E-03  0.626355E-04
  0.259796E+00  0.504915E-03  0.623173E-04
  0.260251E+00  0.437969E-03  0.624785E-04
  0.260706E+00  0.449767E-03  0.625796E-04
  0.261161E+00  0.441827E-03  0.625241E-04
  0.261616E+00  0.448330E-03  0.622421E-04
  0.262071E+00  0.444568E-03  0.619247E-04
  0.262526E+00  0.515374E-03  0.626075E-04
  0.262982E+00  0.429189E-03  0.620341E-04
  0.263437E+00  0.508745E-03  0.621781E-04
  0.263892E+00  0.424399E-03  0.620179E-04
  0.264347E+00  0.416125E-03  0.621881E-04
  0.264802E+00  0.510204E-03  0.620873E-04
  0.265257E+00  0.406034E-03  0.616583E-04
  0.265712E+00  0.443492E-03  0.620588E-04
  0.266167E+00  0.478911E-03  0.619580E-04
  0.266623E+00  0.288123E-03  0.618108E-04
  0.267078E+00  0.439055E-03  0.618635E-04
  0.267533E+00  0.360784E-03  0.613491E-04
  0.267988E+00  0.428926E-03  0.622077E-04
  0.268443E+00  0.448865E-03  0.617814E-04
  0.268898E+00  0.584904E-03  0.617702E-04
  0.269353E+00  0.505225E-03  0.615155E-04
  0.269808E+00  0.473835E-03  0.615426E-04
  0.270263E+00  0.499422E-03  0.616730E-04
  0.270718E+00  0.496961E-03  0.614873E-04
  0.271174E+00  0.423684E-03  0.613696E-04
  0.271628E+00  0.365550E-03  0.615167E-04
  0.272084E+00  0.362688E-03  0.615215E-04
  0.272539E+00  0.401107E-03  0.612216E-04
  0.272994E+00  0.290622E-03  0.612599E-04
  0.273449E+00  0.454472E-03  0.610444E-04
  0.273904E+00  0.395694E-03  0.613074E-04
  0.274359E+00  0.480194E-03  0.615487E-04
  0.274814E+00  0.395218E-03  0.609542E-04
  0.275269E+00  0.383514E-03  0.610213E-04
  0.275724E+00  0.499536E-03  0.611528E-04
  0.276179E+00  0.496946E-03  0.611359E-04
  0.276634E+00  0.399850E-03  0.612853E-04
  0.277089E+00  0.384521E-03  0.602958E-04
  0.277544E+00  0.418558E-03  0.611241E-04
  0.277999E+00  0.440737E-03  0.610029E-04
  0.278454E+00  0.428619E-03  0.608605E-04
  0.278909E+00  0.486662E-03  0.609541E-04
  0.279364E+00  0.416653E-03  0.606599E-04
  0.279819E+00  0.428688E-03  0.609062E-04
  0.280274E+00  0.509011E-03  0.607187E-04
  0.280729E+00  0.374999E-03  0.607328E-04
  0.281184E+00  0.488806E-03  0.606111E-04
  0.281639E+00  0.418921E-03  0.601655E-04
  0.282094E+00  0.348234E-03  0.609299E-04
  0.282549E+00  0.417285E-03  0.604964E-04
  0.283004E+00  0.394554E-03  0.601540E-04
  0.283459E+00  0.445798E-03  0.608360E-04
  0.283914E+00  0.286194E-03  0.602146E-04
  0.284369E+00  0.411143E-03  0.606414E-04
  0.284824E+00  0.366440E-03  0.599103E-04
  0.285279E+00  0.416169E-03  0.606109E-04
  0.285734E+00  0.393859E-03  0.603286E-04
  0.286189E+00  0.365606E-03  0.601378E-04
  0.286644E+00  0.304311E-03  0.603093E-04
  0.287099E+00  0.307162E-03  0.595459E-04
  0.287554E+00  0.491972E-03  0.604391E-04
  0.288009E+00  0.461680E-03  0.600525E-04
  0.288464E+00  0.438792E-03  0.601912E-04
  0.288919E+00  0.414778E-03  0.600987E-04
  0.289374E+00  0.351715E-03  0.598470E-04
  0.289829E+00  0.462186E-03  0.599914E-04
  0.290284E+00  0.485573E-03  0.602112E-04
  0.290738E+00  0.471211E-03  0.595883E-04
  0.291193E+00  0.377684E-03  0.599062E-04
  0.291648E+00  0.349866E-03  0.596369E-04
  0.292103E+00  0.375580E-03  0.599529E-04
  0.292558E+00  0.372269E-03  0.592801E-04
  0.293013E+00  0.402543E-03  0.596872E-04
  0.293468E+00  0.327313E-03  0.597392E-04
  0.293923E+00  0.389769E-03  0.596858E-04
  0.294378E+00  0.294683E-03  0.597609E-04
  0.294833E+00  0.327004E-03  0.592019E-04
  0.295287E+00  0.371782E-03  0.596012E-04
  0.295742E+00  0.314959E-03  0.595713E-04
  0.296197E+00  0.405971E-03  0.592310E-04
  0.296652E+00  0.420227E-03  0.593202E-04
  0.297107E+00  0.448079E-03  0.594624E-04
  0.297562E+00  0.389907E-03  0.596514E-04
  0.298017E+00  0.367307E-03  0.592670E-04
  0.298472E+00  0.421215E-03  0.589622E-04
  0.298926E+00  0.379920E-03  0.592378E-04
  0.299381E+00  0.476917E-03  0.594839E-04
  0.299836E+00  0.299843E-03  0.593414E-04
  0.300291E+00  0.335646E-03  0.586392E-04
  0.300746E+00  0.458278E-03  0.593149E-04
  0.301201E+00  0.437295E-03  0.589372E-04
  0.301656E+00  0.388345E-03  0.592285E-04
  0.302110E+00  0.419514E-03  0.591487E-04
  0.302565E+00  0.343798E-03  0.586763E-04
  0.303020E+00  0.520489E-03  0.591637E-04
  0.303475E+00  0.211591E-03  0.588149E-04
  0.303930E+00  0.415250E-03  0.589659E-04
  0.304384E+00  0.451531E-03  0.585862E-04
  0.304839E+00  0.454408E-03  0.589029E-04
  0.305294E+00  0.300904E-03  0.602293E-04
  0.305749E+00  0.343048E-03  0.601075E-04
  0.306204E+00  0.436259E-03  0.614624E-04
  0.306658E+00  0.399250E-03  0.611216E-04
  0.307113E+00  0.326142E-03  0.619679E-04
  0.307568E+00  0.331402E-03  0.628656E-04
  0.308023E+00  0.264961E-03  0.621027E-04
  0.308478E+00  0.413412E-03  0.633070E-04
  0.308932E+00  0.316589E-03  0.631322E-04
  0.309387E+00  0.347081E-03  0.636663E-04
  0.309842E+00  0.314251E-03  0.638591E-04
  0.310297E+00  0.347133E-03  0.638688E-04
  0.310751E+00  0.270997E-03  0.645972E-04
  0.311206E+00  0.336703E-03  0.643129E-04
  0.311661E+00  0.375952E-03  0.649445E-04
  0.312116E+00  0.249266E-03  0.649370E-04
  0.312570E+00  0.455382E-03  0.652795E-04
  0.313025E+00  0.306640E-03  0.659405E-04
  0.313480E+00  0.317537E-03  0.652911E-04
  0.313935E+00  0.375511E-03  0.645020E-04
  0.314389E+00  0.379272E-03  0.641602E-04
  0.314844E+00  0.283493E-03  0.632118E-04
  0.315299E+00  0.299054E-03  0.633838E-04
  0.315753E+00  0.414372E-03  0.619338E-04
  0.316208E+00  0.359668E-03  0.625874E-04
  0.316663E+00  0.252574E-03  0.623309E-04
  0.317117E+00  0.330372E-03  0.620091E-04
  0.317572E+00  0.328886E-03  0.616129E-04
  0.318027E+00  0.409072E-03  0.611399E-04
  0.318482E+00  0.356782E-03  0.617618E-04
  0.318936E+00  0.300039E-03  0.612024E-04
  0.319391E+00  0.275684E-03  0.612174E-04
  0.319846E+00  0.345491E-03  0.609870E-04
  0.320300E+00  0.317832E-03  0.611051E-04
  0.320755E+00  0.370756E-03  0.609218E-04
  0.321210E+00  0.348368E-03  0.605041E-04
  0.321664E+00  0.360101E-03  0.607548E-04
  0.322119E+00  0.308933E-03  0.606039E-04
  0.322574E+00  0.273785E-03  0.606262E-04
  0.323028E+00  0.262981E-03  0.604747E-04
  0.323483E+00  0.294365E-03  0.599325E-04
  0.323938E+00  0.304231E-03  0.601494E-04
  0.324392E+00  0.373176E-03  0.599926E-04
  0.324847E+00  0.362513E-03  0.605147E-04
  0.325302E+00  0.384752E-03  0.594632E-04
  0.325756E+00  0.278661E-03  0.598989E-04
  0.326211E+00  0.307150E-03  0.598696E-04
  0.326665E+00  0.367174E-03  0.595872E-04
  0.327120E+00  0.338006E-03  0.595144E-04
  0.327575E+00  0.406034E-03  0.594878E-04
  0.328029E+00  0.246273E-03  0.598299E-04
  0.328484E+00  0.378751E-03  0.594718E-04
  0.328938E+00  0.300401E-03  0.591508E-04
  0.329393E+00  0.346633E-03  0.593423E-04
  0.329848E+00  0.373467E-03  0.591612E-04
  0.330302E+00  0.353444E-03  0.594898E-04
  0.330757E+00  0.295562E-03  0.591696E-04
  0.331211E+00  0.331458E-03  0.588843E-04
  0.331666E+00  0.306900E-03  0.592133E-04
  0.332120E+00  0.324784E-03  0.588138E-04
  0.332575E+00  0.365482E-03  0.591125E-04
  0.333030E+00  0.178115E-03  0.584722E-04
  0.333484E+00  0.469076E-03  0.585523E-04
  0.333939E+00  0.336790E-03  0.590601E-04
  0.334393E+00  0.342278E-03  0.582340E-04
  0.334848E+00  0.288029E-03  0.584582E-04
  0.335302E+00  0.316698E-03  0.579912E-04
  0.335757E+00  0.319734E-03  0.584298E-04
  0.336211E+00  0.246070E-03  0.584305E-04
  0.336666E+00  0.298059E-03  0.575389E-04
  0.337120E+00  0.354343E-03  0.581500E-04
  0.337575E+00  0.265060E-03  0.573676E-04
  0.338029E+00  0.265230E-03  0.578806E-04
  0.338484E+00  0.385982E-03  0.577131E-04
  0.338938E+00  0.315567E-03  0.572201E-04
  0.339393E+00  0.301664E-03  0.576770E-04
  0.339847E+00  0.260959E-03  0.571095E-04
  0.340302E+00  0.293255E-03  0.574150E-04
  0.340756E+00  0.371744E-03  0.571462E-04
  0.341211E+00  0.348539E-03  0.574871E-04
  0.341665E+00  0.455433E-03  0.573393E-04
  0.342120E+00  0.177481E-03  0.572237E-04
  0.342574E+00  0.330764E-03  0.581511E-04
  0.343029E+00  0.311298E-03  0.585842E-04
  0.343483E+00  0.378072E-03  0.595804E-04
  0.343938E+00  0.276089E-03  0.597918E-04
  0.344392E+00  0.394243E-03  0.605206E-04
  0.344847E+00  0.294632E-03  0.607701E-04
  0.345301E+00  0.282765E-03  0.611075E-04
  0.345755E+00  0.239119E-03  0.612199E-04
  0.346210E+00  0.295031E-03  0.614556E-04
  0.346664E+00  0.293461E-03  0.621939E-04
  0.347119E+00  0.162597E-03  0.620782E-04
  0.347573E+00  0.307663E-03  0.619885E-04
  0.348028E+00  0.370752E-03  0.624601E-04
  0.348482E+00  0.313752E-03  0.618887E-04
  0.348936E+00  0.412898E-03  0.626372E-04
  0.349391E+00  0.280843E-03  0.627470E-04
  0.349845E+00  0.247823E-03  0.625097E-04
  0.350300E+00  0.326863E-03  0.626209E-04
  0.350754E+00  0.186590E-03  0.623834E-04
  0.351208E+00  0.299304E-03  0.631876E-04
  0.351663E+00  0.269741E-03  0.626235E-04
  0.352117E+00  0.405454E-03  0.628034E-04
  0.352571E+00  0.330850E-03  0.632443E-04
  0.353026E+00  0.252267E-03  0.629241E-04
  0.353480E+00  0.270301E-03  0.635805E-04
  0.353935E+00  0.348986E-03  0.628469E-04
  0.354389E+00  0.290776E-03  0.630203E-04
  0.354843E+00  0.390728E-03  0.636028E-04
  0.355298E+00  0.255843E-03  0.633500E-04
  0.355752E+00  0.297409E-03  0.642529E-04
  0.356206E+00  0.299731E-03  0.627131E-04
  0.356661E+00  0.354585E-03  0.636288E-04
  0.357115E+00  0.352279E-03  0.636422E-04
  0.357569E+00  0.324554E-03  0.636111E-04
  0.358024E+00  0.236673E-03  0.640468E-04
  0.358478E+00  0.349037E-03  0.633155E-04
  0.358932E+00  0.360833E-03  0.640655E-04
  0.359387E+00  0.221909E-03  0.638223E-04
  0.359841E+00  0.351515E-03  0.635602E-04
  0.360295E+00  0.209769E-03  0.639713E-04
  0.360750E+00  0.246350E-03  0.639526E-04
  0.361204E+00  0.185538E-03  0.642959E-04
  0.361658E+00  0.179841E-03  0.634819E-04
  0.362112E+00  0.210685E-03  0.641512E-04
  0.362567E+00  0.446889E-03  0.640706E-04
  0.363021E+00  0.261655E-03  0.641247E-04
  0.363475E+00  0.360336E-03  0.647785E-04
  0.363929E+00  0.419103E-03  0.638328E-04
  0.364384E+00  0.400865E-03  0.641219E-04
  0.364838E+00  0.331750E-03  0.644339E-04
  0.365292E+00  0.213982E-03  0.645492E-04
  0.365746E+00  0.360329E-03  0.641817E-04
  0.366201E+00  0.185775E-03  0.641642E-04
  0.366655E+00  0.163715E-03  0.645962E-04
  0.367109E+00  0.260750E-03  0.645895E-04
  0.367563E+00  0.315612E-03  0.644165E-04
  0.368018E+00  0.241051E-03  0.648036E-04
  0.368472E+00  0.210287E-03  0.645044E-04
  0.368926E+00  0.244580E-03  0.648717E-04
  0.369380E+00  0.390108E-03  0.645631E-04
  0.369834E+00  0.317995E-03  0.646292E-04
  0.370289E+00  0.274504E-03  0.646789E-04
  0.370743E+00  0.298491E-03  0.649822E-04
  0.371197E+00  0.166613E-03  0.649018E-04
  0.371651E+00  0.238253E-03  0.644826E-04
  0.372105E+00  0.352437E-03  0.650686E-04
  0.372559E+00  0.278582E-03  0.649384E-04
  0.373014E+00  0.232898E-03  0.654580E-04
  0.373468E+00  0.133008E-03  0.643552E-04
  0.373922E+00  0.293734E-03  0.650438E-04
  0.374376E+00  0.319768E-03  0.652626E-04
  0.374830E+00  0.302462E-03  0.650336E-04
  0.375284E+00  0.444204E-03  0.652005E-04
  0.375739E+00  0.255631E-03  0.647482E-04
  0.376193E+00  0.233599E-03  0.654786E-04
  0.376647E+00  0.278256E-03  0.653157E-04
  0.377101E+00  0.173130E-03  0.646153E-04
  0.377555E+00  0.293906E-03  0.655177E-04
  0.378009E+00  0.238866E-03  0.649617E-04
  0.378463E+00  0.168240E-03  0.655168E-04
  0.378917E+00  0.335424E-03  0.657743E-04
  0.379371E+00  0.234071E-03  0.645467E-04
  0.379826E+00  0.183448E-03  0.657191E-04
  0.380280E+00  0.252005E-03  0.651361E-04
  0.380734E+00  0.158354E-03  0.656401E-04
  0.381188E+00  0.265348E-03  0.650019E-04
  0.381642E+00  0.211378E-03  0.654060E-04
  0.382096E+00  0.146582E-03  0.658462E-04
  0.382550E+00  0.219882E-03  0.651637E-04
  0.383004E+00  0.276760E-03  0.652942E-04
  0.383458E+00  0.194584E-03  0.655760E-04
  0.383912E+00  0.331574E-03  0.657472E-04
  0.384366E+00  0.265680E-03  0.659831E-04
  0.384820E+00  0.209056E-03  0.651856E-04
  0.385274E+00  0.286885E-03  0.657893E-04
  0.385728E+00  0.232637E-03  0.653650E-04
  0.386182E+00  0.243078E-03  0.659313E-04
  0.386636E+00  0.301044E-03  0.660142E-04
  0.387091E+00  0.226749E-03  0.651943E-04
  0.387545E+00  0.313625E-03  0.658304E-04
  0.387999E+00  0.275651E-03  0.652581E-04
  0.388452E+00  0.252767E-03  0.655058E-04
  0.388906E+00  0.277117E-03  0.654594E-04
  0.389360E+00  0.333828E-03  0.654140E-04
  0.389815E+00  0.337112E-03  0.656364E-04
  0.390269E+00  0.354961E-03  0.650316E-04
  0.390722E+00  0.296814E-03  0.651699E-04
  0.391176E+00  0.349607E-03  0.651605E-04
  0.391630E+00  0.312570E-03  0.655183E-04
  0.392084E+00  0.263873E-03  0.656451E-04
  0.392538E+00  0.316870E-03  0.649429E-04
  0.392992E+00  0.210243E-03  0.655932E-04
  0.393446E+00  0.388422E-03  0.649908E-04
  0.393900E+00  0.276163E-03  0.660073E-04
  0.394354E+00  0.282485E-03  0.650712E-04
  0.394808E+00  0.203348E-03  0.655647E-04
  0.395262E+00  0.363392E-03  0.656442E-04
  0.395716E+00  0.152041E-03  0.648684E-04
  0.396170E+00  0.179573E-03  0.660853E-04
  0.396624E+00  0.224308E-03  0.650724E-04
  0.397078E+00  0.160593E-03  0.655976E-04
  0.397532E+00  0.216896E-03  0.658900E-04
  0.397985E+00  0.262213E-03  0.652170E-04
  0.398439E+00  0.240478E-03  0.659564E-04
  0.398893E+00  0.149056E-03  0.653040E-04
  0.399347E+00  0.188288E-03  0.656279E-04
  0.399801E+00  0.229846E-03  0.659844E-04
  0.400255E+00  0.169923E-03  0.656302E-04
  0.400709E+00  0.173296E-03  0.659718E-04
  0.401163E+00  0.266113E-03  0.655082E-04
  0.401617E+00  0.288268E-03  0.656389E-04
  0.402070E+00  0.263510E-03  0.658228E-04
  0.402524E+00  0.214209E-03  0.655395E-04
  0.402978E+00  0.231756E-03  0.664732E-04
  0.403432E+00  0.232288E-03  0.655369E-04
  0.403886E+00  0.272337E-03  0.658221E-04
  0.404340E+00  0.165225E-03  0.655301E-04
  0.404793E+00  0.384167E-03  0.659174E-04
  0.405247E+00  0.324980E-03  0.662763E-04
  0.405701E+00  0.270675E-03  0.657480E-04
  0.406155E+00  0.280787E-03  0.661496E-04
  0.406609E+00  0.200448E-03  0.656818E-04
  0.407062E+00  0.299824E-03  0.660725E-04
  0.407516E+00  0.265920E-03  0.661098E-04
  0.407970E+00  0.287425E-03  0.659487E-04
  0.408424E+00  0.245447E-03  0.661887E-04
  0.408878E+00  0.262423E-03  0.660836E-04
  0.409331E+00  0.270692E-03  0.664167E-04
  0.409785E+00  0.217349E-03  0.659286E-04
  0.410239E+00  0.231458E-03  0.658231E-04
  0.410693E+00  0.216055E-03  0.665359E-04
  0.411147E+00  0.348257E-03  0.661418E-04
  0.411600E+00  0.179279E-03  0.663904E-04
  0.412054E+00  0.234192E-03  0.657214E-04
  0.412508E+00  0.274901E-03  0.664921E-04
  0.412961E+00  0.292048E-03  0.663189E-04
  0.413415E+00  0.268453E-03  0.664311E-04
  0.413869E+00  0.321557E-03  0.662802E-04
  0.414323E+00  0.202562E-03  0.658954E-04
  0.414776E+00  0.234885E-03  0.666051E-04
  0.415230E+00  0.198152E-03  0.662929E-04
  0.415684E+00  0.210034E-03  0.663107E-04
  0.416137E+00  0.247350E-03  0.663668E-04
  0.416591E+00  0.298206E-03  0.661816E-04
  0.417045E+00  0.194890E-03  0.666845E-04
  0.417498E+00  0.228623E-03  0.661152E-04
  0.417952E+00  0.231921E-03  0.667207E-04
  0.418406E+00  0.146279E-03  0.664172E-04
  0.418859E+00  0.241459E-03  0.664824E-04
  0.419313E+00  0.235452E-03  0.667039E-04
  0.419767E+00  0.691997E-04  0.660101E-04
  0.420220E+00  0.266170E-03  0.668233E-04
  0.420674E+00  0.209295E-03  0.665545E-04
  0.421128E+00  0.157545E-03  0.665304E-04
  0.421581E+00  0.262774E-03  0.666655E-04
  0.422035E+00  0.244463E-03  0.662588E-04
  0.422489E+00  0.231048E-03  0.671744E-04
  0.422942E+00  0.230448E-03  0.662019E-04
  0.423396E+00  0.162946E-03  0.667206E-04
  0.423849E+00  0.284887E-03  0.671699E-04
  0.424303E+00  0.208436E-03  0.662072E-04
  0.424757E+00  0.134755E-03  0.672002E-04
  0.425210E+00  0.222253E-03  0.659184E-04
  0.425664E+00  0.234913E-03  0.670462E-04
  0.426117E+00  0.285966E-03  0.666746E-04
  0.426571E+00  0.159267E-03  0.666802E-04
  0.427025E+00  0.190089E-03  0.672911E-04
  0.427478E+00  0.199496E-03  0.661460E-04
  0.427932E+00  0.203868E-03  0.672123E-04
  0.428385E+00  0.153147E-03  0.665289E-04
  0.428839E+00  0.142495E-03  0.668348E-04
  0.429292E+00  0.340553E-03  0.672423E-04
  0.429746E+00  0.278571E-03  0.665473E-04
  0.430199E+00  0.304473E-03  0.671720E-04
  0.430653E+00  0.224933E-03  0.686336E-04
  0.431107E+00  0.233534E-03  0.698126E-04
  0.431560E+00  0.197828E-03  0.715872E-04
  0.432013E+00  0.248561E-03  0.723545E-04
  0.432467E+00  0.970946E-04  0.731814E-04
  0.432920E+00  0.212587E-03  0.735586E-04
  0.433374E+00  0.246260E-03  0.743268E-04
  0.433827E+00  0.257407E-03  0.758582E-04
  0.434281E+00  0.316491E-03  0.761120E-04
  0.434735E+00  0.146408E-03  0.766568E-04
  0.435188E+00  0.270171E-03  0.773510E-04
  0.435641E+00  0.357579E-03  0.776705E-04
  0.436095E+00  0.181045E-03  0.791678E-04
  0.436548E+00  0.393743E-03  0.791884E-04
  0.437002E+00  0.180388E-03  0.799190E-04
  0.437455E+00  0.353937E-03  0.806286E-04
  0.437909E+00  0.197292E-03  0.812854E-04
  0.438362E+00  0.218693E-03  0.818156E-04
  0.438816E+00  0.278567E-03  0.817611E-04
  0.439269E+00  0.213627E-03  0.832431E-04
  0.439722E+00  0.256405E-03  0.836587E-04
  0.440176E+00  0.157115E-03  0.843970E-04
  0.440629E+00  0.307992E-03  0.844721E-04
  0.441083E+00  0.291107E-03  0.852190E-04
  0.441536E+00  0.172299E-03  0.860247E-04
  0.441989E+00  0.245369E-03  0.869612E-04
  0.442443E+00  0.618687E-04  0.868717E-04
  0.442896E+00  0.359006E-03  0.875734E-04
  0.443350E+00  0.207081E-03  0.889312E-04
  0.443803E+00  0.279701E-03  0.882935E-04
  0.444256E+00  0.384648E-03  0.896883E-04
  0.444710E+00  0.938661E-04  0.892774E-04
  0.445163E+00  0.359810E-03  0.904737E-04
  0.445616E+00  0.908400E-04  0.918934E-04
  0.446070E+00  0.251388E-03  0.914662E-04
  0.446523E+00  0.311661E-03  0.923412E-04
  0.446976E+00  0.235624E-03  0.920063E-04
  0.447430E+00  0.234112E-03  0.938013E-04
  0.447883E+00  0.178085E-03  0.958838E-04
  0.448336E+00  0.376985E-03  0.936491E-04
  0.448790E+00 -0.819940E-04  0.963403E-04
  0.449243E+00  0.181451E-03  0.952591E-04
  0.449696E+00  0.318009E-03  0.974253E-04
  0.450149E+00  0.261295E-03  0.966979E-04
  0.450603E+00  0.736411E-04  0.968861E-04
  0.451056E+00  0.236512E-03  0.990481E-04
  0.451509E+00  0.294594E-03  0.976373E-04
  0.451963E+00  0.128886E-03  0.991163E-04
  0.452416E+00  0.153052E-03  0.975309E-04
  0.452869E+00  0.721670E-04  0.995200E-04
  0.453322E+00  0.369945E-03  0.100754E-03
  0.453776E+00  0.224366E-03  0.994021E-04
  0.454229E+00  0.106512E-03  0.100660E-03
  0.454682E+00  0.191468E-03  0.996510E-04
  0.455135E+00  0.193808E-03  0.101409E-03
  0.455589E+00  0.166118E-03  0.103098E-03
  0.456042E+00  0.276460E-03  0.996956E-04
  0.456495E+00  0.223844E-03  0.103402E-03
  0.456948E+00  0.276490E-03  0.101775E-03
  0.457401E+00  0.259734E-03  0.103638E-03
  0.457854E+00  0.592553E-04  0.102762E-03
  0.458308E+00  0.335425E-03  0.103085E-03
  0.458761E+00  0.245793E-03  0.105486E-03
  0.459214E+00  0.211020E-03  0.102681E-03
  0.459667E+00  0.194212E-03  0.104437E-03
  0.460120E+00  0.185798E-03  0.102850E-03
  0.460574E+00  0.162490E-03  0.105052E-03
  0.461027E+00  0.381445E-03  0.105884E-03
  0.461480E+00  0.939532E-04  0.103386E-03
  0.461933E+00  0.398088E-03  0.105170E-03
  0.462386E+00  0.168975E-03  0.103761E-03
  0.462839E+00  0.196250E-03  0.106055E-03
  0.463292E+00  0.261211E-03  0.105801E-03
  0.463745E+00  0.332941E-03  0.103916E-03
  0.464199E+00  0.154113E-03  0.106566E-03
  0.464652E+00  0.103009E-03  0.104377E-03
  0.465105E+00 -0.601546E-04  0.107828E-03
  0.465558E+00  0.221342E-03  0.105065E-03
  0.466011E+00  0.165490E-03  0.107143E-03
  0.466464E+00  0.265151E-03  0.108901E-03
  0.466917E+00  0.292172E-03  0.106299E-03
  0.467370E+00  0.138646E-03  0.109490E-03
  0.467823E+00  0.229572E-03  0.107408E-03
  0.468276E+00  0.219588E-03  0.109041E-03
  0.468730E+00  0.133386E-03  0.110890E-03
  0.469183E+00  0.135676E-03  0.108701E-03
  0.469635E+00  0.284154E-04  0.110757E-03
  0.470089E+00  0.268351E-03  0.108738E-03
  0.470542E+00  0.225165E-03  0.111678E-03
  0.470995E+00  0.279581E-03  0.112629E-03
  0.471448E+00  0.138159E-03  0.109685E-03
  0.471901E+00  0.384152E-03  0.114990E-03
  0.472354E+00  0.168269E-03  0.110344E-03
  0.472807E+00  0.154841E-03  0.114875E-03
  0.473260E+00  0.128953E-03  0.111556E-03
  0.473713E+00  0.218360E-03  0.113144E-03
  0.474166E+00  0.860694E-04  0.116896E-03
  0.474619E+00  0.182052E-03  0.112096E-03
  0.475072E+00  0.267602E-03  0.116329E-03
  0.475525E+00  0.670681E-04  0.113876E-03
  0.475977E+00  0.276002E-03  0.116503E-03
  0.476430E+00  0.159650E-03  0.117636E-03
  0.476883E+00  0.242686E-03  0.115818E-03
  0.477336E+00  0.114166E-03  0.117779E-03
  0.477789E+00  0.257757E-03  0.116766E-03
  0.478242E+00  0.179846E-03  0.118962E-03
  0.478695E+00  0.229249E-03  0.118820E-03
  0.479148E+00  0.162862E-03  0.118008E-03
  0.479601E+00  0.175876E-03  0.121002E-03
  0.480054E+00  0.110540E-03  0.118495E-03
  0.480507E+00 -0.111457E-03  0.121326E-03
  0.480960E+00  0.169983E-03  0.119559E-03
  0.481413E+00  0.133073E-04  0.121314E-03
  0.481866E+00  0.247792E-03  0.121832E-03
  0.482318E+00  0.474862E-04  0.122644E-03
  0.482771E+00  0.131353E-03  0.122899E-03
  0.483224E+00  0.282239E-03  0.122858E-03
  0.483677E+00  0.626576E-04  0.124496E-03
  0.484130E+00 -0.130504E-03  0.123426E-03
  0.484583E+00 -0.761036E-04  0.125137E-03
  0.485036E+00  0.278572E-03  0.125200E-03
  0.485488E+00  0.124167E-03  0.125646E-03
  0.485941E+00  0.134814E-03  0.126950E-03
  0.486394E+00  0.163437E-03  0.125461E-03
  0.486847E+00  0.311880E-04  0.127985E-03
  0.487300E+00  0.232569E-03  0.127707E-03
  0.487752E+00  0.140386E-03  0.127941E-03
  0.488205E+00  0.278802E-03  0.130119E-03
  0.488658E+00  0.133447E-03  0.128177E-03
  0.489111E+00  0.268047E-03  0.130443E-03
  0.489563E+00  0.159690E-03  0.131318E-03
  0.490016E+00  0.228402E-04  0.130614E-03
  0.490469E+00  0.134146E-05  0.131825E-03
  0.490922E+00  0.414839E-03  0.131431E-03
  0.491375E+00  0.234640E-03  0.133757E-03
  0.491827E+00  0.274250E-03  0.134202E-03
  0.492280E+00  0.306933E-03  0.133713E-03
  0.492733E+00  0.189356E-03  0.134517E-03
  0.493185E+00  0.402104E-03  0.135598E-03
  0.493638E+00  0.130104E-03  0.136491E-03
  0.494091E+00  0.109404E-03  0.136850E-03
  0.494544E+00  0.620197E-04  0.136630E-03
  0.494996E+00  0.368051E-03  0.138161E-03
  0.495449E+00  0.391795E-03  0.138901E-03
  0.495902E+00  0.153603E-03  0.139154E-03
  0.496354E+00 -0.106677E-04  0.139268E-03
  0.496807E+00 -0.533604E-04  0.141441E-03
  0.497260E+00  0.131476E-03  0.141124E-03
  0.497713E+00 -0.111820E-03  0.140574E-03
  0.498165E+00  0.293209E-03  0.143394E-03
  0.498618E+00  0.160108E-03  0.143228E-03
  0.499070E+00  0.698406E-04  0.144843E-03
  0.499523E+00  0.367831E-03  0.144785E-03
  0.499976E+00  0.137656E-03  0.144892E-03
  0.500428E+00  0.427075E-03  0.147204E-03
  0.500881E+00  0.318699E-03  0.146520E-03
  0.501334E+00  0.196208E-03  0.148183E-03
  0.501786E+00  0.213478E-03  0.149808E-03
  0.502239E+00  0.625195E-04  0.147656E-03
  0.502691E+00  0.513255E-04  0.150730E-03
  0.503144E+00  0.612161E-04  0.149935E-03
  0.503597E+00  0.174756E-04  0.151410E-03
  0.504049E+00  0.574978E-04  0.153224E-03
  0.504502E+00  0.690670E-04  0.152081E-03
  0.504954E+00  0.954881E-04  0.153447E-03
  0.505407E+00  0.221410E-03  0.155693E-03
  0.505859E+00  0.324933E-03  0.155651E-03
  0.506312E+00 -0.221384E-04  0.158206E-03
  0.506764E+00  0.154620E-03  0.156504E-03
  0.507217E+00  0.175955E-03  0.157404E-03
  0.507670E+00 -0.199367E-03  0.160053E-03
  0.508122E+00  0.250648E-03  0.160101E-03
  0.508575E+00 -0.301509E-04  0.163308E-03
  0.509027E+00  0.403752E-03  0.161435E-03
  0.509480E+00  0.183009E-03  0.162972E-03
  0.509932E+00  0.155309E-03  0.164307E-03
  0.510385E+00  0.602142E-04  0.165558E-03
  0.510837E+00  0.275619E-03  0.168712E-03
  0.511290E+00  0.650498E-04  0.165374E-03
  0.511742E+00  0.377123E-03  0.169716E-03
  0.512194E+00  0.309739E-03  0.169430E-03
  0.512647E+00  0.160311E-04  0.170706E-03
  0.513099E+00  0.169686E-03  0.172069E-03
  0.513552E+00  0.246014E-03  0.172372E-03
  0.514004E+00 -0.108374E-03  0.173286E-03
  0.514457E+00  0.350725E-03  0.177475E-03
  0.514909E+00  0.635004E-03  0.176405E-03
  0.515362E+00  0.157144E-03  0.177473E-03
  0.515814E+00  0.787574E-04  0.179303E-03
  0.516266E+00 -0.220589E-04  0.179477E-03
  0.516719E+00  0.564573E-03  0.184193E-03
  0.517171E+00  0.351813E-03  0.183128E-03
  0.517624E+00  0.188234E-05  0.185470E-03
  0.518076E+00  0.502363E-04  0.185480E-03
  0.518528E+00  0.424426E-03  0.188261E-03
  0.518981E+00  0.357098E-04  0.189046E-03
  0.519433E+00 -0.985982E-04  0.188505E-03
  0.519886E+00  0.408265E-03  0.195265E-03
  0.520338E+00  0.420150E-03  0.194114E-03
  0.520790E+00  0.901926E-04  0.195377E-03
  0.521243E+00  0.195374E-03  0.196690E-03
  0.521695E+00  0.839032E-04  0.197120E-03
  0.522147E+00  0.123338E-03  0.201470E-03
  0.522599E+00  0.188612E-03  0.203040E-03
  0.523052E+00 -0.570106E-04  0.203646E-03
  0.523504E+00  0.251618E-03  0.204735E-03
  0.523956E+00  0.546507E-03  0.208045E-03
----------HeVPNT33ATrunc_ChromX_Avg_crop.dat-----------------------------
Sample description: chromixs                                                    
Sample: chromixs  c= 0 mg/ml  Code: chromixs                                    
----------HeVPNT33ATrunc_ChromX_Avg_crop.dat-----------------------------
