0.00497719	68.3511964285725	11.811260718669132
0.00527462	74.89166071428627	7.360808111149618
0.00557205	69.43667857142913	4.9905150222355665
0.00586949	64.87118750000008	4.388601870150688
0.00616692	70.13204910714265	3.5298270067024236
0.00646435	57.42543750000081	3.3887795363394146
0.00676178	66.52057589285754	2.9659597251324095
0.00705921	68.58615803571446	2.756477784793548
0.00735664	67.2758008928573	2.589087131784048
0.00765407	64.42672321428596	2.267789318381603
0.00795151	65.42452499999989	2.2220999088498443
0.00824894	61.512201785714424	2.0438241200242446
0.00854637	63.60622410714299	1.8831385661855535
0.0088438	66.67487767857139	1.8041960461621436
0.00914123	65.83944910714301	1.6233469446472826
0.00943866	64.19889419642864	1.6006193983528392
0.00973609	64.34758035714313	1.4959288281225394
0.0100335	62.063527678571404	1.4002131549251458
0.010331	65.69872678571436	1.359828151881204
0.0106284	61.792646428571544	1.2955632143252083
0.0109258	65.46836517857133	1.2613214281934388
0.0112233	61.50892589285718	1.181929744105571
0.0115207	62.99001875000003	1.1287197427646882
0.0118181	63.16548348214294	1.109066601226859
0.0121155	61.83618035714286	1.0752627468506646
0.012413	61.75301026785718	1.0421603518341689
0.0127104	59.11994687499997	0.976014568738074
0.0130078	58.171834375	0.9703925690053234
0.0133053	60.36552053571423	0.934890819014512
0.0136027	61.35876607142863	0.9086182462448679
0.0139001	58.97623794642851	0.8840852581842094
0.0141976	59.18392142857134	0.839792028953506
0.014495	60.06456071428577	0.8551444448868007
0.0147924	59.00399330357145	0.7978052767649908
0.0150899	56.939189285714264	0.8046358752014694
0.0153873	58.299316964285694	0.7690110865899638
0.0156847	56.91970669642864	0.7599331841117086
0.0159822	57.08916205357148	0.754224390248263
0.0162796	56.979584821428546	0.7126808876564
0.016577	55.85353616071429	0.707273666989623
0.0168744	55.30905714285713	0.6859587355793222
0.0171719	54.33054017857142	0.6762097569596817
0.0174693	53.63029687500002	0.6747518947332097
0.0177667	54.51673294642858	0.6424120307065145
0.0180642	53.125159553571436	0.6488834882583363
0.0183616	53.222008035714296	0.6258574378251539
0.018659	53.74491151785716	0.6099020086019831
0.0189565	52.055219196428546	0.6007841458931543
0.0192539	51.694821339285724	0.5901542201427882
0.0195513	51.698371875000014	0.5967482483381565
0.0198488	51.0907414285714	0.5648783987006218
0.0201462	50.41875035714283	0.5688381653670697
0.0204436	50.34365071428573	0.547541237147442
0.0207411	50.60879714285714	0.5498605926718844
0.0210385	49.286529285714316	0.5439010254256026
0.0213359	49.13632749999999	0.5232700642926029
0.0216334	47.71375491071422	0.5241208496481441
0.0219308	47.917044642857135	0.5104993825351293
0.0222282	47.446243035714296	0.5108497191854926
0.0225256	46.76739558035714	0.5004075761789767
0.0228231	46.11069035714288	0.49196579926129924
0.0231205	46.526299553571434	0.4934793927726959
0.0234179	45.95885000000003	0.48329562604638787
0.0237154	44.51559191964285	0.5012860549691871
0.0240128	44.14842825892855	0.4953524947040772
0.0243102	44.451030133928555	0.4922939369239641
0.0246077	43.751691205357176	0.5046876388427408
0.0249051	43.838810312500016	0.48401430614435487
0.0252025	43.00726526785712	0.49873336956931674
0.0255	42.814729374999985	0.48296577309065286
0.0257974	42.442352500000034	0.4830507087567767
0.0260948	41.52130522321428	0.4817733064285572
0.0263923	42.22799075892857	0.4709649285986812
0.0266897	40.61798781250002	0.48019030587103656
0.0269871	39.48090834821429	0.4667098673146912
0.0272845	39.78262513392857	0.4715330284315216
0.027582	39.84773352678572	0.46214046669006786
0.0278794	38.555776919642895	0.45580286456665325
0.0281768	38.277382544642855	0.4630992171572749
0.0284743	37.19560433035717	0.4447594537055524
0.0287717	37.49471906250001	0.4300651026925305
0.0290691	37.3658471875	0.42129123507774946
0.0293666	36.95561660714284	0.4157087450417558
0.029664	36.43835607142859	0.4121203840160321
0.0299614	36.11229973214289	0.39841216008414504
0.0302589	36.031118794642836	0.40641948883594586
0.0305563	35.28175553571428	0.39409455220517914
0.0308537	35.16953901785712	0.3927426040485042
0.0311512	34.445078125	0.3864047732056669
0.0314486	34.50578196428574	0.38199394323267044
0.031746	33.22954495535714	0.3817132353200675
0.0320435	32.97599165178571	0.3752376545116826
0.0323409	33.284391830357116	0.37787074891475
0.0326383	33.07026991071428	0.37198672631970375
0.0329357	32.931287321428556	0.367206923780138
0.0332332	32.441447544642855	0.36712992278352047
0.0335306	31.510964866071447	0.358919727422508
0.033828	31.241992321428576	0.35949437594477396
0.0341255	31.01432549107144	0.3570133497990907
0.0344229	31.26404392857143	0.3575811593711661
0.0347203	30.47862540178572	0.354403675195646
0.0350178	29.88647316964288	0.34561775090833624
0.0353152	30.07666669642856	0.3467946137679712
0.0356126	29.681852857142843	0.34184316153506084
0.0359101	28.698577633928593	0.3446973882541812
0.0362075	29.024700267857156	0.35223589441587655
0.0365049	28.258330044642847	0.35512286384721964
0.0368024	28.357380580357123	0.35715079488156387
0.0370998	28.17342964285715	0.3506343307982963
0.0373972	27.336336964285728	0.35820888564762743
0.0376946	27.100241026785717	0.35427709403202473
0.0379921	27.274273883928597	0.35140095287450834
0.0382895	26.868930758928595	0.35550759775687457
0.0385869	26.169920714285723	0.3495017871317913
0.0388844	25.96124281250001	0.35123144063706846
0.0391818	25.029532008928573	0.3482067602249959
0.0394792	25.49125883928572	0.3486762215933242
0.0397767	26.017484285714296	0.3515066314133618
0.0400741	24.61433285714284	0.3442333795057424
0.0403715	24.092629910714294	0.3465434845089103
0.040669	24.29901214285717	0.3409860191682819
0.0409664	24.435363303571446	0.34477353817593737
0.0412638	23.517049776785733	0.3266780433714254
0.0415613	23.024342500000024	0.3252208101384737
0.0418587	22.948764107142896	0.3249879774595049
0.0421561	22.648303392857127	0.31660437627929944
0.0424536	23.18944352678571	0.31622655532406074
0.042751	22.685256562500005	0.3107048870130811
0.0430484	22.52463602678569	0.3113528079715699
0.0433458	22.330985133928557	0.3097840664525258
0.0436433	21.570033392857155	0.3060936578243095
0.0439407	21.39484839285717	0.3061876570062801
0.0442381	21.760015669642865	0.3007582284937746
0.0445356	21.48867468750002	0.3040287118440608
0.044833	21.174799553571443	0.30055376414482515
0.0451304	20.343052410714265	0.29842190647006817
0.0454279	20.668171830357146	0.2977650725344133
0.0457253	20.75093379464287	0.29259541489184676
0.0460227	19.901544241071434	0.2947031639604748
0.0463202	20.463573080357133	0.28955936118877773
0.0466176	19.925752633928578	0.2908040557195377
0.046915	19.868053303571433	0.2924376262872992
0.0472125	19.561568794642877	0.28652048703087507
0.0475099	18.982644776785712	0.28832428714643116
0.0478073	18.931232633928587	0.28129128281894134
0.0481047	18.314602232142843	0.28303133260713353
0.0484022	18.504242098214277	0.283709714581788
0.0486996	18.260328258928574	0.2787478891204321
0.048997	18.024540178571446	0.28422790909407636
0.0492945	17.46110959821428	0.27513201906372936
0.0495919	17.881059866071443	0.2793065505643814
0.0498893	17.82314120535713	0.2755020939014614
0.0501868	17.55610861607144	0.27419690543792063
0.0504842	17.21283334821431	0.2761396371838275
0.0507816	17.712959553571448	0.27074114358283785
0.0510791	16.837268169642854	0.2735387376529842
0.0513765	16.557693616071425	0.268977524733093
0.0516739	16.184859062499992	0.26888053301856396
0.0519714	16.986165178571415	0.2676876783927936
0.0522688	16.046398616071436	0.26832343331184516
0.0525662	15.955166205357152	0.26651251317187424
0.0528637	15.627577187500012	0.26440679261029393
0.0531611	15.66818075892854	0.26294015668954646
0.0534585	15.267842232142872	0.2616580993811174
0.0537559	15.317391607142845	0.26314264922863334
0.0540534	15.015729017857154	0.2607004170917298
0.0543508	15.427216830357162	0.2586912743869673
0.0546482	15.584933705357153	0.26075644812694504
0.0549457	14.32014611607145	0.2575454502115535
0.0552431	14.151390669642883	0.2566019171286486
0.0555405	14.75394848214286	0.2559062273979081
0.055838	14.500880937500028	0.25481367623536333
0.0561354	14.22181955357142	0.2566571300793641
0.0564328	14.544655937500032	0.25275252343345933
0.0567303	13.894207901785709	0.2534350713035783
0.0570277	14.210571250000005	0.2501022828382108
0.0573251	13.865273035714317	0.25016560288030887
0.0576226	13.485058482142861	0.2518741301639284
0.05792	13.55472468750001	0.24793327395544992
0.0582174	13.298855000000014	0.24775510297121645
0.0585148	12.727501205357154	0.24715519126980337
0.0588123	13.466874062500015	0.24774668345659934
0.0591097	12.973547991071444	0.24730420809671863
0.0594071	12.650663035714299	0.24225620325502342
0.0597046	12.76292160714286	0.24523795680731705
0.060002	12.83632107142859	0.24406574486417504
0.0602994	12.890161830357174	0.24312285067519251
0.0605969	12.345246830357134	0.24144405145837847
0.0608943	12.721093839285707	0.2386067047365511
0.0611917	12.664116651785715	0.24315685855924354
0.0614892	11.933764419642849	0.23842634786776948
0.0617866	11.653591875000014	0.24087263219488683
0.062084	11.945189642857162	0.23706830006779117
0.0623815	11.528216651785709	0.23719564066962495
0.0626789	11.401250401785724	0.2377473263415218
0.0629763	11.264564776785724	0.23411069918768765
0.0632737	11.629149062499987	0.23681611754281445
0.0635712	11.445850491071434	0.2332091015755145
0.0638686	11.530752991071438	0.2356798492347837
0.064166	10.94314200892855	0.23503709680098564
0.0644635	10.977727857142847	0.2298869955168905
0.0647609	10.67216267857145	0.23328874232573635
0.0650583	10.73296232142856	0.2300473831977307
0.0653558	10.330124464285726	0.23172105356194564
0.0656532	10.614611517857142	0.2295835270406473
0.0659506	10.432514866071427	0.230075819583907
0.0662481	10.34700571428571	0.23090730865879708
0.0665455	10.24588714285716	0.22554933773613342
0.0668429	9.917992857142842	0.22884524101770434
0.0671404	10.496109910714292	0.22600624230376903
0.0674378	9.9276454017857	0.22780517911202267
0.0677352	10.181128482142864	0.2257215818906212
0.0680327	10.12811767857141	0.22297538395431815
0.0683301	9.865816562500015	0.22594132380391005
0.0686275	9.901726696428575	0.22383847442805613
0.0689249	9.71227937500001	0.22375778338470556
0.0692224	9.46320879464286	0.22471416280601383
0.0695198	9.837381696428572	0.22073788270447084
0.0698172	9.788933303571415	0.2238592946554396
0.0701147	9.087143705357153	0.21985988416926552
0.0704121	9.129359553571422	0.22168599594285054
0.0707095	9.214011517857145	0.2202534631693808
0.071007	9.100895714285713	0.22035454830747558
0.0713044	8.911481785714294	0.22189323763707963
0.0716018	8.994850937500004	0.2161245183359361
0.0718993	8.562538125000017	0.21753689196015866
0.0721967	8.980855758928596	0.21676836153626777
0.0724941	8.719923169642856	0.21830518518684253
0.0727916	8.782731651785722	0.21664968087248557
0.073089	8.685967500000018	0.2161727559153209
0.0733864	8.513062946428551	0.21536114637309742
0.0736838	8.22551821428573	0.2140969005589535
0.0739813	8.435168839285723	0.21526104272144914
0.0742787	8.421222589285735	0.21376110077928467
0.0745761	8.237702946428577	0.21291294918364795
0.0748736	8.348843526785714	0.21425665544259095
0.075171	7.740529642857159	0.21040763875277274
0.0754684	7.929896294642864	0.21296833243279903
0.0757659	8.002778571428578	0.20926009814201907
0.0760633	8.328831294642871	0.21233637042658432
0.0763607	7.872645044642872	0.2123971181588027
0.0766582	7.966274241071454	0.20898992528819765
0.0769556	7.673223392857134	0.21077070037545115
0.077253	7.892729285714282	0.20668255497790772
0.0775505	7.831024776785713	0.21046171258995416
0.0778479	7.626552678571414	0.20766817889655792
0.0781453	7.322202678571426	0.20752939341437146
0.0784428	7.874181249999994	0.20863637197004173
0.0787402	7.683520401785717	0.20499056385582717
0.0790376	7.362500803571441	0.2067955819913365
0.079335	7.067294464285716	0.20497886054562436
0.0796325	7.137766696428578	0.2048773124410723
0.0799299	7.348076607142859	0.2070352865774037
0.0802273	6.630465267857164	0.20306794441767895
0.0805248	7.074503035714277	0.2055305605835895
0.0808222	7.275470044642853	0.202231543880582
0.0811196	7.2035154017857295	0.2039609108493342
0.0814171	6.957070133928571	0.2038313775061114
0.0817145	7.111486250000021	0.201042752619311
0.0820119	6.985329375000018	0.20276305725082777
0.0823094	6.536914241071448	0.20002937174675883
0.0826068	6.409291428571455	0.2022421625649299
0.0829042	6.8377504910714215	0.20010852198773835
0.0832017	6.453052633928578	0.2006312641597768
0.0834991	6.68515433035715	0.20106641778702283
0.0837965	6.358273705357145	0.1982706524791342
0.0840939	6.37521732142857	0.1995091447174297
0.0843914	6.605520982142878	0.19865160836809378
0.0846888	6.27563531250003	0.19735221021068763
0.0849862	6.586185000000007	0.19840430298564235
0.0852837	6.700642276785724	0.19714257501168023
0.0855811	6.002728839285716	0.19979406310652606
0.0858785	6.227753705357126	0.19411394122040343
0.086176	6.499082321428591	0.19748609577508733
0.0864734	6.168343660714273	0.1962171825863041
0.0867708	6.06891620535714	0.20113435890731082
0.0870683	5.7915985714285645	0.20196358252468133
0.0873657	5.7130279017857255	0.20060373347595148
0.0876631	5.7509417857142875	0.20348740532838708
0.0879606	5.700705000000004	0.20157401249596288
0.088258	5.564684285714279	0.20309266630463613
0.0885554	5.887515044642866	0.20393404342309385
0.0888529	6.028506651785741	0.2024397258583135
0.0891503	5.389442232142865	0.2037364851893203
0.0894477	5.55520700892858	0.2032353173105418
0.0897451	5.674402142857136	0.20284646909131038
0.0900426	5.324285669642874	0.2042373702123157
0.09034	5.56583754464286	0.20296729849257375
0.0906374	5.349963348214297	0.20601002151156134
0.0909349	5.532648839285743	0.20161103476563735
0.0912323	5.652615803571419	0.20433043459516342
0.0915297	5.628806874999994	0.20347090321454905
0.0918272	5.40219843750001	0.1989295289259934
0.0921246	5.785347678571409	0.1989106852819628
0.092422	5.1818982589285545	0.19610925265078463
0.0927195	5.076763258928554	0.19805047311765867
0.0930169	5.102088928571424	0.19449837408498216
0.0933143	5.003579196428567	0.19599966768391092
0.0936118	5.132620312500014	0.1943040738894983
0.0939092	4.814585089285703	0.19415773029534053
0.0942066	5.307345178571428	0.19454397356229453
0.094504	4.929670133928599	0.19236986867108632
0.0948015	5.405651607142867	0.19448983861007177
0.0950989	4.978946339285706	0.19335674950327164
0.0953963	4.93632611607143	0.19304277443474385
0.0956938	5.172470044642865	0.1942882368409074
0.0959912	4.4185181249999905	0.18884698195202254
0.0962886	5.117926607142871	0.19279582554387126
0.0965861	4.642987321428582	0.19031628184513383
0.0968835	4.754255937500003	0.19131873803679755
0.0971809	4.937568883928574	0.19240308335363043
0.0974784	4.779551294642843	0.18838023247728408
0.0977758	4.553023303571444	0.19234054364592237
0.0980732	4.7423596875000085	0.1884138807038639
0.0983707	4.500373616071411	0.19024326268672032
0.0986681	4.554104910714307	0.18997295130983163
0.0989655	4.892921428571437	0.18910229437866935
0.099263	4.282447276785724	0.19440686124326437
0.0995604	4.478214866071442	0.19211764677976784
0.0998578	4.488332678571436	0.19481755781896687
0.100155	4.463038616071415	0.19490982678796262
0.100453	4.719944017857145	0.19538730551784197
0.10075	4.251046339285733	0.19692935127000816
0.101048	4.6205665624999925	0.1942595620109201
0.101345	4.39140066964284	0.19688906873168716
0.101642	4.232186339285722	0.19559188686385678
0.10194	4.444821785714295	0.19669619408330533
0.102237	4.240330714285716	0.19826807566317187
0.102535	3.845330848214261	0.19690610892907642
0.102832	4.482575089285712	0.19774165833081905
0.10313	4.167259821428559	0.19531282103855038
0.103427	4.45373562499999	0.19684225009740677
0.103724	4.330390982142864	0.19745026191855772
0.104022	4.309844776785723	0.19785953248827332
0.104319	4.061326830357137	0.19403868840765612
0.104617	4.2224093303571575	0.1912332587808408
0.104914	3.899535267857148	0.19158472117741335
0.105212	4.332705491071418	0.19102647332518227
0.105509	3.9987502232142846	0.19098764442126842
0.105806	3.720679107142857	0.1902437713197511
0.106104	3.98543968749999	0.18841306480997766
0.106401	3.963212053571419	0.1911552820850208
0.106699	3.7466491071428765	0.18719822305087888
0.106996	3.726415758928594	0.18871297289384548
0.107294	4.039070803571447	0.18681784338821164
0.107591	3.8114734821428664	0.18781651533449922
0.107888	3.857069464285705	0.18964677821804632
0.108186	3.9175362499999933	0.18504901261809303
0.108483	4.270494642857137	0.18669044198159715
0.108781	3.640420535714317	0.1856543092565838
0.109078	3.8171847321428887	0.1874707709653341
0.109376	3.903753660714293	0.18679880779401256
0.109673	3.368450714285709	0.18527673596651031
0.10997	3.570028348214316	0.18671531919590045
0.110268	3.3900785714285764	0.18466805401059622
0.110565	3.416159776785719	0.1841841715479342
0.110863	3.5147548214285607	0.18508049505339885
0.11116	3.7614389732142905	0.18479700261225798
0.111458	3.6276975892857033	0.18628217715672654
0.111755	3.4291403125000075	0.18238952067168568
0.112053	3.6641397767857287	0.18479495356659312
0.11235	3.3938293303571543	0.18271676928063968
0.112647	3.7722082142857305	0.18387846797153606
0.112945	3.484305089285704	0.185020132092946
0.113242	3.2128420535714497	0.1819410577510882
0.11354	3.3739286607142827	0.1832901383612088
0.113837	3.370805133928556	0.18150579439329526
0.114135	3.4996770089285523	0.18372736359858258
0.114432	3.520540625000006	0.1815221675153134
0.114729	3.4668918750000044	0.18181654781346895
0.115027	3.6265391517857104	0.1833750713354615
0.115324	3.398876294642861	0.1809249906934007
0.115622	3.5808464732143275	0.18173440971579538
0.115919	3.1578705357142933	0.18033658977582293
0.116217	3.1421681250000155	0.18123202628771162
0.116514	3.293381696428588	0.18288750695167033
0.116811	3.6297040625000276	0.17951413612277234
0.117109	3.0972123214285707	0.18179340609778585
0.117406	3.2002071874999904	0.17943957602609653
0.117704	3.1007930803571515	0.1798094385457054
0.118001	3.177105535714264	0.18074149665416345
0.118299	2.9361731696428617	0.1786252302204846
0.118596	3.123637053571424	0.18039143556677972
0.118893	3.2479160267857132	0.17892566410792415
0.119191	3.5374604910714513	0.18001663712866678
0.119488	3.2970206250000045	0.17877937022232804
0.119786	2.954320803571462	0.17866022579728089
0.120083	3.3045268750000245	0.17999354064033915
0.120381	3.4334164732143035	0.17798302396262347
0.120678	3.004621562500005	0.17932123656896293
0.120975	2.9433049107142795	0.17666189769747867
0.121273	2.7356604464285716	0.17812859242042997
0.12157	3.0633976785714223	0.1795264838406341
0.121868	2.9663784821428463	0.17648633985577555
0.122165	3.2575274107142826	0.17886268854520107
0.122463	3.129615357142863	0.17659174502516056
0.12276	3.3296766071428463	0.17785341970841873
0.123057	2.9664600000000174	0.17670148334941993
0.123355	3.1098173214285874	0.17685071678712605
0.123652	3.017552589285697	0.17725968136487022
0.12395	2.6023704464285924	0.17643425939299004
0.124247	2.880650178571451	0.1772592327941328
0.124545	3.2035021428571486	0.17615954899095934
0.124842	2.7387229464285934	0.17571684357857772
0.125139	2.6386017857142896	0.17628371249446248
0.125437	2.61147111607142	0.17570716213413354
0.125734	2.754422276785702	0.17616956320486174
0.126032	3.0707420089285753	0.1757307468146192
0.126329	2.4928381696428703	0.17505979749324338
0.126627	2.4906414285714362	0.17587428652761755
0.126924	2.9965475446428558	0.17384422949905382
0.127222	2.3151978124999983	0.17550447690980878
0.127519	2.808143526785707	0.17353540399035283
0.127816	2.659401651785691	0.17592198563928796
0.128114	2.643804910714289	0.17453379603548383
0.128411	2.70117754464287	0.17376892002065267
0.128709	2.7873940178571477	0.17415074823535254
0.129006	2.4697976785714504	0.17288870657754776
0.129304	2.999810446428577	0.17546556594358662
0.129601	2.958894776785712	0.17292112178221924
0.129898	2.5918577232142948	0.1733607623722396
0.130196	2.618078214285706	0.17407243042901047
0.130493	2.460353749999995	0.17235327024075067
0.130791	2.739474017857151	0.1733370932041043
0.131088	2.2205265178571354	0.17239285060070272
0.131386	2.462057276785723	0.17253819299911063
0.131683	2.5216214732142728	0.17339110551911996
0.13198	2.421095446428554	0.17226003610742416
0.132278	2.5288708928571246	0.1725500053148601
0.132575	2.3928545535714285	0.17088248118677862
0.132873	2.637220669642848	0.17223595042683473
0.13317	2.453206473214289	0.17188120350775193
0.133468	2.49851678571428	0.17203820784743265
0.133765	2.5494686160714464	0.17246720137795202
0.134062	2.3383674553571643	0.1703296924406577
0.13436	2.3472323214285895	0.1726088296526091
0.134657	2.6610961160714286	0.1702685129733864
0.134955	2.2693694642857354	0.17140091295132603
0.135252	2.441178750000006	0.17104911608470308
0.13555	2.510955714285714	0.1704981333440426
0.135847	2.2187472767857264	0.1708985101730688
0.136144	2.2037419196428587	0.16937560565496917
0.136442	2.1767447321428612	0.17071820904310372
0.136739	2.4835636607142897	0.16967641611607484
0.137037	2.1404200892857217	0.1699507316456395
0.137334	2.396660669642836	0.1708018942824826
0.137632	2.3972386160714576	0.16865873761609976
0.137929	2.4245645982143005	0.17024544103157635
0.138226	2.3410660714285836	0.1684483992785806
0.138524	2.3469104017857134	0.16965109834994932
0.138821	2.004747053571423	0.16995560586075553
0.139119	2.262562008928559	0.16880190110646093
0.139416	2.271546116071441	0.16985873551384253
0.139714	2.337376562500011	0.16790505638725503
0.140011	2.169503035714291	0.16855422591287383
0.140308	2.3265175000000093	0.1689140049557448
0.140606	2.1553672321428508	0.16871434370818308
0.140903	2.0673113392857045	0.17207543989930862
0.141201	2.488423973214249	0.17219590721887645
0.141498	2.2196245535714487	0.17607973245722147
0.141796	2.329345267857148	0.17571683326407442
0.142093	2.222583928571451	0.1767982525932123
0.142391	2.345385133928577	0.1791727189976895
0.142688	1.7088127232142858	0.17782861930890448
0.142985	2.2588066517857186	0.17806727660474306
0.143283	1.924134107142872	0.17324877870798405
0.14358	2.085914776785698	0.1723092000859889
0.143878	2.0384059374999897	0.17142593902563363
0.144175	2.0878579910714334	0.17140215677193762
0.144473	2.264109598214281	0.17112786821474457
0.14477	2.133894375000005	0.16974872360107943
0.145067	1.890905401785723	0.1708721582403044
0.145365	2.0787598660714357	0.16989415375179165
0.145662	1.9481328125000097	0.1703935738997373
0.14596	2.0501730803571405	0.16969867591180723
0.146257	2.053972901785728	0.1682838405776988
0.146555	2.018143973214288	0.16921334976958638
0.146852	2.2959067857142834	0.16793240516663488
0.147149	2.0290149999999985	0.16755552280949848
0.147447	2.397994642857153	0.16859911047669005
0.147744	2.051603258928578	0.16723380592997272
0.148042	1.990119330357123	0.16899832059424716
0.148339	2.154507812499986	0.16719561250711665
0.148637	1.9697920089285903	0.169087137951675
0.148934	1.6456283928571347	0.167829187455197
0.149231	1.7139221428571316	0.16723018680864823
0.149529	1.9426208482142782	0.16571479454174798
0.149826	2.024099732142881	0.16536021539456025
0.150124	2.04100946428571	0.1678144217908538
0.150421	1.949310803571418	0.16605370109308978
0.150719	1.9416731249999852	0.1663177148609315
0.151016	1.774514330357122	0.1664689120339667
0.151313	2.2144854910714207	0.16537071065410575
0.151611	1.7585909375000197	0.1671457537262746
0.151908	1.8529328124999989	0.1659017954993044
0.152206	1.9281595982142852	0.16569115243477175
0.152503	1.835407232142865	0.16532024487309252
0.152801	2.082339419642869	0.16486348545282858
0.153098	1.938888348214296	0.16696649645198927
0.153395	1.5879211607142985	0.16352487786356568
0.153693	1.8395304464285855	0.16628213311052012
0.15399	1.7046283482142854	0.1641991316390578
0.154288	1.6832250446428754	0.1642756769305628
0.154585	1.991702008928562	0.16606725469567835
0.154883	1.6970673660714075	0.1631638196041398
0.15518	1.715464642857154	0.16586459413119115
0.155477	1.5752083928571103	0.16385717667250746
0.155775	2.3127570089285543	0.16492895689038153
0.156072	1.791748928571435	0.16363347074711915
0.15637	1.7322326785714193	0.163062496018739
0.156667	1.8315071428571539	0.1658378451657812
0.156965	1.894460267857152	0.1629372870028422
0.157262	1.6858917857142952	0.16421952371481846
0.15756	1.9653851785714282	0.16354913055664946
0.157857	1.8308454464285706	0.1627154491285559
0.158154	1.9751876339285834	0.16436431549440092
0.158452	1.8514903571428665	0.16230783827916193
0.158749	2.0208195982143007	0.16427174642287964
0.159047	1.9329364285714457	0.16263665549248627
0.159344	1.8587015625000225	0.1635623997775974
0.159642	1.7937891071428647	0.16340949367393767
0.159939	1.9303977232142966	0.1617357703548056
0.160236	1.6727609821428757	0.1634821920699016
0.160534	1.8259002678571479	0.16254767164141304
0.160831	1.683579508928572	0.1634307383315832
0.161129	1.833178169642844	0.16248124429427604
0.161426	1.9193394642857164	0.16198386805795145
0.161724	1.4727958482142745	0.16306373339718952
0.162021	1.7109027678571476	0.16168916297265443
0.162318	1.8276006696428437	0.16548920010904633
0.162616	1.593390982142866	0.1660330451303687
0.162913	1.3146807589285636	0.16697907818398897
0.163211	1.880738883928581	0.1693442308700863
0.163508	1.5605462946428572	0.16524416755609167
0.163806	1.7946946428571442	0.1686225581707352
0.164103	1.5534852678571465	0.16765653353194404
0.1644	1.3477694196428835	0.16996281955548553
0.164698	1.6162161607142966	0.16902969772801849
0.164995	1.6002409375000015	0.16910596838705602
0.165293	1.659627232142875	0.16990759870689695
0.16559	1.270435848214273	0.16856191485234923
0.165888	1.7012567410714619	0.16998232882476316
0.166185	1.5091881696428677	0.16921833222264013
0.166482	1.4851700446428362	0.16987006482219957
0.16678	1.605045758928556	0.1704443465413684
0.167077	2.0845595535714345	0.16885944730221444
0.167375	1.3699472767856946	0.17052363963277145
0.167672	1.7146889732143045	0.16931364047990033
0.16797	1.604341250000001	0.17129562376982874
0.168267	1.475023660714312	0.17232405725901126
0.168564	1.573137455357143	0.16933544228409644
0.168862	1.6772290625000164	0.17302139262723756
0.169159	1.6353245535714445	0.17002113316975961
0.169457	1.6192397767857347	0.1733377916679504
0.169754	1.4596266071428454	0.1716586741209178
0.170052	1.6410641517857094	0.17260070408045897
0.170349	1.6400851339285794	0.17458471658014443
0.170646	1.4661279464285837	0.17075891555715345
0.170944	1.4203365178571303	0.17388356581557637
0.171241	1.3575100446428445	0.17207639950643433
0.171539	1.565317946428566	0.17377956230479685
0.171836	1.747837366071403	0.1744685833143942
0.172134	1.4002075446428641	0.17154597690742462
0.172431	1.4315656696428691	0.1742672178696286
0.172729	1.170424508928547	0.17206530023416247
0.173026	1.3450613392857225	0.17348137966284885
0.173323	1.7050087053571472	0.17377644891155444
0.173621	1.3864235714285655	0.17186538572004245
0.173918	1.4291917857142922	0.17491805987372644
0.174216	1.5031527678571388	0.17260540141055847
0.174513	1.3518928571428646	0.17452343849484916
0.174811	1.2352041517857204	0.17249416641041024
0.175108	1.6670151339285733	0.1735884590810198
0.175405	0.9366925446428498	0.17549757663323562
0.175703	1.5582054017857416	0.1730272091847024
0.176	1.4092775892857157	0.17535331169179713
0.176298	1.142362812500024	0.17393302112942483
0.176595	1.457108437500012	0.17503746887406915
0.176893	1.483459910714302	0.1766407255466074
0.17719	1.5312761160714317	0.1740904347968488
0.177487	1.2192650000000027	0.17624965527910416
0.177785	1.7692614285714159	0.17466239228399588
0.178082	1.523196116071448	0.17602152422553646
0.17838	1.5225985714285484	0.17559217233431407
0.178677	1.2927629910714344	0.1751448933589277
0.178975	1.2969459821428497	0.17758348044128253
0.179272	1.527161741071441	0.17442991895201485
0.179569	1.548491964285712	0.17812314307258137
0.179867	1.1012733035714328	0.17458144700388176
0.180164	1.1675701785714354	0.17681298153878294
0.180462	1.1705716964285484	0.17623767402838686
0.180759	1.473503303571424	0.17601070992112108
0.181057	1.3241478571428633	0.1769421877573669
0.181354	1.2539914285714282	0.17577892105081017
0.181651	1.2182151785714534	0.1765650898472849
0.181949	1.370119955357163	0.1770513772563934
0.182246	1.332628660714299	0.17655379935211704
0.182544	1.2876701785714229	0.17731551121163272
0.182841	1.219174910714278	0.17564458135678498
0.183139	1.300753303571418	0.17796279334870047
0.183436	1.1904443303571366	0.17705516698053597
0.183733	1.0766436607142893	0.17621691437954795
0.184031	1.2817724999999935	0.17864988073566695
0.184328	1.5011542857142857	0.1762910217661752
0.184626	1.6413439732142843	0.1789544431417922
0.184923	1.573180267857115	0.17578548671715144
0.185221	1.4832745535714276	0.17826415660511127
0.185518	1.270869732142872	0.17838469737813645
0.185815	1.3598934375000127	0.17689015560738078
0.186113	1.1764350000000112	0.17805337425748793
0.18641	1.6491016517856938	0.1761604187124786
0.186708	1.372981651785694	0.17934327308245546
0.187005	1.3455982589285487	0.17768843418158423
0.187303	0.8222853125000151	0.1775636550568918
0.1876	1.111312544642864	0.17861835171382706
0.187898	1.3268849553571416	0.1764002530785069
0.188195	1.3281743749999997	0.1796172962035286
0.188492	1.2309280803571632	0.17762784594086312
0.18879	1.3916315178571548	0.1781107439620792
0.189087	1.5600707589285578	0.17903224103090085
0.189385	1.4749812946428609	0.1773383390815763
0.189682	1.1107451785714328	0.1805374652047807
0.18998	1.1945802678571393	0.17606387823512878
0.190277	1.220994017857131	0.1792147676654407
0.190574	1.5148517857143018	0.17886070764580894
0.190872	1.5472494196428688	0.17899596199440682
0.191169	1.2393609821428742	0.17944541591977875
0.191467	0.9409030357143022	0.1765519093529857
0.191764	0.9928484821428629	0.18041952295786537
0.192062	1.1036470982142843	0.17850506707145297
0.192359	1.1134103125000072	0.17981024730491543
0.192656	1.156648035714296	0.18076243654258867
0.192954	1.3060244196428439	0.1767131142015927
0.193251	1.4638204017857248	0.1809284895382053
0.193549	1.0484234375000145	0.17759828122152616
0.193846	1.2070010714285795	0.1804755888690162
0.194144	1.0912170089285667	0.17939013974080717
0.194441	1.0223546875000045	0.18002200774064345
0.194738	0.8326455803571475	0.18063541071423556
0.195036	1.399007053571406	0.17756949826361715
0.195333	1.4066488839285674	0.1807449196248878
0.195631	1.5362988392857213	0.1796670078974377
0.195928	1.314902008928578	0.1811947774012318
0.196226	1.2271683035714176	0.18116905555896318
0.196523	1.2994041517857147	0.17811162031463723
0.19682	1.1766181696428513	0.18097712050950446
0.197118	1.4390620982142854	0.18033064218575573
0.197415	1.3378934821428645	0.1800135668869152
0.197713	1.1191975446428604	0.18101973095774315
0.19801	1.2503189732142905	0.1797795062391929
0.198308	1.3261061160714505	0.18144667855315427
0.198605	1.116289151785712	0.179896900557068
0.198902	1.1830163392857074	0.1798626770472888
0.1992	1.021206607142875	0.18007636153767237
0.199497	1.2526910714285577	0.17989209729376338
0.199795	1.1653093303571405	0.18149839098162668
0.200092	1.4150115178571454	0.17850601732086996
0.20039	1.2788582589285857	0.18047080750858657
0.200687	0.8184116964285781	0.1804402587304886
0.200984	1.3054693750000101	0.1806508611079642
0.201282	1.0286937053571377	0.18166443162743134
0.201579	1.3545918303571192	0.17971581767559042
0.201877	1.1004815178571459	0.1802802863571734
0.202174	1.2082516964285661	0.1806336145543687
0.202472	1.3906594196428834	0.18009879558752584
0.202769	1.1663164732142928	0.18032599783918302
0.203067	0.7448128125000109	0.18102325427714364
0.203364	0.9426393750000139	0.18120414692629513
0.203661	0.9811175446428644	0.1803937642500244
0.203959	1.151768125000019	0.18003182996951278
0.204256	1.169385803571461	0.18149601705556623
0.204554	0.9367026785714527	0.18097698254562108
0.204851	1.1550777678571533	0.18207047828465628
0.205149	1.3327383482143018	0.17989954100534347
0.205446	0.9451275446428564	0.18160224879442874
0.205743	1.1711390625000195	0.18067673584205823
0.206041	1.2065699107142747	0.1818068510778974
0.206338	0.8269162946428432	0.1817166271784536
0.206636	1.1920951339285635	0.18149426972832614
0.206933	1.1724108928571697	0.18137267654415448
0.207231	0.8914085714285847	0.18103172260903957
0.207528	1.1946129017857254	0.18088744179369118
0.207825	1.352821875000001	0.181176883816057
0.208123	1.298986651785703	0.1818724228163887
0.20842	0.9806186160714336	0.182832567941595
0.208718	1.1620547767857126	0.18068413061248878
0.209015	0.8290964285714431	0.18248602495275326
0.209313	0.9562621874999788	0.18053929396881144
0.20961	1.1430472767857003	0.18236317663892115
0.209907	1.2306807142857101	0.1827905025031115
0.210205	1.5408491964285398	0.17998034192311485
0.210502	1.3510880803571457	0.1837665603315926
0.2108	1.0870438839285512	0.18158534082429775
0.211097	0.9025491517857054	0.18247008026220554
0.211395	1.1064620535714287	0.1805819332057616
0.211692	0.8255104910714373	0.18187552490623046
0.211989	1.2997695535714637	0.18429186633897404
0.212287	0.9782816517857063	0.1806076765234629
0.212584	0.8489529017857178	0.18309714029780919
0.212882	1.1407459821428656	0.18139958348475863
0.213179	1.0228761607142944	0.18247553083407156
0.213477	1.5477938392857427	0.18490943820345787
0.213774	1.1719587946428778	0.18098622602303277
0.214071	1.2514321428571407	0.18317364678812803
0.214369	1.2816417857142914	0.18211851659785563
0.214666	1.0592428571428725	0.18252732662418977
0.214964	1.0675115625000098	0.1829283901307471
0.215261	1.214469419642863	0.18111071249147367
0.215559	0.9566275446428651	0.1828283090158844
0.215856	0.8836950000000066	0.18234924767429428
0.216153	0.8889623660714152	0.1830438425395411
0.216451	0.9413658928571556	0.18163095851426814
0.216748	1.1878208035714133	0.1813111115863579
0.217046	1.1149109821428782	0.18342439967925098
0.217343	0.7676325000000173	0.18200715626381866
0.217641	1.0583277232142496	0.18217845348978867
0.217938	1.0940247767857159	0.1829105415876684
0.218236	1.2115218303571451	0.1831752323830636
0.218533	1.1006305803571426	0.1834432874819981
0.21883	0.930595937500005	0.18135971818349772
0.219128	1.144795937499996	0.18212558109421173
0.219425	1.1798811607142712	0.18316375164372276
0.219723	1.0692367410714354	0.18281988073695862
0.22002	1.0491575892857252	0.18288581248800206
0.220318	1.0524284375000015	0.18210586372126752
0.220615	1.2765455357142619	0.18350314533882842
0.220912	1.216635535714281	0.1827330364151824
0.22121	1.1947121428571394	0.1838693314245847
0.221507	1.1416329017857274	0.1817375367111536
0.221805	0.848334017857133	0.18366633831409251
0.222102	0.7975683035714276	0.1838101136317487
0.2224	0.7489273660714257	0.1827765139715791
0.222697	0.8201267410714141	0.1834413660416178
0.222994	0.6424743749999839	0.18237751954253056
0.223292	1.1839604464285713	0.1844669218702748
0.223589	1.0259501339285482	0.184738028956136
0.223887	0.9899002678571334	0.18284605597767398
0.224184	0.9962061607142969	0.18359649729900782
0.224482	0.8137040624999914	0.18277297724015337
0.224779	0.8469119196428654	0.1849724017118876
0.225076	1.0618545089285858	0.18386543070565434
0.225374	1.4245177232143158	0.18470208052189963
0.225671	1.0345222321428693	0.18498740724574753
0.225969	0.9894041517856822	0.18343290375238036
0.226266	1.1480118303571407	0.18503174573823777
0.226564	0.770503794642865	0.1823448843418637
0.226861	0.8147093303571484	0.18532647415222
0.227158	0.9164536160714443	0.1849196374524816
0.227456	0.9135985714285821	0.18487018167422328
0.227753	0.8280993750000043	0.18435173955758868
0.228051	1.2515825446428597	0.18409656307517178
0.228348	1.2149399107142989	0.18576864376320912
0.228646	0.6885967410714411	0.18511296928546084
0.228943	1.0029216071428504	0.1838041510801932
0.22924	1.0847741964285529	0.1866791600631762
0.229538	0.9104197767857247	0.18321323345829751
0.229835	1.237922678571417	0.18608574857506757
0.230133	0.9916116964285937	0.18535792705927542
0.23043	0.8518091964285635	0.18464027891340629
0.230728	0.8626025446428454	0.1871691466288112
0.231025	0.7810366517857137	0.18530049522110867
0.231322	0.9744522321428661	0.18502977054189068
0.23162	1.0076942857142823	0.18380100765798393
0.231917	0.7990887946429037	0.18575018940431634
0.232215	0.5948761160714389	0.1871867485680057
0.232512	0.7974494642857355	0.18531161590851156
0.23281	0.9307991517857239	0.18548982650823323
0.233107	0.9519071428571602	0.18588064310454397
0.233405	0.8237666964285939	0.18587597465920558
0.233702	0.7330823214285864	0.18723011174110604
0.233999	1.1667644642857322	0.1851094239479686
0.234297	0.7788722767857159	0.18655945631787296
0.234594	0.7981006696428672	0.18766185901996338
0.234892	0.7094728571428632	0.18584958860279774
0.235189	0.7435887499999838	0.18646841819443583
0.235487	1.0315052678571535	0.18619044366826287
0.235784	0.8568047321428685	0.1865109818949901
0.236081	1.1758146428571559	0.18745722404804405
0.236379	0.8523108035714522	0.18654037547110838
0.236676	0.8411788392856945	0.18590872437046896
0.236974	0.8412043749999842	0.18623933744542207
0.237271	0.8451275000000047	0.187158694761223
0.237569	1.072869642857155	0.18813624689620628
0.237866	0.5863895535714558	0.18594485816930606
0.238163	0.9398557589285561	0.18843950694594686
0.238461	0.998316473214258	0.18598026145639626
0.238758	0.9628727678571458	0.18727820704932668
0.239056	0.7162240624999949	0.1857944019772339
0.239353	1.1173852232142911	0.1874021887924857
0.239651	0.8000064285714403	0.18867300467129264
0.239948	1.0514171428571206	0.18746812163303458
0.240245	0.8058566517857191	0.18719902384090206
0.240543	1.1842384821428498	0.18646410551253795
0.24084	0.6763975892857266	0.18662163684106203
0.241138	0.8654743303571433	0.18783549182718084
0.241435	0.7853894642857284	0.18788762491538316
0.241733	1.0441051785714306	0.18680092430734377
0.24203	0.618416339285699	0.1887159264006626
0.242327	0.8256638392857374	0.18719860890428636
0.242625	1.112670267857161	0.18890428535780188
0.242922	1.0297104017857306	0.1871581512657055
0.24322	0.8707736607143035	0.18733903446843164
0.243517	0.7265229910714233	0.18930419642432872
0.243815	0.7391174553571522	0.18834899316697523
0.244112	1.091448482142856	0.1860697336763207
0.244409	0.8820889285714362	0.18755062513728243
0.244707	0.8404073214286001	0.18828287032804114
0.245004	0.9044267410714202	0.18955437143273987
0.245302	0.7580147767857381	0.18757215097447272
0.245599	0.6516584821428539	0.1879850561203883
0.245897	1.0128958928571485	0.18821332063953097
0.246194	0.9590449107142884	0.18798477390615556
0.246492	0.9677430357142836	0.1890141380807669
0.246789	1.1545710714285518	0.1876286632024753
0.247086	1.016162499999984	0.18863414474774234
0.247384	0.7130308482142844	0.1889976611073421
0.247681	0.957243214285719	0.18820181763562405
0.247979	0.8678686160714211	0.18737914995655988
0.248276	0.4967457142857068	0.18801763390419415
0.248574	0.6367458928571557	0.1897203887017004
0.248871	1.1311023214285854	0.190327528885052
0.249168	0.7108563392857103	0.18780878305025428
0.249466	0.6531983928571439	0.18820948491838302
0.249763	0.9486269196428276	0.18955791039899256
0.250061	0.8234827232142905	0.18931944552809882
0.250358	0.8450486607143048	0.1887490262552394
0.250656	0.6764937946428606	0.18817674301915838
0.250953	0.854962366071419	0.1889970317890803
0.25125	0.7183985267857063	0.19026288582731074
0.251548	0.6382846875000237	0.1879300136267692
0.251845	1.1787949107142826	0.1896873738293861
0.252143	0.8557550446428541	0.18988865729767132
0.25244	0.6990001785714206	0.19009098408247002
0.252738	1.0288174107142556	0.1902192938110469
0.253035	1.0165320089285856	0.1884742530517855
0.253332	0.7640340178571403	0.1888781543013508
0.25363	0.9040280357142771	0.18984920113526796
0.253927	0.9342567857142825	0.19032502333138138
0.254225	0.547159732142859	0.18843963898997595
0.254522	0.9607928124999976	0.19029597161907594
0.25482	0.9543807142857519	0.190107796437837
0.255117	0.9089723214285783	0.18973136821105013
0.255414	0.8282153571428541	0.18883867038874325
0.255712	0.7442683035714115	0.18919762840604476
0.256009	0.6421153124999979	0.18966059291863005
0.256307	0.7889311607142879	0.19090543908069948
0.256604	0.8415039285714387	0.18978758979937554
0.256902	0.7613587946428657	0.188764383780902
0.257199	0.881443392857153	0.19031023234362096
0.257496	0.6863440178571389	0.19052928233798233
0.257794	0.757748571428567	0.19045536839004915
0.258091	0.9521168303571237	0.1885292238999802
0.258389	0.8845846428571491	0.19121085605813565
0.258686	0.6260805357142951	0.19024074068697341
0.258984	0.9438429464285747	0.19099644076950675
0.259281	0.9677273214285576	0.18990728356707845
0.259578	1.2126104910714286	0.19113945623792988
0.259876	0.6863694642857165	0.19138444833990673
0.260173	0.5959648214285851	0.19075054456674181
0.260471	0.8604944642857015	0.18965661142758583
0.260768	1.0163886607143136	0.190836877116382
0.261066	0.4805303571428432	0.19099829166335247
0.261363	0.7864525446428328	0.19207645062713677
0.261661	0.722046473214264	0.1904721605912586
0.261958	0.4281151339285971	0.19121535314812121
0.262255	0.971920982142862	0.19232896703305277
0.262553	0.7696595535714268	0.19005137616832352
0.26285	0.6228003571428653	0.19204449807881324
0.263148	0.7453535267856903	0.18994443007305267
0.263445	0.7329732142857193	0.19212094704392635
0.263743	1.036385714285717	0.1934256642517877
0.26404	0.7533047767857193	0.19268642990532772
0.264337	0.73572401785718	0.19025037466266168
0.264635	0.8536428571428578	0.19241001818830789
0.264932	0.5010178125000264	0.19216715099884674
0.26523	0.7382341964285555	0.19208600139511778
0.265527	1.3474883482142985	0.19101240314875909
0.265825	0.8794923214285744	0.19259923104418117
0.266122	0.6357597321428665	0.19292086738704356
0.266419	0.693748526785698	0.19187865339127086
0.266717	1.0834851339285834	0.19224824093276802
0.267014	0.8656397321428777	0.19245884357272303
0.267312	0.736197767857143	0.19292525052235532
0.267609	1.0845941517857183	0.19352692420145937
0.267907	0.4465113839285939	0.1960093585335537
0.268204	0.9531241517857003	0.1922652376436943
0.268501	0.5989349553571488	0.19266864207050838
0.268799	0.7917324107142765	0.19351261116955104
0.269096	0.9129175000000345	0.19375887470108716
0.269394	0.6906383482142786	0.193007401053581
0.269691	0.37042638392856375	0.192476074583006
0.269989	0.5265141517857019	0.19378836156699203
0.270286	0.49035392857143645	0.19396555131422374
0.270583	0.9165771875000006	0.19315798558554043
0.270881	0.8639660267856897	0.1932702549304031
0.271178	0.8843715178571276	0.19400435628905605
0.271476	0.8905816964285806	0.1949412143098088
0.271773	0.8170289732142777	0.19323119368855168
0.272071	1.218488526785717	0.19370573093656765
0.272368	0.8067341517857285	0.19332921342493292
0.272665	0.939985625000026	0.1943267161493055
0.272963	0.5264746428571332	0.19453682040938353
0.27326	0.5773791517857241	0.19444660113717405
0.273558	0.6750156249999995	0.1941583682696732
0.273855	1.0036483482143055	0.1947300540776989
0.274153	0.6309460267857192	0.19427184260059463
0.27445	0.9123060714285813	0.19433020426671405
0.274747	0.9094920089285852	0.19448272321491739
0.275045	0.7978284821428483	0.19497228161388094
0.275342	0.6862312946428561	0.19548998840799583
0.27564	0.0981056250000023	0.19350402267046127
0.275937	0.6999035714285817	0.1951568369064222
0.276235	0.562228348214302	0.19471150848447918
0.276532	0.32188249999999474	0.19543768455258
0.27683	0.5305342410714564	0.19501566116221664
0.277127	0.303050982142854	0.1932020291951108
0.277424	0.6163416071428518	0.19579733572081787
0.277722	1.1677078124999962	0.19490650202270512
0.278019	0.8074623214285781	0.1954107953519864
0.278317	0.41748691964284657	0.19568635355476394
0.278614	1.1454994642857041	0.1964402583372867
0.278912	0.5643881696428599	0.19563424926607714
0.279209	0.663643169642838	0.19600917941634277
0.279506	0.4244653571428403	0.1943050371009154
0.279804	0.6518814732142886	0.19616863518470068
0.280101	0.5199313392856952	0.19528091866383032
0.280399	0.7135882589285503	0.1964406123609961
0.280696	0.5048987053571574	0.19575678140995267
0.280994	0.6111779017857089	0.19558992588878144
0.281291	0.5182878571428651	0.19660851180640615
0.281588	0.7576340624999878	0.1966474594118917
0.281886	0.9151792857142738	0.19577104654908728
0.282183	0.7932353124999914	0.19631052142364172
0.282481	0.49745741071428373	0.1960239776182862
0.282778	0.8582575446428642	0.1969382964836209
0.283076	0.9368818750000152	0.19592829470798742
0.283373	0.4236347767857218	0.19562747521108437
0.28367	0.6067283482143004	0.1978539355271724
0.283968	0.9430133928571527	0.19714793381261667
0.284265	0.7727632142857388	0.1970162079610524
0.284563	0.5517655357142859	0.19468578173767448
0.28486	1.0928184374999983	0.1974360326271699
0.285158	1.1731578571428614	0.1974701260142797
0.285455	0.44429691964286366	0.19747409169957295
0.285752	0.5637277678571362	0.1968765894470488
0.28605	0.7389371875000306	0.1972025586431709
0.286347	0.6305201339285915	0.19676403363988826
0.286645	0.8071477232142854	0.19750638726290864
0.286942	0.06524049107144325	0.19652712884804774
0.28724	0.8602782589285907	0.19732248930009383
0.287537	0.5927397321428618	0.19866295808822693
0.287834	0.4023075892857175	0.20348227104994673
0.288132	0.5935641517856949	0.21040945456463955
0.288429	0.5363412946428747	0.21491923822284564
0.288727	0.6964720982142714	0.21865458609322985
0.289024	0.8131635714285457	0.22079859987025638
0.289322	0.6854512946428537	0.22399172037467338
0.289619	0.46211674107142553	0.22483572080116063
0.289916	0.6637186160714359	0.22736326136292737
0.290214	0.49270401785715734	0.23139268116313863
0.290511	0.3077064732143153	0.23235286471663666
0.290809	1.0420271428571537	0.23414402147592894
0.291106	0.9831169196428657	0.23835912557239114
0.291404	1.0428181249999913	0.2414628991378665
0.291701	0.8849743303571378	0.24363255106726253
0.291999	0.3762363839285765	0.24188595088405176
0.292296	0.5525822767857136	0.24833430418493918
0.292593	0.6276952232142818	0.2523028074159616
0.292891	0.4203324553571308	0.2544378928312985
0.293188	0.4684684375000048	0.2571484884688312
0.293486	0.9996154017857206	0.25801858056945454
0.293783	0.521710446428556	0.2630892285352279
0.294081	1.0822012500000122	0.2634835578262068
0.294378	0.7261142410714427	0.2688328559005264
0.294675	1.2322918750000067	0.27110279296078416
0.294973	0.9744449999999949	0.27411092842469903
0.29527	1.0378598214285883	0.27806920615355185
0.295568	0.34121531249999837	0.2803191225795045
0.295865	0.7110767410714258	0.2798455501352286
0.296163	0.2222537053571516	0.2874322280356477
0.29646	0.520868035714277	0.2893311884094749
0.296757	0.8917054910714306	0.29675822253772915
0.297055	0.5910822767856994	0.29529136500767866
0.297352	0.43182964285715997	0.29349594965913195
0.29765	1.01294276785715	0.3074942369858789
0.297947	0.7458378571428703	0.3077926245676769
0.298245	1.0737445982142946	0.30885782849038074
0.298542	0.5862720089285833	0.3146550998903051
0.298839	0.7222655803571731	0.3220195265049259
0.299137	1.0451806696428445	0.3209329562069186
0.299434	0.7396980357143024	0.32550099530554594
0.299732	0.7316772767857271	0.3304469578518616
0.300029	1.3895405357142687	0.33720284871559913
0.300327	1.1489400892857171	0.3403065503772354
0.300624	1.0545219642857306	0.3468773746090824
0.300921	0.4729644196428806	0.3361147875702477
0.301219	0.8490452678571492	0.343726897484315
0.301516	0.7013455803571533	0.3519050025989784
0.301814	0.7172477678571587	0.3557948087837994
0.302111	-0.028417098214283953	0.355322877465388
0.302409	0.9068819642857173	0.36326637975892667
0.302706	0.3662208035714398	0.36496051480396957
0.303003	0.4387717857142892	0.3770550235266672
0.303301	0.7983976339285759	0.37628494907371557
0.303598	0.6881797767857023	0.3819100159522654
0.303896	0.18172593750000576	0.39307012007102127
0.304193	0.263598125000013	0.38801223635298765
0.304491	0.9537369642857385	0.3901527534613388
0.304788	0.717625937499986	0.3888122860511598
0.305085	-0.06111312500002075	0.38602255693086956
0.305383	0.2859910267857302	0.3916817081662783
0.30568	-0.3424113839285514	0.38856668617566653
0.305978	0.6151787500000072	0.3857191992022174
0.306275	0.8441832142857164	0.3964553914942798
0.306573	1.2510895089285912	0.398834059660456
0.30687	0.9558264732142874	0.4049537830447732
0.307168	0.8963474553571471	0.39547211553200257
0.307465	1.1311752678571496	0.40568714141731677
0.307762	0.6949027232142768	0.4100110130064733
0.30806	0.48692031250000767	0.4116195006780895
0.308357	0.6495861607143016	0.41048037034325835
0.308655	1.3109957142857187	0.4196685282939018
0.308952	0.6995656250000071	0.4190402764551373
0.30925	0.3482141517857196	0.42803817548565226
0.309547	0.21988616071428435	0.42192988353745114
0.309844	1.5374815178571177	0.4307327820461994
0.310142	0.5848319196428431	0.43688489560061783
0.310439	0.5574398660714186	0.44300183143923966
0.310737	1.019482544642858	0.4498921087950869
0.311034	1.0050237053571598	0.4321494018230529
0.311332	1.4995619642856939	0.44887640671427204
0.311629	-0.12883022321426907	0.4609032393322724
0.311926	0.2910172767857233	0.4618423426941549
0.312224	0.3338585714285891	0.44978185254202685
0.312521	1.122716964285737	0.4637506985912619
0.312819	0.8573130803571516	0.4793138077772818
0.313116	0.3493362500000119	0.4742866993879201
0.313414	1.0042761607142792	0.47100459141139217
0.313711	1.3187985267857094	0.48240645642767177
0.314008	1.0234440625000119	0.49314582537981577
0.314306	1.3861398660714386	0.4944681825522748
0.314603	0.36188937500001295	0.49700608399425006
0.314901	0.25595696428572623	0.49650608601453394
0.315198	0.8915857589285769	0.5102802013841706
0.315496	0.45725821428569624	0.5161619205954272
0.315793	0.558823348214279	0.5259430901363283
0.31609	0.10470642857145496	0.5088803794950194
0.316388	0.07897116071431842	0.5294870830962924
0.316685	0.3037778571428573	0.5455995694727784
0.316983	0.7538550446428527	0.5470278895292531
0.31728	0.41416464285714216	0.5334866106877904
0.317578	1.0317964732142615	0.5542660910038051
0.317875	1.3646808035714342	0.569561750552203
0.318172	0.1499469642857365	0.5804970285649644
0.31847	0.12639410714283983	0.5645715709704103
0.318767	0.6556356250000084	0.5779922668359704
0.319065	0.019105535714292188	0.6044536136048594
0.319362	1.3380802232142974	0.6155453828622333
0.31966	1.1660405803571328	0.5942818142084259
0.319957	1.38782924107145	0.612604840972902
0.320254	0.46927022321431977	0.646346695051431
0.320552	-0.6949063839285685	0.6443767942634768
0.320849	-0.16797705357142423	0.6410392385234255
0.321147	0.4616375446428611	0.650329419136104
0.321444	0.310132098214293	0.6740020986750694
0.321742	1.759402232142886	0.6947441768186471
0.322039	-0.1043151339285675	0.6966270106897653
0.322337	0.35015602678570623	0.6846800646203608
0.322634	-0.07354736607141366	0.7282546499764313
0.322931	0.00878977678572923	0.7471389036291213
0.323229	-0.08310580357142161	0.773792860549469
0.323526	0.3558933035714418	0.7785039889960679
0.323824	-1.0003547767857057	0.7811872305162704
0.324121	-0.9462797321428384	0.8320334147380092
0.324419	-0.26433785714284674	0.854562205979543
0.324716	-0.935581830357104	0.8815385215516327
0.325013	0.41199308035716253	0.8998440123568289
0.325311	0.20350651785717488	0.9428755645211959
0.325608	-0.014392499999993369	0.9812012379231317
0.325906	-0.3853154910714318	1.0128553588031781
0.326203	-1.3049334821428538	1.024817449846136
0.326501	3.2223688392857186	1.092375529458447
0.326798	1.0074711160714234	1.1460222160683287
0.327095	-1.8330990624999943	1.2002183464282046
0.327393	1.2212414285714202	1.2543955183129762
0.32769	-0.3271301785714398	1.3895449915878348
0.327988	1.527337321428588	1.4766204727151506
0.328285	1.1033714732142874	1.5434366705530747
0.328583	0.23853388392858665	1.739472573246708