# Useful angular range estimated by SHANUM
# for file HeVPNT3TruncChromX_Avg_crop.dat
  0.729750E-02  0.180049E-01  0.329773E-03
  0.775359E-02  0.182310E-01  0.312077E-03
  0.820968E-02  0.174752E-01  0.285951E-03
  0.866578E-02  0.176324E-01  0.272744E-03
  0.912187E-02  0.184665E-01  0.268425E-03
  0.957796E-02  0.180832E-01  0.243698E-03
  0.100341E-01  0.179443E-01  0.243369E-03
  0.104902E-01  0.182844E-01  0.231238E-03
  0.109462E-01  0.177105E-01  0.222559E-03
  0.114023E-01  0.177924E-01  0.218896E-03
  0.118584E-01  0.179149E-01  0.205542E-03
  0.123145E-01  0.179947E-01  0.209976E-03
  0.127706E-01  0.176181E-01  0.197513E-03
  0.132267E-01  0.173391E-01  0.191842E-03
  0.136828E-01  0.172801E-01  0.189644E-03
  0.141389E-01  0.176575E-01  0.186716E-03
  0.145950E-01  0.173397E-01  0.181814E-03
  0.150511E-01  0.174652E-01  0.177671E-03
  0.155072E-01  0.176142E-01  0.174897E-03
  0.159632E-01  0.173475E-01  0.171646E-03
  0.164193E-01  0.171292E-01  0.167704E-03
  0.168754E-01  0.174911E-01  0.165673E-03
  0.173315E-01  0.174987E-01  0.162752E-03
  0.177876E-01  0.169668E-01  0.158803E-03
  0.182437E-01  0.168567E-01  0.157228E-03
  0.186998E-01  0.170467E-01  0.155826E-03
  0.191559E-01  0.166462E-01  0.152017E-03
  0.196120E-01  0.169499E-01  0.152681E-03
  0.200681E-01  0.167630E-01  0.149201E-03
  0.205241E-01  0.165329E-01  0.146104E-03
  0.209802E-01  0.166212E-01  0.144767E-03
  0.214363E-01  0.162729E-01  0.141999E-03
  0.218924E-01  0.165865E-01  0.143080E-03
  0.223485E-01  0.162954E-01  0.139278E-03
  0.228046E-01  0.160215E-01  0.135717E-03
  0.232607E-01  0.158547E-01  0.137329E-03
  0.237168E-01  0.159065E-01  0.134093E-03
  0.241728E-01  0.161511E-01  0.133180E-03
  0.246289E-01  0.160229E-01  0.131785E-03
  0.250850E-01  0.155264E-01  0.130742E-03
  0.255411E-01  0.157825E-01  0.129949E-03
  0.259972E-01  0.156108E-01  0.125777E-03
  0.264533E-01  0.154133E-01  0.126344E-03
  0.269093E-01  0.153111E-01  0.125165E-03
  0.273654E-01  0.150896E-01  0.124682E-03
  0.278215E-01  0.149003E-01  0.122836E-03
  0.282776E-01  0.150738E-01  0.119665E-03
  0.287337E-01  0.149042E-01  0.120151E-03
  0.291898E-01  0.149226E-01  0.118869E-03
  0.296458E-01  0.145295E-01  0.118939E-03
  0.301019E-01  0.144378E-01  0.116778E-03
  0.305580E-01  0.144621E-01  0.115311E-03
  0.310141E-01  0.145392E-01  0.115557E-03
  0.314702E-01  0.143225E-01  0.113852E-03
  0.319262E-01  0.143293E-01  0.111330E-03
  0.323823E-01  0.140398E-01  0.113139E-03
  0.328384E-01  0.138330E-01  0.110473E-03
  0.332945E-01  0.138824E-01  0.111022E-03
  0.337506E-01  0.135558E-01  0.108778E-03
  0.342066E-01  0.136728E-01  0.108349E-03
  0.346627E-01  0.136492E-01  0.107191E-03
  0.351188E-01  0.134373E-01  0.106522E-03
  0.355749E-01  0.134609E-01  0.106889E-03
  0.360309E-01  0.132624E-01  0.104671E-03
  0.364870E-01  0.131769E-01  0.104413E-03
  0.369431E-01  0.130186E-01  0.103736E-03
  0.373992E-01  0.131730E-01  0.103102E-03
  0.378552E-01  0.129586E-01  0.101910E-03
  0.383113E-01  0.128343E-01  0.101769E-03
  0.387674E-01  0.126034E-01  0.101168E-03
  0.392235E-01  0.125882E-01  0.100296E-03
  0.396795E-01  0.125728E-01  0.983712E-04
  0.401356E-01  0.123644E-01  0.982233E-04
  0.405917E-01  0.122063E-01  0.983162E-04
  0.410478E-01  0.122905E-01  0.982513E-04
  0.415038E-01  0.122014E-01  0.961133E-04
  0.419599E-01  0.119105E-01  0.965672E-04
  0.424160E-01  0.118578E-01  0.954814E-04
  0.428720E-01  0.116339E-01  0.943393E-04
  0.433281E-01  0.116794E-01  0.937328E-04
  0.437842E-01  0.115596E-01  0.938498E-04
  0.442402E-01  0.116307E-01  0.937267E-04
  0.446963E-01  0.115040E-01  0.925854E-04
  0.451524E-01  0.114734E-01  0.925871E-04
  0.456084E-01  0.112470E-01  0.902077E-04
  0.460645E-01  0.110404E-01  0.913286E-04
  0.465206E-01  0.110736E-01  0.908265E-04
  0.469766E-01  0.109842E-01  0.903104E-04
  0.474327E-01  0.109225E-01  0.891814E-04
  0.478887E-01  0.107456E-01  0.885696E-04
  0.483448E-01  0.106525E-01  0.886193E-04
  0.488009E-01  0.107332E-01  0.878085E-04
  0.492569E-01  0.105759E-01  0.871563E-04
  0.497130E-01  0.104978E-01  0.880707E-04
  0.501690E-01  0.105055E-01  0.861891E-04
  0.506251E-01  0.104079E-01  0.864218E-04
  0.510812E-01  0.101700E-01  0.849105E-04
  0.515372E-01  0.101524E-01  0.849687E-04
  0.519933E-01  0.989538E-02  0.853710E-04
  0.524493E-01  0.982066E-02  0.839504E-04
  0.529054E-01  0.984542E-02  0.845736E-04
  0.533614E-01  0.969886E-02  0.828518E-04
  0.538175E-01  0.956882E-02  0.826944E-04
  0.542735E-01  0.950054E-02  0.842414E-04
  0.547296E-01  0.948728E-02  0.837842E-04
  0.551857E-01  0.928700E-02  0.845591E-04
  0.556417E-01  0.925994E-02  0.846230E-04
  0.560978E-01  0.934824E-02  0.847917E-04
  0.565538E-01  0.907322E-02  0.848303E-04
  0.570099E-01  0.902505E-02  0.836416E-04
  0.574659E-01  0.898512E-02  0.854383E-04
  0.579219E-01  0.887994E-02  0.847106E-04
  0.583780E-01  0.885165E-02  0.845092E-04
  0.588340E-01  0.863302E-02  0.841092E-04
  0.592901E-01  0.864338E-02  0.842354E-04
  0.597461E-01  0.849928E-02  0.844812E-04
  0.602022E-01  0.863080E-02  0.841232E-04
  0.606582E-01  0.829862E-02  0.837396E-04
  0.611143E-01  0.837227E-02  0.839135E-04
  0.615703E-01  0.819943E-02  0.831446E-04
  0.620264E-01  0.820967E-02  0.837494E-04
  0.624824E-01  0.817468E-02  0.836023E-04
  0.629384E-01  0.791453E-02  0.830225E-04
  0.633945E-01  0.785222E-02  0.835486E-04
  0.638505E-01  0.791306E-02  0.830598E-04
  0.643065E-01  0.789069E-02  0.834404E-04
  0.647626E-01  0.782916E-02  0.832683E-04
  0.652186E-01  0.762014E-02  0.821764E-04
  0.656747E-01  0.743132E-02  0.819994E-04
  0.661307E-01  0.767191E-02  0.822977E-04
  0.665867E-01  0.750070E-02  0.823041E-04
  0.670427E-01  0.748602E-02  0.825184E-04
  0.674988E-01  0.740610E-02  0.811074E-04
  0.679548E-01  0.745330E-02  0.814968E-04
  0.684108E-01  0.723440E-02  0.817370E-04
  0.688669E-01  0.709850E-02  0.807900E-04
  0.693229E-01  0.722689E-02  0.817346E-04
  0.697789E-01  0.704898E-02  0.800679E-04
  0.702349E-01  0.702872E-02  0.810997E-04
  0.706910E-01  0.687139E-02  0.802230E-04
  0.711470E-01  0.670555E-02  0.802747E-04
  0.716030E-01  0.666893E-02  0.805296E-04
  0.720590E-01  0.671366E-02  0.796635E-04
  0.725151E-01  0.671995E-02  0.798649E-04
  0.729711E-01  0.667468E-02  0.800454E-04
  0.734271E-01  0.657871E-02  0.789308E-04
  0.738831E-01  0.648363E-02  0.792431E-04
  0.743391E-01  0.634985E-02  0.788551E-04
  0.747952E-01  0.631721E-02  0.794201E-04
  0.752512E-01  0.629929E-02  0.788072E-04
  0.757072E-01  0.614978E-02  0.781131E-04
  0.761632E-01  0.613375E-02  0.786848E-04
  0.766192E-01  0.608086E-02  0.775538E-04
  0.770752E-01  0.614934E-02  0.782921E-04
  0.775312E-01  0.597136E-02  0.780714E-04
  0.779872E-01  0.589000E-02  0.775933E-04
  0.784433E-01  0.589361E-02  0.773596E-04
  0.788993E-01  0.569826E-02  0.771832E-04
  0.793553E-01  0.580947E-02  0.769728E-04
  0.798113E-01  0.572423E-02  0.771939E-04
  0.802673E-01  0.573810E-02  0.767887E-04
  0.807233E-01  0.571751E-02  0.764440E-04
  0.811793E-01  0.566333E-02  0.769842E-04
  0.816353E-01  0.559527E-02  0.763117E-04
  0.820913E-01  0.547412E-02  0.755776E-04
  0.825473E-01  0.551002E-02  0.764668E-04
  0.830033E-01  0.525577E-02  0.754674E-04
  0.834593E-01  0.527779E-02  0.759349E-04
  0.839153E-01  0.532364E-02  0.752296E-04
  0.843713E-01  0.512539E-02  0.753520E-04
  0.848273E-01  0.515496E-02  0.748503E-04
  0.852833E-01  0.502548E-02  0.746152E-04
  0.857393E-01  0.518025E-02  0.759090E-04
  0.861953E-01  0.502546E-02  0.743820E-04
  0.866512E-01  0.501462E-02  0.745436E-04
  0.871072E-01  0.503276E-02  0.742525E-04
  0.875632E-01  0.505141E-02  0.742990E-04
  0.880192E-01  0.487502E-02  0.741425E-04
  0.884752E-01  0.489706E-02  0.735869E-04
  0.889312E-01  0.480839E-02  0.740607E-04
  0.893872E-01  0.472132E-02  0.736868E-04
  0.898431E-01  0.467257E-02  0.732618E-04
  0.902991E-01  0.483339E-02  0.732552E-04
  0.907551E-01  0.465552E-02  0.731732E-04
  0.912111E-01  0.451732E-02  0.727803E-04
  0.916671E-01  0.449126E-02  0.731486E-04
  0.921230E-01  0.462576E-02  0.723073E-04
  0.925790E-01  0.446443E-02  0.727537E-04
  0.930350E-01  0.449896E-02  0.723046E-04
  0.934910E-01  0.442278E-02  0.721370E-04
  0.939469E-01  0.437129E-02  0.722752E-04
  0.944029E-01  0.434412E-02  0.718948E-04
  0.948589E-01  0.442482E-02  0.720092E-04
  0.953148E-01  0.428163E-02  0.716747E-04
  0.957708E-01  0.426268E-02  0.712429E-04
  0.962268E-01  0.419728E-02  0.713649E-04
  0.966827E-01  0.400836E-02  0.713970E-04
  0.971387E-01  0.410835E-02  0.714540E-04
  0.975947E-01  0.406832E-02  0.707627E-04
  0.980506E-01  0.399586E-02  0.708099E-04
  0.985066E-01  0.402594E-02  0.709155E-04
  0.989625E-01  0.391884E-02  0.702989E-04
  0.994185E-01  0.398348E-02  0.705092E-04
  0.998745E-01  0.389799E-02  0.698915E-04
  0.100330E+00  0.397883E-02  0.707545E-04
  0.100786E+00  0.377829E-02  0.697542E-04
  0.101242E+00  0.377948E-02  0.700042E-04
  0.101698E+00  0.377518E-02  0.695943E-04
  0.102154E+00  0.369996E-02  0.692279E-04
  0.102610E+00  0.381111E-02  0.701235E-04
  0.103066E+00  0.362302E-02  0.693126E-04
  0.103522E+00  0.365007E-02  0.688157E-04
  0.103978E+00  0.362921E-02  0.693643E-04
  0.104434E+00  0.354988E-02  0.687344E-04
  0.104890E+00  0.341221E-02  0.693689E-04
  0.105346E+00  0.349804E-02  0.682789E-04
  0.105802E+00  0.339702E-02  0.694869E-04
  0.106258E+00  0.347272E-02  0.707866E-04
  0.106714E+00  0.349707E-02  0.706260E-04
  0.107170E+00  0.343590E-02  0.713177E-04
  0.107625E+00  0.346952E-02  0.712806E-04
  0.108081E+00  0.331687E-02  0.710940E-04
  0.108537E+00  0.313094E-02  0.705120E-04
  0.108993E+00  0.336983E-02  0.693686E-04
  0.109449E+00  0.324483E-02  0.697153E-04
  0.109905E+00  0.310660E-02  0.688065E-04
  0.110361E+00  0.305994E-02  0.687916E-04
  0.110817E+00  0.323530E-02  0.690521E-04
  0.111273E+00  0.320851E-02  0.681334E-04
  0.111729E+00  0.312016E-02  0.686303E-04
  0.112185E+00  0.316005E-02  0.683316E-04
  0.112641E+00  0.317346E-02  0.682595E-04
  0.113097E+00  0.314945E-02  0.673256E-04
  0.113553E+00  0.303865E-02  0.677288E-04
  0.114008E+00  0.295263E-02  0.677240E-04
  0.114464E+00  0.304023E-02  0.674246E-04
  0.114920E+00  0.296378E-02  0.667812E-04
  0.115376E+00  0.294251E-02  0.673222E-04
  0.115832E+00  0.286538E-02  0.673073E-04
  0.116288E+00  0.300568E-02  0.666849E-04
  0.116744E+00  0.293788E-02  0.666829E-04
  0.117200E+00  0.276404E-02  0.663828E-04
  0.117656E+00  0.278281E-02  0.663179E-04
  0.118112E+00  0.278259E-02  0.668723E-04
  0.118568E+00  0.272213E-02  0.657552E-04
  0.119023E+00  0.282470E-02  0.660856E-04
  0.119479E+00  0.276073E-02  0.658538E-04
  0.119935E+00  0.271748E-02  0.657934E-04
  0.120391E+00  0.282980E-02  0.657113E-04
  0.120847E+00  0.273980E-02  0.648895E-04
  0.121303E+00  0.265188E-02  0.654277E-04
  0.121759E+00  0.268536E-02  0.650287E-04
  0.122215E+00  0.265261E-02  0.646180E-04
  0.122671E+00  0.262514E-02  0.651241E-04
  0.123126E+00  0.239478E-02  0.643569E-04
  0.123582E+00  0.242145E-02  0.651976E-04
  0.124038E+00  0.250401E-02  0.640227E-04
  0.124494E+00  0.246624E-02  0.642889E-04
  0.124950E+00  0.250534E-02  0.645514E-04
  0.125406E+00  0.244552E-02  0.641407E-04
  0.125862E+00  0.242672E-02  0.641454E-04
  0.126318E+00  0.246739E-02  0.639351E-04
  0.126773E+00  0.251953E-02  0.638911E-04
  0.127229E+00  0.236149E-02  0.639817E-04
  0.127685E+00  0.251048E-02  0.635559E-04
  0.128141E+00  0.236648E-02  0.636514E-04
  0.128597E+00  0.244374E-02  0.634194E-04
  0.129053E+00  0.222251E-02  0.635409E-04
  0.129509E+00  0.232846E-02  0.646820E-04
  0.129965E+00  0.227035E-02  0.647831E-04
  0.130420E+00  0.245651E-02  0.654330E-04
  0.130876E+00  0.228916E-02  0.660067E-04
  0.131332E+00  0.225558E-02  0.668125E-04
  0.131788E+00  0.216936E-02  0.656779E-04
  0.132244E+00  0.218788E-02  0.666217E-04
  0.132700E+00  0.218967E-02  0.664601E-04
  0.133156E+00  0.227961E-02  0.670347E-04
  0.133611E+00  0.216382E-02  0.668425E-04
  0.134067E+00  0.211167E-02  0.669907E-04
  0.134523E+00  0.204099E-02  0.667780E-04
  0.134979E+00  0.218266E-02  0.670512E-04
  0.135435E+00  0.213505E-02  0.666715E-04
  0.135890E+00  0.211392E-02  0.670294E-04
  0.136346E+00  0.208085E-02  0.665703E-04
  0.136802E+00  0.199020E-02  0.675598E-04
  0.137258E+00  0.210724E-02  0.669961E-04
  0.137714E+00  0.205438E-02  0.674241E-04
  0.138170E+00  0.204546E-02  0.672496E-04
  0.138626E+00  0.200691E-02  0.676251E-04
  0.139081E+00  0.196143E-02  0.678450E-04
  0.139537E+00  0.204376E-02  0.674287E-04
  0.139993E+00  0.201691E-02  0.677554E-04
  0.140449E+00  0.191026E-02  0.675642E-04
  0.140905E+00  0.189612E-02  0.673067E-04
  0.141361E+00  0.191220E-02  0.680242E-04
  0.141816E+00  0.189851E-02  0.677153E-04
  0.142272E+00  0.186495E-02  0.678578E-04
  0.142728E+00  0.180503E-02  0.674425E-04
  0.143184E+00  0.185732E-02  0.673545E-04
  0.143640E+00  0.195302E-02  0.679615E-04
  0.144095E+00  0.181171E-02  0.669234E-04
  0.144551E+00  0.192420E-02  0.680177E-04
  0.145007E+00  0.186984E-02  0.671606E-04
  0.145463E+00  0.178399E-02  0.674759E-04
  0.145919E+00  0.174524E-02  0.672196E-04
  0.146374E+00  0.183314E-02  0.673599E-04
  0.146830E+00  0.177430E-02  0.674193E-04
  0.147286E+00  0.167669E-02  0.669766E-04
  0.147742E+00  0.173596E-02  0.672393E-04
  0.148198E+00  0.166494E-02  0.670063E-04
  0.148653E+00  0.178479E-02  0.670511E-04
  0.149109E+00  0.170971E-02  0.672768E-04
  0.149565E+00  0.168164E-02  0.667210E-04
  0.150021E+00  0.180586E-02  0.672235E-04
  0.150476E+00  0.176721E-02  0.669479E-04
  0.150932E+00  0.165194E-02  0.669560E-04
  0.151388E+00  0.165656E-02  0.668645E-04
  0.151844E+00  0.169771E-02  0.664671E-04
  0.152300E+00  0.172895E-02  0.668623E-04
  0.152755E+00  0.166910E-02  0.670410E-04
  0.153211E+00  0.175064E-02  0.667128E-04
  0.153667E+00  0.157063E-02  0.665610E-04
  0.154123E+00  0.155033E-02  0.663978E-04
  0.154578E+00  0.174189E-02  0.668040E-04
  0.155034E+00  0.149532E-02  0.661071E-04
  0.155490E+00  0.149587E-02  0.665045E-04
  0.155946E+00  0.147631E-02  0.663534E-04
  0.156401E+00  0.135152E-02  0.665510E-04
  0.156857E+00  0.157530E-02  0.663827E-04
  0.157313E+00  0.155231E-02  0.660387E-04
  0.157769E+00  0.147552E-02  0.662053E-04
  0.158224E+00  0.145313E-02  0.663049E-04
  0.158680E+00  0.135005E-02  0.661876E-04
  0.159136E+00  0.146236E-02  0.661441E-04
  0.159592E+00  0.139484E-02  0.654870E-04
  0.160047E+00  0.151928E-02  0.660510E-04
  0.160503E+00  0.146233E-02  0.663066E-04
  0.160959E+00  0.149011E-02  0.661087E-04
  0.161415E+00  0.142706E-02  0.655225E-04
  0.161870E+00  0.138784E-02  0.659938E-04
  0.162326E+00  0.128970E-02  0.655998E-04
  0.162782E+00  0.139880E-02  0.657553E-04
  0.163238E+00  0.134337E-02  0.659149E-04
  0.163693E+00  0.136955E-02  0.651137E-04
  0.164149E+00  0.139865E-02  0.662478E-04
  0.164605E+00  0.125385E-02  0.653376E-04
  0.165060E+00  0.137893E-02  0.653799E-04
  0.165516E+00  0.134927E-02  0.655843E-04
  0.165972E+00  0.132573E-02  0.649585E-04
  0.166428E+00  0.134908E-02  0.659574E-04
  0.166883E+00  0.127115E-02  0.649002E-04
  0.167339E+00  0.138509E-02  0.653424E-04
  0.167795E+00  0.133383E-02  0.655585E-04
  0.168250E+00  0.139254E-02  0.648071E-04
  0.168706E+00  0.121438E-02  0.658927E-04
  0.169162E+00  0.115574E-02  0.641727E-04
  0.169617E+00  0.126142E-02  0.652535E-04
  0.170073E+00  0.126231E-02  0.651381E-04
  0.170529E+00  0.124932E-02  0.648467E-04
  0.170985E+00  0.127875E-02  0.648661E-04
  0.171440E+00  0.122372E-02  0.647546E-04
  0.171896E+00  0.118180E-02  0.649740E-04
  0.172352E+00  0.118444E-02  0.649495E-04
  0.172807E+00  0.120679E-02  0.641660E-04
  0.173263E+00  0.126963E-02  0.650277E-04
  0.173719E+00  0.121224E-02  0.642486E-04
  0.174174E+00  0.114108E-02  0.650325E-04
  0.174630E+00  0.124085E-02  0.644308E-04
  0.175086E+00  0.113292E-02  0.641699E-04
  0.175541E+00  0.120764E-02  0.647594E-04
  0.175997E+00  0.997069E-03  0.641099E-04
  0.176453E+00  0.114414E-02  0.647913E-04
  0.176908E+00  0.111247E-02  0.639380E-04
  0.177364E+00  0.119494E-02  0.641371E-04
  0.177820E+00  0.119300E-02  0.642172E-04
  0.178275E+00  0.104291E-02  0.640282E-04
  0.178731E+00  0.110827E-02  0.641455E-04
  0.179186E+00  0.107108E-02  0.642270E-04
  0.179642E+00  0.105506E-02  0.641319E-04
  0.180098E+00  0.110499E-02  0.650626E-04
  0.180554E+00  0.117798E-02  0.655642E-04
  0.181009E+00  0.105104E-02  0.665852E-04
  0.181465E+00  0.987952E-03  0.673087E-04
  0.181920E+00  0.995670E-03  0.677394E-04
  0.182376E+00  0.108970E-02  0.677465E-04
  0.182832E+00  0.100451E-02  0.682054E-04
  0.183287E+00  0.111032E-02  0.691248E-04
  0.183743E+00  0.105787E-02  0.689012E-04
  0.184198E+00  0.932006E-03  0.698297E-04
  0.184654E+00  0.105794E-02  0.692325E-04
  0.185110E+00  0.110508E-02  0.700006E-04
  0.185565E+00  0.917239E-03  0.706582E-04
  0.186021E+00  0.909661E-03  0.702684E-04
  0.186477E+00  0.900381E-03  0.708194E-04
  0.186932E+00  0.103942E-02  0.709750E-04
  0.187388E+00  0.901158E-03  0.719564E-04
  0.187843E+00  0.938057E-03  0.714426E-04
  0.188299E+00  0.102875E-02  0.710600E-04
  0.188755E+00  0.953878E-03  0.710685E-04
  0.189210E+00  0.101475E-02  0.694670E-04
  0.189666E+00  0.105813E-02  0.691410E-04
  0.190121E+00  0.101029E-02  0.686642E-04
  0.190577E+00  0.111608E-02  0.679897E-04
  0.191033E+00  0.100247E-02  0.681022E-04
  0.191488E+00  0.102794E-02  0.674647E-04
  0.191944E+00  0.881845E-03  0.671698E-04
  0.192399E+00  0.953908E-03  0.667812E-04
  0.192855E+00  0.809711E-03  0.667883E-04
  0.193310E+00  0.946551E-03  0.672983E-04
  0.193766E+00  0.964846E-03  0.662394E-04
  0.194222E+00  0.860846E-03  0.660727E-04
  0.194677E+00  0.934704E-03  0.658778E-04
  0.195133E+00  0.889524E-03  0.664531E-04
  0.195588E+00  0.936867E-03  0.659224E-04
  0.196044E+00  0.902369E-03  0.654313E-04
  0.196499E+00  0.727875E-03  0.658417E-04
  0.196955E+00  0.912382E-03  0.653462E-04
  0.197411E+00  0.907914E-03  0.656435E-04
  0.197866E+00  0.886021E-03  0.650187E-04
  0.198322E+00  0.854596E-03  0.653196E-04
  0.198777E+00  0.895435E-03  0.655441E-04
  0.199233E+00  0.869428E-03  0.643224E-04
  0.199688E+00  0.883643E-03  0.650145E-04
  0.200144E+00  0.954298E-03  0.646133E-04
  0.200599E+00  0.782898E-03  0.647393E-04
  0.201055E+00  0.808400E-03  0.649489E-04
  0.201511E+00  0.922592E-03  0.647918E-04
  0.201966E+00  0.872474E-03  0.642420E-04
  0.202422E+00  0.884650E-03  0.642455E-04
  0.202877E+00  0.783929E-03  0.640628E-04
  0.203333E+00  0.727314E-03  0.641137E-04
  0.203788E+00  0.825533E-03  0.641418E-04
  0.204244E+00  0.811911E-03  0.641343E-04
  0.204699E+00  0.908320E-03  0.637755E-04
  0.205155E+00  0.824622E-03  0.639233E-04
  0.205610E+00  0.802590E-03  0.634978E-04
  0.206066E+00  0.864113E-03  0.636518E-04
  0.206521E+00  0.731029E-03  0.639252E-04
  0.206977E+00  0.720860E-03  0.635313E-04
  0.207432E+00  0.760094E-03  0.635696E-04
  0.207888E+00  0.732817E-03  0.632994E-04
  0.208343E+00  0.807554E-03  0.633075E-04
  0.208799E+00  0.715859E-03  0.631444E-04
  0.209254E+00  0.796895E-03  0.633094E-04
  0.209710E+00  0.708790E-03  0.628225E-04
  0.210165E+00  0.686232E-03  0.629080E-04
  0.210621E+00  0.822945E-03  0.630646E-04
  0.211076E+00  0.704771E-03  0.624961E-04
  0.211532E+00  0.809415E-03  0.628093E-04
  0.211987E+00  0.721625E-03  0.628054E-04
  0.212443E+00  0.602510E-03  0.624562E-04
  0.212898E+00  0.825676E-03  0.628190E-04
  0.213353E+00  0.753694E-03  0.619919E-04
  0.213809E+00  0.874628E-03  0.626111E-04
  0.214264E+00  0.809902E-03  0.621818E-04
  0.214720E+00  0.681577E-03  0.623277E-04
  0.215175E+00  0.858750E-03  0.624273E-04
  0.215631E+00  0.757829E-03  0.617675E-04
  0.216086E+00  0.589396E-03  0.624763E-04
  0.216542E+00  0.808517E-03  0.621138E-04
  0.216997E+00  0.686829E-03  0.620351E-04
  0.217452E+00  0.687036E-03  0.620374E-04
  0.217908E+00  0.747186E-03  0.615096E-04
  0.218363E+00  0.679769E-03  0.623819E-04
  0.218819E+00  0.580813E-03  0.616167E-04
  0.219274E+00  0.688692E-03  0.616388E-04
  0.219730E+00  0.648181E-03  0.620577E-04
  0.220185E+00  0.760029E-03  0.615925E-04
  0.220640E+00  0.736998E-03  0.620635E-04
  0.221096E+00  0.749634E-03  0.612218E-04
  0.221551E+00  0.676499E-03  0.615377E-04
  0.222007E+00  0.570696E-03  0.613296E-04
  0.222462E+00  0.757977E-03  0.611296E-04
  0.222917E+00  0.637821E-03  0.615779E-04
  0.223373E+00  0.718781E-03  0.608071E-04
  0.223828E+00  0.639874E-03  0.609781E-04
  0.224284E+00  0.661503E-03  0.609058E-04
  0.224739E+00  0.734681E-03  0.607441E-04
  0.225194E+00  0.678455E-03  0.606949E-04
  0.225650E+00  0.647107E-03  0.605061E-04
  0.226105E+00  0.741055E-03  0.606806E-04
  0.226561E+00  0.702906E-03  0.604958E-04
  0.227016E+00  0.584774E-03  0.597066E-04
  0.227471E+00  0.611968E-03  0.604396E-04
  0.227927E+00  0.638481E-03  0.599126E-04
  0.228382E+00  0.746161E-03  0.601968E-04
  0.228837E+00  0.568070E-03  0.595072E-04
  0.229293E+00  0.628547E-03  0.599191E-04
  0.229748E+00  0.567224E-03  0.596452E-04
  0.230204E+00  0.700910E-03  0.597700E-04
  0.230659E+00  0.651753E-03  0.599193E-04
  0.231114E+00  0.733496E-03  0.593728E-04
  0.231570E+00  0.603587E-03  0.597378E-04
  0.232025E+00  0.543258E-03  0.593593E-04
  0.232480E+00  0.592878E-03  0.596333E-04
  0.232936E+00  0.631889E-03  0.591762E-04
  0.233391E+00  0.630114E-03  0.596410E-04
  0.233846E+00  0.628955E-03  0.591640E-04
  0.234302E+00  0.680707E-03  0.592446E-04
  0.234757E+00  0.672884E-03  0.594751E-04
  0.235212E+00  0.725878E-03  0.592587E-04
  0.235668E+00  0.530412E-03  0.591778E-04
  0.236123E+00  0.716810E-03  0.594308E-04
  0.236578E+00  0.604240E-03  0.585334E-04
  0.237034E+00  0.532836E-03  0.591495E-04
  0.237489E+00  0.546839E-03  0.590327E-04
  0.237944E+00  0.613856E-03  0.589617E-04
  0.238400E+00  0.630325E-03  0.591255E-04
  0.238855E+00  0.769363E-03  0.587876E-04
  0.239310E+00  0.524207E-03  0.589212E-04
  0.239765E+00  0.515260E-03  0.584838E-04
  0.240221E+00  0.662741E-03  0.587847E-04
  0.240676E+00  0.526225E-03  0.585603E-04
  0.241131E+00  0.696496E-03  0.588399E-04
  0.241587E+00  0.588431E-03  0.589899E-04
  0.242042E+00  0.599008E-03  0.583055E-04
  0.242497E+00  0.611755E-03  0.581451E-04
  0.242952E+00  0.498834E-03  0.583771E-04
  0.243408E+00  0.390622E-03  0.586336E-04
  0.243863E+00  0.487422E-03  0.585579E-04
  0.244318E+00  0.510929E-03  0.579613E-04
  0.244774E+00  0.493006E-03  0.584389E-04
  0.245229E+00  0.591986E-03  0.581218E-04
  0.245684E+00  0.540649E-03  0.582303E-04
  0.246139E+00  0.589431E-03  0.582343E-04
  0.246595E+00  0.625309E-03  0.578290E-04
  0.247050E+00  0.512494E-03  0.584937E-04
  0.247505E+00  0.584539E-03  0.577942E-04
  0.247960E+00  0.609889E-03  0.580880E-04
  0.248416E+00  0.560818E-03  0.578044E-04
  0.248871E+00  0.550652E-03  0.579118E-04
  0.249326E+00  0.631183E-03  0.584254E-04
  0.249781E+00  0.515397E-03  0.576674E-04
  0.250236E+00  0.453725E-03  0.576922E-04
  0.250692E+00  0.580731E-03  0.575590E-04
  0.251147E+00  0.539284E-03  0.577875E-04
  0.251602E+00  0.442851E-03  0.578723E-04
  0.252057E+00  0.538267E-03  0.574821E-04
  0.252513E+00  0.647926E-03  0.581010E-04
  0.252968E+00  0.510432E-03  0.574679E-04
  0.253423E+00  0.631932E-03  0.575395E-04
  0.253878E+00  0.505524E-03  0.571975E-04
  0.254333E+00  0.555008E-03  0.574610E-04
  0.254789E+00  0.460399E-03  0.575417E-04
  0.255244E+00  0.461023E-03  0.573272E-04
  0.255699E+00  0.520965E-03  0.572783E-04
  0.256154E+00  0.440235E-03  0.569634E-04
  0.256609E+00  0.535386E-03  0.575363E-04
  0.257064E+00  0.484206E-03  0.570374E-04
  0.257520E+00  0.451873E-03  0.575121E-04
  0.257975E+00  0.435663E-03  0.567866E-04
  0.258430E+00  0.483851E-03  0.572351E-04
  0.258885E+00  0.531212E-03  0.570232E-04
  0.259340E+00  0.561807E-03  0.570982E-04
  0.259796E+00  0.380925E-03  0.566690E-04
  0.260251E+00  0.609105E-03  0.570552E-04
  0.260706E+00  0.503987E-03  0.570912E-04
  0.261161E+00  0.540323E-03  0.568642E-04
  0.261616E+00  0.481616E-03  0.566312E-04
  0.262071E+00  0.374892E-03  0.564097E-04
  0.262526E+00  0.469670E-03  0.569800E-04
  0.262982E+00  0.591328E-03  0.566139E-04
  0.263437E+00  0.478063E-03  0.566222E-04
  0.263892E+00  0.563615E-03  0.566232E-04
  0.264347E+00  0.418140E-03  0.566342E-04
  0.264802E+00  0.424605E-03  0.565472E-04
  0.265257E+00  0.446978E-03  0.562248E-04
  0.265712E+00  0.479846E-03  0.565008E-04
  0.266167E+00  0.473416E-03  0.565119E-04
  0.266623E+00  0.449554E-03  0.564248E-04
  0.267078E+00  0.390115E-03  0.563930E-04
  0.267533E+00  0.440152E-03  0.559030E-04
  0.267988E+00  0.503092E-03  0.567314E-04
  0.268443E+00  0.496783E-03  0.563118E-04
  0.268898E+00  0.416441E-03  0.561933E-04
  0.269353E+00  0.474805E-03  0.559786E-04
  0.269808E+00  0.490044E-03  0.560766E-04
  0.270263E+00  0.355908E-03  0.561476E-04
  0.270718E+00  0.473782E-03  0.559973E-04
  0.271174E+00  0.539741E-03  0.560176E-04
  0.271628E+00  0.474997E-03  0.559834E-04
  0.272084E+00  0.400892E-03  0.560207E-04
  0.272539E+00  0.365576E-03  0.557812E-04
  0.272994E+00  0.418893E-03  0.557768E-04
  0.273449E+00  0.465052E-03  0.556027E-04
  0.273904E+00  0.402626E-03  0.558677E-04
  0.274359E+00  0.447110E-03  0.559752E-04
  0.274814E+00  0.394936E-03  0.555318E-04
  0.275269E+00  0.389184E-03  0.556011E-04
  0.275724E+00  0.362925E-03  0.556606E-04
  0.276179E+00  0.476357E-03  0.556974E-04
  0.276634E+00  0.515847E-03  0.559220E-04
  0.277089E+00  0.469500E-03  0.550769E-04
  0.277544E+00  0.529430E-03  0.556506E-04
  0.277999E+00  0.410645E-03  0.555217E-04
  0.278454E+00  0.377469E-03  0.553817E-04
  0.278909E+00  0.386917E-03  0.554607E-04
  0.279364E+00  0.437568E-03  0.552133E-04
  0.279819E+00  0.427097E-03  0.555147E-04
  0.280274E+00  0.245227E-03  0.551340E-04
  0.280729E+00  0.371774E-03  0.552957E-04
  0.281184E+00  0.446197E-03  0.551802E-04
  0.281639E+00  0.435435E-03  0.548025E-04
  0.282094E+00  0.465774E-03  0.555319E-04
  0.282549E+00  0.384470E-03  0.550855E-04
  0.283004E+00  0.482987E-03  0.548470E-04
  0.283459E+00  0.364097E-03  0.552937E-04
  0.283914E+00  0.440566E-03  0.548887E-04
  0.284369E+00  0.408006E-03  0.552571E-04
  0.284824E+00  0.298113E-03  0.545486E-04
  0.285279E+00  0.302775E-03  0.551831E-04
  0.285734E+00  0.452026E-03  0.550502E-04
  0.286189E+00  0.395531E-03  0.548724E-04
  0.286644E+00  0.424798E-03  0.549509E-04
  0.287099E+00  0.432071E-03  0.543189E-04
  0.287554E+00  0.461690E-03  0.550012E-04
  0.288009E+00  0.414471E-03  0.546473E-04
  0.288464E+00  0.400115E-03  0.548257E-04
  0.288919E+00  0.417778E-03  0.546691E-04
  0.289374E+00  0.389824E-03  0.545316E-04
  0.289829E+00  0.511496E-03  0.546273E-04
  0.290284E+00  0.382756E-03  0.547997E-04
  0.290738E+00  0.477887E-03  0.542389E-04
  0.291193E+00  0.415934E-03  0.545885E-04
  0.291648E+00  0.286704E-03  0.543271E-04
  0.292103E+00  0.474435E-03  0.546865E-04
  0.292558E+00  0.437053E-03  0.540776E-04
  0.293013E+00  0.315717E-03  0.543110E-04
  0.293468E+00  0.356911E-03  0.544852E-04
  0.293923E+00  0.377783E-03  0.544286E-04
  0.294378E+00  0.440599E-03  0.544143E-04
  0.294833E+00  0.350246E-03  0.539158E-04
  0.295287E+00  0.433700E-03  0.543933E-04
  0.295742E+00  0.370597E-03  0.541753E-04
  0.296197E+00  0.343563E-03  0.539638E-04
  0.296652E+00  0.349493E-03  0.540287E-04
  0.297107E+00  0.275219E-03  0.540628E-04
  0.297562E+00  0.384923E-03  0.543107E-04
  0.298017E+00  0.405293E-03  0.540230E-04
  0.298472E+00  0.278050E-03  0.536105E-04
  0.298926E+00  0.393372E-03  0.539848E-04
  0.299381E+00  0.358345E-03  0.541126E-04
  0.299836E+00  0.291397E-03  0.541103E-04
  0.300291E+00  0.336887E-03  0.534480E-04
  0.300746E+00  0.425968E-03  0.540006E-04
  0.301201E+00  0.444536E-03  0.536994E-04
  0.301656E+00  0.423109E-03  0.539729E-04
  0.302110E+00  0.455811E-03  0.539142E-04
  0.302565E+00  0.382151E-03  0.534551E-04
  0.303020E+00  0.388791E-03  0.538476E-04
  0.303475E+00  0.353795E-03  0.536304E-04
  0.303930E+00  0.434112E-03  0.536721E-04
  0.304384E+00  0.314203E-03  0.533504E-04
  0.304839E+00  0.373457E-03  0.536025E-04
  0.305294E+00  0.355816E-03  0.548674E-04
  0.305749E+00  0.398379E-03  0.547777E-04
  0.306204E+00  0.409743E-03  0.559965E-04
  0.306658E+00  0.393221E-03  0.556492E-04
  0.307113E+00  0.421187E-03  0.564658E-04
  0.307568E+00  0.413566E-03  0.573596E-04
  0.308023E+00  0.327305E-03  0.566269E-04
  0.308478E+00  0.272820E-03  0.575651E-04
  0.308932E+00  0.382903E-03  0.576103E-04
  0.309387E+00  0.229110E-03  0.578446E-04
  0.309842E+00  0.418026E-03  0.581879E-04
  0.310297E+00  0.329623E-03  0.581726E-04
  0.310751E+00  0.314963E-03  0.589313E-04
  0.311206E+00  0.445465E-03  0.586494E-04
  0.311661E+00  0.333954E-03  0.591249E-04
  0.312116E+00  0.287047E-03  0.591710E-04
  0.312570E+00  0.299722E-03  0.593765E-04
  0.313025E+00  0.347117E-03  0.601155E-04
  0.313480E+00  0.417229E-03  0.595266E-04
  0.313935E+00  0.286667E-03  0.587077E-04
  0.314389E+00  0.413135E-03  0.584772E-04
  0.314844E+00  0.377901E-03  0.575599E-04
  0.315299E+00  0.361417E-03  0.577168E-04
  0.315753E+00  0.390145E-03  0.564335E-04
  0.316208E+00  0.372483E-03  0.570798E-04
  0.316663E+00  0.312510E-03  0.567825E-04
  0.317117E+00  0.317721E-03  0.565150E-04
  0.317572E+00  0.267955E-03  0.560603E-04
  0.318027E+00  0.300934E-03  0.556653E-04
  0.318482E+00  0.271034E-03  0.561894E-04
  0.318936E+00  0.372298E-03  0.558522E-04
  0.319391E+00  0.243173E-03  0.557470E-04
  0.319846E+00  0.385736E-03  0.555287E-04
  0.320300E+00  0.316719E-03  0.556450E-04
  0.320755E+00  0.508664E-03  0.555713E-04
  0.321210E+00  0.360458E-03  0.551698E-04
  0.321664E+00  0.353101E-03  0.553740E-04
  0.322119E+00  0.346611E-03  0.551979E-04
  0.322574E+00  0.358783E-03  0.551834E-04
  0.323028E+00  0.361008E-03  0.550466E-04
  0.323483E+00  0.317470E-03  0.545781E-04
  0.323938E+00  0.312419E-03  0.547339E-04
  0.324392E+00  0.348868E-03  0.545687E-04
  0.324847E+00  0.370481E-03  0.550718E-04
  0.325302E+00  0.304255E-03  0.540793E-04
  0.325756E+00  0.364776E-03  0.545747E-04
  0.326211E+00  0.337153E-03  0.545561E-04
  0.326665E+00  0.263176E-03  0.542537E-04
  0.327120E+00  0.341448E-03  0.541998E-04
  0.327575E+00  0.406223E-03  0.541595E-04
  0.328029E+00  0.299108E-03  0.545025E-04
  0.328484E+00  0.307796E-03  0.540909E-04
  0.328938E+00  0.415561E-03  0.539086E-04
  0.329393E+00  0.336371E-03  0.539781E-04
  0.329848E+00  0.352943E-03  0.538837E-04
  0.330302E+00  0.239389E-03  0.541228E-04
  0.330757E+00  0.398481E-03  0.539543E-04
  0.331211E+00  0.288992E-03  0.535490E-04
  0.331666E+00  0.247618E-03  0.538696E-04
  0.332120E+00  0.379079E-03  0.536240E-04
  0.332575E+00  0.439612E-03  0.538821E-04
  0.333030E+00  0.438254E-03  0.533345E-04
  0.333484E+00  0.430992E-03  0.533634E-04
  0.333939E+00  0.329817E-03  0.538020E-04
  0.334393E+00  0.297597E-03  0.529952E-04
  0.334848E+00  0.326501E-03  0.531723E-04
  0.335302E+00  0.380033E-03  0.527957E-04
  0.335757E+00  0.348199E-03  0.531655E-04
  0.336211E+00  0.426959E-03  0.532581E-04
  0.336666E+00  0.331827E-03  0.523477E-04
  0.337120E+00  0.328719E-03  0.530130E-04
  0.337575E+00  0.331759E-03  0.522937E-04
  0.338029E+00  0.392546E-03  0.526640E-04
  0.338484E+00  0.249171E-03  0.524220E-04
  0.338938E+00  0.289352E-03  0.521074E-04
  0.339393E+00  0.402963E-03  0.525000E-04
  0.339847E+00  0.232945E-03  0.520828E-04
  0.340302E+00  0.240141E-03  0.522988E-04
  0.340756E+00  0.271327E-03  0.519835E-04
  0.341211E+00  0.362136E-03  0.523900E-04
  0.341665E+00  0.253566E-03  0.521237E-04
  0.342120E+00  0.321532E-03  0.522203E-04
  0.342574E+00  0.213375E-03  0.528830E-04
  0.343029E+00  0.274257E-03  0.533501E-04
  0.343483E+00  0.290403E-03  0.542008E-04
  0.343938E+00  0.359134E-03  0.545244E-04
  0.344392E+00  0.301585E-03  0.550539E-04
  0.344847E+00  0.184749E-03  0.553025E-04
  0.345301E+00  0.267942E-03  0.556173E-04
  0.345755E+00  0.182557E-03  0.557447E-04
  0.346210E+00  0.311571E-03  0.559403E-04
  0.346664E+00  0.404458E-03  0.566778E-04
  0.347119E+00  0.372628E-03  0.566686E-04
  0.347573E+00  0.273960E-03  0.563880E-04
  0.348028E+00  0.257581E-03  0.568452E-04
  0.348482E+00  0.242281E-03  0.562943E-04
  0.348936E+00  0.305667E-03  0.570060E-04
  0.349391E+00  0.376463E-03  0.571776E-04
  0.349845E+00  0.297855E-03  0.569679E-04
  0.350300E+00  0.296606E-03  0.570402E-04
  0.350754E+00  0.234209E-03  0.567717E-04
  0.351208E+00  0.260024E-03  0.574613E-04
  0.351663E+00  0.345268E-03  0.570641E-04
  0.352117E+00  0.275840E-03  0.571336E-04
  0.352571E+00  0.295821E-03  0.575455E-04
  0.353026E+00  0.346674E-03  0.573339E-04
  0.353480E+00  0.318065E-03  0.579276E-04
  0.353935E+00  0.299792E-03  0.572166E-04
  0.354389E+00  0.232177E-03  0.573509E-04
  0.354843E+00  0.313236E-03  0.577761E-04
  0.355298E+00  0.270460E-03  0.576848E-04
  0.355752E+00  0.279407E-03  0.584791E-04
  0.356206E+00  0.249387E-03  0.570037E-04
  0.356661E+00  0.217579E-03  0.579407E-04
  0.357115E+00  0.324979E-03  0.579508E-04
  0.357569E+00  0.192761E-03  0.579281E-04
  0.358024E+00  0.249068E-03  0.583188E-04
  0.358478E+00  0.395373E-03  0.577038E-04
  0.358932E+00  0.204172E-03  0.582540E-04
  0.359387E+00  0.134228E-03  0.581120E-04
  0.359841E+00  0.364811E-03  0.578904E-04
  0.360295E+00  0.332678E-03  0.583556E-04
  0.360750E+00  0.189676E-03  0.581922E-04
  0.361204E+00  0.237795E-03  0.585650E-04
  0.361658E+00  0.215679E-03  0.578055E-04
  0.362112E+00  0.247905E-03  0.584272E-04
  0.362567E+00  0.355570E-03  0.583377E-04
  0.363021E+00  0.225954E-03  0.584521E-04
  0.363475E+00  0.344979E-03  0.589806E-04
  0.363929E+00  0.426438E-03  0.581534E-04
  0.364384E+00  0.389205E-03  0.584565E-04
  0.364838E+00  0.256073E-03  0.586858E-04
  0.365292E+00  0.288727E-03  0.588339E-04
  0.365746E+00  0.275831E-03  0.584486E-04
  0.366201E+00  0.199999E-03  0.583201E-04
  0.366655E+00  0.170116E-03  0.588326E-04
  0.367109E+00  0.274976E-03  0.588428E-04
  0.367563E+00  0.245293E-03  0.586538E-04
  0.368018E+00  0.317236E-03  0.589945E-04
  0.368472E+00  0.274753E-03  0.587586E-04
  0.368926E+00  0.256713E-03  0.590872E-04
  0.369380E+00  0.258070E-03  0.587034E-04
  0.369834E+00  0.278083E-03  0.588910E-04
  0.370289E+00  0.290900E-03  0.589812E-04
  0.370743E+00  0.305657E-03  0.591897E-04
  0.371197E+00  0.174184E-03  0.590753E-04
  0.371651E+00  0.265113E-03  0.586997E-04
  0.372105E+00  0.232657E-03  0.591499E-04
  0.372559E+00  0.223365E-03  0.591605E-04
  0.373014E+00  0.343640E-03  0.595756E-04
  0.373468E+00  0.247888E-03  0.587342E-04
  0.373922E+00  0.281619E-03  0.592041E-04
  0.374376E+00  0.283258E-03  0.594211E-04
  0.374830E+00  0.316870E-03  0.593091E-04
  0.375284E+00  0.253555E-03  0.593208E-04
  0.375739E+00  0.270688E-03  0.589739E-04
  0.376193E+00  0.323673E-03  0.596243E-04
  0.376647E+00  0.206053E-03  0.593987E-04
  0.377101E+00  0.286187E-03  0.588578E-04
  0.377555E+00  0.285891E-03  0.596965E-04
  0.378009E+00  0.218683E-03  0.591609E-04
  0.378463E+00  0.192129E-03  0.596614E-04
  0.378917E+00  0.232361E-03  0.599135E-04
  0.379371E+00  0.281359E-03  0.587519E-04
  0.379826E+00  0.344645E-03  0.599009E-04
  0.380280E+00  0.327574E-03  0.593746E-04
  0.380734E+00  0.276460E-03  0.597991E-04
  0.381188E+00  0.226388E-03  0.592104E-04
  0.381642E+00  0.149706E-03  0.595740E-04
  0.382096E+00  0.348405E-03  0.600858E-04
  0.382550E+00  0.317147E-03  0.592938E-04
  0.383004E+00  0.255400E-03  0.594313E-04
  0.383458E+00  0.311898E-03  0.597133E-04
  0.383912E+00  0.191955E-03  0.597916E-04
  0.384366E+00  0.224707E-03  0.600832E-04
  0.384820E+00  0.280322E-03  0.593776E-04
  0.385274E+00  0.301950E-03  0.598592E-04
  0.385728E+00  0.326094E-03  0.596029E-04
  0.386182E+00  0.204597E-03  0.599846E-04
  0.386636E+00  0.364188E-03  0.601729E-04
  0.387091E+00  0.184876E-03  0.594350E-04
  0.387545E+00  0.227716E-03  0.599176E-04
  0.387999E+00  0.287856E-03  0.594431E-04
  0.388452E+00  0.175573E-03  0.595643E-04
  0.388906E+00  0.309912E-03  0.596353E-04
  0.389360E+00  0.241139E-03  0.595679E-04
  0.389815E+00  0.233120E-03  0.597325E-04
  0.390269E+00  0.208193E-03  0.591943E-04
  0.390722E+00  0.353346E-03  0.593810E-04
  0.391176E+00  0.270352E-03  0.592680E-04
  0.391630E+00  0.297006E-03  0.596575E-04
  0.392084E+00  0.176756E-03  0.596712E-04
  0.392538E+00  0.243005E-03  0.590994E-04
  0.392992E+00  0.296455E-03  0.597917E-04
  0.393446E+00  0.291187E-03  0.591132E-04
  0.393900E+00  0.210908E-03  0.601172E-04
  0.394354E+00  0.210634E-03  0.592539E-04
  0.394808E+00  0.379576E-03  0.597697E-04
  0.395262E+00  0.281184E-03  0.597962E-04
  0.395716E+00  0.235708E-03  0.591341E-04
  0.396170E+00  0.155179E-03  0.601782E-04
  0.396624E+00  0.243214E-03  0.592413E-04
  0.397078E+00  0.215672E-03  0.597165E-04
  0.397532E+00  0.238036E-03  0.600898E-04
  0.397985E+00  0.209436E-03  0.593497E-04
  0.398439E+00  0.176926E-03  0.599882E-04
  0.398893E+00  0.186499E-03  0.594718E-04
  0.399347E+00  0.181089E-03  0.597551E-04
  0.399801E+00  0.283372E-03  0.600411E-04
  0.400255E+00  0.338075E-03  0.598309E-04
  0.400709E+00  0.702547E-04  0.601111E-04
  0.401163E+00  0.262952E-03  0.596554E-04
  0.401617E+00  0.327392E-03  0.597749E-04
  0.402070E+00  0.299322E-03  0.599493E-04
  0.402524E+00  0.308119E-03  0.597706E-04
  0.402978E+00  0.300109E-03  0.605925E-04
  0.403432E+00  0.211786E-03  0.596837E-04
  0.403886E+00  0.319937E-03  0.599932E-04
  0.404340E+00  0.250054E-03  0.597953E-04
  0.404793E+00  0.236278E-03  0.599624E-04
  0.405247E+00  0.246352E-03  0.603008E-04
  0.405701E+00  0.296905E-03  0.599235E-04
  0.406155E+00  0.258581E-03  0.602252E-04
  0.406609E+00  0.193188E-03  0.597958E-04
  0.407062E+00  0.137122E-03  0.600426E-04
  0.407516E+00  0.154998E-03  0.600909E-04
  0.407970E+00  0.249306E-03  0.600709E-04
  0.408424E+00  0.191177E-03  0.602654E-04
  0.408878E+00  0.199989E-03  0.600854E-04
  0.409331E+00  0.218802E-03  0.603546E-04
  0.409785E+00  0.151076E-03  0.599857E-04
  0.410239E+00  0.185457E-03  0.598590E-04
  0.410693E+00  0.109582E-03  0.605593E-04
  0.411147E+00  0.321326E-03  0.602020E-04
  0.411600E+00  0.142283E-03  0.604196E-04
  0.412054E+00  0.194450E-03  0.598180E-04
  0.412508E+00  0.192074E-03  0.604184E-04
  0.412961E+00  0.191248E-03  0.602975E-04
  0.413415E+00  0.167556E-03  0.603693E-04
  0.413869E+00  0.177139E-03  0.602752E-04
  0.414323E+00  0.235073E-03  0.600771E-04
  0.414776E+00  0.270642E-03  0.606854E-04
  0.415230E+00  0.301698E-03  0.603574E-04
  0.415684E+00  0.280781E-03  0.603869E-04
  0.416137E+00  0.194427E-03  0.603938E-04
  0.416591E+00  0.149772E-03  0.602338E-04
  0.417045E+00  0.180527E-03  0.606994E-04
  0.417498E+00  0.257511E-03  0.601976E-04
  0.417952E+00  0.191118E-03  0.606980E-04
  0.418406E+00  0.218959E-03  0.604222E-04
  0.418859E+00  0.275891E-03  0.605638E-04
  0.419313E+00  0.352641E-03  0.607665E-04
  0.419767E+00  0.209482E-03  0.601125E-04
  0.420220E+00  0.249297E-03  0.608617E-04
  0.420674E+00  0.270918E-03  0.605975E-04
  0.421128E+00  0.319980E-03  0.606255E-04
  0.421581E+00  0.208907E-03  0.606347E-04
  0.422035E+00  0.169374E-03  0.602524E-04
  0.422489E+00  0.200992E-03  0.611697E-04
  0.422942E+00  0.228949E-03  0.601615E-04
  0.423396E+00  0.933626E-04  0.606890E-04
  0.423849E+00  0.833735E-04  0.610312E-04
  0.424303E+00  0.304213E-03  0.602477E-04
  0.424757E+00  0.287724E-03  0.612948E-04
  0.425210E+00  0.183062E-03  0.599855E-04
  0.425664E+00  0.186616E-03  0.610430E-04
  0.426117E+00  0.238986E-03  0.605835E-04
  0.426571E+00  0.215705E-03  0.608670E-04
  0.427025E+00  0.191271E-03  0.612250E-04
  0.427478E+00  0.168315E-03  0.602130E-04
  0.427932E+00  0.253115E-03  0.612328E-04
  0.428385E+00  0.996373E-04  0.605440E-04
  0.428839E+00  0.269170E-03  0.608944E-04
  0.429292E+00  0.262814E-03  0.612062E-04
  0.429746E+00  0.268707E-03  0.606775E-04
  0.430199E+00  0.173745E-03  0.610466E-04
  0.430653E+00  0.341576E-03  0.626186E-04
  0.431107E+00  0.276753E-03  0.635914E-04
  0.431560E+00  0.272091E-03  0.651816E-04
  0.432013E+00  0.130258E-03  0.658738E-04
  0.432467E+00  0.123578E-03  0.666948E-04
  0.432920E+00  0.252853E-03  0.670202E-04
  0.433374E+00  0.338739E-03  0.677760E-04
  0.433827E+00  0.166161E-03  0.691363E-04
  0.434281E+00  0.273371E-03  0.692447E-04
  0.434735E+00  0.114409E-03  0.697849E-04
  0.435188E+00  0.228681E-03  0.703292E-04
  0.435641E+00  0.303259E-03  0.706987E-04
  0.436095E+00  0.200520E-03  0.720727E-04
  0.436548E+00  0.267138E-03  0.719978E-04
  0.437002E+00  0.283336E-03  0.728614E-04
  0.437455E+00  0.171510E-03  0.732420E-04
  0.437909E+00  0.242458E-03  0.740043E-04
  0.438362E+00  0.180790E-03  0.745100E-04
  0.438816E+00  0.196177E-03  0.745068E-04
  0.439269E+00  0.144926E-03  0.756992E-04
  0.439722E+00  0.102802E-03  0.758657E-04
  0.440176E+00  0.214008E-03  0.768448E-04
  0.440629E+00  0.254461E-03  0.768743E-04
  0.441083E+00  0.292787E-03  0.776148E-04
  0.441536E+00  0.176981E-03  0.783210E-04
  0.441989E+00  0.156309E-03  0.790342E-04
  0.442443E+00  0.304712E-03  0.790501E-04
  0.442896E+00  0.374393E-03  0.794917E-04
  0.443350E+00  0.643332E-04  0.808327E-04
  0.443803E+00  0.249884E-03  0.803658E-04
  0.444256E+00  0.220309E-03  0.815318E-04
  0.444710E+00  0.193249E-03  0.813596E-04
  0.445163E+00  0.192362E-03  0.823475E-04
  0.445616E+00  0.199943E-03  0.838257E-04
  0.446070E+00  0.873508E-04  0.832481E-04
  0.446523E+00  0.290603E-03  0.841113E-04
  0.446976E+00  0.237226E-03  0.836652E-04
  0.447430E+00  0.294207E-03  0.855875E-04
  0.447883E+00  0.985858E-04  0.873000E-04
  0.448336E+00  0.621099E-04  0.849890E-04
  0.448790E+00  0.302125E-03  0.880678E-04
  0.449243E+00  0.311724E-03  0.867558E-04
  0.449696E+00  0.127928E-03  0.887171E-04
  0.450149E+00  0.250952E-03  0.881293E-04
  0.450603E+00  0.180680E-03  0.884223E-04
  0.451056E+00  0.361640E-03  0.903088E-04
  0.451509E+00  0.262064E-03  0.890180E-04
  0.451963E+00  0.316848E-03  0.903881E-04
  0.452416E+00  0.270300E-03  0.887966E-04
  0.452869E+00  0.407526E-03  0.907480E-04
  0.453322E+00  0.167071E-03  0.916907E-04
  0.453776E+00  0.373481E-03  0.904535E-04
  0.454229E+00  0.969556E-04  0.915849E-04
  0.454682E+00  0.218933E-03  0.907581E-04
  0.455135E+00  0.378372E-03  0.925194E-04
  0.455589E+00  0.165108E-03  0.939691E-04
  0.456042E+00  0.252994E-03  0.910275E-04
  0.456495E+00  0.240651E-03  0.942286E-04
  0.456948E+00  0.142343E-03  0.924591E-04
  0.457401E+00  0.299837E-03  0.942362E-04
  0.457854E+00  0.121269E-03  0.935363E-04
  0.458308E+00  0.232236E-03  0.936174E-04
  0.458761E+00  0.291644E-03  0.961979E-04
  0.459214E+00  0.305629E-03  0.936883E-04
  0.459667E+00  0.221321E-03  0.950876E-04
  0.460120E+00  0.724811E-04  0.936280E-04
  0.460574E+00  0.311058E-03  0.955432E-04
  0.461027E+00  0.183771E-03  0.964212E-04
  0.461480E+00  0.271437E-03  0.943935E-04
  0.461933E+00  0.144242E-03  0.953740E-04
  0.462386E+00 -0.546116E-05  0.942625E-04
  0.462839E+00  0.231889E-03  0.966414E-04
  0.463292E+00 -0.136149E-04  0.961643E-04
  0.463745E+00  0.133556E-03  0.944508E-04
  0.464199E+00  0.372137E-03  0.971748E-04
  0.464652E+00  0.296884E-03  0.953558E-04
  0.465105E+00  0.274866E-03  0.985811E-04
  0.465558E+00  0.190358E-03  0.956101E-04
  0.466011E+00  0.293196E-03  0.978334E-04
  0.466464E+00  0.588912E-04  0.989024E-04
  0.466917E+00  0.116994E-03  0.967239E-04
  0.467370E+00  0.125285E-03  0.995380E-04
  0.467823E+00  0.193510E-03  0.976662E-04
  0.468276E+00  0.238515E-03  0.992649E-04
  0.468730E+00  0.299268E-03  0.101246E-03
  0.469183E+00  0.175532E-03  0.990115E-04
  0.469635E+00  0.251098E-03  0.100802E-03
  0.470089E+00  0.130701E-03  0.989739E-04
  0.470542E+00  0.334619E-03  0.101832E-03
  0.470995E+00  0.176724E-03  0.102537E-03
  0.471448E+00  0.822323E-04  0.998108E-04
  0.471901E+00  0.575663E-04  0.104430E-03
  0.472354E+00  0.317317E-05  0.100329E-03
  0.472807E+00  0.356207E-03  0.104799E-03
  0.473260E+00  0.325717E-03  0.101639E-03
  0.473713E+00  0.172420E-03  0.103309E-03
  0.474166E+00  0.205079E-03  0.106497E-03
  0.474619E+00  0.182009E-03  0.102102E-03
  0.475072E+00  0.126139E-03  0.105747E-03
  0.475525E+00  0.179714E-03  0.103780E-03
  0.475977E+00  0.147463E-03  0.105760E-03
  0.476430E+00  0.184630E-03  0.106898E-03
  0.476883E+00  0.482801E-04  0.105466E-03
  0.477336E+00  0.235211E-03  0.107354E-03
  0.477789E+00 -0.401297E-04  0.106043E-03
  0.478242E+00  0.170641E-04  0.108262E-03
  0.478695E+00  0.815523E-04  0.108227E-03
  0.479148E+00  0.340872E-04  0.107139E-03
  0.479601E+00  0.427955E-03  0.110246E-03
  0.480054E+00  0.227709E-03  0.107987E-03
  0.480507E+00  0.237486E-03  0.110611E-03
  0.480960E+00  0.333038E-03  0.109126E-03
  0.481413E+00  0.301162E-03  0.110670E-03
  0.481866E+00  0.140245E-03  0.110666E-03
  0.482318E+00  0.232574E-03  0.111806E-03
  0.482771E+00  0.658053E-04  0.111633E-03
  0.483224E+00  0.153701E-03  0.111612E-03
  0.483677E+00  0.212228E-03  0.113214E-03
  0.484130E+00  0.159380E-03  0.112389E-03
  0.484583E+00  0.195133E-03  0.114136E-03
  0.485036E+00  0.161800E-03  0.113953E-03
  0.485488E+00  0.327086E-03  0.114515E-03
  0.485941E+00  0.120619E-03  0.115617E-03
  0.486394E+00  0.241065E-03  0.114409E-03
  0.486847E+00  0.159533E-03  0.116583E-03
  0.487300E+00  0.870286E-04  0.116448E-03
  0.487752E+00  0.240936E-03  0.116826E-03
  0.488205E+00  0.307168E-03  0.118544E-03
  0.488658E+00  0.707602E-04  0.117030E-03
  0.489111E+00  0.549611E-04  0.118228E-03
  0.489563E+00  0.144287E-03  0.119446E-03
  0.490016E+00  0.190027E-03  0.119133E-03
  0.490469E+00  0.853413E-04  0.120129E-03
  0.490922E+00  0.233390E-03  0.119670E-03
  0.491375E+00  0.596552E-04  0.121652E-03
  0.491827E+00  0.154253E-03  0.121937E-03
  0.492280E+00  0.524938E-04  0.121592E-03
  0.492733E+00  0.295067E-03  0.122740E-03
  0.493185E+00  0.142962E-03  0.122986E-03
  0.493638E+00 -0.300224E-06  0.123937E-03
  0.494091E+00  0.231156E-03  0.124487E-03
  0.494544E+00  0.644380E-04  0.124279E-03
  0.494996E+00  0.159494E-03  0.125657E-03
  0.495449E+00  0.276787E-03  0.126224E-03
  0.495902E+00  0.378944E-03  0.127058E-03
  0.496354E+00  0.151016E-03  0.126932E-03
  0.496807E+00  0.252782E-03  0.129046E-03
  0.497260E+00  0.129725E-03  0.128430E-03
  0.497713E+00  0.215635E-03  0.128132E-03
  0.498165E+00  0.287708E-03  0.130344E-03
  0.498618E+00  0.569201E-04  0.129519E-03
  0.499070E+00  0.177740E-03  0.131950E-03
  0.499523E+00  0.181168E-03  0.131936E-03
  0.499976E+00  0.394078E-05  0.131655E-03
  0.500428E+00  0.286700E-03  0.133443E-03
  0.500881E+00  0.502212E-04  0.133014E-03
  0.501334E+00  0.740057E-04  0.134622E-03
  0.501786E+00 -0.362704E-04  0.136011E-03
  0.502239E+00  0.118825E-03  0.134673E-03
  0.502691E+00  0.155291E-03  0.137225E-03
  0.503144E+00  0.205061E-03  0.137025E-03
  0.503597E+00  0.238701E-03  0.138151E-03
  0.504049E+00  0.271566E-03  0.139713E-03
  0.504502E+00  0.352066E-03  0.138668E-03
  0.504954E+00  0.385677E-03  0.140342E-03
  0.505407E+00  0.340443E-04  0.141543E-03
  0.505859E+00 -0.594219E-04  0.141462E-03
  0.506312E+00  0.161826E-03  0.144124E-03
  0.506764E+00  0.266093E-03  0.142998E-03
  0.507217E+00  0.309016E-03  0.143598E-03
  0.507670E+00 -0.151386E-03  0.145809E-03
  0.508122E+00 -0.157608E-03  0.145387E-03
  0.508575E+00  0.827178E-04  0.148670E-03
  0.509027E+00  0.217764E-03  0.147005E-03
  0.509480E+00  0.339998E-03  0.148769E-03
  0.509932E+00  0.441415E-04  0.149590E-03
  0.510385E+00  0.114894E-03  0.151189E-03
  0.510837E+00  0.374406E-03  0.153297E-03
  0.511290E+00  0.209885E-03  0.150840E-03
  0.511742E+00  0.426693E-03  0.154325E-03
  0.512194E+00  0.214108E-03  0.154116E-03
  0.512647E+00  0.508095E-04  0.155836E-03
  0.513099E+00 -0.122726E-03  0.156462E-03
  0.513552E+00  0.123850E-03  0.156926E-03
  0.514004E+00  0.173410E-03  0.158699E-03
  0.514457E+00  0.220347E-03  0.161033E-03
  0.514909E+00  0.311915E-03  0.160376E-03
  0.515362E+00 -0.178119E-04  0.161808E-03
  0.515814E+00  0.366788E-03  0.164066E-03
  0.516266E+00  0.269110E-03  0.164244E-03
  0.516719E+00  0.255779E-03  0.167017E-03
  0.517171E+00  0.200071E-03  0.166295E-03
  0.517624E+00  0.119389E-03  0.168216E-03
  0.518076E+00  0.287506E-03  0.169438E-03
  0.518528E+00  0.214134E-04  0.171145E-03
  0.518981E+00  0.111909E-03  0.172279E-03
----------HeVPNT3TruncChromX_Avg_crop.dat-----------------------------
Sample description: chromixs                                                    
Sample: chromixs  c= 0 mg/ml  Code: chromixs                                    
----------HeVPNT3TruncChromX_Avg_crop.dat-----------------------------
