0.00912193	0.191859E-01	0.597345E-03
0.00957803	0.196711E-01	0.614623E-03
0.0100341	0.193839E-01	0.483617E-03
0.0104902	0.188349E-01	0.435692E-03
0.0109463	0.198224E-01	0.435248E-03
0.0114024	0.194589E-01	0.380596E-03
0.0118585	0.194880E-01	0.369658E-03
0.0123146	0.186562E-01	0.364331E-03
0.0127707	0.186029E-01	0.301356E-03
0.0132268	0.188578E-01	0.304094E-03
0.0136829	0.185239E-01	0.277066E-03
0.014139	0.184449E-01	0.308490E-03
0.0145951	0.182477E-01	0.315672E-03
0.0150512	0.181892E-01	0.273723E-03
0.0155073	0.180541E-01	0.245401E-03
0.0159634	0.178900E-01	0.236993E-03
0.0164194	0.178754E-01	0.250826E-03
0.0168755	0.174754E-01	0.229769E-03
0.0173316	0.174715E-01	0.228020E-03
0.0177877	0.171913E-01	0.222203E-03
0.0182438	0.170998E-01	0.218210E-03
0.0186999	0.170013E-01	0.199699E-03
0.019156	0.169301E-01	0.212372E-03
0.0196121	0.165841E-01	0.189411E-03
0.0200682	0.165464E-01	0.207544E-03
0.0205243	0.161864E-01	0.183722E-03
0.0209804	0.161537E-01	0.196366E-03
0.0214365	0.156978E-01	0.169599E-03
0.0218925	0.157491E-01	0.183319E-03
0.0223486	0.154503E-01	0.186561E-03
0.0228047	0.151524E-01	0.171865E-03
0.0232608	0.151214E-01	0.182187E-03
0.0237169	0.152079E-01	0.174686E-03
0.024173	0.147254E-01	0.183853E-03
0.0246291	0.145418E-01	0.166679E-03
0.0250852	0.144570E-01	0.156982E-03
0.0255413	0.142131E-01	0.151383E-03
0.0259973	0.139682E-01	0.162221E-03
0.0264534	0.139154E-01	0.150209E-03
0.0269095	0.136072E-01	0.144806E-03
0.0273656	0.134903E-01	0.153218E-03
0.0278217	0.134929E-01	0.152958E-03
0.0282778	0.133343E-01	0.159826E-03
0.0287339	0.131514E-01	0.152731E-03
0.0291899	0.127345E-01	0.135809E-03
0.029646	0.126210E-01	0.155136E-03
0.0301021	0.123157E-01	0.134364E-03
0.0305582	0.121560E-01	0.136913E-03
0.0310143	0.122642E-01	0.138333E-03
0.0314704	0.120897E-01	0.150169E-03
0.0319265	0.118891E-01	0.137894E-03
0.0323825	0.117352E-01	0.131251E-03
0.0328386	0.112579E-01	0.130474E-03
0.0332947	0.112227E-01	0.130600E-03
0.0337508	0.111112E-01	0.123259E-03
0.0342069	0.107694E-01	0.116609E-03
0.0346629	0.106722E-01	0.137774E-03
0.035119	0.106183E-01	0.113360E-03
0.0355751	0.104437E-01	0.116351E-03
0.0360312	0.101556E-01	0.129530E-03
0.0364873	0.102375E-01	0.129828E-03
0.0369433	0.101350E-01	0.116629E-03
0.0373994	0.987411E-02	0.115230E-03
0.0378555	0.972831E-02	0.130485E-03
0.0383116	0.943981E-02	0.127661E-03
0.0387676	0.951121E-02	0.115148E-03
0.0392237	0.940586E-02	0.121138E-03
0.0396798	0.929438E-02	0.126099E-03
0.0401359	0.915283E-02	0.117033E-03
0.0405919	0.893565E-02	0.122326E-03
0.041048	0.873441E-02	0.107976E-03
0.0415041	0.860716E-02	0.103248E-03
0.0419602	0.855376E-02	0.104709E-03
0.0424162	0.831304E-02	0.106982E-03
0.0428723	0.840983E-02	0.111338E-03
0.0433284	0.811845E-02	0.109354E-03
0.0437845	0.803443E-02	0.114954E-03
0.0442405	0.792442E-02	0.107088E-03
0.0446966	0.789215E-02	0.110583E-03
0.0451527	0.773731E-02	0.943629E-04
0.0456087	0.772539E-02	0.103608E-03
0.0460648	0.765361E-02	0.103804E-03
0.0465209	0.737846E-02	0.996806E-04
0.0469769	0.745360E-02	0.108003E-03
0.047433	0.740196E-02	0.100878E-03
0.0478891	0.714614E-02	0.112050E-03
0.0483451	0.712523E-02	0.108373E-03
0.0488012	0.696088E-02	0.113185E-03
0.0492573	0.678225E-02	0.114749E-03
0.0497133	0.668621E-02	0.997784E-04
0.0501694	0.659444E-02	0.978075E-04
0.0506254	0.659574E-02	0.102271E-03
0.0510815	0.657746E-02	0.978486E-04
0.0515376	0.636767E-02	0.105365E-03
0.0519936	0.623816E-02	0.944139E-04
0.0524497	0.630133E-02	0.102535E-03
0.0529057	0.608748E-02	0.100217E-03
0.0533618	0.588896E-02	0.105626E-03
0.0538179	0.579879E-02	0.111841E-03
0.0542739	0.586982E-02	0.108175E-03
0.05473	0.586788E-02	0.111740E-03
0.055186	0.572144E-02	0.994489E-04
0.0556421	0.579327E-02	0.995406E-04
0.0560981	0.552932E-02	0.964755E-04
0.0565542	0.556124E-02	0.984055E-04
0.0570102	0.551887E-02	0.973870E-04
0.0574663	0.544744E-02	0.963724E-04
0.0579223	0.540428E-02	0.904899E-04
0.0583784	0.543343E-02	0.989992E-04
0.0588344	0.509486E-02	0.104833E-03
0.0592905	0.522285E-02	0.953143E-04
0.0597465	0.509253E-02	0.973887E-04
0.0602026	0.493763E-02	0.929186E-04
0.0606586	0.479362E-02	0.924272E-04
0.0611147	0.493778E-02	0.893701E-04
0.0615707	0.466141E-02	0.872167E-04
0.0620268	0.475209E-02	0.893685E-04
0.0624828	0.467097E-02	0.913956E-04
0.0629388	0.469991E-02	0.927146E-04
0.0633949	0.465973E-02	0.979634E-04
0.0638509	0.449731E-02	0.885334E-04
0.064307	0.461641E-02	0.858307E-04
0.064763	0.436955E-02	0.836026E-04
0.065219	0.437650E-02	0.856656E-04
0.0656751	0.434841E-02	0.761354E-04
0.0661311	0.424269E-02	0.941165E-04
0.0665872	0.427240E-02	0.867533E-04
0.0670432	0.410575E-02	0.850963E-04
0.0674992	0.424845E-02	0.851358E-04
0.0679553	0.407089E-02	0.838508E-04
0.0684113	0.402970E-02	0.855891E-04
0.0688673	0.402339E-02	0.798522E-04
0.0693234	0.395638E-02	0.832517E-04
0.0697794	0.385646E-02	0.859591E-04
0.0702354	0.370299E-02	0.806375E-04
0.0706914	0.381765E-02	0.876861E-04
0.0711475	0.382175E-02	0.891309E-04
0.0716035	0.367119E-02	0.801267E-04
0.0720595	0.364907E-02	0.757911E-04
0.0725155	0.363090E-02	0.794530E-04
0.0729716	0.360592E-02	0.850138E-04
0.0734276	0.361505E-02	0.871413E-04
0.0738836	0.359091E-02	0.801553E-04
0.0743396	0.356443E-02	0.892034E-04
0.0747956	0.340889E-02	0.829474E-04
0.0752517	0.344236E-02	0.884480E-04
0.0757077	0.342830E-02	0.929713E-04
0.0761637	0.340298E-02	0.856839E-04
0.0766197	0.332116E-02	0.943400E-04
0.0770757	0.328589E-02	0.815849E-04
0.0775317	0.336299E-02	0.812562E-04
0.0779878	0.321915E-02	0.808396E-04
0.0784438	0.325573E-02	0.876617E-04
0.0788998	0.332384E-02	0.878992E-04
0.0793558	0.307352E-02	0.805244E-04
0.0798118	0.310543E-02	0.698034E-04
0.0802678	0.316542E-02	0.841261E-04
0.0807238	0.294009E-02	0.791389E-04
0.0811798	0.299293E-02	0.789861E-04
0.0816358	0.302711E-02	0.804582E-04
0.0820918	0.297413E-02	0.863118E-04
0.0825478	0.300419E-02	0.748956E-04
0.0830038	0.286390E-02	0.834440E-04
0.0834598	0.288371E-02	0.782537E-04
0.0839158	0.295830E-02	0.820693E-04
0.0843718	0.287452E-02	0.768783E-04
0.0848278	0.272185E-02	0.851968E-04
0.0852838	0.264848E-02	0.822434E-04
0.0857398	0.266904E-02	0.779257E-04
0.0861958	0.276445E-02	0.783287E-04
0.0866518	0.262156E-02	0.771948E-04
0.0871078	0.255598E-02	0.729499E-04
0.0875638	0.268153E-02	0.875119E-04
0.0880198	0.253041E-02	0.830667E-04
0.0884758	0.253850E-02	0.731722E-04
0.0889318	0.257463E-02	0.865366E-04
0.0893878	0.252145E-02	0.782259E-04
0.0898437	0.244791E-02	0.781766E-04
0.0902997	0.241940E-02	0.832925E-04
0.0907557	0.248547E-02	0.849241E-04
0.0912117	0.247269E-02	0.858828E-04
0.0916677	0.236247E-02	0.779602E-04
0.0921236	0.234437E-02	0.744720E-04
0.0925796	0.238304E-02	0.813071E-04
0.0930356	0.226433E-02	0.760999E-04
0.0934916	0.238858E-02	0.767589E-04
0.0939476	0.228116E-02	0.817029E-04
0.0944035	0.223493E-02	0.779913E-04
0.0948595	0.230117E-02	0.756349E-04
0.0953155	0.224376E-02	0.763763E-04
0.0957714	0.225916E-02	0.721765E-04
0.0962274	0.223266E-02	0.764716E-04
0.0966834	0.216945E-02	0.756397E-04
0.0971393	0.202623E-02	0.826959E-04
0.0975953	0.215055E-02	0.784356E-04
0.0980513	0.209208E-02	0.847155E-04
0.0985072	0.212720E-02	0.769896E-04
0.0989632	0.198716E-02	0.830667E-04
0.0994192	0.202817E-02	0.833152E-04
0.0998751	0.214205E-02	0.798567E-04
0.100331	0.207465E-02	0.753402E-04
0.100787	0.205138E-02	0.738442E-04
0.101243	0.207975E-02	0.738228E-04
0.101699	0.198392E-02	0.791507E-04
0.102155	0.188349E-02	0.674345E-04
0.102611	0.198765E-02	0.802209E-04
0.103067	0.191291E-02	0.721540E-04
0.103523	0.194755E-02	0.790996E-04
0.103979	0.187400E-02	0.744041E-04
0.104435	0.191288E-02	0.728609E-04
0.104891	0.188261E-02	0.803895E-04
0.105347	0.187558E-02	0.729496E-04
0.105802	0.190212E-02	0.720228E-04
0.106258	0.192010E-02	0.808931E-04
0.106714	0.182379E-02	0.705899E-04
0.10717	0.184984E-02	0.787456E-04
0.107626	0.177071E-02	0.741472E-04
0.108082	0.180161E-02	0.794122E-04
0.108538	0.169376E-02	0.780020E-04
0.108994	0.175640E-02	0.806889E-04
0.10945	0.177169E-02	0.744110E-04
0.109906	0.173967E-02	0.834104E-04
0.110362	0.167541E-02	0.738400E-04
0.110818	0.166790E-02	0.802354E-04
0.111274	0.167088E-02	0.811647E-04
0.11173	0.171473E-02	0.840637E-04
0.112186	0.167710E-02	0.862119E-04
0.112641	0.160648E-02	0.850252E-04
0.113097	0.162928E-02	0.795444E-04
0.113553	0.161277E-02	0.722229E-04
0.114009	0.164644E-02	0.842126E-04
0.114465	0.161329E-02	0.807445E-04
0.114921	0.159497E-02	0.753857E-04
0.115377	0.161134E-02	0.731440E-04
0.115833	0.154672E-02	0.911463E-04
0.116289	0.156714E-02	0.799814E-04
0.116745	0.147152E-02	0.884262E-04
0.117201	0.148938E-02	0.769579E-04
0.117656	0.145226E-02	0.785812E-04
0.118112	0.152461E-02	0.864776E-04
0.118568	0.144407E-02	0.802787E-04
0.119024	0.151061E-02	0.854682E-04
0.11948	0.147492E-02	0.786889E-04
0.119936	0.142693E-02	0.789150E-04
0.120392	0.149560E-02	0.770546E-04
0.120848	0.139365E-02	0.783643E-04
0.121304	0.142578E-02	0.845990E-04
0.12176	0.138628E-02	0.832689E-04
0.122215	0.138809E-02	0.706110E-04
0.122671	0.141402E-02	0.816139E-04
0.123127	0.148929E-02	0.850608E-04
0.123583	0.131978E-02	0.734999E-04
0.124039	0.138474E-02	0.783737E-04
0.124495	0.142382E-02	0.830295E-04
0.124951	0.134199E-02	0.785842E-04
0.125407	0.141943E-02	0.799956E-04
0.125863	0.134949E-02	0.809160E-04
0.126318	0.119458E-02	0.742731E-04
0.126774	0.130884E-02	0.743188E-04
0.12723	0.134827E-02	0.785649E-04
0.127686	0.119997E-02	0.797253E-04
0.128142	0.127351E-02	0.696657E-04
0.128598	0.130591E-02	0.796505E-04
0.129054	0.119385E-02	0.771524E-04
0.129509	0.125475E-02	0.781503E-04
0.129965	0.133444E-02	0.767973E-04
0.130421	0.122909E-02	0.796819E-04
0.130877	0.131837E-02	0.769283E-04
0.131333	0.124387E-02	0.734439E-04
0.131789	0.117195E-02	0.799522E-04
0.132245	0.124853E-02	0.781009E-04
0.1327	0.115338E-02	0.852481E-04
0.133156	0.121680E-02	0.820580E-04
0.133612	0.119954E-02	0.913393E-04
0.134068	0.116035E-02	0.824970E-04
0.134524	0.123888E-02	0.750772E-04
0.13498	0.112413E-02	0.781874E-04
0.135436	0.116042E-02	0.838242E-04
0.135891	0.123894E-02	0.813952E-04
0.136347	0.114267E-02	0.768681E-04
0.136803	0.112176E-02	0.807118E-04
0.137259	0.110251E-02	0.763164E-04
0.137715	0.107092E-02	0.769506E-04
0.138171	0.118855E-02	0.827198E-04
0.138626	0.104862E-02	0.777487E-04
0.139082	0.109564E-02	0.877701E-04
0.139538	0.112931E-02	0.778221E-04
0.139994	0.114391E-02	0.736460E-04
0.14045	0.104638E-02	0.737923E-04
0.140906	0.113125E-02	0.794321E-04
0.141361	0.102329E-02	0.753894E-04
0.141817	0.105579E-02	0.727843E-04
0.142273	0.120457E-02	0.847540E-04
0.142729	0.995701E-03	0.772082E-04
0.143185	0.114791E-02	0.768766E-04
0.14364	0.108430E-02	0.881006E-04
0.144096	0.917399E-03	0.760491E-04
0.144552	0.109114E-02	0.759491E-04
0.145008	0.913248E-03	0.717993E-04
0.145464	0.985616E-03	0.785291E-04
0.145919	0.113429E-02	0.790144E-04
0.146375	0.967893E-03	0.784329E-04
0.146831	0.964260E-03	0.839672E-04
0.147287	0.958943E-03	0.785644E-04
0.147743	0.926625E-03	0.771772E-04
0.148198	0.982561E-03	0.709791E-04
0.148654	0.967267E-03	0.768408E-04
0.14911	0.100475E-02	0.776580E-04
0.149566	0.978847E-03	0.711360E-04
0.150022	0.970356E-03	0.695060E-04
0.150477	0.101012E-02	0.791346E-04
0.150933	0.977613E-03	0.695909E-04
0.151389	0.108040E-02	0.743204E-04
0.151845	0.905586E-03	0.692084E-04
0.152301	0.927218E-03	0.766665E-04
0.152756	0.957403E-03	0.733337E-04
0.153212	0.830775E-03	0.732432E-04
0.153668	0.916651E-03	0.789860E-04
0.154124	0.998471E-03	0.720061E-04
0.154579	0.920183E-03	0.791355E-04
0.155035	0.864567E-03	0.723020E-04
0.155491	0.821767E-03	0.712640E-04
0.155947	0.938790E-03	0.702184E-04
0.156402	0.867881E-03	0.684529E-04
0.156858	0.831039E-03	0.773333E-04
0.157314	0.898439E-03	0.780168E-04
0.15777	0.847464E-03	0.794874E-04
0.158225	0.887710E-03	0.699931E-04
0.158681	0.792889E-03	0.781250E-04
0.159137	0.843491E-03	0.721065E-04
0.159593	0.891122E-03	0.744303E-04
0.160048	0.895110E-03	0.762075E-04
0.160504	0.854653E-03	0.782563E-04
0.16096	0.925954E-03	0.765264E-04
0.161416	0.755190E-03	0.838804E-04
0.161871	0.864435E-03	0.846424E-04
0.162327	0.982518E-03	0.688297E-04
0.162783	0.806840E-03	0.719366E-04
0.163239	0.787656E-03	0.740508E-04
0.163694	0.859032E-03	0.813175E-04
0.16415	0.854791E-03	0.722974E-04
0.164606	0.838534E-03	0.739552E-04
0.165061	0.827826E-03	0.800544E-04
0.165517	0.740783E-03	0.770138E-04
0.165973	0.808243E-03	0.697818E-04
0.166429	0.745539E-03	0.748010E-04
0.166884	0.903230E-03	0.767471E-04
0.16734	0.884445E-03	0.712537E-04
0.167796	0.832830E-03	0.678466E-04
0.168251	0.792243E-03	0.756308E-04
0.168707	0.670124E-03	0.683433E-04
0.169163	0.754017E-03	0.736537E-04
0.169619	0.837157E-03	0.681787E-04
0.170074	0.766464E-03	0.743634E-04
0.17053	0.791903E-03	0.842090E-04
0.170986	0.746591E-03	0.683292E-04
0.171441	0.772833E-03	0.736749E-04
0.171897	0.891160E-03	0.743208E-04
0.172353	0.819410E-03	0.742390E-04
0.172808	0.756822E-03	0.670819E-04
0.173264	0.758379E-03	0.782934E-04
0.17372	0.805748E-03	0.792724E-04
0.174175	0.736961E-03	0.791377E-04
0.174631	0.718494E-03	0.715554E-04
0.175087	0.759924E-03	0.778163E-04
0.175542	0.735301E-03	0.840021E-04
0.175998	0.645629E-03	0.748228E-04
0.176454	0.743077E-03	0.752994E-04
0.176909	0.678384E-03	0.762439E-04
0.177365	0.740049E-03	0.833899E-04
0.177821	0.666028E-03	0.730385E-04
0.178276	0.743798E-03	0.763604E-04
0.178732	0.625504E-03	0.817693E-04
0.179188	0.758002E-03	0.790616E-04
0.179643	0.732949E-03	0.781354E-04
0.180099	0.581155E-03	0.754513E-04
0.180555	0.719127E-03	0.753861E-04
0.18101	0.682684E-03	0.843320E-04
0.181466	0.689179E-03	0.736434E-04
0.181922	0.593026E-03	0.803270E-04
0.182377	0.664093E-03	0.849279E-04
0.182833	0.829485E-03	0.838328E-04
0.183288	0.610386E-03	0.796227E-04
0.183744	0.715871E-03	0.788671E-04
0.1842	0.704141E-03	0.725954E-04
0.184655	0.684510E-03	0.823782E-04
0.185111	0.610166E-03	0.784752E-04
0.185567	0.650632E-03	0.767796E-04
0.186022	0.554032E-03	0.740687E-04
0.186478	0.710461E-03	0.791095E-04
0.186933	0.697985E-03	0.749054E-04
0.187389	0.711774E-03	0.745074E-04
0.187845	0.703755E-03	0.714248E-04
0.1883	0.768517E-03	0.823259E-04
0.188756	0.682735E-03	0.757385E-04
0.189211	0.613957E-03	0.691679E-04
0.189667	0.663017E-03	0.714497E-04
0.190123	0.611201E-03	0.716955E-04
0.190578	0.688644E-03	0.807527E-04
0.191034	0.652137E-03	0.710190E-04
0.191489	0.611256E-03	0.805827E-04
0.191945	0.687222E-03	0.770038E-04
0.192401	0.492951E-03	0.730133E-04
0.192856	0.603425E-03	0.695002E-04
0.193312	0.592093E-03	0.800769E-04
0.193767	0.644318E-03	0.698404E-04
0.194223	0.604079E-03	0.675569E-04
0.194679	0.659142E-03	0.757640E-04
0.195134	0.658249E-03	0.773450E-04
0.19559	0.563560E-03	0.707936E-04
0.196045	0.594681E-03	0.714248E-04
0.196501	0.609812E-03	0.720152E-04
0.196956	0.539772E-03	0.690511E-04
0.197412	0.578293E-03	0.774186E-04
0.197867	0.553950E-03	0.679749E-04
0.198323	0.681227E-03	0.711097E-04
0.198779	0.665546E-03	0.722318E-04
0.199234	0.600190E-03	0.729600E-04
0.19969	0.550656E-03	0.704934E-04
0.200145	0.567052E-03	0.747887E-04
0.200601	0.714008E-03	0.674127E-04
0.201056	0.519120E-03	0.724868E-04
0.201512	0.534578E-03	0.701021E-04
0.201967	0.655077E-03	0.788311E-04
0.202423	0.576229E-03	0.654627E-04
0.202878	0.471344E-03	0.722545E-04
0.203334	0.510936E-03	0.737149E-04
0.203789	0.526397E-03	0.665561E-04
0.204245	0.613444E-03	0.796116E-04
0.2047	0.540838E-03	0.696935E-04
0.205156	0.588164E-03	0.675105E-04
0.205612	0.548119E-03	0.688999E-04
0.206067	0.554256E-03	0.718509E-04
0.206523	0.641282E-03	0.646011E-04
0.206978	0.587079E-03	0.680890E-04
0.207434	0.508322E-03	0.649267E-04
0.207889	0.428299E-03	0.615163E-04
0.208345	0.585405E-03	0.699068E-04
0.2088	0.475060E-03	0.689661E-04
0.209256	0.565417E-03	0.695530E-04
0.209711	0.536357E-03	0.726237E-04
0.210166	0.563176E-03	0.655737E-04
0.210622	0.563981E-03	0.722361E-04
0.211077	0.555018E-03	0.656762E-04
0.211533	0.589643E-03	0.742253E-04
0.211988	0.596240E-03	0.749874E-04
0.212444	0.607409E-03	0.721042E-04
0.212899	0.478291E-03	0.649545E-04
0.213355	0.490312E-03	0.691675E-04
0.21381	0.540918E-03	0.662964E-04
0.214266	0.442109E-03	0.745063E-04
0.214721	0.538061E-03	0.671896E-04
0.215177	0.516818E-03	0.688155E-04
0.215632	0.581907E-03	0.685489E-04
0.216088	0.543429E-03	0.648291E-04
0.216543	0.567827E-03	0.736004E-04
0.216998	0.488266E-03	0.670660E-04
0.217454	0.544452E-03	0.657716E-04
0.217909	0.551442E-03	0.628796E-04
0.218365	0.540267E-03	0.681578E-04
0.21882	0.514195E-03	0.690908E-04
0.219276	0.577942E-03	0.713535E-04
0.219731	0.428246E-03	0.717121E-04
0.220186	0.420975E-03	0.685319E-04
0.220642	0.546676E-03	0.740796E-04
0.221097	0.517761E-03	0.628135E-04
0.221553	0.432168E-03	0.645166E-04
0.222008	0.488480E-03	0.639980E-04
0.222464	0.470851E-03	0.725156E-04
0.222919	0.483930E-03	0.640039E-04
0.223374	0.422436E-03	0.593422E-04
0.22383	0.616174E-03	0.625397E-04
0.224285	0.576568E-03	0.656807E-04
0.224741	0.616995E-03	0.741586E-04
0.225196	0.494808E-03	0.654832E-04
0.225651	0.434175E-03	0.649434E-04
0.226107	0.474284E-03	0.752177E-04
0.226562	0.470242E-03	0.649959E-04
0.227018	0.433269E-03	0.682738E-04
0.227473	0.499489E-03	0.683355E-04
0.227928	0.524484E-03	0.627604E-04
0.228384	0.422084E-03	0.688474E-04
0.228839	0.452340E-03	0.690143E-04
0.229294	0.460962E-03	0.623496E-04
0.22975	0.451083E-03	0.696706E-04
0.230205	0.503798E-03	0.710846E-04
0.230661	0.522887E-03	0.629442E-04
0.231116	0.458280E-03	0.735145E-04
0.231571	0.464963E-03	0.650361E-04
0.232027	0.457713E-03	0.642896E-04
0.232482	0.450989E-03	0.650184E-04
0.232937	0.439161E-03	0.677873E-04
0.233393	0.458201E-03	0.669090E-04
0.233848	0.410010E-03	0.688118E-04
0.234303	0.417602E-03	0.710266E-04
0.234759	0.426780E-03	0.612217E-04
0.235214	0.384091E-03	0.599278E-04
0.235669	0.432279E-03	0.626201E-04
0.236125	0.451954E-03	0.650652E-04
0.23658	0.491540E-03	0.665322E-04
0.237035	0.417300E-03	0.710669E-04
0.237491	0.491937E-03	0.688780E-04
0.237946	0.412744E-03	0.685296E-04
0.238401	0.361537E-03	0.760951E-04
0.238856	0.503135E-03	0.609396E-04
0.239312	0.466316E-03	0.681620E-04
0.239767	0.511500E-03	0.631518E-04
0.240222	0.372784E-03	0.717392E-04
0.240678	0.500889E-03	0.632165E-04
0.241133	0.502897E-03	0.668254E-04
0.241588	0.373556E-03	0.662160E-04
0.242044	0.493034E-03	0.604340E-04
0.242499	0.399253E-03	0.595945E-04
0.242954	0.481619E-03	0.627213E-04
0.243409	0.431987E-03	0.696190E-04
0.243865	0.481693E-03	0.663795E-04
0.24432	0.406298E-03	0.620764E-04
0.244775	0.424018E-03	0.626134E-04
0.24523	0.437726E-03	0.612089E-04
0.245686	0.337865E-03	0.633664E-04
0.246141	0.443232E-03	0.695497E-04
0.246596	0.317606E-03	0.681525E-04
0.247052	0.416819E-03	0.621775E-04
0.247507	0.322015E-03	0.652215E-04
0.247962	0.461338E-03	0.687555E-04
0.248417	0.416084E-03	0.613310E-04
0.248872	0.457043E-03	0.618288E-04
0.249328	0.403702E-03	0.626424E-04
0.249783	0.319646E-03	0.737845E-04
0.250238	0.375965E-03	0.600503E-04
0.250693	0.374182E-03	0.633186E-04
0.251149	0.444810E-03	0.646600E-04
0.251604	0.391334E-03	0.677366E-04
0.252059	0.423829E-03	0.658426E-04
0.252514	0.405857E-03	0.649307E-04
0.252969	0.451746E-03	0.670740E-04
0.253425	0.409659E-03	0.597395E-04
0.25388	0.409584E-03	0.609118E-04
0.254335	0.358685E-03	0.586647E-04
0.25479	0.449119E-03	0.641031E-04
0.255246	0.356099E-03	0.644252E-04
0.255701	0.288112E-03	0.680442E-04
0.256156	0.395868E-03	0.653329E-04
0.256611	0.412983E-03	0.643603E-04
0.257066	0.375477E-03	0.608126E-04
0.257521	0.284082E-03	0.659268E-04
0.257977	0.412822E-03	0.650086E-04
0.258432	0.340937E-03	0.622099E-04
0.258887	0.341447E-03	0.623373E-04
0.259342	0.402980E-03	0.669459E-04
0.259797	0.418078E-03	0.631994E-04
0.260252	0.420952E-03	0.665487E-04
0.260708	0.383527E-03	0.655968E-04
0.261163	0.390121E-03	0.655316E-04
0.261618	0.384832E-03	0.673318E-04
0.262073	0.372611E-03	0.683657E-04
0.262528	0.441883E-03	0.648964E-04
0.262983	0.345546E-03	0.641458E-04
0.263438	0.360757E-03	0.669521E-04
0.263894	0.485853E-03	0.659431E-04
0.264349	0.297453E-03	0.637211E-04
0.264804	0.318188E-03	0.644547E-04
0.265259	0.335365E-03	0.638709E-04
0.265714	0.344565E-03	0.622028E-04
0.266169	0.400394E-03	0.590816E-04
0.266624	0.308748E-03	0.653804E-04
0.267079	0.457730E-03	0.616677E-04
0.267535	0.384166E-03	0.653312E-04
0.26799	0.387277E-03	0.620679E-04
0.268445	0.323436E-03	0.660210E-04
0.2689	0.444836E-03	0.622572E-04
0.269355	0.335671E-03	0.625683E-04
0.26981	0.339328E-03	0.595395E-04
0.270265	0.307856E-03	0.602401E-04
0.27072	0.400149E-03	0.620246E-04
0.271175	0.338147E-03	0.666603E-04
0.27163	0.276874E-03	0.620167E-04
0.272085	0.353000E-03	0.739362E-04
0.27254	0.367688E-03	0.694897E-04
0.272996	0.351974E-03	0.688041E-04
0.273451	0.316665E-03	0.667027E-04
0.273906	0.325711E-03	0.666782E-04
0.274361	0.421213E-03	0.609832E-04
0.274816	0.353104E-03	0.602037E-04
0.275271	0.340823E-03	0.646873E-04
0.275726	0.340984E-03	0.578528E-04
0.276181	0.401218E-03	0.637049E-04
0.276636	0.414403E-03	0.654671E-04
0.277091	0.385789E-03	0.725361E-04
0.277546	0.326975E-03	0.596005E-04
0.278001	0.349292E-03	0.614299E-04
0.278456	0.357863E-03	0.628570E-04
0.278911	0.378860E-03	0.660415E-04
0.279366	0.370093E-03	0.622802E-04
0.279821	0.320934E-03	0.589242E-04
0.280276	0.404468E-03	0.635231E-04
0.280731	0.380618E-03	0.614056E-04
0.281186	0.279911E-03	0.589852E-04
0.281641	0.275972E-03	0.576935E-04
0.282096	0.351174E-03	0.570890E-04
0.282551	0.292627E-03	0.732291E-04
0.283006	0.272399E-03	0.596250E-04
0.283461	0.406373E-03	0.577419E-04
0.283916	0.339510E-03	0.548792E-04
0.284371	0.329680E-03	0.676297E-04
0.284826	0.317301E-03	0.618023E-04
0.285281	0.350389E-03	0.621296E-04
0.285736	0.340940E-03	0.636319E-04
0.286191	0.365425E-03	0.609088E-04
0.286646	0.284578E-03	0.622376E-04
0.287101	0.269244E-03	0.627375E-04
0.287556	0.271713E-03	0.639343E-04
0.288011	0.390200E-03	0.573719E-04
0.288466	0.349341E-03	0.606229E-04
0.288921	0.308969E-03	0.595277E-04
0.289376	0.326604E-03	0.606585E-04
0.28983	0.360366E-03	0.585871E-04
0.290285	0.356682E-03	0.548103E-04
0.29074	0.308317E-03	0.609561E-04
0.291195	0.306155E-03	0.581593E-04
0.29165	0.351745E-03	0.636633E-04
0.292105	0.344538E-03	0.588643E-04
0.29256	0.294888E-03	0.588082E-04
0.293015	0.275878E-03	0.612664E-04
0.29347	0.317032E-03	0.633172E-04
0.293925	0.295377E-03	0.657355E-04
0.29438	0.466263E-03	0.653378E-04
0.294835	0.302652E-03	0.672764E-04
0.295289	0.239340E-03	0.644068E-04
0.295744	0.315885E-03	0.648491E-04
0.296199	0.307938E-03	0.666097E-04
0.296654	0.344285E-03	0.583150E-04
0.297109	0.415025E-03	0.593150E-04
0.297564	0.330782E-03	0.656022E-04
0.298019	0.203489E-03	0.676888E-04
0.298474	0.240886E-03	0.689826E-04
0.298928	0.314612E-03	0.640146E-04
0.299383	0.283022E-03	0.672466E-04
0.299838	0.382735E-03	0.619334E-04
0.300293	0.324057E-03	0.638719E-04
0.300748	0.335493E-03	0.688734E-04
0.301203	0.312167E-03	0.626360E-04
0.301657	0.364349E-03	0.601389E-04
0.302112	0.400508E-03	0.730406E-04
0.302567	0.260822E-03	0.645545E-04
0.303022	0.239372E-03	0.671664E-04
0.303477	0.304795E-03	0.657360E-04
0.303932	0.296812E-03	0.706264E-04
0.304386	0.256933E-03	0.657557E-04
0.304841	0.307297E-03	0.731563E-04
0.305296	0.330009E-03	0.681197E-04
0.305751	0.343027E-03	0.627727E-04
0.306206	0.293313E-03	0.689946E-04
0.30666	0.457871E-03	0.648417E-04
0.307115	0.300038E-03	0.615525E-04
0.30757	0.294867E-03	0.672017E-04
0.308025	0.386212E-03	0.625498E-04
0.30848	0.237287E-03	0.661057E-04
0.308934	0.368933E-03	0.690714E-04
0.309389	0.381577E-03	0.657071E-04
0.309844	0.190323E-03	0.569111E-04
0.310299	0.291899E-03	0.714674E-04
0.310753	0.305846E-03	0.677214E-04
0.311208	0.367154E-03	0.559098E-04
0.311663	0.285992E-03	0.602468E-04
0.312118	0.288343E-03	0.706453E-04
0.312572	0.250104E-03	0.622652E-04
0.313027	0.214618E-03	0.618185E-04
0.313482	0.269833E-03	0.636376E-04
0.313937	0.297438E-03	0.682723E-04
0.314391	0.282335E-03	0.614985E-04
0.314846	0.325973E-03	0.650046E-04
0.315301	0.313540E-03	0.645367E-04
0.315756	0.271909E-03	0.580518E-04
0.31621	0.342502E-03	0.658828E-04
0.316665	0.298078E-03	0.661285E-04
0.31712	0.277743E-03	0.658785E-04
0.317574	0.302498E-03	0.586346E-04
0.318029	0.307222E-03	0.619979E-04
0.318484	0.288982E-03	0.549723E-04
0.318938	0.257598E-03	0.607901E-04
0.319393	0.326335E-03	0.626293E-04
0.319848	0.181666E-03	0.595999E-04
0.320302	0.220327E-03	0.664362E-04
0.320757	0.314814E-03	0.553512E-04
0.321212	0.230574E-03	0.648149E-04
0.321666	0.260369E-03	0.628190E-04
0.322121	0.243572E-03	0.702391E-04
0.322576	0.343014E-03	0.628386E-04
0.32303	0.188845E-03	0.621688E-04
0.323485	0.319434E-03	0.574509E-04
0.32394	0.338235E-03	0.537886E-04
0.324394	0.321368E-03	0.581160E-04
0.324849	0.262286E-03	0.605183E-04
0.325304	0.346769E-03	0.575016E-04
0.325758	0.240024E-03	0.571402E-04
0.326213	0.276884E-03	0.626414E-04
0.326668	0.248393E-03	0.610497E-04
0.327122	0.270229E-03	0.613196E-04
0.327577	0.175908E-03	0.611004E-04
0.328031	0.253285E-03	0.567156E-04
0.328486	0.314369E-03	0.592621E-04
0.328941	0.273970E-03	0.530867E-04
0.329395	0.228171E-03	0.646203E-04
0.32985	0.374647E-03	0.580855E-04
0.330304	0.219818E-03	0.576191E-04
0.330759	0.237623E-03	0.591544E-04
0.331213	0.261831E-03	0.589890E-04
0.331668	0.219276E-03	0.623428E-04
0.332123	0.269260E-03	0.659050E-04
0.332577	0.298168E-03	0.611665E-04
0.333032	0.260330E-03	0.581468E-04
0.333486	0.219131E-03	0.510901E-04
0.333941	0.304815E-03	0.592982E-04
0.334395	0.164394E-03	0.603741E-04
0.33485	0.330605E-03	0.641507E-04
0.335305	0.278056E-03	0.647399E-04
0.335759	0.367615E-03	0.585788E-04
0.336214	0.218678E-03	0.610557E-04
0.336668	0.206430E-03	0.540336E-04
0.337123	0.216438E-03	0.541822E-04
0.337577	0.317855E-03	0.543176E-04
0.338032	0.323368E-03	0.618116E-04
0.338486	0.209743E-03	0.585817E-04
0.338941	0.280250E-03	0.532395E-04
0.339395	0.304094E-03	0.563954E-04
0.33985	0.201952E-03	0.605634E-04
0.340304	0.300726E-03	0.665971E-04
0.340759	0.253775E-03	0.563602E-04
0.341213	0.258931E-03	0.621979E-04
0.341668	0.226101E-03	0.538810E-04
0.342122	0.247613E-03	0.616274E-04
0.342577	0.333009E-03	0.599477E-04
0.343031	0.252843E-03	0.548613E-04
0.343486	0.288108E-03	0.552467E-04
0.34394	0.259276E-03	0.639362E-04
0.344394	0.235562E-03	0.606750E-04
0.344849	0.269399E-03	0.578538E-04
0.345303	0.300212E-03	0.558041E-04
0.345758	0.202609E-03	0.587819E-04
0.346212	0.189530E-03	0.531132E-04
0.346667	0.247452E-03	0.603305E-04
0.347121	0.237948E-03	0.594465E-04
0.347575	0.237162E-03	0.565472E-04
0.34803	0.231684E-03	0.604915E-04
0.348484	0.249641E-03	0.586742E-04
0.348939	0.215058E-03	0.615355E-04
0.349393	0.226536E-03	0.569544E-04
0.349848	0.274408E-03	0.586060E-04
0.350302	0.217708E-03	0.605356E-04
0.350756	0.105574E-03	0.569593E-04
0.351211	0.194721E-03	0.590822E-04
0.351665	0.150963E-03	0.603017E-04
0.352119	0.182641E-03	0.575772E-04
0.352574	0.275667E-03	0.560903E-04
0.353028	0.234031E-03	0.533210E-04
0.353483	0.256399E-03	0.568738E-04
0.353937	0.213810E-03	0.536222E-04
0.354391	0.257946E-03	0.562908E-04
0.354846	0.315327E-03	0.528073E-04
0.3553	0.237438E-03	0.554949E-04
0.355754	0.268933E-03	0.581067E-04
0.356209	0.245049E-03	0.571484E-04
0.356663	0.252926E-03	0.626381E-04
0.357117	0.239986E-03	0.495173E-04
0.357572	0.225013E-03	0.572713E-04
0.358026	0.311732E-03	0.567764E-04
0.35848	0.242320E-03	0.520540E-04
0.358935	0.214297E-03	0.556928E-04
0.359389	0.263887E-03	0.527801E-04
0.359843	0.203078E-03	0.588808E-04
0.360298	0.284713E-03	0.556678E-04
0.360752	0.250870E-03	0.529720E-04
0.361206	0.219884E-03	0.538221E-04
0.36166	0.147261E-03	0.586444E-04
0.362115	0.146522E-03	0.627545E-04
0.362569	0.262895E-03	0.601305E-04
0.363023	0.211735E-03	0.580414E-04
0.363478	0.181045E-03	0.537345E-04
0.363932	0.243534E-03	0.509805E-04
0.364386	0.305752E-03	0.518664E-04
0.36484	0.264270E-03	0.572056E-04
0.365295	0.259816E-03	0.592501E-04
0.365749	0.261918E-03	0.560309E-04
0.366203	0.187740E-03	0.550989E-04
0.366657	0.233299E-03	0.575468E-04
0.367112	0.266919E-03	0.635745E-04
0.367566	0.228825E-03	0.549085E-04
0.36802	0.236514E-03	0.625557E-04
0.368474	0.178133E-03	0.547452E-04
0.368928	0.167829E-03	0.586507E-04
0.369383	0.271985E-03	0.618150E-04
0.369837	0.257026E-03	0.626195E-04
0.370291	0.243864E-03	0.562371E-04
0.370745	0.292115E-03	0.600894E-04
0.371199	0.149388E-03	0.631782E-04
0.371654	0.258328E-03	0.654803E-04
0.372108	0.217082E-03	0.566047E-04
0.372562	0.148947E-03	0.672180E-04
0.373016	0.263295E-03	0.590972E-04
0.37347	0.289591E-03	0.613967E-04
0.373924	0.292912E-03	0.617848E-04
0.374379	0.223345E-03	0.589318E-04
0.374833	0.243102E-03	0.641251E-04
0.375287	0.168052E-03	0.610886E-04
0.375741	0.244124E-03	0.616798E-04
0.376195	0.212808E-03	0.590222E-04
0.376649	0.158297E-03	0.593837E-04
0.377103	0.185836E-03	0.579324E-04
0.377558	0.199865E-03	0.608475E-04
0.378012	0.198749E-03	0.624336E-04
0.378466	0.270636E-03	0.661140E-04
0.37892	0.238890E-03	0.631684E-04
0.379374	0.325735E-03	0.666683E-04
0.379828	0.250950E-03	0.636326E-04
0.380282	0.249720E-03	0.622131E-04
0.380736	0.264714E-03	0.634527E-04
0.38119	0.224566E-03	0.567477E-04
0.381644	0.199411E-03	0.638496E-04
0.382099	0.223249E-03	0.610213E-04
0.382553	0.230576E-03	0.648051E-04
0.383007	0.283501E-03	0.606517E-04
0.383461	0.203562E-03	0.574872E-04
0.383915	0.187329E-03	0.631184E-04
0.384369	0.181647E-03	0.707466E-04
0.384823	0.173202E-03	0.608601E-04
0.385277	0.114734E-03	0.628743E-04
0.385731	0.256736E-03	0.615267E-04
0.386185	0.223480E-03	0.622094E-04
0.386639	0.224064E-03	0.690037E-04
0.387093	0.240061E-03	0.662629E-04
0.387547	0.251108E-03	0.627574E-04
0.388001	0.178661E-03	0.596535E-04
0.388455	0.259403E-03	0.578717E-04
0.388909	0.263322E-03	0.733028E-04
0.389363	0.212850E-03	0.609251E-04
0.389817	0.247173E-03	0.612566E-04
0.390271	0.164738E-03	0.618161E-04
0.390725	0.996038E-04	0.675463E-04
0.391179	0.195032E-03	0.603727E-04
0.391633	0.230873E-03	0.652922E-04
0.392087	0.180857E-03	0.610897E-04
0.392541	0.235634E-03	0.632950E-04
0.392995	0.205912E-03	0.660447E-04
0.393449	0.111726E-03	0.691309E-04
0.393903	0.169399E-03	0.700201E-04
0.394357	0.144435E-03	0.639742E-04
0.394811	0.165488E-03	0.647727E-04
0.395265	0.189398E-03	0.651695E-04
0.395719	0.172258E-03	0.610318E-04
0.396173	0.217906E-03	0.759377E-04
0.396626	0.182024E-03	0.608524E-04
0.39708	0.238938E-03	0.627543E-04
0.397534	0.225676E-03	0.695574E-04
0.397988	0.117581E-03	0.751098E-04
0.398442	0.226404E-03	0.598332E-04
0.398896	0.193735E-03	0.619501E-04
0.39935	0.213433E-03	0.695470E-04
0.399804	0.262409E-03	0.690422E-04
0.400258	0.264255E-03	0.680559E-04
0.400711	0.260277E-03	0.655511E-04
0.401165	0.150397E-03	0.636739E-04
0.401619	0.309581E-03	0.620701E-04
0.402073	0.174725E-03	0.600408E-04
0.402527	0.226989E-03	0.624059E-04
0.402981	0.268226E-03	0.676434E-04
0.403435	0.183845E-03	0.674602E-04
0.403888	0.236969E-03	0.685051E-04
0.404342	0.171476E-03	0.673737E-04
0.404796	0.255082E-03	0.632557E-04
0.40525	0.880221E-04	0.663609E-04
0.405704	0.181263E-03	0.640455E-04
0.406158	0.112168E-03	0.714655E-04
0.406611	0.260118E-03	0.637281E-04
0.407065	0.175399E-03	0.687904E-04
0.407519	0.150034E-03	0.659946E-04
0.407973	0.296296E-03	0.668533E-04
0.408427	0.194631E-03	0.615882E-04
0.40888	0.236223E-03	0.610107E-04
0.409334	0.108517E-03	0.577395E-04
0.409788	0.110119E-03	0.636574E-04
0.410242	0.154932E-03	0.669061E-04
0.410695	0.184452E-03	0.688957E-04
0.411149	0.186360E-03	0.611297E-04
0.411603	0.172295E-03	0.648747E-04
0.412057	0.210099E-03	0.639728E-04
0.41251	0.266545E-03	0.623434E-04
0.412964	0.223541E-03	0.680026E-04
0.413418	0.195225E-03	0.629162E-04
0.413872	0.187628E-03	0.701435E-04
0.414325	0.171500E-03	0.616016E-04
0.414779	0.151680E-03	0.625351E-04
0.415233	0.189375E-03	0.673025E-04
0.415686	0.158726E-03	0.700800E-04
0.41614	0.192496E-03	0.679676E-04
0.416594	0.203733E-03	0.633619E-04
0.417048	0.228341E-03	0.594403E-04
0.417501	0.154711E-03	0.627641E-04
0.417955	0.209121E-03	0.672753E-04
0.418409	0.198834E-03	0.780225E-04
0.418862	0.164810E-03	0.636264E-04
0.419316	0.216117E-03	0.664437E-04
0.41977	0.223839E-03	0.608479E-04
0.420223	0.149990E-03	0.606034E-04
0.420677	0.135505E-03	0.643903E-04
0.421131	0.263947E-03	0.638697E-04
0.421584	0.217761E-03	0.655552E-04
0.422038	0.196175E-03	0.659405E-04
0.422491	0.234534E-03	0.671995E-04
0.422945	0.160354E-03	0.706283E-04
0.423399	0.232787E-03	0.676085E-04
0.423852	0.179015E-03	0.679257E-04
0.424306	0.154575E-03	0.674570E-04
0.424759	0.256712E-03	0.651155E-04
0.425213	0.191649E-03	0.746089E-04
0.425667	0.204846E-03	0.669993E-04
0.42612	0.283729E-03	0.722186E-04
0.426574	0.271841E-03	0.708197E-04
0.427027	0.125817E-03	0.675708E-04
0.427481	0.169098E-03	0.684899E-04
0.427935	0.286649E-03	0.754956E-04
0.428388	0.130275E-03	0.779861E-04
0.428842	0.881309E-04	0.778336E-04
0.429295	0.186626E-03	0.759644E-04
0.429749	0.132948E-03	0.795800E-04
0.430202	0.116745E-03	0.807154E-04
0.430656	0.201421E-03	0.842089E-04
0.431109	0.146437E-03	0.779702E-04
0.431563	0.182789E-03	0.733758E-04
0.432016	0.159282E-03	0.773559E-04
0.43247	0.132584E-03	0.859691E-04
0.432923	0.176629E-03	0.851902E-04
0.433377	0.106243E-03	0.887026E-04
0.43383	0.225568E-03	0.764098E-04
0.434284	-0.221334E-05	0.749944E-04
0.434737	0.156997E-03	0.827775E-04
0.435191	0.135604E-03	0.739279E-04
0.435644	0.171933E-03	0.988093E-04
0.436098	0.118914E-03	0.803647E-04
0.436551	0.128376E-03	0.761242E-04
0.437005	0.143350E-03	0.825737E-04
0.437458	0.219068E-03	0.868915E-04
0.437912	0.146746E-03	0.835539E-04
0.438365	0.215907E-03	0.878525E-04
0.438818	0.200367E-03	0.939467E-04
0.439272	0.106847E-03	0.844590E-04
0.439725	0.246489E-03	0.850882E-04
0.440179	0.120621E-03	0.859694E-04
0.440632	0.140765E-03	0.862628E-04
0.441086	0.279449E-03	0.906895E-04
0.441539	0.176846E-03	0.859550E-04
0.441992	0.632233E-04	0.864574E-04
0.442446	0.147323E-03	0.883895E-04
0.442899	0.277593E-03	0.880384E-04
0.443352	0.230805E-03	0.886255E-04
0.443806	0.189862E-03	0.905175E-04
0.444259	0.186295E-03	0.954783E-04
0.444713	0.128304E-03	0.883538E-04
0.445166	0.695691E-04	0.929925E-04
0.445619	0.191330E-03	0.863125E-04
0.446073	0.176879E-03	0.904079E-04
0.446526	0.142726E-03	0.931315E-04
0.446979	0.256698E-03	0.956214E-04
0.447433	0.171245E-03	0.966046E-04
0.447886	0.831983E-04	0.858196E-04
0.448339	0.232729E-03	0.958975E-04
0.448793	0.303188E-03	0.937838E-04
0.449246	0.560117E-04	0.983096E-04
0.449699	0.900734E-04	0.950604E-04
0.450152	0.120230E-03	0.861231E-04
0.450606	0.160032E-03	0.958887E-04
0.451059	0.171361E-03	0.993472E-04
0.451512	0.132277E-03	0.914834E-04
0.451966	0.140932E-03	0.931792E-04
0.452419	0.123348E-03	0.102414E-03
0.452872	0.103776E-03	0.102459E-03
0.453325	0.171635E-03	0.957397E-04
0.453779	0.176715E-04	0.997948E-04
0.454232	0.143554E-03	0.956998E-04
0.454685	0.206141E-03	0.100596E-03
0.455138	0.114725E-03	0.100513E-03
0.455592	0.206228E-03	0.959462E-04
0.456045	0.179710E-03	0.103580E-03
0.456498	0.176216E-03	0.971027E-04
0.456951	0.287129E-03	0.102110E-03
0.457404	0.165783E-03	0.105160E-03
0.457858	0.148432E-03	0.960356E-04
0.458311	0.292189E-03	0.103705E-03
0.458764	0.109887E-03	0.898746E-04
0.459217	-0.439849E-04	0.106546E-03
0.45967	0.108843E-03	0.980543E-04
0.460123	0.224802E-03	0.956656E-04
0.460577	0.931414E-04	0.101609E-03
0.46103	0.156022E-03	0.944463E-04
0.461483	0.217301E-03	0.103772E-03
0.461936	0.159399E-03	0.106871E-03
0.462389	0.155936E-03	0.972577E-04
0.462842	0.282690E-03	0.100826E-03
0.463295	0.285655E-03	0.965825E-04
0.463749	0.192080E-03	0.101739E-03
0.464202	0.128234E-03	0.959645E-04
0.464655	0.205962E-03	0.107340E-03
0.465108	0.168115E-03	0.997729E-04
0.465561	0.234410E-03	0.964685E-04
0.466014	0.176143E-03	0.111981E-03
0.466467	0.199176E-03	0.108525E-03
0.46692	0.186998E-03	0.974645E-04
0.467373	0.100599E-03	0.113245E-03
0.467826	0.738701E-04	0.105221E-03
0.468279	0.211593E-03	0.100545E-03
0.468733	0.189989E-03	0.979142E-04
0.469186	0.241555E-04	0.982925E-04
0.469639	0.242583E-03	0.114640E-03
0.470092	0.150241E-03	0.111598E-03
0.470545	0.758969E-05	0.112156E-03
0.470998	0.254467E-03	0.115327E-03
0.471451	0.174242E-03	0.104322E-03
0.471904	0.895845E-04	0.126448E-03
0.472357	0.246270E-03	0.108048E-03
0.47281	0.143550E-03	0.111209E-03
0.473263	0.140339E-03	0.105938E-03
0.473716	0.321135E-03	0.112674E-03
0.474169	0.106623E-03	0.102275E-03
0.474622	0.333396E-04	0.998991E-04
0.475075	0.755877E-05	0.908995E-04
0.475528	0.201380E-03	0.118538E-03
0.475981	0.155380E-03	0.119253E-03
0.476434	0.155164E-03	0.113985E-03
0.476887	0.128736E-03	0.107444E-03
0.47734	0.282920E-03	0.100678E-03
0.477792	0.238271E-03	0.111150E-03
0.478245	0.280276E-04	0.105042E-03
0.478698	0.248624E-03	0.121629E-03
0.479151	0.276737E-03	0.107673E-03
0.479604	0.160111E-03	0.119618E-03
0.480057	0.196915E-03	0.130138E-03
0.48051	0.123662E-03	0.105704E-03
0.480963	0.276275E-03	0.128734E-03
0.481416	0.175295E-03	0.121479E-03
0.481869	0.985839E-04	0.998359E-04
0.482322	0.111359E-03	0.117338E-03
0.482774	0.246982E-04	0.105944E-03
0.483227	0.197970E-03	0.111180E-03
0.48368	0.152916E-03	0.110962E-03
0.484133	0.238913E-03	0.125087E-03
0.484586	0.105390E-03	0.117779E-03
0.485039	0.100540E-03	0.995105E-04
0.485491	0.141531E-03	0.118797E-03
0.485944	0.112974E-03	0.111610E-03
0.486397	0.350324E-12	0.858064E-04
0.48685	0.212224E-03	0.122331E-03
0.487303	0.630622E-05	0.905213E-04
0.487756	0.215938E-03	0.120255E-03
0.488208	0.173763E-03	0.114360E-03
0.488661	0.707126E-04	0.111625E-03
0.489114	0.180418E-03	0.128280E-03
0.489567	0.117892E-03	0.117526E-03
0.49002	0.954069E-04	0.131543E-03
0.490472	0.211040E-03	0.130151E-03
0.490925	0.119032E-03	0.121438E-03
0.491378	-0.578433E-05	0.967693E-04
0.491831	0.151913E-03	0.126357E-03
0.492283	0.445057E-03	0.131789E-03
0.492736	0.893664E-12	0.905529E-04
0.493189	0.161400E-03	0.116314E-03
0.493642	0.175051E-03	0.137065E-03
0.494094	0.994736E-04	0.115181E-03
0.494547	0.148790E-03	0.140490E-03
0.495	0.324437E-03	0.138913E-03
0.495452	0.128140E-03	0.124617E-03
0.495905	-0.131145E-04	0.144516E-03
0.496358	0.115961E-03	0.123836E-03
0.49681	0.229118E-03	0.131978E-03
0.497263	0.122680E-03	0.127679E-03
0.497716	0.238678E-03	0.141525E-03
0.498168	0.188876E-03	0.137260E-03
0.498621	0.263309E-03	0.147312E-03
0.499074	-0.465874E-04	0.134623E-03
0.499526	0.151028E-03	0.131894E-03
0.499979	0.168555E-03	0.148303E-03
0.500432	0.152110E-03	0.130701E-03
0.500884	0.122620E-03	0.121281E-03
0.501337	0.661530E-04	0.135053E-03
0.50179	0.305853E-04	0.135479E-03
0.502242	0.152634E-03	0.146855E-03
0.502695	0.181431E-03	0.137932E-03
0.503147	0.147477E-04	0.131517E-03
0.5036	0.862214E-04	0.118171E-03
0.504052	0.279179E-03	0.139516E-03
0.504505	0.205576E-03	0.145266E-03
0.504958	0.165415E-03	0.138275E-03
0.50541	-0.613735E-04	0.161806E-03
0.505863	0.272937E-03	0.150944E-03
0.506315	0.135272E-03	0.150819E-03
0.506768	0.462789E-04	0.136255E-03
0.50722	0.400086E-05	0.126043E-03
0.507673	0.106877E-03	0.145240E-03
0.508125	-0.405145E-04	0.144201E-03
0.508578	-0.943442E-05	0.147495E-03
0.50903	0.285694E-03	0.152192E-03
0.509483	0.567469E-04	0.126311E-03
0.509935	-0.457941E-04	0.130330E-03
0.510388	0.349192E-03	0.133524E-03
0.51084	0.261269E-03	0.141583E-03
0.511293	0.492786E-04	0.170052E-03
0.511745	0.856517E-04	0.159906E-03
0.512198	0.111447E-03	0.148034E-03
0.51265	0.150454E-04	0.140972E-03
0.513103	0.127274E-03	0.137093E-03
0.513555	0.497460E-04	0.132892E-03
0.514008	0.172263E-03	0.164466E-03
0.51446	0.293151E-03	0.159657E-03
0.514913	0.219335E-03	0.140698E-03
0.515365	0.239677E-03	0.165127E-03
0.515817	0.279376E-03	0.157154E-03
0.51627	0.113927E-03	0.140358E-03
0.516722	0.107635E-03	0.175020E-03
0.517175	0.140697E-03	0.149613E-03
0.517627	0.218984E-03	0.161294E-03
0.518079	0.294514E-03	0.157279E-03
0.518532	0.793265E-04	0.149346E-03
0.518984	0.173286E-03	0.170774E-03
0.519437	0.103751E-03	0.177159E-03
0.519889	0.277701E-03	0.172860E-03
0.520341	0.291151E-03	0.186104E-03
0.520794	-0.282863E-11	0.125040E-03
0.521246	0.906754E-04	0.168232E-03
0.521698	0.287881E-03	0.163740E-03
0.522151	0.183794E-03	0.167247E-03
0.522603	0.976530E-04	0.166540E-03
