20000	91478558	2518	515	376	143	0	117	130	0	0	0	0	0	
22000	100534810	2766	572	416	156	0	128	140	0	0	0	0	0	
24000	109618417	2999	639	441	167	0	140	155	0	0	0	0	0	
26000	118735204	3235	695	474	177	0	156	166	0	0	0	0	0	
28000	127954045	3464	749	515	193	0	168	177	0	0	0	0	0	
30000	136966549	3754	804	555	201	0	180	190	0	0	0	0	0	
32000	145834541	4022	853	606	216	0	187	201	0	0	0	0	0	
34000	154925617	4255	904	646	224	0	203	213	0	0	0	0	0	
36000	164172283	4492	946	679	241	0	214	223	0	0	0	0	0	
38000	173194002	4737	993	712	253	0	229	230	0	0	0	0	0	
40000	182253956	4979	1048	737	265	0	240	246	0	0	0	0	0	
42000	191463013	5212	1098	774	275	0	261	262	0	0	0	0	0	
44000	200600197	5451	1148	806	289	0	282	271	0	0	0	0	0	
46000	210029584	5671	1195	839	304	0	296	285	0	0	0	0	0	
48000	219210116	5928	1246	868	320	0	307	298	0	0	0	0	0	
50000	228168384	6187	1292	902	328	0	317	309	0	0	0	0	0	
52000	237192996	6422	1344	938	337	0	329	321	0	0	0	0	0	
54000	246441301	6639	1411	988	348	0	341	333	0	0	0	0	0	
56000	255523127	6881	1458	1026	362	0	355	342	0	0	0	0	0	
58000	264672203	7108	1503	1069	372	0	369	363	0	0	0	0	0	
60000	273961926	7349	1552	1099	382	0	387	372	0	0	0	0	0	
62000	283240133	7575	1606	1138	391	0	399	385	0	0	0	0	0	
64000	292533394	7788	1649	1178	403	0	409	397	0	0	0	0	0	
66000	301727778	8013	1711	1223	419	0	425	416	0	0	0	0	0	
68000	310869470	8252	1764	1255	438	0	434	420	0	0	0	0	0	
70000	319965027	8475	1826	1300	456	0	447	428	0	0	0	0	0	
72000	328910825	8701	1891	1342	465	0	457	444	0	0	0	0	0	
74000	338110704	8940	1940	1382	475	0	468	451	0	0	0	0	0	
76000	347178976	9161	1988	1429	489	0	481	457	0	0	0	0	0	
78000	356337832	9409	2019	1466	502	0	494	466	0	0	0	0	0	
80000	365206807	9673	2069	1508	521	0	507	476	0	0	0	0	0	
82000	374122919	9905	2125	1543	538	0	520	489	0	0	0	0	0	
84000	383260706	10143	2173	1578	544	0	530	504	0	0	0	0	0	
86000	392361569	10383	2221	1611	560	0	546	516	0	0	0	0	0	
88000	401385297	10642	2279	1640	573	0	558	527	0	0	0	0	0	
90000	410607713	10873	2333	1673	586	0	569	540	0	0	0	0	0	
92000	419893749	11091	2377	1708	601	0	581	550	0	0	0	0	0	
94000	428878631	11327	2433	1741	618	0	593	560	0	0	0	0	0	
96000	437954196	11549	2494	1779	636	0	600	565	0	0	0	0	0	
98000	446876743	11776	2543	1817	653	0	614	580	0	0	0	0	0	
100000	455979159	12004	2594	1858	671	0	627	588	0	0	0	0	0	
102000	465070770	12228	2650	1894	683	0	638	598	0	0	0	0	0	
104000	474121937	12470	2692	1931	700	0	647	612	0	0	0	0	0	
106000	482956943	12732	2733	1973	714	0	660	622	0	0	0	0	0	
108000	491975377	12989	2774	2008	733	0	670	633	0	0	0	0	0	
110000	500886636	13244	2825	2034	744	0	685	646	0	0	0	0	0	
112000	509910859	13470	2883	2078	754	0	698	659	0	0	0	0	0	
114000	518892663	13703	2925	2123	768	0	715	671	0	0	0	0	0	
116000	527875467	13942	2973	2164	784	0	726	688	0	0	0	0	0	
118000	537006019	14167	3033	2197	799	0	734	697	0	0	0	0	0	
120000	545981350	14389	3097	2238	811	0	746	707	0	0	0	0	0	
122000	554866317	14632	3152	2275	824	0	755	725	0	0	0	0	0	
124000	563895156	14858	3200	2317	835	0	768	738	0	0	0	0	0	
126000	573119803	15067	3251	2348	851	0	783	754	0	0	0	0	0	
128000	582358473	15294	3294	2372	858	0	794	770	0	0	0	0	0	
130000	591179778	15533	3361	2413	875	0	805	781	0	0	0	0	0	
132000	600520327	15750	3407	2449	888	0	815	789	0	0	0	0	0	
134000	609569498	15973	3457	2491	906	0	831	806	0	0	0	0	0	
136000	618863850	16194	3505	2531	917	0	837	812	0	0	0	0	0	
138000	628198185	16427	3549	2568	931	0	847	827	0	0	0	0	0	
140000	637216516	16677	3607	2605	947	0	859	843	0	0	0	0	0	
142000	646656109	16879	3648	2639	957	0	866	853	0	0	0	0	0	
144000	655741839	17121	3711	2682	965	0	881	866	0	0	0	0	0	
146000	664903228	17369	3762	2716	983	0	893	874	0	0	0	0	0	
148000	673830098	17621	3809	2745	1001	0	910	891	0	0	0	0	0	
150000	682981773	17866	3858	2792	1016	0	924	903	0	0	0	0	0	
152000	692170253	18132	3906	2821	1029	0	934	916	0	0	0	0	0	
154000	701461972	18389	3944	2852	1039	0	940	928	0	0	0	0	0	
156000	710654688	18611	4013	2891	1055	0	955	939	0	0	0	0	0	
158000	719750046	18854	4070	2938	1069	0	967	955	0	0	0	0	0	
160000	728962585	19081	4107	2973	1088	0	985	979	0	0	0	0	0	
162000	738014584	19321	4154	3012	1098	0	994	991	0	0	0	0	0	
164000	747088934	19552	4204	3050	1115	0	1009	1006	0	0	0	0	0	
166000	756422343	19779	4260	3088	1127	0	1023	1025	0	0	0	0	0	
168000	765483357	20042	4312	3129	1135	0	1035	1033	0	0	0	0	0	
170000	774575528	20302	4364	3171	1148	0	1046	1044	0	0	0	0	0	
172000	783605561	20519	4419	3208	1161	0	1055	1056	0	0	0	0	0	
174000	792835272	20781	4461	3249	1174	0	1063	1065	0	0	0	0	0	
176000	802005135	21016	4498	3291	1191	0	1076	1085	0	0	0	0	0	
178000	811128263	21244	4553	3323	1202	0	1097	1099	0	0	0	0	0	
180000	820112098	21500	4628	3362	1211	0	1101	1113	0	0	0	0	0	
182000	829320687	21718	4677	3395	1222	0	1117	1124	0	0	0	0	0	
184000	838255338	21981	4730	3443	1230	0	1132	1132	0	0	0	0	0	
186000	847418250	22231	4784	3484	1238	0	1144	1148	0	0	0	0	0	
188000	856414497	22495	4828	3522	1248	0	1154	1156	0	0	0	0	0	
190000	865867864	22703	4881	3554	1262	0	1163	1169	0	0	0	0	0	
192000	875130988	22943	4921	3592	1273	0	1170	1183	0	0	0	0	0	
194000	884377109	23200	4972	3628	1281	0	1178	1201	0	0	0	0	0	
196000	893514321	23431	5029	3676	1292	0	1193	1212	0	0	0	0	0	
198000	902461211	23697	5074	3716	1310	0	1209	1218	0	0	0	0	0	
200000	911530884	23953	5131	3748	1328	0	1219	1234	0	0	0	0	0	
202000	920586523	24193	5183	3782	1349	0	1228	1252	0	0	0	0	0	
204000	929473608	24457	5245	3821	1362	0	1244	1267	0	0	0	0	0	
206000	938739798	24682	5292	3862	1375	0	1257	1276	0	0	0	0	0	
208000	947663373	24928	5342	3889	1388	0	1269	1288	0	0	0	0	0	
210000	956745091	25174	5385	3929	1400	0	1277	1302	0	0	0	0	0	
212000	965762888	25417	5438	3970	1412	0	1288	1313	0	0	0	0	0	
214000	975080326	25652	5478	4005	1421	0	1299	1324	0	0	0	0	0	
216000	984232754	25870	5532	4043	1434	0	1310	1342	0	0	0	0	0	
218000	993335586	26103	5588	4075	1451	0	1319	1353	0	0	0	0	0	
220000	1002384704	26341	5641	4114	1463	0	1326	1364	0	0	0	0	0	
222000	1011501327	26587	5697	4162	1472	0	1342	1381	0	0	0	0	0	
224000	1020703341	26827	5738	4199	1487	0	1350	1390	0	0	0	0	0	
226000	1029880915	27076	5783	4237	1494	0	1362	1404	0	0	0	0	0	
228000	1039023309	27317	5831	4275	1511	0	1371	1418	0	0	0	0	0	
230000	1048188751	27565	5873	4324	1523	0	1379	1433	0	0	0	0	0	
232000	1057230233	27801	5927	4361	1537	0	1390	1442	0	0	0	0	0	
234000	1066175304	28031	5985	4396	1547	0	1414	1453	0	0	0	0	0	
236000	1075145058	28280	6031	4431	1564	0	1426	1467	0	0	0	0	0	
238000	1084586515	28504	6074	4464	1576	0	1437	1475	0	0	0	0	0	
240000	1093738213	28731	6134	4509	1595	0	1449	1486	0	0	0	0	0	
242000	1102887735	28985	6194	4553	1607	0	1457	1498	0	0	0	0	0	
244000	1112026532	29217	6256	4600	1617	0	1471	1508	0	0	0	0	0	
246000	1121343519	29444	6310	4642	1626	0	1488	1521	0	0	0	0	0	
248000	1130654642	29678	6349	4674	1637	0	1497	1535	0	0	0	0	0	
250000	1139778604	29926	6418	4723	1656	0	1502	1541	0	0	0	0	0	
252000	1148923763	30149	6468	4767	1672	0	1517	1556	0	0	0	0	0	
254000	1157665737	30390	6526	4824	1680	0	1530	1583	0	0	0	0	0	
256000	1166478382	30645	6573	4864	1694	0	1543	1597	0	0	0	0	0	
258000	1175660884	30899	6638	4904	1702	0	1553	1607	0	0	0	0	0	
260000	1184844965	31151	6686	4944	1713	0	1561	1614	0	0	0	0	0	
262000	1193874760	31426	6738	4977	1734	0	1572	1624	0	0	0	0	0	
264000	1202905832	31687	6790	5030	1750	0	1584	1638	0	0	0	0	0	
266000	1211942305	31959	6840	5074	1762	0	1595	1647	0	0	0	0	0	
268000	1221296293	32186	6891	5112	1772	0	1608	1655	0	0	0	0	0	
270000	1230407363	32426	6946	5146	1789	0	1615	1667	0	0	0	0	0	
272000	1239539494	32684	6996	5185	1801	0	1631	1678	0	0	0	0	0	
274000	1248503328	32957	7045	5217	1815	0	1640	1694	0	0	0	0	0	
276000	1257879276	33173	7093	5252	1833	0	1653	1706	0	0	0	0	0	
278000	1266744787	33424	7146	5292	1848	0	1664	1724	0	0	0	0	0	
280000	1275881057	33667	7195	5334	1861	0	1679	1733	0	0	0	0	0	
282000	1285151013	33908	7251	5379	1869	0	1692	1747	0	0	0	0	0	
284000	1294168361	34147	7309	5430	1883	0	1694	1755	0	0	0	0	0	
286000	1303463227	34369	7359	5466	1896	0	1706	1769	0	0	0	0	0	
288000	1312522795	34592	7424	5506	1909	0	1710	1783	0	0	0	0	0	
290000	1321594326	34857	7478	5545	1921	0	1717	1796	0	0	0	0	0	
292000	1330769538	35092	7526	5589	1935	0	1730	1804	0	0	0	0	0	
294000	1340107579	35329	7579	5620	1947	0	1743	1816	0	0	0	0	0	
296000	1349244217	35560	7634	5660	1967	0	1755	1831	0	0	0	0	0	
298000	1358489267	35784	7676	5697	1981	0	1766	1840	0	0	0	0	0	
300000	1367678791	36030	7721	5729	1999	0	1778	1853	0	0	0	0	0	
302000	1376686070	36285	7785	5770	2010	0	1796	1866	0	0	0	0	0	
304000	1385762367	36541	7835	5809	2024	0	1806	1879	0	0	0	0	0	
306000	1394674043	36809	7881	5847	2034	0	1814	1888	0	0	0	0	0	
308000	1403916210	37043	7941	5886	2042	0	1831	1900	0	0	0	0	0	
310000	1412846142	37293	7982	5931	2054	0	1847	1914	0	0	0	0	0	
312000	1422201832	37502	8030	5966	2067	0	1862	1928	0	0	0	0	0	
314000	1431230219	37724	8076	6012	2083	0	1870	1938	0	0	0	0	0	
316000	1440393857	37950	8125	6036	2098	0	1881	1952	0	0	0	0	0	
318000	1449505452	38187	8177	6073	2110	0	1891	1960	0	0	0	0	0	
320000	1458510991	38446	8222	6104	2127	0	1904	1970	0	0	0	0	0	
322000	1467392560	38693	8272	6151	2134	0	1923	1982	0	0	0	0	0	
324000	1476634527	38940	8314	6186	2147	0	1936	2000	0	0	0	0	0	
326000	1485694597	39170	8363	6233	2157	0	1952	2017	0	0	0	0	0	
328000	1494895557	39396	8418	6261	2167	0	1961	2030	0	0	0	0	0	
330000	1504201870	39633	8458	6292	2178	0	1973	2046	0	0	0	0	0	
332000	1513139282	39880	8497	6335	2189	0	1985	2054	0	0	0	0	0	
334000	1522189265	40118	8543	6371	2192	0	1996	2072	0	0	0	0	0	
336000	1531239119	40372	8596	6413	2198	0	2007	2083	0	0	0	0	0	
338000	1540230033	40587	8642	6462	2209	0	2022	2101	0	0	0	0	0	
340000	1549292600	40811	8709	6495	2223	0	2035	2109	0	0	0	0	0	
342000	1558546254	41052	8760	6523	2238	0	2053	2123	0	0	0	0	0	
344000	1567808430	41262	8799	6562	2255	0	2062	2133	0	0	0	0	0	
346000	1576838356	41492	8844	6599	2269	0	2076	2151	0	0	0	0	0	
348000	1585778517	41738	8895	6625	2282	0	2093	2172	0	0	0	0	0	
350000	1594857266	41983	8945	6661	2292	0	2099	2183	0	0	0	0	0	
352000	1604162004	42191	8992	6697	2308	0	2114	2195	0	0	0	0	0	
354000	1613118105	42428	9047	6747	2322	0	2129	2207	0	0	0	0	0	
356000	1622048279	42676	9099	6784	2339	0	2136	2219	0	0	0	0	0	
358000	1631171915	42893	9157	6823	2351	0	2151	2229	0	0	0	0	0	
360000	1640451233	43111	9202	6883	2361	0	2161	2238	0	0	0	0	0	
362000	1649608140	43336	9243	6927	2369	0	2172	2250	0	0	0	0	0	
364000	1658650756	43565	9300	6962	2379	0	2184	2273	0	0	0	0	0	
366000	1667827468	43803	9353	6996	2396	0	2195	2282	0	0	0	0	0	
368000	1676827949	44055	9412	7036	2410	0	2199	2296	0	0	0	0	0	
370000	1685766517	44311	9463	7079	2421	0	2213	2305	0	0	0	0	0	
372000	1695082134	44527	9511	7113	2436	0	2225	2315	0	0	0	0	0	
374000	1704233243	44770	9571	7153	2445	0	2234	2326	0	0	0	0	0	
376000	1713283255	45024	9610	7190	2455	0	2246	2345	0	0	0	0	0	
378000	1722351374	45250	9669	7232	2469	0	2259	2356	0	0	0	0	0	
380000	1731612947	45469	9718	7273	2485	0	2270	2369	0	0	0	0	0	
382000	1740799487	45715	9756	7311	2498	0	2276	2382	0	0	0	0	0	
384000	1749994669	45937	9809	7349	2518	0	2293	2391	0	0	0	0	0	
386000	1759125919	46168	9858	7381	2540	0	2304	2407	0	0	0	0	0	
388000	1768132444	46389	9914	7419	2558	0	2318	2420	0	0	0	0	0	
390000	1777035994	46626	9966	7456	2574	0	2328	2431	0	0	0	0	0	
392000	1786166929	46864	10015	7498	2585	0	2341	2445	0	0	0	0	0	
394000	1795536976	47077	10055	7542	2593	0	2351	2458	0	0	0	0	0	
396000	1804528941	47334	10108	7580	2602	0	2368	2465	0	0	0	0	0	
398000	1813298294	47585	10167	7629	2620	0	2382	2479	0	0	0	0	0	
400000	1822279529	47835	10220	7664	2636	0	2395	2491	0	0	0	0	0	
402000	1831208754	48084	10266	7705	2646	0	2413	2503	0	0	0	0	0	
404000	1840373094	48296	10304	7743	2658	0	2424	2510	0	0	0	0	0	
406000	1849561324	48511	10348	7783	2673	0	2431	2519	0	0	0	0	0	
408000	1858810930	48726	10402	7811	2689	0	2444	2526	0	0	0	0	0	
410000	1868161183	48956	10442	7846	2706	0	2455	2539	0	0	0	0	0	
412000	1877379079	49180	10489	7893	2719	0	2464	2549	0	0	0	0	0	
414000	1886396735	49421	10537	7938	2725	0	2479	2554	0	0	0	0	0	
416000	1895680642	49639	10583	7973	2745	0	2488	2564	0	0	0	0	0	
418000	1904827080	49875	10638	8011	2758	0	2499	2577	0	0	0	0	0	
420000	1914000935	50106	10688	8054	2778	0	2514	2591	0	0	0	0	0	
422000	1923138745	50338	10751	8089	2790	0	2526	2608	0	0	0	0	0	
424000	1932089243	50596	10811	8134	2807	0	2535	2623	0	0	0	0	0	
426000	1941501006	50808	10858	8174	2823	0	2551	2634	0	0	0	0	0	
428000	1950598942	51046	10898	8208	2835	0	2569	2641	0	0	0	0	0	
430000	1959738299	51286	10949	8252	2840	0	2578	2652	0	0	0	0	0	
432000	1968865660	51522	11008	8292	2849	0	2592	2661	0	0	0	0	0	
434000	1977910816	51778	11049	8334	2865	0	2601	2677	0	0	0	0	0	
436000	1987003052	52010	11094	8369	2878	0	2611	2692	0	0	0	0	0	
438000	1996088090	52256	11139	8405	2896	0	2621	2699	0	0	0	0	0	
440000	2005034420	52490	11204	8441	2909	0	2631	2717	0	0	0	0	0	
442000	2014244480	52711	11258	8480	2920	0	2642	2731	0	0	0	0	0	
444000	2023425017	52939	11307	8512	2933	0	2650	2742	0	0	0	0	0	
446000	2032298952	53193	11343	8561	2944	0	2669	2752	0	0	0	0	0	
448000	2041683436	53414	11387	8596	2957	0	2676	2766	0	0	0	0	0	
450000	2050656278	53665	11447	8637	2971	0	2687	2778	0	0	0	0	0	
452000	2059667100	53908	11485	8672	2986	0	2705	2790	0	0	0	0	0	
454000	2068988368	54108	11540	8710	2999	0	2720	2803	0	0	0	0	0	
456000	2078264679	54348	11581	8749	3011	0	2733	2813	0	0	0	0	0	
458000	2087415120	54586	11628	8782	3025	0	2745	2824	0	0	0	0	0	
460000	2096575057	54827	11677	8819	3040	0	2758	2836	0	0	0	0	0	
462000	2105634723	55042	11729	8873	3058	0	2772	2852	0	0	0	0	0	
464000	2114675439	55272	11781	8910	3077	0	2782	2865	0	0	0	0	0	
466000	2123610974	55542	11835	8961	3089	0	2798	2880	0	0	0	0	0	
468000	2132706511	55790	11881	8995	3101	0	2814	2891	0	0	0	0	0	
470000	2141762917	56025	11932	9038	3111	0	2828	2900	0	0	0	0	0	
472000	2151013551	56266	11989	9071	3121	0	2843	2912	0	0	0	0	0	
474000	2159926695	56517	12031	9115	3140	0	2853	2924	0	0	0	0	0	
476000	2168978314	56785	12080	9150	3158	0	2861	2937	0	0	0	0	0	
478000	2178080363	57023	12130	9199	3174	0	2876	2949	0	0	0	0	0	
480000	2187328908	57230	12187	9242	3188	0	2887	2957	0	0	0	0	0	
482000	2196488095	57445	12240	9283	3193	0	2899	2973	0	0	0	0	0	
484000	2205381954	57681	12294	9324	3207	0	2912	2990	0	0	0	0	0	
486000	2214314325	57909	12346	9372	3221	0	2924	3004	0	0	0	0	0	
488000	2223200452	58145	12410	9406	3233	0	2938	3017	0	0	0	0	0	
490000	2232331792	58394	12470	9437	3245	0	2950	3034	0	0	0	0	0	
492000	2241076103	58663	12522	9475	3260	0	2963	3052	0	0	0	0	0	
494000	2249976674	58897	12570	9516	3276	0	2975	3062	0	0	0	0	0	
496000	2259307483	59128	12617	9550	3289	0	2984	3074	0	0	0	0	0	
498000	2268605372	59356	12672	9589	3301	0	2993	3087	0	0	0	0	0	
500000	2277798080	59593	12717	9638	3310	0	3004	3101	0	0	0	0	0	
502000	2286953363	59849	12774	9674	3325	0	3016	3110	0	0	0	0	0	
504000	2296193174	60087	12824	9710	3340	0	3025	3122	0	0	0	0	0	
506000	2305367765	60341	12879	9749	3350	0	3038	3129	0	0	0	0	0	
508000	2314624634	60582	12927	9794	3365	0	3050	3136	0	0	0	0	0	
510000	2323754249	60808	12977	9834	3377	0	3062	3145	0	0	0	0	0	
512000	2332810476	61067	13033	9868	3390	0	3075	3155	0	0	0	0	0	
514000	2342145378	61287	13088	9894	3404	0	3085	3166	0	0	0	0	0	
516000	2351113732	61526	13134	9940	3422	0	3094	3177	0	0	0	0	0	
518000	2360045515	61792	13189	9976	3430	0	3110	3186	0	0	0	0	0	
520000	2369022387	62028	13250	10021	3440	0	3129	3203	0	0	0	0	0	
522000	2378293228	62266	13299	10055	3450	0	3140	3215	0	0	0	0	0	
524000	2387214159	62516	13354	10098	3466	0	3151	3230	0	0	0	0	0	
526000	2396436478	62755	13404	10135	3481	0	3168	3245	0	0	0	0	0	
528000	2405419908	63002	13438	10179	3497	0	3183	3257	0	0	0	0	0	
530000	2414485018	63223	13488	10214	3508	0	3203	3270	0	0	0	0	0	
532000	2423679501	63439	13537	10262	3521	0	3222	3284	0	0	0	0	0	
534000	2432644551	63703	13588	10297	3533	0	3237	3299	0	0	0	0	0	
536000	2441795426	63931	13650	10344	3552	0	3250	3316	0	0	0	0	0	
538000	2451035968	64160	13706	10383	3561	0	3263	3332	0	0	0	0	0	
540000	2460258159	64369	13755	10422	3573	0	3278	3343	0	0	0	0	0	
542000	2469424123	64603	13812	10460	3579	0	3291	3357	0	0	0	0	0	
544000	2478346720	64849	13870	10504	3592	0	3300	3376	0	0	0	0	0	
546000	2487343321	65094	13926	10538	3604	0	3312	3385	0	0	0	0	0	
548000	2496680186	65333	13978	10574	3616	0	3318	3394	0	0	0	0	0	
550000	2505737634	65576	14020	10616	3627	0	3328	3406	0	0	0	0	0	
552000	2514673205	65835	14076	10658	3643	0	3336	3424	0	0	0	0	0	
554000	2523858318	66052	14123	10700	3652	0	3352	3440	0	0	0	0	0	
556000	2532996682	66293	14170	10727	3671	0	3363	3454	0	0	0	0	0	
558000	2542066014	66555	14219	10768	3686	0	3374	3466	0	0	0	0	0	
560000	2551542425	66763	14266	10811	3699	0	3380	3474	0	0	0	0	0	
562000	2560374258	67032	14323	10845	3714	0	3388	3486	0	0	0	0	0	
564000	2569548395	67266	14372	10886	3725	0	3397	3496	0	0	0	0	0	
566000	2578471370	67517	14426	10928	3737	0	3411	3515	0	0	0	0	0	
568000	2587574769	67754	14476	10971	3749	0	3419	3526	0	0	0	0	0	
570000	2596535633	68003	14527	11010	3757	0	3428	3552	0	0	0	0	0	
572000	2605759997	68213	14572	11056	3771	0	3441	3565	0	0	0	0	0	
574000	2614689993	68465	14637	11102	3782	0	3451	3582	0	0	0	0	0	
576000	2623700230	68698	14694	11145	3796	0	3464	3604	0	0	0	0	0	
578000	2632650708	68955	14742	11185	3807	0	3474	3611	0	0	0	0	0	
580000	2641828011	69189	14793	11222	3819	0	3485	3630	0	0	0	0	0	
582000	2650782911	69424	14855	11257	3826	0	3496	3647	0	0	0	0	0	
584000	2659676633	69669	14904	11299	3841	0	3510	3660	0	0	0	0	0	
586000	2668820107	69912	14942	11338	3857	0	3524	3676	0	0	0	0	0	
588000	2677720127	70171	14989	11372	3873	0	3537	3693	0	0	0	0	0	
590000	2686770774	70420	15039	11403	3896	0	3546	3709	0	0	0	0	0	
592000	2695800801	70655	15100	11436	3912	0	3556	3720	0	0	0	0	0	
594000	2704926999	70893	15151	11480	3931	0	3567	3734	0	0	0	0	0	
596000	2713966840	71150	15193	11516	3945	0	3581	3748	0	0	0	0	0	
598000	2722990683	71376	15249	11561	3958	0	3594	3761	0	0	0	0	0	
600000	2732019887	71638	15297	11598	3968	0	3603	3768	0	0	0	0	0	
602000	2741212560	71868	15341	11631	3982	0	3615	3781	0	0	0	0	0	
604000	2750165537	72130	15395	11672	3992	0	3626	3801	0	0	0	0	0	
606000	2759493871	72350	15438	11707	4008	0	3639	3810	0	0	0	0	0	
608000	2768437966	72597	15496	11743	4021	0	3647	3827	0	0	0	0	0	
610000	2777498352	72831	15558	11789	4031	0	3657	3841	0	0	0	0	0	
612000	2786514473	73068	15594	11834	4047	0	3671	3846	0	0	0	0	0	
614000	2795630823	73285	15640	11866	4062	0	3683	3859	0	0	0	0	0	
616000	2804596767	73518	15695	11904	4072	0	3697	3866	0	0	0	0	0	
618000	2813812509	73730	15734	11944	4082	0	3709	3878	0	0	0	0	0	
620000	2822613472	73952	15796	11997	4096	0	3723	3886	0	0	0	0	0	
622000	2831901073	74180	15837	12026	4112	0	3737	3898	0	0	0	0	0	
624000	2840845058	74424	15889	12066	4122	0	3748	3909	0	0	0	0	0	
626000	2849700358	74689	15934	12105	4140	0	3761	3920	0	0	0	0	0	
628000	2858889998	74919	15975	12137	4151	0	3769	3927	0	0	0	0	0	
630000	2867891945	75165	16033	12178	4162	0	3781	3939	0	0	0	0	0	
632000	2877141423	75379	16090	12224	4175	0	3789	3960	0	0	0	0	0	
634000	2885847330	75651	16141	12266	4188	0	3807	3969	0	0	0	0	0	
636000	2894919487	75884	16188	12309	4201	0	3821	3974	0	0	0	0	0	
638000	2904006258	76130	16235	12345	4212	0	3835	3986	0	0	0	0	0	
640000	2913081684	76352	16287	12395	4232	0	3853	3991	0	0	0	0	0	
642000	2921983957	76592	16335	12437	4247	0	3868	4007	0	0	0	0	0	
644000	2931042239	76850	16386	12466	4257	0	3878	4020	0	0	0	0	0	
646000	2940218927	77075	16440	12510	4271	0	3890	4032	0	0	0	0	0	
648000	2949093434	77293	16494	12557	4288	0	3905	4044	0	0	0	0	0	
650000	2958118346	77531	16551	12593	4302	0	3912	4058	0	0	0	0	0	
652000	2967061390	77754	16601	12639	4318	0	3925	4068	0	0	0	0	0	
654000	2976256585	77970	16643	12679	4332	0	3935	4083	0	0	0	0	0	
656000	2985266870	78205	16691	12721	4347	0	3944	4095	0	0	0	0	0	
658000	2994476270	78445	16747	12753	4360	0	3955	4113	0	0	0	0	0	
660000	3003621361	78677	16801	12787	4368	0	3964	4124	0	0	0	0	0	
662000	3012741128	78920	16848	12821	4383	0	3979	4137	0	0	0	0	0	
664000	3021771081	79178	16910	12857	4393	0	3988	4149	0	0	0	0	0	
666000	3030927797	79394	16962	12887	4409	0	4001	4162	0	0	0	0	0	
668000	3039936763	79634	17017	12930	4423	0	4011	4175	0	0	0	0	0	
670000	3049226153	79883	17055	12953	4431	0	4019	4187	0	0	0	0	0	
672000	3058332464	80134	17114	12985	4445	0	4031	4201	0	0	0	0	0	
674000	3067709131	80349	17165	13016	4462	0	4041	4213	0	0	0	0	0	
676000	3077011363	80590	17200	13058	4477	0	4051	4224	0	0	0	0	0	
678000	3085895909	80834	17258	13096	4492	0	4062	4233	0	0	0	0	0	
680000	3094774680	81090	17308	13137	4516	0	4072	4241	0	0	0	0	0	
682000	3103760340	81326	17362	13176	4532	0	4083	4254	0	0	0	0	0	
684000	3112685261	81534	17412	13218	4548	0	4091	4266	0	0	0	0	0	
686000	3121713511	81764	17465	13250	4561	0	4105	4279	0	0	0	0	0	
688000	3130710495	81976	17516	13283	4571	0	4117	4288	0	0	0	0	0	
690000	3139750642	82201	17561	13326	4582	0	4132	4300	0	0	0	0	0	
692000	3148697301	82425	17618	13366	4597	0	4143	4315	0	0	0	0	0	
694000	3157675312	82682	17671	13403	4608	0	4157	4329	0	0	0	0	0	
696000	3166640603	82914	17723	13431	4625	0	4164	4340	0	0	0	0	0	
698000	3175499582	83175	17774	13465	4640	0	4177	4348	0	0	0	0	0	
700000	3184340125	83439	17825	13509	4651	0	4193	4361	0	0	0	0	0	
702000	3193329694	83681	17879	13549	4663	0	4200	4380	0	0	0	0	0	
704000	3202406143	83905	17935	13582	4676	0	4217	4392	0	0	0	0	0	
706000	3211328119	84152	17977	13621	4689	0	4229	4411	0	0	0	0	0	
708000	3220410912	84396	18016	13658	4703	0	4239	4424	0	0	0	0	0	
710000	3229403275	84653	18064	13694	4719	0	4251	4432	0	0	0	0	0	
712000	3238834902	84872	18111	13723	4727	0	4263	4440	0	0	0	0	0	
714000	3247664197	85144	18166	13760	4743	0	4276	4458	0	0	0	0	0	
716000	3256780955	85393	18207	13805	4754	0	4290	4467	0	0	0	0	0	
718000	3265927273	85605	18262	13860	4764	0	4306	4481	0	0	0	0	0	
720000	3274990419	85855	18312	13895	4777	0	4316	4489	0	0	0	0	0	
722000	3284033253	86080	18353	13935	4795	0	4327	4508	0	0	0	0	0	
724000	3292985041	86314	18409	13978	4809	0	4331	4526	0	0	0	0	0	
726000	3302190112	86544	18445	14018	4825	0	4341	4540	0	0	0	0	0	
728000	3311327670	86759	18503	14055	4840	0	4353	4555	0	0	0	0	0	
730000	3320505304	86986	18551	14087	4854	0	4366	4568	0	0	0	0	0	
732000	3329547674	87210	18619	14133	4871	0	4373	4580	0	0	0	0	0	
734000	3338640414	87459	18653	14172	4885	0	4381	4592	0	0	0	0	0	
736000	3347660417	87715	18703	14203	4895	0	4393	4604	0	0	0	0	0	
738000	3357032059	87934	18744	14240	4905	0	4402	4617	0	0	0	0	0	
740000	3366068092	88177	18790	14290	4924	0	4415	4630	0	0	0	0	0	
742000	3375199314	88400	18849	14318	4936	0	4428	4638	0	0	0	0	0	
744000	3384228506	88633	18898	14359	4950	0	4437	4645	0	0	0	0	0	
746000	3393364349	88826	18941	14399	4959	0	4450	4659	0	0	0	0	0	
748000	3402304380	89065	19001	14442	4971	0	4467	4673	0	0	0	0	0	
750000	3411450317	89284	19057	14481	4986	0	4482	4685	0	0	0	0	0	
752000	3420402579	89525	19122	14527	4999	0	4491	4696	0	0	0	0	0	
754000	3429560344	89748	19178	14569	5010	0	4501	4709	0	0	0	0	0	
756000	3438705092	89973	19230	14614	5025	0	4512	4727	0	0	0	0	0	
758000	3447809670	90213	19279	14647	5039	0	4528	4739	0	0	0	0	0	
760000	3456883079	90457	19324	14678	5051	0	4540	4750	0	0	0	0	0	
762000	3466028143	90701	19374	14711	5062	0	4552	4757	0	0	0	0	0	
764000	3475146494	90945	19423	14755	5072	0	4563	4769	0	0	0	0	0	
766000	3484313290	91206	19475	14784	5084	0	4573	4789	0	0	0	0	0	
768000	3493507673	91441	19518	14825	5101	0	4585	4798	0	0	0	0	0	
770000	3502609920	91664	19577	14870	5115	0	4597	4817	0	0	0	0	0	
772000	3511747205	91894	19640	14914	5122	0	4607	4828	0	0	0	0	0	
774000	3521064201	92102	19685	14950	5132	0	4622	4837	0	0	0	0	0	
776000	3529983493	92346	19729	14994	5152	0	4636	4850	0	0	0	0	0	
778000	3538758363	92598	19788	15038	5165	0	4652	4862	0	0	0	0	0	
780000	3547758898	92846	19838	15076	5184	0	4662	4875	0	0	0	0	0	
782000	3556904005	93063	19886	15111	5195	0	4675	4890	0	0	0	0	0	
784000	3565953195	93281	19943	15153	5204	0	4696	4898	0	0	0	0	0	
786000	3575088967	93518	19998	15191	5220	0	4708	4908	0	0	0	0	0	
788000	3584339876	93721	20051	15242	5234	0	4715	4919	0	0	0	0	0	
790000	3593352943	93968	20107	15276	5247	0	4732	4930	0	0	0	0	0	
792000	3602457754	94206	20166	15311	5262	0	4741	4945	0	0	0	0	0	
794000	3611358630	94452	20228	15347	5279	0	4761	4962	0	0	0	0	0	
796000	3620347407	94712	20283	15387	5291	0	4782	4975	0	0	0	0	0	
798000	3629504250	94935	20342	15434	5299	0	4791	4982	0	0	0	0	0	
800000	3638412592	95176	20387	15479	5317	0	4815	4994	0	0	0	0	0	
802000	3647648304	95407	20434	15504	5334	0	4828	5013	0	0	0	0	0	
804000	3656522885	95673	20479	15537	5351	0	4843	5032	0	0	0	0	0	
806000	3665632298	95923	20526	15581	5364	0	4851	5046	0	0	0	0	0	
808000	3674522934	96165	20583	15625	5377	0	4865	5056	0	0	0	0	0	
810000	3683728687	96397	20633	15661	5392	0	4878	5068	0	0	0	0	0	
812000	3692614096	96663	20685	15702	5407	0	4891	5080	0	0	0	0	0	
814000	3701680221	96915	20743	15735	5419	0	4904	5092	0	0	0	0	0	
816000	3710806291	97149	20792	15766	5430	0	4914	5106	0	0	0	0	0	
818000	3719838937	97369	20853	15817	5447	0	4927	5115	0	0	0	0	0	
820000	3728781992	97610	20904	15864	5462	0	4930	5133	0	0	0	0	0	
822000	3737696635	97848	20953	15912	5474	0	4941	5147	0	0	0	0	0	
824000	3746635880	98087	21002	15944	5488	0	4952	5161	0	0	0	0	0	
826000	3755673896	98343	21051	15980	5498	0	4965	5173	0	0	0	0	0	
828000	3764730795	98557	21098	16020	5511	0	4976	5188	0	0	0	0	0	
830000	3773684379	98805	21153	16064	5523	0	4985	5195	0	0	0	0	0	
832000	3782948160	99026	21190	16106	5537	0	4992	5204	0	0	0	0	0	
834000	3792211680	99250	21226	16152	5557	0	5001	5216	0	0	0	0	0	
836000	3801131474	99492	21282	16195	5575	0	5011	5233	0	0	0	0	0	
838000	3810248299	99739	21329	16232	5582	0	5018	5243	0	0	0	0	0	
840000	3819375273	99962	21383	16280	5596	0	5036	5260	0	0	0	0	0	
842000	3828690335	100194	21428	16327	5606	0	5048	5268	0	0	0	0	0	
844000	3837815764	100419	21480	16358	5622	0	5058	5284	0	0	0	0	0	
846000	3846732745	100650	21548	16410	5636	0	5068	5295	0	0	0	0	0	
848000	3855891096	100890	21600	16451	5650	0	5081	5303	0	0	0	0	0	
850000	3864858751	101153	21664	16478	5663	0	5092	5311	0	0	0	0	0	
852000	3874023892	101394	21715	16521	5670	0	5104	5323	0	0	0	0	0	
854000	3883268730	101613	21779	16553	5686	0	5112	5334	0	0	0	0	0	
856000	3892561825	101859	21827	16599	5690	0	5120	5348	0	0	0	0	0	
858000	3901732356	102115	21871	16640	5701	0	5129	5365	0	0	0	0	0	
860000	3910778929	102360	21929	16675	5716	0	5147	5373	0	0	0	0	0	
862000	3919381259	102617	21981	16722	5727	0	5160	5387	0	0	0	0	0	
864000	3928702734	102840	22032	16761	5744	0	5163	5395	0	0	0	0	0	
866000	3938021835	103069	22076	16788	5755	0	5178	5410	0	0	0	0	0	
868000	3947229989	103276	22136	16824	5762	0	5190	5421	0	0	0	0	0	
870000	3956224439	103518	22183	16862	5783	0	5203	5430	0	0	0	0	0	
872000	3965390994	103753	22234	16898	5793	0	5219	5443	0	0	0	0	0	
874000	3974438543	103997	22291	16944	5806	0	5230	5454	0	0	0	0	0	
876000	3983451374	104249	22350	16982	5816	0	5239	5476	0	0	0	0	0	
878000	3992500885	104493	22391	17022	5824	0	5252	5485	0	0	0	0	0	
880000	4001580881	104740	22444	17072	5832	0	5262	5494	0	0	0	0	0	
882000	4010497468	104980	22499	17115	5847	0	5280	5505	0	0	0	0	0	
884000	4019808413	105213	22547	17156	5861	0	5288	5518	0	0	0	0	0	
886000	4028901674	105452	22602	17195	5874	0	5294	5530	0	0	0	0	0	
888000	4038021464	105692	22647	17227	5887	0	5308	5548	0	0	0	0	0	
890000	4047200167	105907	22703	17269	5903	0	5322	5556	0	0	0	0	0	
892000	4056311251	106151	22750	17306	5921	0	5334	5568	0	0	0	0	0	
894000	4065180977	106395	22799	17347	5936	0	5344	5584	0	0	0	0	0	
896000	4074147941	106661	22844	17384	5954	0	5360	5594	0	0	0	0	0	
898000	4083253484	106887	22892	17432	5969	0	5367	5605	0	0	0	0	0	
900000	4092165727	107126	22953	17480	5979	0	5388	5614	0	0	0	0	0	
902000	4101241127	107376	23004	17519	5991	0	5399	5630	0	0	0	0	0	
904000	4110259258	107619	23056	17552	6003	0	5410	5643	0	0	0	0	0	
906000	4119230751	107853	23121	17599	6013	0	5415	5652	0	0	0	0	0	
908000	4128313458	108074	23160	17647	6030	0	5431	5662	0	0	0	0	0	
910000	4137430113	108291	23220	17686	6043	0	5447	5675	0	0	0	0	0	
912000	4146571440	108525	23263	17728	6054	0	5462	5686	0	0	0	0	0	
914000	4155865511	108761	23302	17761	6071	0	5473	5688	0	0	0	0	0	
916000	4164836706	109006	23352	17800	6085	0	5483	5698	0	0	0	0	0	
918000	4174014435	109235	23398	17853	6097	0	5500	5708	0	0	0	0	0	
920000	4183030765	109493	23455	17893	6105	0	5509	5718	0	0	0	0	0	
922000	4192190308	109725	23519	17939	6115	0	5523	5731	0	0	0	0	0	
924000	4201166890	109956	23570	17970	6132	0	5532	5745	0	0	0	0	0	
926000	4210162899	110199	23622	18014	6145	0	5540	5762	0	0	0	0	0	
928000	4219146783	110426	23686	18047	6158	0	5556	5779	0	0	0	0	0	
930000	4228192461	110668	23734	18089	6177	0	5571	5792	0	0	0	0	0	
932000	4237525770	110863	23792	18116	6184	0	5579	5808	0	0	0	0	0	
934000	4246474217	111107	23836	18156	6203	0	5587	5822	0	0	0	0	0	
936000	4255497322	111328	23885	18197	6215	0	5599	5841	0	0	0	0	0	
938000	4264606561	111579	23938	18233	6224	0	5611	5851	0	0	0	0	0	
940000	4273559046	111832	23984	18283	6241	0	5621	5867	0	0	0	0	0	
942000	4282755854	112064	24057	18324	6251	0	5632	5876	0	0	0	0	0	
944000	4291790775	112303	24113	18370	6262	0	5643	5890	0	0	0	0	0	
946000	4300965310	112551	24149	18408	6270	0	5656	5899	0	0	0	0	0	
948000	4310046941	112807	24196	18447	6283	0	5667	5915	0	0	0	0	0	
950000	4319046323	113051	24241	18478	6298	0	5684	5931	0	0	0	0	0	
952000	4328102956	113310	24291	18519	6314	0	5695	5942	0	0	0	0	0	
954000	4337139124	113569	24344	18561	6324	0	5710	5951	0	0	0	0	0	
956000	4346130686	113821	24404	18600	6343	0	5719	5965	0	0	0	0	0	
958000	4355207824	114053	24464	18632	6359	0	5728	5981	0	0	0	0	0	
960000	4364381699	114273	24519	18670	6374	0	5748	5995	0	0	0	0	0	
962000	4373619730	114499	24559	18702	6382	0	5768	6005	0	0	0	0	0	
964000	4382661855	114722	24610	18737	6396	0	5781	6014	0	0	0	0	0	
966000	4391856617	114968	24660	18773	6409	0	5790	6020	0	0	0	0	0	
968000	4401131912	115194	24711	18822	6427	0	5805	6041	0	0	0	0	0	
970000	4410322607	115425	24752	18866	6442	0	5816	6052	0	0	0	0	0	
972000	4419196640	115691	24819	18900	6452	0	5827	6064	0	0	0	0	0	
974000	4428213469	115940	24872	18941	6468	0	5835	6075	0	0	0	0	0	
976000	4437312638	116183	24929	18981	6482	0	5847	6084	0	0	0	0	0	
978000	4446274193	116411	24978	19024	6495	0	5863	6102	0	0	0	0	0	
980000	4455159551	116689	25028	19058	6512	0	5879	6114	0	0	0	0	0	
982000	4464191065	116931	25075	19100	6520	0	5895	6130	0	0	0	0	0	
984000	4473168971	117177	25132	19142	6526	0	5914	6143	0	0	0	0	0	
986000	4482107837	117425	25181	19185	6545	0	5922	6154	0	0	0	0	0	
988000	4491099921	117674	25224	19226	6566	0	5929	6167	0	0	0	0	0	
990000	4500175676	117916	25274	19267	6576	0	5935	6180	0	0	0	0	0	
992000	4509208991	118148	25331	19302	6588	0	5944	6192	0	0	0	0	0	
994000	4518233368	118399	25382	19336	6601	0	5954	6201	0	0	0	0	0	
996000	4527132628	118674	25418	19380	6611	0	5965	6210	0	0	0	0	0	
998000	4535985924	118919	25488	19421	6628	0	5988	6222	0	0	0	0	0	
1000000	4545096880	119154	25542	19459	6640	0	5998	6235	0	0	0	0	0	
