0.0000	1.4208	2.0380	2.5577	3.0086	3.4269	3.8572	4.3064	4.7857	5.2816	5.5053	5.6970	
0.0000	0.0000	1.4243	2.0498	2.5660	3.0271	3.4929	3.9750	4.4869	5.0124	5.2441	5.4446	
0.0000	0.0000	0.0000	1.4260	2.0489	2.5763	3.0967	3.6246	4.1766	4.7367	4.9783	5.1864	
0.0000	0.0000	0.0000	0.0000	1.4232	2.0615	2.6622	3.2515	3.8521	4.4526	4.7058	4.9227	
0.0000	0.0000	0.0000	0.0000	0.0000	1.4407	2.1735	2.8438	3.5044	4.1483	4.4149	4.6419	
0.0000	0.0000	0.0000	0.0000	0.0000	0.0000	1.4399	2.1640	2.8406	3.4955	3.8063	4.0740	
0.0000	0.0000	0.0000	0.0000	0.0000	0.0000	0.0000	1.4380	2.1643	2.8380	3.2135	3.5328	
0.0000	0.0000	0.0000	0.0000	0.0000	0.0000	0.0000	0.0000	1.4400	2.1646	2.6302	3.0105	
0.0000	0.0000	0.0000	0.0000	0.0000	0.0000	0.0000	0.0000	0.0000	1.4396	2.0400	2.5064	
0.0000	0.0000	0.0000	0.0000	0.0000	0.0000	0.0000	0.0000	0.0000	0.0000	1.4214	2.0092	
0.0000	0.0000	0.0000	0.0000	0.0000	0.0000	0.0000	0.0000	0.0000	0.0000	0.0000	1.4172	
0.0000	0.0000	0.0000	0.0000	0.0000	0.0000	0.0000	0.0000	0.0000	0.0000	0.0000	0.0000	
