0.0000	1.4213	2.0224	2.5269	2.9754	3.3844	3.7687	4.1231	4.4632	4.7896	5.0965	5.3961	5.6825	5.9538	6.2132	6.4524	6.6677	6.8584	
0.0000	0.0000	1.4242	2.0454	2.5643	3.0205	3.4400	3.8231	4.1847	4.5283	4.8505	5.1628	5.4592	5.7392	6.0059	6.2516	6.4722	6.6671	
0.0000	0.0000	0.0000	1.4257	2.0574	2.5820	3.0467	3.4671	3.8581	4.2251	4.5649	4.8912	5.2009	5.4927	5.7686	6.0225	6.2491	6.4479	
0.0000	0.0000	0.0000	0.0000	1.4287	2.0647	2.5953	3.0630	3.4900	3.8838	4.2465	4.5922	4.9180	5.2225	5.5091	5.7730	6.0080	6.2136	
0.0000	0.0000	0.0000	0.0000	0.0000	1.4277	2.0644	2.5984	3.0732	3.5020	3.8931	4.2603	4.6029	4.9235	5.2238	5.4989	5.7438	5.9569	
0.0000	0.0000	0.0000	0.0000	0.0000	0.0000	1.4279	2.0671	2.6057	3.0810	3.5073	3.8993	4.2639	4.6027	4.9200	5.2081	5.4650	5.6873	
0.0000	0.0000	0.0000	0.0000	0.0000	0.0000	0.0000	1.4283	2.0707	2.6096	3.0814	3.5078	3.8989	4.2592	4.5938	4.8980	5.1683	5.4007	
0.0000	0.0000	0.0000	0.0000	0.0000	0.0000	0.0000	0.0000	1.4299	2.0704	2.6077	3.0812	3.5081	3.8954	4.2501	4.5721	4.8579	5.1021	
0.0000	0.0000	0.0000	0.0000	0.0000	0.0000	0.0000	0.0000	0.0000	1.4284	2.0703	2.6060	3.0790	3.5033	3.8846	4.2275	4.5319	4.7914	
0.0000	0.0000	0.0000	0.0000	0.0000	0.0000	0.0000	0.0000	0.0000	0.0000	1.4285	2.0685	2.6056	3.0749	3.4918	3.8628	4.1910	4.4688	
0.0000	0.0000	0.0000	0.0000	0.0000	0.0000	0.0000	0.0000	0.0000	0.0000	0.0000	1.4281	2.0701	2.6031	3.0655	3.4713	3.8279	4.1270	
0.0000	0.0000	0.0000	0.0000	0.0000	0.0000	0.0000	0.0000	0.0000	0.0000	0.0000	0.0000	1.4287	2.0670	2.5957	3.0472	3.4394	3.7655	
0.0000	0.0000	0.0000	0.0000	0.0000	0.0000	0.0000	0.0000	0.0000	0.0000	0.0000	0.0000	0.0000	1.4278	2.0628	2.5831	3.0240	3.3848	
0.0000	0.0000	0.0000	0.0000	0.0000	0.0000	0.0000	0.0000	0.0000	0.0000	0.0000	0.0000	0.0000	0.0000	1.4280	2.0595	2.5667	2.9760	
0.0000	0.0000	0.0000	0.0000	0.0000	0.0000	0.0000	0.0000	0.0000	0.0000	0.0000	0.0000	0.0000	0.0000	0.0000	1.4284	2.0452	2.5262	
0.0000	0.0000	0.0000	0.0000	0.0000	0.0000	0.0000	0.0000	0.0000	0.0000	0.0000	0.0000	0.0000	0.0000	0.0000	0.0000	1.4245	2.0222	
0.0000	0.0000	0.0000	0.0000	0.0000	0.0000	0.0000	0.0000	0.0000	0.0000	0.0000	0.0000	0.0000	0.0000	0.0000	0.0000	0.0000	1.4213	
0.0000	0.0000	0.0000	0.0000	0.0000	0.0000	0.0000	0.0000	0.0000	0.0000	0.0000	0.0000	0.0000	0.0000	0.0000	0.0000	0.0000	0.0000	
