20000	324
22000	323
24000	326
26000	323
28000	321
30000	323
32000	321
34000	320
36000	324
38000	321
40000	321
42000	323
44000	325
46000	321
48000	323
50000	320
52000	325
54000	326
56000	323
58000	325
60000	327
62000	327
64000	327
66000	326
68000	324
70000	322
72000	321
74000	317
76000	316
78000	318
80000	312
82000	313
84000	319
86000	315
88000	320
90000	315
92000	317
94000	316
96000	311
98000	314
100000	313
102000	309
104000	312
106000	312
108000	313
110000	316
112000	316
114000	309
116000	311
118000	313
120000	313
122000	317
124000	319
126000	316
128000	316
130000	320
132000	324
134000	319
136000	319
138000	321
140000	318
142000	320
144000	321
146000	320
148000	323
150000	322
152000	327
154000	326
156000	324
158000	320
160000	324
162000	324
164000	319
166000	321
168000	324
170000	326
172000	327
174000	324
176000	324
178000	324
180000	325
182000	321
184000	324
186000	324
188000	323
190000	322
192000	321
194000	323
196000	321
198000	322
200000	321
202000	324
204000	326
206000	323
208000	323
210000	321
212000	321
214000	323
216000	325
218000	325
220000	326
222000	326
224000	325
226000	323
228000	323
230000	319
232000	322
234000	318
236000	322
238000	327
240000	327
242000	330
244000	328
246000	328
248000	331
250000	332
252000	329
254000	326
256000	326
258000	327
260000	326
262000	329
264000	335
266000	334
268000	328
270000	331
272000	330
274000	326
276000	324
278000	327
280000	322
282000	320
284000	321
286000	324
288000	324
290000	327
292000	324
294000	322
296000	323
298000	321
300000	326
302000	325
304000	327
306000	324
308000	326
310000	326
312000	317
314000	315
316000	319
318000	322
320000	320
322000	324
324000	324
326000	319
328000	319
330000	322
332000	318
334000	318
336000	321
338000	318
340000	319
342000	315
344000	317
346000	314
348000	316
350000	320
352000	322
354000	321
356000	321
358000	318
360000	320
362000	319
364000	318
366000	323
368000	326
370000	320
372000	327
374000	326
376000	321
378000	319
380000	316
382000	317
384000	316
386000	319
388000	316
390000	321
392000	322
394000	317
396000	318
398000	315
400000	311
402000	307
404000	310
406000	316
408000	318
410000	315
412000	313
414000	316
416000	320
418000	323
420000	323
422000	321
424000	322
426000	322
428000	322
430000	324
432000	321
434000	319
436000	313
438000	311
440000	317
442000	319
444000	321
446000	318
448000	319
450000	318
452000	321
454000	324
456000	325
458000	326
460000	327
462000	327
464000	329
466000	326
468000	323
470000	325
472000	326
474000	324
476000	325
478000	325
480000	322
482000	325
484000	321
486000	316
488000	316
490000	317
492000	317
494000	315
496000	314
498000	323
500000	323
502000	321
504000	325
506000	323
508000	320
510000	321
512000	321
514000	320
516000	324
518000	324
520000	324
522000	325
524000	318
526000	320
528000	321
530000	320
532000	322
534000	325
536000	322
538000	321
540000	327
542000	326
544000	326
546000	321
548000	321
550000	320
552000	318
554000	320
556000	323
558000	329
560000	329
562000	320
564000	320
566000	322
568000	321
570000	319
572000	318
574000	319
576000	321
578000	319
580000	319
582000	319
584000	318
586000	318
588000	315
590000	318
592000	320
594000	324
596000	323
598000	322
600000	323
602000	326
604000	323
606000	318
608000	316
610000	312
612000	312
614000	317
616000	313
618000	312
620000	317
622000	311
624000	314
626000	313
628000	311
630000	316
632000	320
634000	320
636000	320
638000	323
640000	322
642000	323
644000	323
646000	320
648000	318
650000	317
652000	318
654000	316
656000	313
658000	317
660000	317
662000	318
664000	321
666000	318
668000	317
670000	315
672000	320
674000	316
676000	319
678000	317
680000	311
682000	307
684000	307
686000	309
688000	311
690000	314
692000	316
694000	316
696000	311
698000	312
700000	316
702000	319
704000	319
706000	316
708000	317
710000	320
712000	321
714000	319
716000	320
718000	318
720000	313
722000	313
724000	316
726000	318
728000	317
730000	320
732000	318
734000	319
736000	316
738000	311
740000	313
742000	316
744000	316
746000	314
748000	321
750000	321
752000	321
754000	323
756000	324
758000	328
760000	322
762000	323
764000	323
766000	321
768000	323
770000	322
772000	322
774000	319
776000	318
778000	317
780000	316
782000	318
784000	321
786000	324
788000	324
790000	326
792000	324
794000	329
796000	326
798000	324
800000	324
802000	323
804000	325
806000	324
808000	323
810000	322
812000	326
814000	325
816000	321
818000	318
820000	319
822000	320
824000	321
826000	318
828000	318
830000	317
832000	316
834000	318
836000	321
838000	321
840000	323
842000	320
844000	319
846000	326
848000	326
850000	326
852000	325
854000	329
856000	330
858000	329
860000	328
862000	322
864000	320
866000	318
868000	323
870000	323
872000	322
874000	322
876000	322
878000	322
880000	323
882000	324
884000	325
886000	323
888000	321
890000	317
892000	315
894000	318
896000	320
898000	319
900000	320
902000	316
904000	316
906000	314
908000	316
910000	316
912000	318
914000	318
916000	318
918000	321
920000	323
922000	323
924000	321
926000	320
928000	316
930000	317
932000	311
934000	318
936000	321
938000	321
940000	320
942000	322
944000	326
946000	325
948000	327
950000	327
952000	325
954000	329
956000	324
958000	323
960000	322
962000	322
964000	322
966000	323
968000	323
970000	324
972000	323
974000	321
976000	324
978000	326
980000	322
982000	318
984000	319
986000	321
988000	318
990000	315
992000	319
994000	321
996000	324
998000	326
1000000	323
