20000	140195980
22000	154116588
24000	168087191
26000	182097790
28000	196278372
30000	210168983
32000	223849615
34000	237850215
36000	252100790
38000	266011399
40000	279962004
42000	294132587
44000	308183182
46000	322663734
48000	336804320
50000	350644936
52000	364555545
54000	378746126
56000	392716729
58000	406787322
60000	421047896
62000	435308470
64000	449599041
66000	463749626
68000	477830218
70000	491820819
72000	505601441
74000	519812020
76000	533822619
78000	547963205
80000	561673834
82000	575474454
84000	589605041
86000	603655636
88000	617606241
90000	631826819
92000	646187383
94000	660097992
96000	674128589
98000	687929209
100000	702019800
102000	716120390
104000	730160986
106000	743851617
108000	757822220
110000	771602842
112000	785563446
114000	799464056
116000	813394663
118000	827555247
120000	841465856
122000	855206482
124000	869147088
126000	883397663
128000	897668236
130000	911278875
132000	925669436
134000	939610042
136000	953970606
138000	968351168
140000	982241779
142000	996802323
144000	1010822921
146000	1024953508
148000	1038714132
150000	1052764727
152000	1066885315
154000	1081145889
156000	1095276476
158000	1109277076
160000	1123467657
162000	1137418262
164000	1151388865
166000	1165769427
168000	1179720032
170000	1193680636
172000	1207581246
174000	1221771827
176000	1235872417
178000	1249913013
180000	1263733631
182000	1277904214
184000	1291694835
186000	1305785426
188000	1319646040
190000	1334196585
192000	1348457159
194000	1362707734
196000	1376788326
198000	1390568948
200000	1404519553
202000	1418460159
204000	1432120793
206000	1446361369
208000	1460101995
210000	1474102595
212000	1488003205
214000	1502353770
216000	1516444361
218000	1530444961
220000	1544345571
222000	1558356170
224000	1572526753
226000	1586657340
228000	1600727933
230000	1614828523
232000	1628759130
234000	1642529753
236000	1656340372
238000	1670830923
240000	1684871519
242000	1698902116
244000	1712902716
246000	1727183288
248000	1741443862
250000	1755414465
252000	1769425064
254000	1782845722
256000	1796396367
258000	1810476959
260000	1824547552
262000	1838408166
264000	1852228784
266000	1866039403
268000	1880369970
270000	1894360571
272000	1908361171
274000	1922111796
276000	1936502357
278000	1950122995
280000	1964173590
282000	1978474160
284000	1992364771
286000	2006665341
288000	2020585949
290000	2034526555
292000	2048617146
294000	2063007707
296000	2077078300
298000	2091318876
300000	2105439464
302000	2119280080
304000	2133230685
306000	2146911317
308000	2161121896
310000	2174872521
312000	2189283080
314000	2203253683
316000	2217414267
318000	2231454863
320000	2245315477
322000	2258986110
324000	2273216687
326000	2287167292
328000	2301377871
330000	2315718437
332000	2329509058
334000	2343489660
336000	2357420267
338000	2371290880
340000	2385251484
342000	2399532056
344000	2413832626
346000	2427793230
348000	2441623847
350000	2455644445
352000	2469975012
354000	2483775632
356000	2497536256
358000	2511606849
360000	2525907419
362000	2540028007
364000	2553978612
366000	2568109199
368000	2581949815
370000	2595680442
372000	2610021008
374000	2624071603
376000	2637992211
378000	2651972813
380000	2666263384
382000	2680443966
384000	2694644546
386000	2708745136
388000	2722655745
390000	2736406370
392000	2750506960
394000	2764957515
396000	2778828128
398000	2792368774
400000	2806279383
402000	2820139997
404000	2834340577
406000	2848541157
408000	2862851726
410000	2877272284
412000	2891512860
414000	2905463465
416000	2919824029
418000	2933934618
420000	2948075204
422000	2962175794
424000	2975956416
426000	2990446967
428000	3004477564
430000	3018538158
432000	3032578754
434000	3046509361
436000	3060539958
438000	3074620550
440000	3088471165
442000	3102681744
444000	3116832329
446000	3130512961
448000	3144973515
450000	3158834129
452000	3172734739
454000	3187095303
456000	3201375875
458000	3215436469
460000	3229517061
462000	3243417671
464000	3257288284
466000	3270998913
468000	3284979515
470000	3298910122
472000	3313130700
474000	3326831330
476000	3340761937
478000	3354762537
480000	3369003113
482000	3383083705
484000	3396764337
486000	3410554958
488000	3424295584
490000	3438396174
492000	3451896824
494000	3465647449
496000	3480038010
498000	3494358578
500000	3508499164
502000	3522589755
504000	3536790335
506000	3550890925
508000	3565151499
510000	3579212093
512000	3593152699
514000	3607543260
516000	3621343880
518000	3635094505
520000	3648915123
522000	3663175697
524000	3676936321
526000	3691156899
528000	3704987516
530000	3718948120
532000	3733108704
534000	3746909324
536000	3760989916
538000	3775200495
540000	3789401075
542000	3803481667
544000	3817192296
546000	3831032912
548000	3845433472
550000	3859394076
552000	3873154700
554000	3887315284
556000	3901345881
558000	3915276488
560000	3929837032
562000	3943427673
564000	3957548261
566000	3971288887
568000	3985329483
570000	3999150101
572000	4013370679
574000	4027131303
576000	4041021914
578000	4054822534
580000	4068983118
582000	4082803736
584000	4096504366
586000	4110594957
588000	4124315585
590000	4138296187
592000	4152226794
594000	4166277389
596000	4180168000
598000	4194068610
600000	4207979219
602000	4222119805
604000	4235920425
606000	4250290988
608000	4264101607
610000	4278082209
612000	4292012816
614000	4306093408
616000	4319964021
618000	4334254592
620000	4347875230
622000	4362255792
624000	4376116406
626000	4389817036
628000	4404067611
630000	4417988219
632000	4432268791
634000	4445689449
636000	4459690049
638000	4473680650
640000	4487631255
642000	4501341884
644000	4515272491
646000	4529433075
648000	4543103708
650000	4557024316
652000	4570844934
654000	4585035515
656000	4598986120
658000	4613226696
660000	4627327286
662000	4641407878
664000	4655318487
666000	4669479071
668000	4683409678
670000	4697770242
672000	4711810838
674000	4726261393
676000	4740611958
678000	4754322587
680000	4768053214
682000	4782003819
684000	4795884431
686000	4809895030
688000	4823875632
690000	4837886231
692000	4851726847
694000	4865577462
696000	4879478072
698000	4893198700
700000	4906899330
702000	4920809939
704000	4934840536
706000	4948611159
708000	4962621758
710000	4976512369
712000	4991032917
714000	5004643556
716000	5018684152
718000	5032784742
720000	5046785342
722000	5060785942
724000	5074646556
726000	5088847136
728000	5102967724
730000	5117108310
732000	5131028918
734000	5145049516
736000	5159000121
738000	5173500671
740000	5187501271
742000	5201631858
744000	5215592462
746000	5229703051
748000	5243493672
750000	5257594262
752000	5271404881
754000	5285515470
756000	5299596062
758000	5313586663
760000	5327537268
762000	5341617860
764000	5355668455
766000	5369779044
768000	5383949627
770000	5397980224
772000	5412050817
774000	5426431379
776000	5440182004
778000	5453732649
780000	5467633259
782000	5481743848
784000	5495694453
786000	5509765046
788000	5523995623
790000	5537836239
792000	5551836839
794000	5565517471
796000	5579318091
798000	5593408682
800000	5607129310
802000	5621329890
804000	5634970526
806000	5648981125
808000	5662641759
810000	5676832340
812000	5690492974
814000	5704453578
816000	5718514172
818000	5732424781
820000	5746215402
822000	5759966027
824000	5773766647
826000	5787717252
828000	5801717852
830000	5815568467
832000	5829889035
834000	5844169607
836000	5857930231
838000	5872010823
840000	5886071417
842000	5900451979
844000	5914522572
846000	5928243200
848000	5942323792
850000	5956114413
852000	5970205004
854000	5984395585
856000	5998646160
858000	6012716753
860000	6026607364
862000	6039818043
864000	6054138611
866000	6068499175
868000	6082699755
870000	6096550370
872000	6110640961
874000	6124551570
876000	6138422183
878000	6152372788
880000	6166353390
882000	6180084017
884000	6194424583
886000	6208395186
888000	6222435782
890000	6236586367
892000	6250646961
894000	6264317594
896000	6278138212
898000	6292168809
900000	6305919434
902000	6319930033
904000	6333880638
906000	6347761250
908000	6361821844
910000	6375922434
912000	6390053021
914000	6404403586
916000	6418244202
918000	6432414785
920000	6446325394
922000	6460425984
924000	6474246602
926000	6488127214
928000	6502007826
930000	6515988428
932000	6530428984
934000	6544259601
936000	6558180209
938000	6572220805
940000	6585991428
942000	6600182009
944000	6614092618
946000	6628193208
948000	6642143813
950000	6655984429
952000	6669905037
954000	6683765651
956000	6697596268
958000	6711586869
960000	6725697458
962000	6739898038
964000	6753838644
966000	6768009227
968000	6782289799
970000	6796410387
972000	6810041024
974000	6823921636
976000	6837892239
978000	6851662862
980000	6865333495
982000	6879234105
984000	6893064722
986000	6906835345
988000	6920715957
990000	6934716557
992000	6948657163
994000	6962567772
996000	6976268402
998000	6989899039
1000000	7003919637
