0.004256	-0.0017589	0.0045259
0.0045398	0.0012964	0.0014651
0.0048235	0.0014327	0.00094691
0.0051072	0.00095911	0.00074591
0.005391	0.001802	0.000709
0.0056747	0.0019084	0.00052794
0.0059585	0.0010044	0.00043753
0.0062422	0.0013185	0.00037076
0.0065259	0.0010646	0.00031734
0.0068097	0.001113	0.00029241
0.0070934	0.0014462	0.00024237
0.0073771	0.0012305	0.00022711
0.0076609	0.0017272	0.00021263
0.0079446	0.0011295	0.00020374
0.0082283	0.0012762	0.00019736
0.0085121	0.0011568	0.00018886
0.0087958	0.001535	0.00018805
0.0090795	0.0014813	0.00018054
0.0093633	0.0011478	0.00017547
0.009647	0.0011836	0.00017425
0.0099308	0.0011416	0.00016402
0.010214	0.00096632	0.00017168
0.010498	0.0013937	0.00015957
0.010782	0.0012009	0.00016004
0.011066	0.0011771	0.00015936
0.011349	0.0013687	0.00015302
0.011633	0.0013247	0.00015507
0.011917	0.001044	0.00014736
0.012201	0.0012222	0.00014523
0.012484	0.0010062	0.00014821
0.012768	0.0014809	0.000143
0.013052	0.0013468	0.00013503
0.013336	0.0011907	0.00012631
0.013619	0.0011244	0.00012947
0.013903	0.0013994	0.00012697
0.014187	0.0012639	0.00011823
0.014471	0.0011816	0.00011734
0.014754	0.0011387	0.00011403
0.015038	0.0013461	0.00011522
0.015322	0.0010242	0.00011052
0.015605	0.0011466	0.00011001
0.015889	0.0012061	0.00010779
0.016173	0.0012314	0.00010744
0.016457	0.0012528	0.00010804
0.01674	0.001177	0.00010505
0.017024	0.001065	0.00010427
0.017308	0.0011974	0.0001031
0.017592	0.00099245	0.000103
0.017875	0.0012027	0.00010081
0.018159	0.0012913	9.9243e-05
0.018443	0.001463	9.8784e-05
0.018727	0.0010446	9.7301e-05
0.01901	0.0011644	9.4523e-05
0.019294	0.0012722	9.3842e-05
0.019578	0.0011852	9.3507e-05
0.019861	0.00097451	9.6777e-05
0.020145	0.0015458	9.3386e-05
0.020429	0.0013067	9.5314e-05
0.020713	0.0012004	9.4595e-05
0.020996	0.0011744	9.4433e-05
0.02128	0.00099491	9.6553e-05
0.021564	0.0011295	9.5501e-05
0.021848	0.0011639	9.5536e-05
0.022131	0.0012326	9.3201e-05
0.022415	0.0010411	9.298e-05
0.022699	0.0013075	9.2752e-05
0.022983	0.0010848	9.1777e-05
0.023266	0.0011674	9.2316e-05
0.02355	0.0011268	8.9819e-05
0.023834	0.0013849	9.3302e-05
0.024117	0.0011909	9.1084e-05
0.024401	0.0011815	8.9879e-05
0.024685	0.00093154	9.3604e-05
0.024969	0.0010957	8.8677e-05
0.025252	0.0010393	8.9832e-05
0.025536	0.00096346	8.9738e-05
0.02582	0.0010817	8.826e-05
0.026104	0.00097236	9.0019e-05
0.026387	0.0011767	8.8267e-05
0.026671	0.0011489	8.9012e-05
0.026955	0.0012014	8.7562e-05
0.027238	0.001087	8.7452e-05
0.027522	0.0010879	8.5778e-05
0.027806	0.0012732	8.4212e-05
0.02809	0.0010048	8.7416e-05
0.028373	0.0010521	8.4824e-05
0.028657	0.0010231	8.5121e-05
0.028941	0.0012428	8.3804e-05
0.029225	0.0010529	8.3482e-05
0.029508	0.0010744	8.5235e-05
0.029792	0.0010442	8.4193e-05
0.030076	0.00091001	8.3092e-05
0.030359	0.0011889	8.3914e-05
0.030643	0.0008365	8.4153e-05
0.030927	0.001016	8.2531e-05
0.031211	0.0011356	8.1439e-05
0.031494	0.0010251	8.1398e-05
0.031778	0.00092552	8.0488e-05
0.032062	0.001152	7.9594e-05
0.032346	0.0010287	7.9526e-05
0.032629	0.00093469	8.0004e-05
0.032913	0.0010341	8.1663e-05
0.033197	0.0011742	7.8776e-05
0.03348	0.0009938	8.0455e-05
0.033764	0.001068	7.779e-05
0.034048	0.00093601	7.9944e-05
0.034332	0.001058	7.9392e-05
0.034615	0.0010864	7.6557e-05
0.034899	0.00093993	7.8459e-05
0.035183	0.00092749	7.674e-05
0.035467	0.0009459	7.7546e-05
0.03575	0.00093551	7.6401e-05
0.036034	0.00093929	7.6965e-05
0.036318	0.0011779	7.7019e-05
0.036601	0.0010071	7.6807e-05
0.036885	0.001155	7.6972e-05
0.037169	0.0010222	7.6647e-05
0.037453	0.0010422	7.4851e-05
0.037736	0.00094684	7.6753e-05
0.03802	0.00084373	7.5942e-05
0.038304	0.0010035	7.5825e-05
0.038588	0.00089895	7.3831e-05
0.038871	0.0010159	7.4743e-05
0.039155	0.00081131	7.5118e-05
0.039439	0.00099143	7.3116e-05
0.039722	0.0008842	7.473e-05
0.040006	0.00080979	7.4603e-05
0.04029	0.00074896	7.3867e-05
0.040574	0.00092725	7.2323e-05
0.040857	0.00085435	7.2258e-05
0.041141	0.0010153	7.2208e-05
0.041425	0.00080046	7.2091e-05
0.041708	0.00099855	7.0619e-05
0.041992	0.0010526	7.1005e-05
0.042276	0.00098485	7.2315e-05
0.04256	0.00095535	7.255e-05
0.042843	0.00080894	7.1363e-05
0.043127	0.0010689	7.2962e-05
0.043411	0.00087074	7.1256e-05
0.043695	0.00080096	7.202e-05
0.043978	0.00090478	7.1706e-05
0.044262	0.0010568	7.1102e-05
0.044546	0.00083989	7.0681e-05
0.044829	0.00091198	7.065e-05
0.045113	0.00072606	7.1248e-05
0.045397	0.00075291	7.0685e-05
0.045681	0.00082746	7.0331e-05
0.045964	0.00093643	7.0537e-05
0.046248	0.0007398	6.9699e-05
0.046532	0.0008104	6.9253e-05
0.046815	0.00097759	6.9669e-05
0.047099	0.00075614	7.0488e-05
0.047383	0.00078828	7.3661e-05
0.047667	0.00082052	7.2454e-05
0.04795	0.00097203	7.3168e-05
0.048234	0.00084027	7.2479e-05
0.048518	0.00074645	7.318e-05
0.048801	0.0007175	7.4228e-05
0.049085	0.00079207	7.1882e-05
0.049369	0.0007075	7.2442e-05
0.049653	0.00070193	7.3356e-05
0.049936	0.00085726	7.5876e-05
0.05022	0.00079592	7.4838e-05
0.050504	0.00086636	7.4726e-05
0.050787	0.00080683	7.4927e-05
0.051071	0.0007474	7.4351e-05
0.051355	0.00093577	7.5137e-05
0.051639	0.00088156	7.4173e-05
0.051922	0.00067918	7.573e-05
0.052206	0.00081295	7.5587e-05
0.05249	0.00081887	7.3967e-05
0.052773	0.00063683	7.5811e-05
0.053057	0.00084506	7.4128e-05
0.053341	0.00074346	7.5854e-05
0.053625	0.00063579	7.4141e-05
0.053908	0.00080047	7.4409e-05
0.054192	0.0010228	7.597e-05
0.054476	0.00072528	7.454e-05
0.054759	0.00060833	7.6528e-05
0.055043	0.000626	7.3561e-05
0.055327	0.00071947	7.4579e-05
0.055611	0.0007814	7.5456e-05
0.055894	0.00085591	7.2996e-05
0.056178	0.00068212	7.5353e-05
0.056462	0.00083779	7.3373e-05
0.056745	0.00074652	7.4709e-05
0.057029	0.00080623	7.4909e-05
0.057313	0.00070897	7.4233e-05
0.057596	0.00069922	7.4958e-05
0.05788	0.00076122	7.3369e-05
0.058164	0.00062588	7.479e-05
0.058448	0.00063776	7.4365e-05
0.058731	0.00083495	7.3321e-05
0.059015	0.00048674	7.4625e-05
0.059299	0.00071619	7.2862e-05
0.059582	0.00054377	7.4146e-05
0.059866	0.00070615	7.2587e-05
0.06015	0.00066393	7.3105e-05
0.060434	0.00060078	7.365e-05
0.060717	0.00055129	7.3215e-05
0.061001	0.0007956	7.2752e-05
0.061285	0.00076337	7.3128e-05
0.061568	0.00068995	7.2152e-05
0.061852	0.00055796	7.4177e-05
0.062136	0.00068759	7.2932e-05
0.062419	0.00054626	7.3199e-05
0.062703	0.00092557	7.121e-05
0.062987	0.00066276	7.3084e-05
0.063271	0.00075103	7.2317e-05
0.063554	0.00062692	7.2726e-05
0.063838	0.00064362	7.3214e-05
0.064122	0.00052751	7.1926e-05
0.064405	0.00061585	7.288e-05
0.064689	0.00069992	7.1678e-05
0.064973	0.00056333	7.2443e-05
0.065256	0.00063538	7.333e-05
0.06554	0.00045203	7.2132e-05
0.065824	0.00059972	7.224e-05
0.066108	0.00048898	7.0415e-05
0.066391	0.00057823	7.0053e-05
0.066675	0.00054441	7.1067e-05
0.066959	0.00068097	7.0187e-05
0.067242	0.00056798	7.117e-05
0.067526	0.00060808	6.9833e-05
0.06781	0.00057756	7.1118e-05
0.068093	0.00045874	7.2002e-05
0.068377	0.00058647	7.4415e-05
0.068661	0.00037842	7.5712e-05
0.068945	0.00051314	7.5811e-05
0.069228	0.00060324	7.7412e-05
0.069512	0.00048507	7.5719e-05
0.069796	0.00053933	7.7329e-05
0.070079	0.00059019	7.8611e-05
0.070363	0.00058168	7.9478e-05
0.070647	0.00060683	7.8989e-05
0.07093	0.00072312	7.897e-05
0.071214	0.00050932	8.1061e-05
0.071498	0.00029423	8.1097e-05
0.071781	0.0005847	8.0537e-05
0.072065	0.00053729	8.0902e-05
0.072349	0.00048376	7.8281e-05
0.072633	0.00042834	8.1228e-05
0.072916	0.00062689	8.0873e-05
0.0732	0.00057611	7.8611e-05
0.073484	0.00025682	7.7437e-05
0.073767	0.00051404	7.4968e-05
0.074051	0.00051291	7.4104e-05
0.074335	0.00053386	7.3627e-05
0.074618	0.0007224	7.4429e-05
0.074902	0.00043461	7.2889e-05
0.075186	0.00052616	7.2648e-05
0.075469	0.00071371	7.1493e-05
0.075753	0.00040473	7.1495e-05
0.076037	0.00056089	7.1952e-05
0.076321	0.00058717	7.1198e-05
0.076604	0.00044898	7.1645e-05
0.076888	0.00046731	7.2272e-05
0.077172	0.00053016	7.0804e-05
0.077455	0.00057946	7.0406e-05
0.077739	0.00056905	7.0209e-05
0.078023	0.00046827	7.1421e-05
0.078306	0.00045872	7.1247e-05
0.07859	0.00049034	7.039e-05
0.078874	0.00028673	7.0321e-05
0.079157	0.00038199	7.0114e-05
0.079441	0.00051627	7.0424e-05
0.079725	0.00037841	6.9926e-05
0.080008	0.00047787	7.0326e-05
0.080292	0.00042895	6.8889e-05
0.080576	0.00045744	6.8448e-05
0.080859	0.00042626	7.077e-05
0.081143	0.00052274	6.9185e-05
0.081427	0.0006289	6.8139e-05
0.08171	0.00041728	6.8892e-05
0.081994	0.00031892	6.8755e-05
0.082278	0.0005259	6.9261e-05
0.082562	0.00038005	6.933e-05
0.082845	0.00047584	6.8624e-05
0.083129	0.00038514	6.8951e-05
0.083413	0.00041931	6.7705e-05
0.083696	0.00033232	6.7475e-05
0.08398	0.00043846	6.6114e-05
0.084264	0.00045149	6.8455e-05
0.084547	0.00041035	6.8505e-05
0.084831	0.00044181	6.7685e-05
0.085115	0.0004637	6.728e-05
0.085398	0.0003554	6.695e-05
0.085682	0.00045123	6.7928e-05
0.085966	0.00036906	6.8161e-05
0.086249	0.00032009	6.6294e-05
0.086533	0.00043244	6.8744e-05
0.086817	0.00038082	6.6267e-05
0.0871	0.00042249	6.8233e-05
0.087384	0.00049106	6.6838e-05
0.087668	0.0004621	6.714e-05
0.087951	0.00030339	6.6467e-05
0.088235	0.00031552	6.6544e-05
0.088519	0.00038853	6.7694e-05
0.088802	0.00045692	6.6221e-05
0.089086	0.00040044	6.7363e-05
0.08937	0.00039156	6.6271e-05
0.089653	0.00034511	6.6911e-05
0.089937	0.00053634	6.5706e-05
0.090221	0.00046628	6.7176e-05
0.090504	0.00029583	6.6438e-05
0.090788	0.00041935	6.6408e-05
0.091072	0.00038567	6.5977e-05
0.091355	0.00034408	6.639e-05
0.091639	0.00035689	6.6983e-05
0.091923	0.00036414	6.587e-05
0.092206	0.0004192	6.5252e-05
0.09249	0.00034392	6.6531e-05
0.092774	0.00029347	6.57e-05
0.093057	0.00032579	6.6645e-05
0.093341	0.00039637	6.5805e-05
0.093625	0.00033997	6.5459e-05
0.093908	0.00034763	6.6068e-05
0.094192	0.00034608	6.5147e-05
0.094476	0.00038945	6.5255e-05
0.094759	0.00038238	6.4902e-05
0.095043	0.00034105	6.4579e-05
0.095327	0.00041897	6.5599e-05
0.09561	0.00044894	6.547e-05
0.095894	0.0003547	6.4726e-05
0.096178	0.00028349	6.43e-05
0.096461	0.00035331	6.6184e-05
0.096745	0.00027162	6.588e-05
0.097028	0.00025325	6.4372e-05
0.097312	0.00011893	6.498e-05
0.097596	0.00033563	6.5003e-05
0.097879	0.00015252	6.513e-05
0.098163	0.00024995	6.4618e-05
0.098447	0.00035638	6.4242e-05
0.09873	0.00016008	6.3939e-05
0.099014	0.00024751	6.4102e-05
0.099298	0.00032996	6.378e-05
0.099581	0.00037367	6.3698e-05
0.099865	0.0003284	6.3803e-05
0.10015	0.00025665	6.4911e-05
0.10043	0.00029632	6.3397e-05
0.10072	0.00030748	6.0869e-05
0.101	0.0002006	6.1193e-05
0.10128	0.00036066	6.1618e-05
0.10157	0.00022431	6.1881e-05
0.10185	0.00012671	6.2959e-05
0.10213	0.0002838	6.2846e-05
0.10242	0.00022521	6.2677e-05
0.1027	0.0002067	6.352e-05
0.10299	0.00032242	6.1656e-05
0.10327	0.00017748	6.357e-05
0.10355	0.00038533	6.3164e-05
0.10384	0.00038703	6.2488e-05
0.10412	0.00013328	6.2644e-05
0.1044	0.0002452	6.1806e-05
0.10469	0.00022379	6.2462e-05
0.10497	0.00025684	6.1898e-05
0.10525	0.00050828	6.1752e-05
0.10554	0.00036579	6.2918e-05
0.10582	0.00025404	6.2327e-05
0.10611	0.00028897	6.1531e-05
0.10639	0.00020673	6.2646e-05
0.10667	0.00019243	6.0996e-05
0.10696	0.00024389	6.2782e-05
0.10724	0.00023248	6.0786e-05
0.10752	0.00031391	6.2351e-05
0.10781	0.00021657	6.1444e-05
0.10809	0.00024205	6.1749e-05
0.10837	0.00017109	6.216e-05
0.10866	0.00016522	6.1255e-05
0.10894	0.00036655	6.2035e-05
0.10923	0.00031646	6.2124e-05
0.10951	0.00031638	6.1445e-05
0.10979	0.00021417	6.1678e-05
0.11008	0.00023834	6.1722e-05
0.11036	0.00032016	6.109e-05
0.11064	0.00013845	6.1154e-05
0.11093	0.00011478	6.1547e-05
0.11121	0.00027049	6.0598e-05
0.11149	0.00022507	6.0883e-05
0.11178	0.00014165	6.1424e-05
0.11206	0.00036434	5.9779e-05
0.11235	0.00027223	6.1949e-05
0.11263	0.00022304	6.0788e-05
0.11291	0.00021966	6.0931e-05
0.1132	0.00017802	6.075e-05
0.11348	0.00023215	6.103e-05
0.11376	0.00015357	6.1691e-05
0.11405	0.00020298	6.0791e-05
0.11433	9.9634e-05	6.1342e-05
0.11461	0.00018653	6.1338e-05
0.1149	0.00017506	6.0458e-05
0.11518	0.00020227	6.0367e-05
0.11546	0.00023013	6.0137e-05
0.11575	0.00023998	6.0477e-05
0.11603	0.00019181	6.0683e-05
0.11632	0.00028438	6.0042e-05
0.1166	0.00015455	5.9812e-05
0.11688	0.00011796	5.9987e-05
0.11717	0.00035564	6.0074e-05
0.11745	0.00013468	5.9874e-05
0.11773	0.00022588	6.0494e-05
0.11802	0.00013005	6.1569e-05
0.1183	0.00013669	6.2259e-05
0.11858	8.5493e-05	6.2504e-05
0.11887	0.00017551	6.2907e-05
0.11915	0.00021082	6.3319e-05
0.11944	9.6905e-05	6.5516e-05
0.11972	0.00026919	6.4416e-05
0.12	0.00016273	6.5969e-05
0.12029	0.00018668	6.1284e-05
0.12057	0.000271	6.1771e-05
0.12085	0.00023853	6.2656e-05
0.12114	0.00028901	6.206e-05
0.12142	0.00017605	6.2207e-05
0.1217	0.0003905	6.1652e-05
0.12199	0.00015714	6.2071e-05
0.12227	0.00015116	6.1754e-05
0.12256	0.00025704	6.1427e-05
0.12284	0.00024016	6.0172e-05
0.12312	0.00021092	6.1311e-05
0.12341	0.00014945	6.1341e-05
0.12369	0.00021064	6.0409e-05
0.12397	0.00022365	6.1239e-05
0.12426	0.00025719	6.1063e-05
0.12454	0.00025176	6.0404e-05
0.12482	0.00032778	6.0293e-05
0.12511	0.0001494	5.9842e-05
0.12539	0.00016246	6.0261e-05
0.12567	0.00016147	6.0798e-05
0.12596	0.00012255	6.0096e-05
0.12624	0.00015068	6.0473e-05
0.12653	0.00016375	5.9482e-05
0.12681	0.00010118	6.0711e-05
0.12709	0.00010928	5.8867e-05
0.12738	4.1598e-05	5.8682e-05
0.12766	0.00015715	5.9308e-05
0.12794	0.00016944	5.9011e-05
0.12823	0.00028362	6.0612e-05
0.12851	0.00013097	6.0955e-05
0.12879	0.00019654	6.2702e-05
0.12908	0.00012308	6.1966e-05
0.12936	9.0324e-05	6.3617e-05
0.12965	0.00013283	6.3295e-05
0.12993	0.00029275	6.2871e-05
0.13021	6.231e-05	6.455e-05
0.1305	0.00011915	6.3797e-05
0.13078	0.00017266	6.4055e-05
0.13106	8.0821e-05	6.413e-05
0.13135	6.485e-05	6.5e-05
0.13163	0.00020572	6.5722e-05
0.13191	0.00011157	6.3987e-05
0.1322	0.00014465	6.519e-05
0.13248	2.954e-05	6.4745e-05
0.13276	0.00013509	6.4859e-05
0.13305	0.00018646	6.5793e-05
0.13333	0.00017809	6.2628e-05
0.13362	0.00017644	6.1452e-05
0.1339	0.00017778	6.1082e-05
0.13418	0.00021154	6.1244e-05
0.13447	0.00022405	6.0772e-05
0.13475	0.00016653	5.9288e-05
0.13503	0.00012791	5.9773e-05
0.13532	0.00015923	5.9132e-05
0.1356	0.00024657	6.0163e-05
0.13588	0.00022135	5.9092e-05
0.13617	0.00013121	5.9537e-05
0.13645	0.00011001	5.9603e-05
0.13673	0.00026218	5.8704e-05
0.13702	0.00012637	5.8445e-05
0.1373	0.00027094	5.7411e-05
0.13759	2.6595e-05	5.8441e-05
0.13787	0.00018868	5.7643e-05
0.13815	0.00023176	5.729e-05
0.13844	0.00028925	5.7424e-05
0.13872	0.00016291	5.7065e-05
0.139	0.00023875	5.8193e-05
0.13929	0.0001477	5.7449e-05
0.13957	0.00014885	5.7298e-05
0.13985	0.00019676	5.7512e-05
0.14014	0.00019355	5.7543e-05
0.14042	6.4598e-05	5.8689e-05
0.1407	0.00013075	5.7163e-05
0.14099	0.00011587	5.749e-05
0.14127	6.4276e-05	5.7489e-05
0.14156	0.00027941	5.6667e-05
0.14184	0.00018354	5.7338e-05
0.14212	0.00015649	5.7152e-05
0.14241	0.00013596	5.7079e-05
0.14269	8.5619e-05	5.6866e-05
0.14297	-6.4356e-06	5.7044e-05
0.14326	3.0826e-05	5.7751e-05
0.14354	0.00011206	5.7117e-05
0.14382	0.00013415	5.6891e-05
0.14411	0.00023668	5.6188e-05
0.14439	7.9286e-05	5.7047e-05
0.14467	5.6054e-05	5.6913e-05
0.14496	0.00032313	5.6387e-05
0.14524	0.00012503	5.6638e-05
0.14553	0.00013015	5.6547e-05
0.14581	0.00016442	5.7297e-05
0.14609	9.7605e-05	5.6512e-05
0.14638	0.0001118	5.6282e-05
0.14666	0.00016884	5.5853e-05
0.14694	5.217e-05	5.5802e-05
0.14723	0.00013385	5.6358e-05
0.14751	8.8935e-05	5.6214e-05
0.14779	0.00015772	5.6095e-05
0.14808	0.00018571	5.6495e-05
0.14836	-4.8799e-05	5.6059e-05
0.14864	0.00022329	5.6268e-05
0.14893	1.4565e-05	5.6043e-05
0.14921	0.00013125	5.5845e-05
0.1495	9.846e-05	5.6087e-05
0.14978	8.4538e-05	5.5542e-05
0.15006	0.00019866	5.5545e-05
0.15035	6.5474e-05	5.5815e-05
0.15063	0.00018516	5.5368e-05
0.15091	2.6893e-05	5.5779e-05
0.1512	0.00021549	5.5597e-05
0.15148	0.00016484	5.5509e-05
0.15176	9.6105e-05	5.5673e-05
0.15205	0.00010741	5.4773e-05
0.15233	6.1569e-05	5.5219e-05
0.15261	6.1106e-05	5.5594e-05
0.1529	3.9363e-05	5.5912e-05
0.15318	0.0001067	5.5408e-05
0.15346	0.0001572	5.576e-05
0.15375	0.00013064	5.5483e-05
0.15403	0.00010384	5.5408e-05
0.15432	3.9082e-05	5.5177e-05
0.1546	-3.3851e-05	5.4359e-05
0.15488	0.00014155	5.4463e-05
0.15517	4.4413e-05	5.3817e-05
0.15545	5.5143e-05	5.5257e-05
0.15573	9.0539e-05	5.3728e-05
0.15602	3.176e-06	5.4538e-05
0.1563	0.00017867	5.4724e-05
0.15658	0.00012655	5.3875e-05
0.15687	0.00020279	5.4833e-05
0.15715	0.00015889	5.3695e-05
0.15743	0.00013483	5.3927e-05
0.15772	9.4181e-05	5.4388e-05
0.158	0.00012963	5.4135e-05
0.15828	0.00013122	5.4225e-05
0.15857	0.00011185	5.429e-05
0.15885	0.00017411	5.3089e-05
0.15914	0.00020903	5.3662e-05
0.15942	1.9228e-05	5.3886e-05
0.1597	6.3728e-05	5.4346e-05
0.15999	0.00019429	5.3685e-05
0.16027	0.00014761	5.3917e-05
0.16055	0.00010178	5.3295e-05
0.16084	8.8559e-05	5.2614e-05
0.16112	0.0001619	5.2748e-05
0.1614	7.5875e-05	5.2814e-05
0.16169	8.0432e-05	5.3602e-05
0.16197	8.5602e-05	5.2844e-05
0.16225	9.7702e-05	5.3508e-05
0.16254	0.00014779	5.3106e-05
0.16282	7.2099e-05	5.3102e-05
0.1631	3.6936e-05	5.3443e-05
0.16339	-1.1556e-05	5.4108e-05
0.16367	9.4927e-05	5.3192e-05
0.16395	4.0579e-05	5.3181e-05
0.16424	0.0001309	5.3437e-05
0.16452	0.00010779	5.3304e-05
0.16481	3.2127e-05	5.2914e-05
0.16509	9.3763e-05	5.3424e-05
0.16537	0.00011906	5.322e-05
0.16566	1.545e-05	5.3065e-05
0.16594	9.0765e-06	5.2593e-05
0.16622	7.8897e-05	5.3158e-05
0.16651	7.3314e-05	5.2587e-05
0.16679	-3.3658e-05	5.3001e-05
0.16707	0.00011771	5.2914e-05
0.16736	4.3918e-05	5.2405e-05
0.16764	0.00014487	5.2502e-05
0.16792	5.2386e-05	5.2928e-05
0.16821	8.1008e-05	5.2555e-05
0.16849	4.8339e-05	5.3125e-05
0.16877	0.00013968	5.3521e-05
0.16906	3.7933e-05	5.2262e-05
0.16934	6.0553e-05	5.3077e-05
0.16962	0.00010577	5.2475e-05
0.16991	1.0539e-05	5.3204e-05
0.17019	0.0001093	5.2615e-05
0.17048	0.00011742	5.2e-05
0.17076	6.2279e-05	5.2028e-05
0.17104	-1.0267e-05	5.2506e-05
0.17133	5.6891e-05	5.2418e-05
0.17161	1.2504e-05	5.1204e-05
0.17189	0.00015868	5.1406e-05
0.17218	0.00010742	5.1409e-05
0.17246	8.8693e-06	5.1599e-05
0.17274	0.00011443	5.1114e-05
0.17303	6.0725e-05	5.1373e-05
0.17331	3.8052e-05	5.2436e-05
0.17359	0.00011025	5.1486e-05
0.17388	6.3351e-05	5.2062e-05
0.17416	0.00013036	5.1814e-05
0.17444	0.00011792	5.1203e-05
0.17473	0.00011446	5.2142e-05
0.17501	0.00015524	5.1077e-05
0.17529	1.5363e-05	5.2168e-05
0.17558	1.4925e-06	5.0983e-05
0.17586	0.00010795	5.0912e-05
0.17614	1.8404e-05	5.1493e-05
0.17643	9.4892e-06	5.0751e-05
0.17671	3.4412e-05	5.1753e-05
0.177	-1.4611e-05	5.125e-05
0.17728	2.5332e-05	5.1511e-05
0.17756	-2.277e-05	5.0552e-05
0.17785	0.00017394	5.1186e-05
0.17813	3.9557e-05	5.1543e-05
0.17841	-3.8498e-07	5.1118e-05
0.1787	0.00018626	5.1355e-05
0.17898	5.8961e-05	5.126e-05
0.17926	9.8727e-05	5.1072e-05
0.17955	5.0815e-05	5.1154e-05
0.17983	0.00016128	5.1083e-05
0.18011	9.4235e-05	5.111e-05
0.1804	1.2204e-05	5.0872e-05
0.18068	0.00011216	5.1559e-05
0.18096	9.1699e-05	5.0836e-05
0.18125	8.9554e-05	5.1257e-05
0.18153	0.00015913	5.0766e-05
0.18181	0.00012419	5.0844e-05
0.1821	7.6486e-05	5.124e-05
0.18238	-8.7272e-06	5.1074e-05
0.18266	-1.7985e-05	5.0889e-05
0.18295	0.00015086	5.0525e-05
0.18323	0.00013713	5.0237e-05
0.18351	9.1715e-05	5.0582e-05
0.1838	-1.6116e-05	5.0357e-05
0.18408	0.0001249	5.0615e-05
0.18436	0.00020961	5.131e-05
0.18465	9.7613e-05	5.0431e-05
0.18493	3.8796e-05	5.0608e-05
0.18522	0.00015469	5.0802e-05
0.1855	-2.3099e-05	5.0704e-05
0.18578	0.00015112	5.1172e-05
0.18607	6.6643e-05	5.0377e-05
0.18635	2.5831e-05	5.0405e-05
0.18663	8.855e-05	5.0096e-05
0.18692	4.8198e-05	5.0748e-05
0.1872	0.00010411	5.0038e-05
0.18748	0.00011809	4.994e-05
0.18777	4.36e-05	5.0515e-05
0.18805	0.00011437	5.0103e-05
0.18833	0.0001293	5.1239e-05
0.18862	-4.8531e-05	5.196e-05
0.1889	0.00018873	5.2289e-05
0.18918	5.4352e-05	5.214e-05
0.18947	2.3639e-05	5.2371e-05
0.18975	-1.7853e-05	5.4161e-05
0.19003	9.7103e-05	5.2724e-05
0.19032	4.9083e-05	5.3503e-05
0.1906	-1.1812e-06	5.3475e-05
0.19088	-7.3478e-05	5.3617e-05
0.19117	0.00014963	5.4372e-05
0.19145	-4.9714e-05	5.3827e-05
0.19173	0.00016123	5.4051e-05
0.19202	7.3522e-05	5.3976e-05
0.1923	6.3766e-05	5.519e-05
0.19258	-2.0889e-05	5.4929e-05
0.19287	4.3371e-05	5.4062e-05
0.19315	9.467e-06	5.4581e-05
0.19343	0.00016504	5.3194e-05
0.19372	2.3602e-05	5.2335e-05
0.194	0.00012617	5.2e-05
0.19428	6.3362e-05	5.1644e-05
0.19457	3.53e-05	5.1729e-05
0.19485	0.00011544	5.0963e-05
0.19514	0.0001101	5.1103e-05
0.19542	4.7984e-05	5.1068e-05
0.1957	-8.7457e-05	5.1562e-05
0.19599	-2.1011e-05	5.1201e-05
0.19627	0.00013553	5.1027e-05
0.19655	0.00011025	5.1038e-05
0.19684	0.00016814	5.0315e-05
0.19712	8.8581e-05	5.0549e-05
0.1974	7.6797e-06	5.0693e-05
0.19769	4.1478e-05	5.0474e-05
0.19797	0.00011576	5.0347e-05
0.19825	3.5053e-05	5.0687e-05
0.19854	3.8697e-05	5.0059e-05
0.19882	2.7207e-05	5.0491e-05
0.1991	0.00011993	5.054e-05
0.19939	3.6853e-05	5.0568e-05
0.19967	0.00010945	4.9497e-05
0.19995	9.7834e-05	5.0385e-05
0.20024	-1.7626e-05	4.9955e-05
0.20052	-9.1808e-05	5.0189e-05
0.2008	-9.3146e-05	4.9933e-05
0.20109	6.1166e-05	4.9784e-05
0.20137	0.00010923	4.9805e-05
0.20165	1.2338e-07	4.9385e-05
0.20194	0.00010218	4.962e-05
0.20222	8.7867e-05	4.9703e-05
0.2025	5.7407e-05	5.0135e-05
0.20279	4.8023e-05	4.9591e-05
0.20307	2.5369e-05	4.8855e-05
0.20335	5.3584e-05	4.9648e-05
0.20364	1.9058e-05	4.9654e-05
0.20392	0.00015784	4.9393e-05
0.2042	7.1471e-05	4.941e-05
0.20449	4.2546e-05	4.9352e-05
0.20477	7.3054e-05	4.9397e-05
0.20505	5.4648e-05	4.9529e-05
0.20534	2.9996e-05	4.9992e-05
0.20562	3.7798e-05	4.8584e-05
0.2059	7.302e-05	4.929e-05
0.20619	6.4977e-05	4.9015e-05
0.20647	6.0082e-08	4.8403e-05
0.20675	9.9206e-05	4.8023e-05
0.20704	6.7145e-06	4.8961e-05
0.20732	7.5042e-05	4.8444e-05
0.2076	1.1116e-05	4.8448e-05
0.20789	-4.2415e-05	4.8377e-05
0.20817	1.6383e-05	4.8849e-05
0.20845	-6.6153e-05	4.7957e-05
0.20874	-2.9767e-05	4.9071e-05
0.20902	6.9386e-05	4.8752e-05
0.2093	5.1979e-05	4.8269e-05
0.20959	7.7069e-05	4.8154e-05
0.20987	8.8722e-05	4.8084e-05
0.21015	0.00012774	4.8076e-05
0.21044	0.00012928	4.8387e-05
0.21072	0.00013189	4.855e-05
0.211	0.00013681	4.8285e-05
0.21129	0.00012121	4.7726e-05
0.21157	0.00011263	4.8445e-05
0.21185	0.00013407	4.8153e-05
0.21214	0.00011716	4.8478e-05
0.21242	-3.6979e-05	4.836e-05
0.2127	7.15e-05	4.8183e-05
0.21299	9.6901e-05	4.8525e-05
0.21327	5.4721e-05	4.783e-05
0.21355	-3.1846e-05	4.8212e-05
0.21384	-7.6662e-05	4.8042e-05
0.21412	7.8281e-05	4.8481e-05
0.2144	3.167e-05	4.856e-05
0.21469	8.5767e-05	4.7539e-05
0.21497	6.5994e-05	4.8694e-05
0.21525	-5.3598e-06	4.807e-05
0.21554	7.8498e-05	4.8189e-05
0.21582	3.3803e-06	4.8722e-05
0.2161	0.00010538	4.7605e-05
0.21639	7.2926e-05	4.8456e-05
0.21667	7.7502e-05	4.7561e-05
0.21695	2.3683e-05	4.7717e-05
0.21724	7.3114e-05	4.7851e-05
0.21752	3.2683e-05	4.7752e-05
0.2178	9.696e-06	4.8003e-05
0.21809	-1.4357e-05	4.7651e-05
0.21837	4.0203e-05	4.7973e-05
0.21865	9.9129e-05	4.7656e-05
0.21894	7.0285e-06	4.7374e-05
0.21922	1.5377e-05	4.8005e-05
0.2195	9.792e-05	4.7827e-05
0.21979	6.6955e-05	4.7402e-05
0.22007	1.4634e-05	4.7348e-05
0.22035	6.5124e-05	4.7483e-05
0.22064	0.00016417	4.7044e-05
0.22092	8.65e-05	4.6413e-05
0.2212	-1.6136e-05	4.689e-05
0.22149	8.0635e-05	4.6547e-05
0.22177	5.9551e-05	4.6758e-05
0.22205	5.8847e-06	4.7211e-05
0.22234	5.8261e-05	4.7296e-05
0.22262	5.9575e-05	4.772e-05
0.2229	-5.9602e-05	4.7002e-05
0.22319	4.3685e-05	4.6724e-05
0.22347	-3.1253e-05	4.6796e-05
0.22375	-4.8956e-05	4.573e-05
0.22404	0.00017305	4.6453e-05
0.22432	-1.4751e-05	4.5858e-05
0.2246	7.6194e-05	4.6433e-05
0.22489	-1.5798e-05	4.6198e-05
0.22517	5.4119e-05	4.6603e-05
0.22545	0.00014066	4.677e-05
0.22574	-6.0624e-05	4.6702e-05
0.22602	7.6547e-05	4.6296e-05
0.2263	3.9234e-05	4.6545e-05
0.22659	9.2387e-05	4.6088e-05
0.22687	8.6635e-05	4.5981e-05
0.22715	3.5366e-05	4.6454e-05
0.22744	6.1536e-05	4.6736e-05
0.22772	0.00011896	4.639e-05
0.228	6.6811e-05	4.6098e-05
0.22829	0.00015709	4.5914e-05
0.22857	4.095e-05	4.646e-05
0.22885	4.9928e-05	4.67e-05
0.22914	4.8434e-05	4.6318e-05
0.22942	2.1337e-05	4.6542e-05
0.2297	3.8997e-05	4.6269e-05
0.22999	7.6753e-05	4.6527e-05
0.23027	-2.9896e-05	4.6244e-05
0.23055	3.5614e-05	4.649e-05
0.23084	3.6809e-05	4.6565e-05
0.23112	6.3622e-05	4.5744e-05
0.2314	-5.7818e-05	4.6706e-05
0.23169	8.1832e-05	4.5919e-05
0.23197	-4.6552e-05	4.6061e-05
0.23225	6.735e-05	4.6262e-05
0.23254	-2.8909e-05	4.6257e-05
0.23282	3.8912e-05	4.6433e-05
0.2331	1.6483e-05	4.6121e-05
0.23339	9.8306e-05	4.6301e-05
0.23367	-2.0262e-05	4.666e-05
0.23395	-2.2134e-05	4.5833e-05
0.23424	7.476e-05	4.6487e-05
0.23452	2.9818e-05	4.5923e-05
0.2348	-2.6049e-05	4.6342e-05
0.23509	6.7541e-05	4.5871e-05
0.23537	9.2779e-05	4.5831e-05
0.23565	9.7544e-05	4.5833e-05
0.23594	-7.8439e-06	4.5842e-05
0.23622	-2.0136e-05	4.6312e-05
0.2365	-2.823e-06	4.5816e-05
0.23678	-3.6834e-05	4.5858e-05
0.23707	8.4261e-05	4.5751e-05
0.23735	-4.1791e-05	4.5619e-05
0.23763	-6.4936e-05	4.5692e-05
0.23792	-3.4567e-05	4.5456e-05
0.2382	0.00010816	4.5845e-05
0.23848	-2.2251e-05	4.5861e-05
0.23877	-1.3332e-05	4.5165e-05
0.23905	6.6884e-05	4.6092e-05
0.23933	-1.9851e-05	4.553e-05
0.23962	4.419e-05	4.5811e-05
0.2399	-3.1413e-05	4.5259e-05
0.24018	7.9899e-05	4.575e-05
0.24047	-2.5214e-05	4.5561e-05
0.24075	1.8756e-05	4.5143e-05
0.24103	3.7949e-05	4.4787e-05
0.24132	2.8203e-05	4.4647e-05
0.2416	0.0001663	4.4977e-05
0.24188	-1.4294e-05	4.5287e-05
0.24217	-5.9907e-06	4.4593e-05
0.24245	4.6316e-05	4.5078e-05
0.24273	8.4503e-05	4.4434e-05
0.24302	5.8877e-05	4.526e-05
0.2433	-1.1671e-05	4.551e-05
0.24358	6.6173e-05	4.5119e-05
0.24387	0.00014573	4.5243e-05
0.24415	4.2385e-05	4.4578e-05
0.24443	5.1997e-05	4.5226e-05
0.24472	2.3621e-05	4.423e-05
0.245	2.062e-05	4.531e-05
0.24528	4.8196e-06	4.5552e-05
0.24557	0.00010681	4.5034e-05
0.24585	3.5181e-06	4.4925e-05
0.24613	1.7395e-05	4.4997e-05
0.24641	0.00015379	4.4787e-05
0.2467	3.3275e-05	4.5009e-05
0.24698	8.4913e-05	4.4517e-05
0.24726	0.00010314	4.5247e-05
0.24755	2.8792e-06	4.4367e-05
0.24783	2.9487e-05	4.5142e-05
0.24811	2.5364e-05	4.5053e-05
0.2484	0.00010543	4.4277e-05
0.24868	7.7061e-05	4.5659e-05
0.24896	5.4026e-05	4.6152e-05
0.24925	5.9297e-05	4.6906e-05
0.24953	6.9374e-06	4.7341e-05
0.24981	3.2751e-05	4.7045e-05
0.2501	-1.7578e-05	4.7355e-05
0.25038	-3.7289e-05	4.7862e-05
0.25066	-1.7306e-05	4.7955e-05
0.25095	9.5355e-05	4.7419e-05
0.25123	3.8743e-05	4.7594e-05
0.25151	6.3103e-05	4.7887e-05
0.2518	-2.9356e-05	4.7988e-05
0.25208	-7.6168e-05	4.8519e-05
0.25236	8.7305e-05	4.7672e-05
0.25265	3.7181e-05	4.8115e-05
0.25293	5.7896e-05	4.8716e-05
0.25321	-5.8061e-05	4.8166e-05
0.25349	-2.9961e-05	4.8447e-05
0.25378	6.428e-05	4.8352e-05
0.25406	0.00010981	4.885e-05
0.25434	9.9033e-06	4.836e-05
0.25463	-1.9888e-05	4.9232e-05
0.25491	7.0028e-05	4.841e-05
0.25519	5.7972e-05	4.891e-05
0.25548	2.3093e-05	4.9122e-05
0.25576	-4.8786e-05	4.9022e-05
0.25604	9.5299e-05	4.8843e-05
0.25633	6.4842e-05	4.8404e-05
0.25661	4.3827e-05	4.9569e-05
0.25689	0.00013946	4.9479e-05
0.25718	-9.6891e-05	4.9178e-05
0.25746	6.2247e-05	4.9204e-05
0.25774	0.00014027	4.9487e-05
0.25803	0.0001283	4.9412e-05
0.25831	-8.6055e-05	5.0375e-05
0.25859	-4.4e-05	5.1603e-05
0.25888	3.8324e-05	5.2244e-05
0.25916	-0.00010747	5.2607e-05
0.25944	4.4831e-05	5.3669e-05
0.25972	8.8306e-05	5.3656e-05
0.26001	3.4068e-05	5.4407e-05
0.26029	1.5115e-05	5.4814e-05
0.26057	2.1228e-05	5.5315e-05
0.26086	1.5789e-05	5.5592e-05
0.26114	6.6084e-05	5.5476e-05
0.26142	2.7443e-06	5.653e-05
0.26171	7.2361e-05	5.7269e-05
0.26199	-7.0827e-06	5.6899e-05
0.26227	2.8974e-05	5.807e-05
0.26256	-4.1834e-05	5.7487e-05
0.26284	6.3232e-05	5.801e-05
0.26312	1.8427e-05	5.8441e-05
0.26341	5.726e-05	5.8291e-05
0.26369	-7.6541e-05	5.9836e-05
0.26397	6.3904e-05	5.7898e-05
0.26425	0.00012326	5.948e-05
0.26454	7.5825e-05	5.9411e-05
0.26482	5.2109e-05	6.0376e-05
0.2651	9.0411e-05	5.9402e-05
0.26539	-8.6555e-06	6.0079e-05
0.26567	0.0001327	5.9817e-05
0.26595	9.5426e-05	6.0611e-05
0.26624	-3.0106e-05	6.0526e-05
0.26652	3.9959e-05	6.0479e-05
0.2668	0.00010364	6.1691e-05
0.26709	-7.5845e-05	6.0719e-05
0.26737	7.9459e-05	6.1269e-05
0.26765	-2.4374e-05	6.246e-05
0.26794	-0.00011588	6.1987e-05
0.26822	-7.4053e-05	6.1207e-05
0.2685	-9.4166e-06	6.1391e-05
0.26878	1.1829e-05	6.1081e-05
0.26907	-0.00010805	6.1695e-05
0.26935	0.00012191	6.2489e-05
0.26963	3.9722e-05	6.3503e-05
0.26992	-9.8787e-05	6.255e-05
0.2702	5.7676e-05	6.2743e-05
0.27048	0.00023456	6.2802e-05
0.27077	7.2175e-05	6.3623e-05
0.27105	0.00010154	6.4645e-05
0.27133	-5.239e-05	6.3626e-05
0.27162	0.0001856	6.3361e-05
0.2719	3.2771e-05	6.4564e-05
0.27218	5.7714e-05	6.3025e-05
0.27247	-1.9923e-05	6.5741e-05
0.27275	1.0098e-05	6.4202e-05
0.27303	-2.9289e-05	6.526e-05
0.27331	1.8845e-06	6.4921e-05
0.2736	0.00013107	6.436e-05
0.27388	-5.592e-05	6.62e-05
0.27416	6.0539e-05	6.5415e-05
0.27445	8.1276e-05	6.5355e-05
0.27473	4.7545e-05	6.5078e-05
0.27501	0.00013382	6.6145e-05
0.2753	-0.00014405	6.6995e-05
0.27558	-4.7828e-05	6.5362e-05
0.27586	-1.3445e-05	6.676e-05
0.27615	5.0854e-05	6.603e-05
0.27643	0.00016409	6.636e-05
0.27671	0.00011839	6.8141e-05
0.27699	3.5542e-05	6.6932e-05
0.27728	-2.9202e-05	6.7271e-05
0.27756	3.7197e-05	6.6406e-05
0.27784	-0.00010838	6.776e-05
0.27813	0.00010742	6.8163e-05
0.27841	3.0227e-05	6.8092e-05
0.27869	9.6027e-05	6.8613e-05
0.27898	0.00014506	6.7092e-05
0.27926	0.000103	6.9391e-05
0.27954	3.6965e-05	6.7605e-05
0.27983	-8.8566e-06	6.8615e-05
0.28011	2.8032e-05	6.968e-05
0.28039	9.3897e-05	6.8197e-05
0.28067	1.5449e-05	6.995e-05
0.28096	9.6306e-06	6.9245e-05
0.28124	4.4332e-05	7.0416e-05
0.28152	-4.0452e-05	7.0292e-05
0.28181	-0.00021425	7.0591e-05
0.28209	3.4485e-05	7.1296e-05
0.28237	7.9143e-05	7.0569e-05
0.28266	1.4895e-05	7.2086e-05
0.28294	-2.9039e-05	7.1273e-05
0.28322	-0.00014873	7.0898e-05
0.2835	-1.6149e-05	7.141e-05
0.28379	2.5187e-05	7.1608e-05
0.28407	0.00012167	7.2101e-05
0.28435	-4.8937e-05	7.2175e-05
0.28464	6.0917e-05	7.2826e-05
0.28492	-5.4457e-05	7.3658e-05
0.2852	0.00010067	7.3199e-05
0.28549	0.00026331	7.3514e-05
0.28577	2.7925e-05	7.1676e-05
0.28605	-3.2385e-05	7.449e-05
0.28634	6.5804e-05	7.3747e-05
0.28662	-2.3714e-05	7.2823e-05
0.2869	0.00012066	7.416e-05
0.28718	2.9992e-05	7.3193e-05
0.28747	-0.00010944	7.5737e-05
0.28775	0.00011378	7.3062e-05
0.28803	4.0935e-05	7.5111e-05
0.28832	4.3969e-05	7.5942e-05
0.2886	-4.3912e-05	7.3336e-05
0.28888	-5.6118e-05	7.6072e-05
0.28917	0.00013977	7.4343e-05
0.28945	-3.9684e-05	7.6001e-05
0.28973	-7.0322e-05	7.4991e-05
0.29001	-7.975e-05	7.5525e-05
0.2903	3.9907e-05	7.665e-05
0.29058	-8.3864e-05	7.471e-05
0.29086	0.00010873	7.7414e-05
0.29115	3.8201e-05	7.6355e-05
0.29143	3.3115e-05	7.5865e-05
0.29171	-1.0424e-05	7.7335e-05
0.292	4.2887e-05	7.5784e-05
0.29228	-1.1583e-05	7.6998e-05
0.29256	7.0627e-05	7.6076e-05
0.29284	2.4438e-05	7.739e-05
0.29313	4.9767e-05	7.811e-05
0.29341	-0.00010243	7.7932e-05
0.29369	-0.0001011	7.93e-05
0.29398	6.7614e-05	7.6233e-05
0.29426	0.00010982	7.8692e-05
0.29454	-2.2262e-06	7.8749e-05
0.29483	-5.9337e-05	7.9045e-05
0.29511	7.9881e-05	8.0405e-05
0.29539	-5.9279e-05	7.732e-05
0.29567	-8.8566e-05	7.9729e-05
0.29596	-7.3386e-05	7.9648e-05
0.29624	-7.8678e-06	7.9737e-05
0.29652	2.0016e-05	7.9792e-05
0.29681	-0.000102	7.846e-05
0.29709	-0.0001407	8.1151e-05
0.29737	0.00016527	8.0273e-05
0.29766	-4.6575e-05	8.1866e-05
0.29794	0.00015865	8.0554e-05
0.29822	4.2213e-05	8.0861e-05
0.2985	1.8652e-05	8.2976e-05
0.29879	5.2822e-05	8.2558e-05
0.29907	4.2458e-06	8.5046e-05
0.29935	0.00010024	8.1439e-05
0.29964	9.8343e-05	8.2324e-05
0.29992	0.00027331	8.3865e-05
0.3002	-2.0638e-05	8.0493e-05
0.30048	-0.00015582	8.4588e-05
0.30077	-4.7234e-05	8.3399e-05
0.30105	0.00026121	8.4819e-05
0.30133	0.00012923	8.4817e-05
0.30162	-1.2814e-05	8.4869e-05
0.3019	0.00013	8.7153e-05
0.30218	1.1894e-05	8.4565e-05
0.30247	0.00017837	8.3853e-05
0.30275	0.00015553	8.5044e-05
0.30303	3.6184e-05	8.4946e-05
0.30331	-0.00013143	8.7844e-05
0.3036	0.00014351	8.4851e-05
0.30388	7.0681e-05	8.797e-05
0.30416	-2.3168e-05	8.6507e-05
0.30445	-1.2757e-06	8.786e-05
0.30473	-1.1768e-05	8.8159e-05
0.30501	1.4823e-06	8.6872e-05
0.30529	0.00018041	9.049e-05
0.30558	-4.968e-05	8.7697e-05
0.30586	-1.7864e-05	8.9092e-05
0.30614	2.9935e-05	8.9191e-05
0.30643	-0.00018816	9.0435e-05
0.30671	0.00016832	9.1023e-05
0.30699	-0.00011133	8.8785e-05
0.30728	0.00011909	9.3369e-05
0.30756	-9.0717e-05	9.1444e-05
0.30784	2.5104e-05	9.1408e-05
0.30812	6.556e-05	9.3494e-05
0.30841	2.1131e-05	9.1435e-05
0.30869	-9.8137e-05	9.388e-05
0.30897	0.00016922	9.2257e-05
0.30926	-0.00028171	9.4441e-05
0.30954	0.0001899	9.2905e-05
0.30982	-5.3632e-05	9.4396e-05
0.3101	0.00027166	9.431e-05
0.31039	0.00022547	9.1399e-05
0.31067	1.8986e-06	9.5136e-05
0.31095	8.3002e-05	9.4443e-05
0.31124	5.0871e-05	9.4843e-05
0.31152	-0.00010709	9.6639e-05
0.3118	0.00015993	9.2319e-05
0.31208	-0.00018797	9.6385e-05
0.31237	3.3385e-05	9.424e-05
0.31265	4.2558e-05	9.8989e-05
0.31293	-0.0001191	9.8831e-05
0.31322	0.00020204	9.5864e-05
0.3135	-0.00018277	0.00010112
0.31378	-0.00010926	9.6926e-05
0.31407	0.00012425	9.889e-05
0.31435	-0.00020403	9.8508e-05
0.31463	-3.9397e-05	9.9939e-05
0.31491	-6.7017e-06	0.00010139
0.3152	6.2702e-05	9.8417e-05
0.31548	-9.0758e-05	0.00010155
0.31576	-2.3799e-05	9.9275e-05
0.31605	0.00018272	0.00010077
0.31633	-6.0245e-05	0.00010403
0.31661	-3.5093e-05	0.00010254
0.31689	0.00031093	0.00010432
0.31718	-0.00014904	0.00010207
0.31746	-0.00015801	0.00010502
0.31774	-2.8905e-05	0.00010394
0.31803	4.0694e-05	0.00010588
0.31831	8.0969e-05	0.0001054
0.31859	5.9472e-05	0.00010252
0.31887	0.00025455	0.00010892
0.31916	0.00018606	0.000104
0.31944	0.00017876	0.00010664
0.31972	3.2691e-05	0.00011044
0.32001	7.9025e-05	0.00010234
0.32029	-2.3408e-05	0.00010883
0.32057	8.7519e-05	0.0001058
0.32085	-4.131e-05	0.00010796
0.32114	0.0001421	0.00010596
0.32142	7.5048e-05	0.00010522
0.3217	-0.00011574	0.00010924
0.32199	0.00018178	0.0001043
0.32227	4.2404e-05	0.00010931
0.32255	6.7088e-07	0.00010571
0.32283	-5.7151e-05	0.00010916
0.32312	0.0001665	0.00011197
0.3234	-0.00012713	0.00010752
0.32368	-9.8979e-05	0.00011164
0.32397	0.0001313	0.00010984
0.32425	7.9855e-05	0.00011169
0.32453	0.00017332	0.00011165
0.32481	-0.00011741	0.00010937
0.3251	1.4536e-05	0.00011229
0.32538	4.8877e-05	0.00010931
0.32566	-0.00019478	0.00011516
0.32594	7.4163e-05	0.0001133
0.32623	-0.0001902	0.00011436
0.32651	-4.7261e-05	0.0001182
0.32679	-5.6919e-05	0.00011169
0.32708	-2.5986e-05	0.00011722
0.32736	1.5866e-05	0.00011395
0.32764	0.00015808	0.00011808
0.32792	-9.6427e-05	0.00012324
0.32821	0.00010699	0.00011407
0.32849	-0.00021595	0.00012219
0.32877	9.3608e-05	0.00011416
0.32906	3.1186e-05	0.0001217
0.32934	7.1138e-05	0.00011916
0.32962	-0.00021045	0.0001184
0.3299	-0.00016825	0.0001269
0.33019	0.00013592	0.0001166
0.33047	-0.00018246	0.00012359
0.33075	-9.282e-05	0.00012212
0.33104	-0.00025774	0.00012251
0.33132	-0.00019578	0.00013084
0.3316	0.00017036	0.00012049
0.33188	-5.7143e-05	0.00012769
0.33217	-0.00010547	0.00012391
0.33245	-1.8223e-06	0.00012682
0.33273	-1.0772e-05	0.00012929
0.33301	-3.2945e-05	0.00012745
0.3333	1.0597e-05	0.00013484
0.33358	0.00017742	0.00012511
0.33386	3.8828e-05	0.00013549
0.33415	-5.0651e-05	0.00013477
0.33443	4.6868e-05	0.0001311
0.33471	-0.00013307	0.00014344
0.33499	-0.00010293	0.00012942
0.33528	3.3237e-05	0.00013549
0.33556	0.00022473	0.00013172
0.33584	-0.00021566	0.00013874
0.33613	-5.4544e-05	0.00014381
0.33641	0.00020225	0.00013597
0.33669	9.6441e-05	0.00014883
0.33697	0.00013261	0.00013433
0.33726	-7.249e-06	0.0001424
0.33754	0.0004136	0.00014323
0.33782	0.00019632	0.00014009
0.3381	-1.6166e-06	0.00015564
0.33839	4.3987e-05	0.00013487
0.33867	1.396e-05	0.00015405
0.33895	5.4027e-05	0.00014912
0.33924	-0.0001439	0.00015449
0.33952	3.9702e-05	0.000162
0.3398	2.915e-05	0.00014382
0.34008	-0.00028446	0.00015991
0.34037	0.00064175	0.00014945
0.34065	0.00029307	0.00016113
0.34093	-0.00034431	0.00016063
0.34121	0.00013529	0.00015513
0.3415	0.00011454	0.00017009
0.34178	0.00016633	0.00015246
0.34206	-0.00011723	0.00017175
0.34235	-0.00012864	0.00016216
0.34263	-0.0002578	0.00016684
0.34291	0.00012214	0.00017266
0.34319	-4.2628e-05	0.00015867
0.34348	0.00027159	0.00017852
0.34376	-0.00029455	0.00016233
0.34404	-0.00019227	0.00017117
0.34432	-6.8667e-05	0.00018211
0.34461	-0.00016698	0.00017461
0.34489	3.8977e-05	0.00019245
0.34517	-0.00020767	0.00016938
0.34546	0.00011118	0.00019151
0.34574	1.6676e-05	0.00018028
0.34602	-7.6516e-05	0.00018379
0.3463	0.00018902	0.00020443
0.34659	0.00011685	0.00018053
0.34687	-0.00030168	0.00020596
0.34715	0.00014017	0.00018412
0.34743	0.00014235	0.00020567
0.34772	-0.00024589	0.00022034
0.348	5.1667e-05	0.00018798
0.34828	0.00021139	0.00022782
0.34857	0.00011996	0.00020326
0.34885	-0.00081672	0.00022054
0.34913	-1.3451e-05	0.00020799
0.34941	-0.00062357	0.00023028
0.3497	0.00039527	0.0002325
0.34998	6.3645e-05	0.0002201
0.35026	-5.0763e-05	0.00024176
0.35054	-3.4409e-05	0.00022516
0.35083	0.00024214	0.00024437
0.35111	0.00056651	0.00026006
0.35139	-0.00012636	0.00024124
0.35167	0.00028312	0.00027865
0.35196	-0.0002397	0.00025808
0.35224	0.00034225	0.00027629
