0.01778791	1.086878e-002	1.783621e-004
0.01824401	1.111377e-002	1.820642e-004
0.01870011	1.068612e-002	1.758214e-004
0.01915621	1.054392e-002	1.731813e-004
0.0196123	1.021547e-002	1.716547e-004
0.0200684	1.044495e-002	1.677352e-004
0.0205245	1.016203e-002	1.685499e-004
0.02098059	1.018237e-002	1.633495e-004
0.02143669	1.027472e-002	1.631737e-004
0.02189278	1.013040e-002	1.599916e-004
0.02234888	9.908432e-003	1.574270e-004
0.02280497	9.676600e-003	1.559255e-004
0.02326107	9.868904e-003	1.519640e-004
0.02371716	9.499130e-003	1.547192e-004
0.02417325	9.658359e-003	1.507548e-004
0.02462935	9.592491e-003	1.500134e-004
0.02508544	9.111363e-003	1.477696e-004
0.02554153	9.690543e-003	1.446608e-004
0.02599763	9.102845e-003	1.455340e-004
0.02645372	9.239874e-003	1.409647e-004
0.02690981	9.068568e-003	1.457649e-004
0.0273659	8.866934e-003	1.460921e-004
0.02782199	8.948372e-003	1.439654e-004
0.02827809	8.708524e-003	1.483016e-004
0.02873418	8.606299e-003	1.430173e-004
0.02919027	8.510767e-003	1.469214e-004
0.02964636	8.396332e-003	1.441724e-004
0.03010245	8.565796e-003	1.452226e-004
0.03055853	8.532497e-003	1.467942e-004
0.03101462	7.978996e-003	1.387388e-004
0.03147071	7.889426e-003	1.448478e-004
0.0319268	7.747251e-003	1.411807e-004
0.03238289	7.956779e-003	1.438165e-004
0.03283897	7.774822e-003	1.427278e-004
0.03329506	7.607708e-003	1.378014e-004
0.03375115	7.508748e-003	1.415699e-004
0.03420723	7.503827e-003	1.374028e-004
0.03466332	7.512365e-003	1.403694e-004
0.0351194	7.391795e-003	1.383970e-004
0.03557549	7.129061e-003	1.364811e-004
0.03603157	7.079724e-003	1.389388e-004
0.03648766	6.976400e-003	1.352406e-004
0.03694374	6.871427e-003	1.354418e-004
0.03739982	6.996629e-003	1.342390e-004
0.0378559	6.880659e-003	1.344879e-004
0.03831198	6.525869e-003	1.354210e-004
0.03876807	6.499355e-003	1.324135e-004
0.03922415	6.346243e-003	1.328814e-004
0.03968023	6.448329e-003	1.315653e-004
0.04013631	6.317388e-003	1.323386e-004
0.04059239	6.191251e-003	1.305218e-004
0.04104846	6.134588e-003	1.307996e-004
0.04150454	6.128831e-003	1.297847e-004
0.04196062	5.966878e-003	1.286485e-004
0.0424167	5.967865e-003	1.291555e-004
0.04287277	6.026211e-003	1.275899e-004
0.04332885	5.625523e-003	1.277362e-004
0.04378493	5.577641e-003	1.274944e-004
0.044241	5.797089e-003	1.266436e-004
0.04469708	5.643033e-003	1.260143e-004
0.04515315	5.385233e-003	1.237172e-004
0.04560922	5.333703e-003	1.256340e-004
0.0460653	5.356818e-003	1.246730e-004
0.04652137	5.158871e-003	1.237533e-004
0.04697744	5.378006e-003	1.241468e-004
0.04743351	4.940854e-003	1.211232e-004
0.04788958	5.228791e-003	1.236999e-004
0.04834565	5.026825e-003	1.210516e-004
0.04880172	4.861516e-003	1.211626e-004
0.04925779	4.684980e-003	1.212657e-004
0.04971386	4.879495e-003	1.199721e-004
0.05016992	4.704186e-003	1.201152e-004
0.05062599	4.650931e-003	1.184122e-004
0.05108206	4.713791e-003	1.189944e-004
0.05153812	4.524486e-003	1.191943e-004
0.05199419	4.666839e-003	1.184384e-004
0.05245025	4.243854e-003	1.179350e-004
0.05290631	4.410426e-003	1.153852e-004
0.05336238	4.552157e-003	1.182987e-004
0.05381844	4.305104e-003	1.157385e-004
0.0542745	4.503367e-003	1.160725e-004
0.05473056	4.196358e-003	1.159883e-004
0.05518662	4.152991e-003	1.142421e-004
0.05564268	4.074975e-003	1.158579e-004
0.05609874	4.217019e-003	1.126527e-004
0.05655479	3.860447e-003	1.139725e-004
0.05701085	3.895461e-003	1.130049e-004
0.05746691	3.892316e-003	1.133791e-004
0.05792296	3.900745e-003	1.139086e-004
0.05837902	3.798033e-003	1.108530e-004
0.05883507	4.052220e-003	1.125688e-004
0.05929113	3.671367e-003	1.109780e-004
0.05974718	3.815142e-003	1.108592e-004
0.06020323	3.817640e-003	1.118993e-004
0.06065928	3.790656e-003	1.090449e-004
0.06111533	3.666404e-003	1.108882e-004
0.06157138	3.468948e-003	1.090213e-004
0.06202743	3.462669e-003	1.089860e-004
0.06248348	3.528967e-003	1.092334e-004
0.06293953	3.564522e-003	1.075043e-004
0.06339557	3.270503e-003	1.094158e-004
0.06385162	3.315308e-003	1.068885e-004
0.06430766	3.212489e-003	1.075017e-004
0.06476371	3.358243e-003	1.067393e-004
0.06521975	3.270758e-003	1.066105e-004
0.06567579	3.323590e-003	1.073296e-004
0.06613184	3.077505e-003	1.059026e-004
0.06658788	3.083409e-003	1.059574e-004
0.06704392	3.289623e-003	1.050058e-004
0.06749995	3.106739e-003	1.044741e-004
0.06795599	2.910882e-003	1.051842e-004
0.06841203	2.970101e-003	1.036216e-004
0.06886807	3.022587e-003	1.052076e-004
0.0693241	3.080008e-003	1.040875e-004
0.06978014	2.655085e-003	1.037827e-004
0.07023617	2.995900e-003	1.025472e-004
0.0706922	2.759261e-003	1.028813e-004
0.07114824	2.718228e-003	1.032185e-004
0.07160427	2.611496e-003	1.016703e-004
0.0720603	2.691748e-003	1.030048e-004
0.07251633	2.768000e-003	1.008144e-004
0.07297236	2.722865e-003	1.018695e-004
0.07342838	2.672581e-003	1.013882e-004
0.07388441	2.574030e-003	9.996049e-005
0.07434043	2.568140e-003	1.010881e-004
0.07479646	2.613002e-003	1.005267e-004
0.07525248	2.615602e-003	1.001999e-004
0.07570851	2.650597e-003	9.993217e-005
0.07616453	2.463361e-003	9.876885e-005
0.07662055	2.612610e-003	1.000201e-004
0.07707657	2.450096e-003	9.861915e-005
0.07753259	2.435260e-003	9.930330e-005
0.07798861	2.334530e-003	9.798219e-005
0.07844462	2.438907e-003	9.773456e-005
0.07890064	2.483328e-003	9.844906e-005
0.07935665	2.679292e-003	9.706275e-005
0.07981267	2.351743e-003	9.805166e-005
0.08026868	2.161286e-003	9.712161e-005
0.08072469	2.165499e-003	9.713578e-005
0.0811807	2.369443e-003	9.696444e-005
0.08163671	2.168094e-003	9.578279e-005
0.08209272	2.251938e-003	9.651323e-005
0.08254873	2.406706e-003	9.588472e-005
0.08300474	2.047838e-003	9.551096e-005
0.08346074	2.218335e-003	9.591041e-005
0.08391675	2.174408e-003	9.485721e-005
0.08437275	2.218967e-003	9.570256e-005
0.08482875	1.970347e-003	9.344381e-005
0.08528475	2.126654e-003	9.530510e-005
0.08574076	2.012852e-003	9.384787e-005
0.08619675	2.218685e-003	9.451042e-005
0.08665275	2.053113e-003	9.401972e-005
0.08710875	1.867508e-003	9.217820e-005
0.08756475	1.855662e-003	9.396134e-005
0.08802074	2.041510e-003	9.210030e-005
0.08847673	1.922813e-003	9.378323e-005
0.08893273	1.998596e-003	9.262338e-005
0.08938872	1.864585e-003	9.202708e-005
0.08984471	1.831098e-003	9.191484e-005
0.0903007	1.897967e-003	9.357439e-005
0.09075669	1.982856e-003	9.553529e-005
0.09121267	1.948122e-003	9.529179e-005
0.09166866	1.925039e-003	9.638558e-005
0.09212464	2.081866e-003	9.820051e-005
0.09258063	1.754125e-003	9.562884e-005
0.09303661	1.916063e-003	9.780563e-005
0.09349259	1.830346e-003	9.747800e-005
0.09394857	1.883291e-003	9.855452e-005
0.09440455	1.905916e-003	9.916670e-005
0.09486053	1.765453e-003	9.786161e-005
0.0953165	1.860505e-003	9.940165e-005
0.09577248	1.712204e-003	9.831926e-005
0.09622845	1.687633e-003	9.989193e-005
0.09668443	1.745656e-003	9.919734e-005
0.0971404	1.639416e-003	9.941291e-005
0.09759637	1.655996e-003	1.007343e-004
0.09805234	1.849987e-003	9.929227e-005
0.0985083	1.789610e-003	1.003196e-004
0.09896427	1.529030e-003	9.780789e-005
0.09942024	1.646212e-003	9.629103e-005
0.0998762	1.480595e-003	9.629948e-005
0.1003322	1.411423e-003	9.323670e-005
0.1007881	1.593165e-003	9.467437e-005
0.1012441	1.629456e-003	9.304933e-005
0.1017	1.573178e-003	9.304101e-005
0.102156	1.620422e-003	9.238967e-005
0.102612	1.578600e-003	9.157515e-005
0.1030679	1.598173e-003	9.265441e-005
0.1035239	1.418203e-003	9.046406e-005
0.1039798	1.587807e-003	9.083524e-005
0.1044358	1.472969e-003	8.986018e-005
0.1048917	1.312004e-003	9.019243e-005
0.1053477	1.590058e-003	9.064050e-005
0.1058036	1.415374e-003	8.860302e-005
0.1062596	1.549355e-003	8.950894e-005
0.1067155	1.435224e-003	8.825826e-005
0.1071715	1.274603e-003	8.908726e-005
0.1076274	1.505040e-003	9.154397e-005
0.1080833	1.357488e-003	9.107911e-005
0.1085393	1.359718e-003	9.291562e-005
0.1089952	1.370634e-003	9.195508e-005
0.1094511	1.428106e-003	9.338650e-005
0.1099071	1.494786e-003	9.020544e-005
0.110363	1.430119e-003	9.000479e-005
0.1108189	1.395646e-003	8.949131e-005
0.1112749	1.383648e-003	8.797666e-005
0.1117308	1.375549e-003	8.828493e-005
0.1121867	1.213016e-003	8.619820e-005
0.1126427	1.269962e-003	8.629852e-005
0.1130986	1.262815e-003	8.676242e-005
0.1135545	1.183117e-003	8.575353e-005
0.1140104	1.468208e-003	8.626528e-005
0.1144664	1.495874e-003	8.520584e-005
0.1149223	1.433783e-003	8.518342e-005
0.1153782	1.266195e-003	8.485668e-005
0.1158341	1.175047e-003	8.430523e-005
0.11629	1.044392e-003	8.528806e-005
0.1167459	1.341390e-003	8.338858e-005
0.1172018	1.293026e-003	8.457011e-005
0.1176578	1.480272e-003	8.346651e-005
0.1181137	1.257619e-003	8.372903e-005
0.1185696	1.223939e-003	8.358793e-005
0.1190255	1.184584e-003	8.239689e-005
0.1194814	1.067570e-003	8.355830e-005
0.1199373	1.222935e-003	8.242323e-005
0.1203932	1.298215e-003	8.258415e-005
0.1208491	1.247650e-003	8.247728e-005
0.121305	1.317025e-003	8.206492e-005
0.1217609	1.093529e-003	8.259563e-005
0.1222168	1.287465e-003	8.127874e-005
0.1226727	1.237102e-003	8.209578e-005
0.1231286	1.164198e-003	8.094907e-005
0.1235845	1.218583e-003	8.136942e-005
0.1240403	1.162812e-003	8.137609e-005
0.1244962	1.180534e-003	8.018426e-005
0.1249521	9.463722e-004	8.126837e-005
0.125408	1.096165e-003	8.023758e-005
0.1258639	1.324648e-003	8.049546e-005
0.1263198	1.262731e-003	8.019968e-005
0.1267756	1.121708e-003	7.984844e-005
0.1272315	1.304252e-003	8.015454e-005
0.1276874	9.939355e-004	7.925238e-005
0.1281433	1.180635e-003	8.169197e-005
0.1285992	9.741943e-004	8.248255e-005
0.129055	1.154795e-003	8.273635e-005
0.1295109	1.116947e-003	8.336201e-005
0.1299668	1.051966e-003	8.375963e-005
0.1304226	1.115481e-003	8.378171e-005
0.1308785	9.038801e-004	8.472560e-005
0.1313344	9.708890e-004	8.419087e-005
0.1317902	9.707722e-004	8.393825e-005
0.1322461	1.065568e-003	8.400512e-005
0.1327019	1.149762e-003	8.434638e-005
0.1331578	9.046339e-004	8.435962e-005
0.1336136	1.026266e-003	8.466997e-005
0.1340695	8.474942e-004	8.380495e-005
0.1345254	9.506353e-004	8.440664e-005
0.1349812	9.719871e-004	8.400666e-005
0.1354371	1.078930e-003	8.427830e-005
0.1358929	9.623246e-004	8.436831e-005
0.1363487	9.465200e-004	8.409450e-005
0.1368046	9.705444e-004	8.404035e-005
0.1372604	8.614672e-004	8.394043e-005
0.1377163	9.118757e-004	8.362106e-005
0.1381721	1.037110e-003	8.394731e-005
0.1386279	9.444700e-004	8.384102e-005
0.1390838	1.019776e-003	8.408323e-005
0.1395396	8.690016e-004	8.454646e-005
0.1399954	9.681267e-004	8.315574e-005
0.1404513	8.894454e-004	8.412563e-005
0.1409071	8.888178e-004	8.313869e-005
0.1413629	8.389140e-004	8.373429e-005
0.1418187	9.684532e-004	8.274480e-005
0.1422746	9.540994e-004	8.388035e-005
0.1427304	8.461622e-004	8.350363e-005
0.1431862	9.621169e-004	8.244038e-005
0.143642	7.257676e-004	8.321836e-005
0.1440978	7.765000e-004	8.259225e-005
0.1445536	7.984887e-004	8.339245e-005
0.1450095	8.312888e-004	8.371498e-005
0.1454653	8.796037e-004	8.184958e-005
0.1459211	9.518124e-004	8.309542e-005
0.1463769	8.039849e-004	8.214755e-005
0.1468327	8.386568e-004	8.334853e-005
0.1472885	8.151264e-004	8.346550e-005
0.1477443	8.341886e-004	8.285879e-005
0.1482001	6.809163e-004	8.328125e-005
0.1486559	8.079116e-004	8.214853e-005
0.1491117	1.106786e-003	8.327215e-005
0.1495675	8.530136e-004	8.228605e-005
0.1500233	8.131127e-004	8.252804e-005
0.150479	7.955762e-004	8.355191e-005
0.1509348	9.081768e-004	8.237080e-005
0.1513906	7.662835e-004	8.201685e-005
0.1518464	9.815706e-004	8.230750e-005
0.1523022	8.277325e-004	8.240167e-005
0.152758	8.410345e-004	8.294008e-005
0.1532137	8.051926e-004	8.170341e-005
0.1536695	7.825934e-004	8.260517e-005
0.1541253	8.984323e-004	8.159868e-005
0.1545811	8.299063e-004	8.208308e-005
0.1550368	7.989501e-004	8.210063e-005
0.1554926	6.649131e-004	8.170053e-005
0.1559484	7.106722e-004	8.260747e-005
0.1564041	8.604973e-004	8.151298e-005
0.1568599	7.704475e-004	8.179845e-005
0.1573156	7.198048e-004	8.099907e-005
0.1577714	7.094731e-004	8.152784e-005
0.1582272	6.704083e-004	8.143031e-005
0.1586829	7.024389e-004	8.096562e-005
0.1591387	6.297136e-004	8.126124e-005
0.1595944	6.474639e-004	7.975322e-005
0.1600502	8.018806e-004	8.064927e-005
0.1605059	7.104407e-004	7.990137e-005
0.1609617	7.580512e-004	8.032765e-005
0.1614174	8.430062e-004	8.070319e-005
0.1618731	6.664534e-004	7.965023e-005
0.1623289	8.693672e-004	8.021757e-005
0.1627846	7.313913e-004	7.962145e-005
0.1632403	7.645363e-004	7.975538e-005
0.1636961	7.172677e-004	8.023361e-005
0.1641518	7.256915e-004	7.931955e-005
0.1646075	6.049558e-004	8.005980e-005
0.1650633	6.654899e-004	7.885676e-005
0.165519	7.493234e-004	7.969528e-005
0.1659747	6.493681e-004	7.934312e-005
0.1664304	6.877184e-004	7.925799e-005
0.1668861	7.261988e-004	7.994498e-005
0.1673418	7.246613e-004	7.860775e-005
0.1677976	6.128798e-004	7.970378e-005
0.1682533	6.623294e-004	7.852940e-005
0.168709	7.866152e-004	7.907110e-005
0.1691647	6.546227e-004	7.964875e-005
0.1696204	6.293587e-004	7.816391e-005
0.1700761	8.785297e-004	7.962439e-005
0.1705318	6.141064e-004	7.825711e-005
0.1709875	6.944572e-004	7.858991e-005
0.1714432	7.842375e-004	7.909420e-005
0.1718989	6.158956e-004	7.805913e-005
0.1723546	6.445478e-004	7.967969e-005
0.1728103	6.708126e-004	7.772025e-005
0.1732659	6.625379e-004	7.881787e-005
0.1737216	7.449889e-004	7.822553e-005
0.1741773	6.715629e-004	7.815660e-005
0.174633	5.075811e-004	7.876025e-005
0.1750887	6.753718e-004	7.755350e-005
0.1755443	6.489674e-004	7.857559e-005
0.176	6.290547e-004	7.774538e-005
0.1764557	5.501953e-004	7.769694e-005
0.1769114	6.197398e-004	7.835175e-005
0.177367	6.869889e-004	7.743420e-005
0.1778227	7.970167e-004	7.842468e-005
0.1782783	5.660363e-004	7.746208e-005
0.178734	6.372899e-004	7.767569e-005
0.1791897	6.132041e-004	7.776379e-005
0.1796453	7.411288e-004	7.754823e-005
0.180101	5.638620e-004	7.805403e-005
0.1805566	6.965362e-004	7.693224e-005
0.1810123	6.763260e-004	7.768130e-005
0.1814679	5.857610e-004	7.755365e-005
0.1819236	6.527112e-004	7.730836e-005
0.1823792	6.631266e-004	7.708122e-005
0.1828348	6.007893e-004	7.698931e-005
0.1832905	6.228386e-004	7.707562e-005
0.1837461	5.997121e-004	7.716739e-005
0.1842017	6.517672e-004	7.671648e-005
0.1846574	5.898069e-004	7.704562e-005
0.185113	5.504597e-004	7.661534e-005
0.1855686	5.217689e-004	7.700465e-005
0.1860243	6.287878e-004	7.653260e-005
0.1864799	5.144205e-004	7.680940e-005
0.1869355	7.014058e-004	7.671072e-005
0.1873911	7.050308e-004	7.700057e-005
0.1878467	5.937225e-004	7.634457e-005
0.1883023	7.019084e-004	7.598756e-005
0.1887579	6.275113e-004	7.661403e-005
0.1892135	5.499846e-004	7.617163e-005
0.1896691	4.326534e-004	7.648624e-005
0.1901248	6.087152e-004	7.578602e-005
0.1905804	6.481190e-004	7.587651e-005
0.1910359	5.227577e-004	7.638981e-005
0.1914915	4.561054e-004	7.577335e-005
0.1919471	5.435510e-004	7.567645e-005
0.1924027	5.248656e-004	7.588310e-005
0.1928583	5.860772e-004	7.585873e-005
0.1933139	5.967295e-004	7.597835e-005
0.1937695	5.402341e-004	7.515943e-005
0.1942251	5.229028e-004	7.592744e-005
0.1946806	5.173352e-004	7.541464e-005
0.1951362	5.175445e-004	7.579919e-005
0.1955918	6.014046e-004	7.586533e-005
0.1960474	6.265980e-004	7.499102e-005
0.1965029	5.189453e-004	7.580102e-005
0.1969585	5.698461e-004	7.483291e-005
0.197414	5.454021e-004	7.544545e-005
0.1978696	4.451757e-004	7.503063e-005
0.1983252	3.479259e-004	7.513913e-005
0.1987807	5.427033e-004	7.541605e-005
0.1992363	5.063272e-004	7.462917e-005
0.1996918	3.999170e-004	7.484479e-005
0.2001474	4.627858e-004	7.477132e-005
0.2006029	6.935681e-004	7.525485e-005
0.2010585	4.656199e-004	7.530067e-005
0.201514	5.401014e-004	7.409368e-005
0.2019695	5.142217e-004	7.450065e-005
0.2024251	5.194077e-004	7.466396e-005
0.2028806	5.163251e-004	7.469272e-005
0.2033361	5.299776e-004	7.440482e-005
0.2037917	3.860170e-004	7.430428e-005
0.2042472	4.882040e-004	7.478167e-005
0.2047027	4.574761e-004	7.390245e-005
0.2051582	4.992718e-004	7.440772e-005
0.2056137	4.646601e-004	7.385185e-005
0.2060693	4.889459e-004	7.429111e-005
0.2065248	5.321167e-004	7.466846e-005
0.2069803	4.934275e-004	7.408944e-005
0.2074358	5.410366e-004	7.381112e-005
0.2078913	4.861259e-004	7.372711e-005
0.2083468	5.244705e-004	7.404583e-005
0.2088023	5.182274e-004	7.418860e-005
0.2092578	3.835726e-004	7.358534e-005
0.2097133	4.075278e-004	7.401126e-005
0.2101688	5.634416e-004	7.319078e-005
0.2106243	4.758063e-004	7.380878e-005
0.2110797	6.014574e-004	7.358608e-005
0.2115352	4.225923e-004	7.319482e-005
0.2119907	4.385031e-004	7.368260e-005
0.2124462	5.027941e-004	7.377240e-005
0.2129017	5.326378e-004	7.362623e-005
0.2133571	3.650583e-004	7.270498e-005
0.2138126	4.890512e-004	7.353886e-005
0.2142681	4.808605e-004	7.366114e-005
0.2147235	4.395668e-004	7.315156e-005
0.215179	5.089847e-004	7.322858e-005
0.2156344	5.813677e-004	7.258463e-005
0.2160899	4.223775e-004	7.471680e-005
0.2165454	5.027759e-004	7.594548e-005
0.2170008	3.228287e-004	7.605083e-005
0.2174562	3.493971e-004	7.755002e-005
0.2179117	5.707193e-004	7.751981e-005
0.2183671	5.435130e-004	7.879096e-005
0.2188226	4.264010e-004	7.840426e-005
0.219278	4.084491e-004	7.873230e-005
0.2197334	4.082506e-004	8.003384e-005
0.2201889	4.427152e-004	7.955973e-005
0.2206443	4.040816e-004	8.096209e-005
0.2210997	3.599657e-004	7.999880e-005
0.2215552	5.406830e-004	8.097408e-005
0.2220106	4.350135e-004	8.166504e-005
0.222466	2.863072e-004	8.131620e-005
0.2229214	5.206742e-004	8.220082e-005
0.2233768	6.019125e-004	8.234598e-005
0.2238322	4.290042e-004	8.286348e-005
0.2242876	2.962138e-004	8.287281e-005
0.224743	4.723718e-004	8.024106e-005
0.2251984	3.744708e-004	8.024965e-005
0.2256538	4.794347e-004	7.883699e-005
0.2261092	4.318177e-004	7.905377e-005
0.2265646	4.336756e-004	7.803727e-005
0.22702	4.843960e-004	7.754809e-005
0.2274754	4.518047e-004	7.759255e-005
0.2279308	3.565615e-004	7.696298e-005
0.2283862	4.385589e-004	7.744691e-005
0.2288415	3.785346e-004	7.616980e-005
0.2292969	3.948160e-004	7.660767e-005
0.2297523	4.126152e-004	7.611334e-005
0.2302076	4.423227e-004	7.608100e-005
0.230663	4.388970e-004	7.607572e-005
0.2311184	4.035723e-004	7.584420e-005
0.2315737	4.703113e-004	7.569714e-005
0.2320291	4.207097e-004	7.560943e-005
0.2324844	3.625162e-004	7.509967e-005
0.2329398	3.265584e-004	7.519996e-005
0.2333951	5.021231e-004	7.482823e-005
0.2338505	4.100411e-004	7.527514e-005
0.2343058	3.846617e-004	7.414252e-005
0.2347612	5.077660e-004	7.476060e-005
0.2352165	3.540861e-004	7.438958e-005
0.2356718	4.067392e-004	7.429608e-005
0.2361272	3.817598e-004	7.438388e-005
0.2365825	5.168372e-004	7.425762e-005
0.2370378	4.815197e-004	7.439830e-005
0.2374931	3.425117e-004	7.377813e-005
0.2379485	3.327677e-004	7.376400e-005
0.2384038	3.999456e-004	7.369883e-005
0.2388591	4.469668e-004	7.332458e-005
0.2393144	3.829852e-004	7.381374e-005
0.2397697	3.738465e-004	7.343598e-005
0.240225	3.272699e-004	7.341379e-005
0.2406803	3.339462e-004	7.350392e-005
0.2411356	3.226297e-004	7.261625e-005
0.2415909	3.483496e-004	7.311090e-005
0.2420462	4.024617e-004	7.242889e-005
0.2425015	3.496799e-004	7.323878e-005
0.2429568	3.675973e-004	7.225200e-005
0.243412	2.527473e-004	7.276997e-005
0.2438673	3.077914e-004	7.258721e-005
0.2443226	4.213890e-004	7.211935e-005
0.2447779	2.422167e-004	7.267845e-005
0.2452331	5.283305e-004	7.208015e-005
0.2456884	4.886264e-004	7.230045e-005
0.2461437	3.463154e-004	7.269508e-005
0.2465989	4.135029e-004	7.155092e-005
0.2470542	3.883188e-004	7.189927e-005
0.2475094	3.246386e-004	7.134609e-005
0.2479647	4.192701e-004	7.230678e-005
0.2484199	4.274504e-004	7.187996e-005
0.2488752	4.176437e-004	7.113709e-005
0.2493304	4.280652e-004	7.192244e-005
0.2497857	2.578064e-004	7.133370e-005
0.2502409	5.880808e-004	7.200435e-005
0.2506961	2.730417e-004	7.144055e-005
0.2511514	4.428373e-004	7.138767e-005
0.2516066	3.358516e-004	7.157531e-005
0.2520618	4.727924e-004	7.090151e-005
0.252517	3.808854e-004	7.094141e-005
0.2529722	4.071219e-004	7.074206e-005
0.2534274	4.210861e-004	7.066545e-005
0.2538827	2.906161e-004	7.057634e-005
0.2543379	2.934357e-004	7.033413e-005
0.2547931	2.722832e-004	7.056598e-005
0.2552483	4.065778e-004	6.995685e-005
0.2557035	2.431152e-004	6.985187e-005
0.2561587	3.651023e-004	6.993582e-005
0.2566138	4.153132e-004	6.969795e-005
0.257069	4.532795e-004	7.010136e-005
0.2575242	4.081635e-004	6.903035e-005
0.2579794	3.444756e-004	6.962062e-005
0.2584346	3.629901e-004	6.932856e-005
0.2588898	3.690023e-004	6.921061e-005
0.2593449	4.208759e-004	6.946074e-005
0.2598001	3.759098e-004	6.892196e-005
0.2602553	3.692825e-004	6.924779e-005
0.2607104	1.933818e-004	6.891717e-005
0.2611656	2.851951e-004	6.901629e-005
0.2616207	3.577090e-004	6.873265e-005
0.2620759	3.149862e-004	6.909938e-005
0.262531	4.382610e-004	6.904311e-005
0.2629862	3.657627e-004	6.895010e-005
0.2634413	3.658105e-004	6.840493e-005
0.2638964	3.747069e-004	6.846319e-005
0.2643516	4.289555e-004	6.872951e-005
0.2648067	1.717110e-004	6.874900e-005
0.2652618	3.003873e-004	6.829378e-005
0.265717	3.738807e-004	6.869708e-005
0.2661721	3.518640e-004	6.811551e-005
0.2666272	3.767080e-004	6.865591e-005
0.2670823	4.030688e-004	6.799809e-005
0.2675374	3.752382e-004	6.818000e-005
0.2679925	4.508399e-004	6.854817e-005
0.2684476	2.676340e-004	6.819419e-005
0.2689027	3.257007e-004	6.832697e-005
0.2693578	4.109528e-004	6.773882e-005
0.2698129	2.430080e-004	6.813281e-005
0.270268	4.045537e-004	6.814367e-005
0.2707231	2.391403e-004	6.758814e-005
0.2711782	2.721927e-004	6.807787e-005
0.2716333	2.837809e-004	6.774126e-005
0.2720884	3.692549e-004	6.767206e-005
0.2725434	2.805146e-004	6.809841e-005
0.2729985	2.492152e-004	6.725172e-005
0.2734536	4.494014e-004	6.796005e-005
0.2739086	2.150998e-004	6.740791e-005
0.2743637	3.134698e-004	6.785973e-005
0.2748187	3.117626e-004	6.695039e-005
0.2752738	3.480961e-004	6.716712e-005
0.2757288	2.770481e-004	6.780257e-005
0.2761839	3.310383e-004	6.715147e-005
0.2766389	3.749818e-004	6.764812e-005
0.277094	3.337427e-004	6.715990e-005
0.277549	3.701079e-004	6.731496e-005
0.278004	2.663676e-004	6.742704e-005
0.2784591	1.865721e-004	6.670693e-005
0.2789141	4.076480e-004	6.733082e-005
0.2793691	2.809699e-004	6.672365e-005
0.2798241	3.668448e-004	6.727645e-005
0.2802792	3.306606e-004	6.689705e-005
0.2807342	2.827591e-004	6.639470e-005
0.2811892	2.325672e-004	6.738775e-005
0.2816442	2.664404e-004	6.635467e-005
0.2820992	4.041819e-004	6.731986e-005
0.2825542	2.705829e-004	6.660763e-005
0.2830092	4.121145e-004	6.640872e-005
0.2834642	2.211587e-004	6.699135e-005
0.2839191	2.706441e-004	6.625652e-005
0.2843741	2.925890e-004	6.678537e-005
0.2848291	4.223502e-004	6.627748e-005
0.2852841	2.922596e-004	6.650860e-005
0.285739	2.639027e-004	6.657693e-005
0.286194	3.622318e-004	6.593033e-005
0.286649	3.583749e-004	6.645227e-005
0.2871039	4.004744e-004	6.632857e-005
0.2875589	2.987453e-004	6.617153e-005
0.2880139	2.486415e-004	6.641709e-005
0.2884688	2.740774e-004	6.590055e-005
0.2889237	3.601897e-004	6.626884e-005
0.2893787	2.935989e-004	6.578366e-005
0.2898336	3.600281e-004	6.611913e-005
0.2902886	4.511083e-004	6.594610e-005
0.2907435	3.568530e-004	6.609342e-005
0.2911984	3.015806e-004	6.616254e-005
0.2916533	3.060832e-004	6.546956e-005
0.2921083	2.669624e-004	6.579492e-005
0.2925632	3.086506e-004	6.567211e-005
0.2930181	3.768310e-004	6.567870e-005
0.293473	3.359672e-004	6.552723e-005
0.2939279	3.062730e-004	6.555507e-005
0.2943828	2.801189e-004	6.574247e-005
0.2948377	2.710734e-004	6.531775e-005
0.2952926	2.523044e-004	6.566442e-005
0.2957475	3.276265e-004	6.539245e-005
0.2962024	3.350763e-004	6.558362e-005
0.2966573	3.487153e-004	6.572732e-005
0.2971122	3.226796e-004	6.481690e-005
0.297567	2.450464e-004	6.549418e-005
0.2980219	3.296393e-004	6.473923e-005
0.2984768	3.732181e-004	6.542848e-005
0.2989316	1.545656e-004	6.511015e-005
0.2993865	2.337864e-004	6.509433e-005
0.2998414	2.861165e-004	6.513597e-005
0.3002962	2.947874e-004	6.475757e-005
0.3007511	2.298460e-004	6.491624e-005
0.3012059	1.967446e-004	6.477445e-005
0.3016607	1.930455e-004	6.506816e-005
0.3021156	3.264535e-004	6.512308e-005
0.3025704	2.726941e-004	6.456811e-005
0.3030252	2.277008e-004	6.465648e-005
0.3034801	3.120629e-004	6.463765e-005
0.3039349	2.914749e-004	6.488465e-005
0.3043897	2.344544e-004	6.465353e-005
0.3048445	2.492547e-004	6.439227e-005
0.3052993	2.810825e-004	6.470166e-005
0.3057542	3.226025e-004	6.434801e-005
0.306209	2.287770e-004	6.466007e-005
0.3066638	3.072609e-004	6.438415e-005
0.3071186	3.192719e-004	6.456512e-005
0.3075733	3.565982e-004	6.427077e-005
0.3080281	2.247161e-004	6.417481e-005
0.3084829	3.713514e-004	6.413856e-005
0.3089377	2.772135e-004	6.424644e-005
0.3093925	2.608646e-004	6.418826e-005
0.3098472	3.522565e-004	6.452712e-005
0.310302	2.528602e-004	6.411343e-005
0.3107568	3.231747e-004	6.405467e-005
0.3112115	3.438949e-004	6.389647e-005
0.3116663	2.986883e-004	6.398123e-005
0.3121211	2.810488e-004	6.416506e-005
0.3125758	3.266520e-004	6.366814e-005
0.3130306	3.069503e-004	6.420579e-005
0.3134853	2.964843e-004	6.391399e-005
0.31394	3.473328e-004	6.377916e-005
0.3143948	2.831302e-004	6.361324e-005
0.3148495	2.213454e-004	6.381291e-005
0.3153042	1.729990e-004	6.366194e-005
0.3157589	3.444856e-004	6.366655e-005
0.3162137	2.915323e-004	6.371162e-005
0.3166684	2.228816e-004	6.343965e-005
0.3171231	2.927717e-004	6.359407e-005
0.3175778	2.996380e-004	6.345576e-005
0.3180325	1.425809e-004	6.333598e-005
0.3184872	3.544100e-004	6.366155e-005
0.3189419	2.580428e-004	6.331590e-005
0.3193966	2.246553e-004	6.324730e-005
0.3198513	3.090823e-004	6.335511e-005
0.3203059	2.376571e-004	6.313735e-005
0.3207606	3.100078e-004	6.340354e-005
0.3212153	3.243983e-004	6.310555e-005
0.32167	2.540173e-004	6.333685e-005
0.3221246	4.038523e-004	6.298192e-005
0.3225793	1.851932e-004	6.304091e-005
0.3230339	2.519799e-004	6.320785e-005
0.3234886	2.781383e-004	6.284122e-005
0.3239432	2.017154e-004	6.315438e-005
0.3243979	3.043183e-004	6.273531e-005
0.3248525	2.986026e-004	6.302758e-005
0.3253072	1.987302e-004	6.275854e-005
0.3257618	3.261754e-004	6.267571e-005
0.3262164	1.977513e-004	6.302146e-005
0.3266711	3.252441e-004	6.232786e-005
0.3271257	2.275365e-004	6.301626e-005
0.3275803	3.041662e-004	6.279014e-005
0.3280349	3.000527e-004	6.225766e-005
0.3284895	2.301842e-004	6.303575e-005
0.3289441	2.525068e-004	6.223129e-005
0.3293987	2.914764e-004	6.294524e-005
0.3298533	2.291313e-004	6.226635e-005
0.3303079	2.250742e-004	6.253135e-005
0.3307625	2.857608e-004	6.223385e-005
0.3312171	2.535317e-004	6.246224e-005
0.3316717	2.235370e-004	6.255151e-005
0.3321262	2.975953e-004	6.220030e-005
0.3325808	2.867359e-004	6.230949e-005
0.3330354	1.827921e-004	6.241370e-005
0.3334899	3.381497e-004	6.230499e-005
0.3339445	3.121647e-004	6.225293e-005
0.334399	2.833474e-004	6.188467e-005
0.3348536	3.484013e-004	6.222423e-005
0.3353081	1.808466e-004	6.208422e-005
0.3357627	3.495005e-004	6.209048e-005
0.3362172	1.164087e-004	6.213939e-005
0.3366717	1.136584e-004	6.159012e-005
0.3371263	2.777473e-004	6.218793e-005
0.3375808	3.011865e-004	6.169714e-005
0.3380353	2.158872e-004	6.204356e-005
0.3384898	1.302787e-004	6.168583e-005
0.3389443	2.453903e-004	6.196468e-005
0.3393989	1.902331e-004	6.171158e-005
0.3398534	1.778057e-004	6.144642e-005
0.3403079	3.003033e-004	6.181844e-005
0.3407624	2.549775e-004	6.185933e-005
0.3412168	2.152994e-004	6.314619e-005
0.3416713	2.429843e-004	6.396622e-005
0.3421258	1.483974e-004	6.364508e-005
0.3425803	2.414796e-004	6.524138e-005
0.3430348	3.202353e-004	6.538929e-005
0.3434892	2.054465e-004	6.574219e-005
0.3439437	1.735924e-004	6.741082e-005
0.3443982	2.404584e-004	6.931868e-005
0.3448526	2.329815e-004	7.008699e-005
0.3453071	1.823995e-004	7.009142e-005
0.3457615	2.635981e-004	7.175119e-005
0.346216	2.328126e-004	7.201360e-005
0.3466704	2.923382e-004	7.291602e-005
0.3471248	1.350593e-004	7.386364e-005
0.3475793	3.114194e-004	7.338525e-005
0.3480337	2.697713e-004	7.411808e-005
0.3484881	2.052007e-004	7.474648e-005
0.3489425	2.395803e-004	7.571600e-005
0.3493969	2.385653e-004	7.653729e-005
0.3498513	2.613573e-004	7.377042e-005
0.3503057	2.189095e-004	7.376255e-005
0.3507601	2.081833e-004	7.257013e-005
0.3512145	3.157872e-004	7.286272e-005
0.3516689	3.142735e-004	7.241069e-005
0.3521233	8.204550e-005	7.235255e-005
0.3525777	2.196061e-004	7.257854e-005
0.3530321	3.067294e-004	7.151024e-005
0.3534864	3.764348e-004	7.210715e-005
0.3539408	2.208531e-004	7.122146e-005
0.3543952	2.539550e-004	7.182813e-005
0.3548495	2.831183e-004	7.173442e-005
0.3553039	3.205249e-004	7.141074e-005
0.3557582	3.188955e-004	7.139083e-005
0.3562126	1.610594e-004	7.066265e-005
0.3566669	2.773233e-004	7.110755e-005
0.3571213	2.094697e-004	7.097232e-005
0.3575756	1.944814e-004	7.037351e-005
0.3580299	3.270043e-004	7.125626e-005
0.3584842	2.763931e-004	6.986414e-005
0.3589386	2.092634e-004	7.043255e-005
0.3593929	2.481987e-004	7.053311e-005
0.3598472	1.359046e-004	7.038562e-005
0.3603015	1.307560e-004	7.100735e-005
0.3607558	2.457296e-004	6.998844e-005
0.3612101	2.089982e-004	7.098374e-005
0.3616644	1.920288e-004	7.013556e-005
0.3621187	2.241171e-004	7.061203e-005
0.3625729	3.089723e-004	7.064985e-005
0.3630272	1.693623e-004	7.030716e-005
0.3634815	1.892456e-004	7.053385e-005
0.3639358	1.077209e-004	7.045616e-005
0.36439	1.244080e-004	7.034992e-005
0.3648443	1.355436e-004	7.033208e-005
0.3652985	1.899252e-004	6.997507e-005
0.3657528	2.348004e-004	7.076146e-005
0.366207	2.992580e-004	7.012454e-005
0.3666613	2.257405e-004	7.019065e-005
0.3671155	2.369204e-004	6.985695e-005
0.3675697	2.204112e-004	6.992032e-005
0.368024	2.134029e-004	7.050215e-005
0.3684782	2.109995e-004	6.936731e-005
0.3689324	2.122428e-004	7.015579e-005
0.3693866	1.783245e-004	6.916581e-005
0.3698408	2.850425e-004	6.992028e-005
0.370295	2.677066e-004	6.959410e-005
0.3707492	1.647138e-004	6.946784e-005
0.3712034	2.080215e-004	6.926763e-005
0.3716576	2.432613e-004	6.928793e-005
0.3721118	2.787004e-004	6.964395e-005
0.372566	1.479065e-004	6.919292e-005
0.3730202	1.247862e-004	6.918983e-005
0.3734743	2.402934e-004	6.980070e-005
0.3739285	2.031629e-004	6.921039e-005
0.3743827	3.099132e-004	6.964427e-005
0.3748368	3.083563e-004	6.941997e-005
0.375291	1.907149e-004	6.954812e-005
0.3757451	2.773210e-004	6.938071e-005
0.3761993	2.405473e-004	6.932855e-005
0.3766534	1.688557e-004	7.004041e-005
0.3771075	1.533111e-004	6.937441e-005
0.3775617	1.722831e-004	6.995022e-005
0.3780158	1.626860e-004	6.955045e-005
0.3784699	1.555292e-004	6.953001e-005
0.378924	2.201952e-004	6.991062e-005
0.3793781	1.661457e-004	6.983610e-005
0.3798322	1.603540e-004	6.969499e-005
0.3802863	1.866027e-004	6.948350e-005
0.3807404	1.908431e-004	7.011863e-005
0.3811945	1.895483e-004	6.977885e-005
0.3816486	3.287866e-004	6.963869e-005
0.3821027	9.419667e-005	6.973696e-005
0.3825568	1.666350e-004	6.967343e-005
0.3830108	2.759422e-004	7.031345e-005
0.3834649	3.264367e-004	6.975110e-005
0.383919	1.383250e-004	6.989468e-005
0.384373	7.427521e-005	7.025807e-005
0.3848271	1.187397e-004	6.963787e-005
0.3852811	1.519482e-004	7.042566e-005
0.3857352	2.454213e-004	6.970118e-005
0.3861892	1.845491e-004	7.021821e-005
0.3866432	2.775866e-004	7.026176e-005
0.3870973	1.203273e-004	6.960996e-005
0.3875513	2.728393e-004	7.065539e-005
0.3880053	2.477269e-004	6.998414e-005
0.3884593	2.368110e-004	7.033785e-005
0.3889133	1.640483e-004	7.025573e-005
0.3893673	1.317773e-004	6.961360e-005
0.3898213	2.091338e-004	7.045499e-005
0.3902753	2.093544e-004	6.993328e-005
0.3907293	2.407894e-004	7.037306e-005
0.3911833	3.061914e-004	7.046275e-005
0.3916373	1.251817e-004	7.032181e-005
0.3920913	1.502513e-004	7.057424e-005
0.3925452	1.659473e-004	6.977422e-005
0.3929992	1.751042e-004	7.064906e-005
0.3934531	1.182347e-004	7.025052e-005
0.3939071	2.978370e-004	7.052045e-005
0.3943611	2.603358e-004	7.046461e-005
0.394815	7.035278e-006	6.991997e-005
0.3952689	1.949000e-004	7.082918e-005
0.3957229	1.724400e-004	7.040808e-005
0.3961768	8.364993e-005	7.053120e-005
0.3966307	2.825726e-004	7.042084e-005
0.3970846	1.712710e-004	7.057185e-005
0.3975386	1.195637e-004	7.112551e-005
0.3979925	1.777860e-004	6.982603e-005
0.3984464	1.464242e-004	7.083792e-005
0.3989003	1.564015e-004	7.046567e-005
0.3993542	5.909593e-005	7.087594e-005
0.3998081	2.648853e-004	7.109426e-005
0.4002619	3.036803e-004	6.986185e-005
0.4007158	1.177546e-004	7.098549e-005
0.4011697	8.372072e-005	7.058147e-005
0.4016236	2.471850e-004	7.093332e-005
0.4020774	2.140539e-004	7.075560e-005
0.4025313	2.931769e-004	7.066325e-005
0.4029851	2.606694e-004	7.141674e-005
0.403439	1.911476e-004	7.029459e-005
0.4038928	1.885202e-004	7.055131e-005
0.4043467	2.683048e-004	7.095888e-005
0.4048005	1.565684e-004	7.085911e-005
0.4052543	1.683563e-004	7.152268e-005
0.4057082	1.383134e-004	7.047188e-005
0.406162	1.191816e-004	7.097782e-005
0.4066158	4.171801e-005	7.065716e-005
0.4070696	1.682389e-004	7.099551e-005
0.4075234	2.511356e-004	7.073827e-005
0.4079772	9.238570e-005	7.030198e-005
0.408431	1.681801e-004	7.078142e-005
0.4088848	1.462654e-004	7.042955e-005
0.4093386	1.493127e-004	7.051255e-005
0.4097924	2.338219e-004	7.022116e-005
0.4102461	1.320339e-004	7.035862e-005
0.4106999	1.402617e-004	7.092756e-005
0.4111537	2.447473e-004	7.035653e-005
0.4116074	1.793929e-004	7.042598e-005
0.4120612	2.270593e-004	7.030382e-005
0.4125149	7.766077e-005	7.029667e-005
0.4129687	3.041444e-004	7.086013e-005
0.4134224	1.703317e-004	6.993188e-005
0.4138761	2.256406e-004	7.088546e-005
0.4143298	1.050253e-004	7.027169e-005
0.4147836	2.001787e-004	7.076333e-005
0.4152373	9.985077e-005	7.025162e-005
0.415691	1.369934e-004	7.032179e-005
0.4161447	1.586083e-004	7.108038e-005
0.4165984	1.774624e-004	7.021005e-005
0.4170521	2.994264e-004	7.104638e-005
0.4175058	1.543068e-004	7.011117e-005
0.4179595	1.806395e-004	7.085367e-005
0.4184131	1.030023e-004	7.095243e-005
0.4188668	2.649827e-004	7.025637e-005
0.4193205	1.069597e-004	7.073151e-005
0.4197742	8.124211e-005	7.044634e-005
0.4202278	1.117693e-004	7.087506e-005
0.4206815	2.306874e-004	7.091727e-005
0.4211351	1.569201e-004	7.031869e-005
0.4215888	1.800718e-004	7.124442e-005
0.4220424	1.763434e-004	7.053783e-005
0.422496	2.301462e-004	7.102231e-005
0.4229497	2.062513e-004	7.049501e-005
0.4234033	8.813450e-005	7.064198e-005
0.4238569	1.338094e-004	7.154050e-005
0.4243105	2.436831e-004	7.029045e-005
0.4247641	1.426012e-004	7.126577e-005
0.4252177	1.920606e-004	7.057208e-005
0.4256713	1.705712e-004	7.105319e-005
0.4261249	8.608113e-005	7.089477e-005
0.4265785	2.429035e-004	7.071051e-005
0.4270321	1.456379e-004	7.124211e-005
0.4274856	7.580920e-005	7.055335e-005
0.4279392	1.230953e-004	7.117979e-005
0.4283928	2.486929e-004	7.123524e-005
0.4288463	1.180228e-004	7.078583e-005
0.4292999	1.059888e-004	7.127759e-005
0.4297534	2.056491e-004	7.059940e-005
0.4302069	7.443745e-005	7.128202e-005
0.4306605	2.534919e-004	7.077377e-005
0.431114	6.032729e-005	7.071463e-005
0.4315675	1.234908e-004	7.153584e-005
0.4320211	1.530040e-004	7.084225e-005
0.4324746	1.655343e-004	7.138240e-005
0.4329281	1.310228e-004	7.100411e-005
0.4333816	1.974085e-004	7.128749e-005
0.4338351	6.073118e-005	7.129784e-005
0.4342886	1.497878e-004	7.093149e-005
0.4347421	2.588058e-004	7.144253e-005
0.4351955	1.097188e-004	7.091437e-005
0.435649	1.553434e-004	7.141097e-005
0.4361025	2.101719e-004	7.116031e-005
0.436556	2.830333e-004	7.118660e-005
0.4370094	3.124816e-004	7.158631e-005
0.4374629	9.181409e-005	7.091977e-005
0.4379163	1.087347e-004	7.166431e-005
0.4383698	2.610009e-004	7.090016e-005
0.4388232	1.815942e-004	7.160548e-005
0.4392766	1.960205e-004	7.155264e-005
0.4397301	2.550905e-004	7.109657e-005
0.4401835	1.996004e-004	7.153288e-005
0.4406369	6.232301e-005	7.086279e-005
0.4410903	8.660824e-005	7.164056e-005
0.4415437	1.513284e-004	7.140988e-005
0.4419971	2.362802e-004	7.151345e-005
0.4424505	1.192973e-005	7.137602e-005
0.4429039	1.372117e-004	7.121821e-005
0.4433573	1.276816e-004	7.193625e-005
0.4438106	2.032382e-004	7.138734e-005
0.444264	1.502864e-004	7.146283e-005
0.4447174	1.703903e-004	7.182712e-005
0.4451707	2.221513e-004	7.092764e-005
0.4456241	1.375705e-005	7.175787e-005
0.4460774	7.295684e-005	7.082025e-005
0.4465308	8.856111e-005	7.181471e-005
0.4469841	1.530105e-004	7.156859e-005
0.4474375	2.342573e-004	7.155210e-005
0.4478908	2.007006e-004	7.203591e-005
0.4483441	2.335133e-004	7.094491e-005
0.4487974	7.963170e-005	7.185741e-005
0.4492507	3.521504e-004	7.169663e-005
0.449704	9.892899e-005	7.166049e-005
0.4501573	1.719158e-004	7.220549e-005
0.4506106	1.651847e-004	7.124005e-005
0.4510639	8.250540e-005	7.204658e-005
0.4515172	2.858347e-004	7.163956e-005
0.4519705	2.043162e-004	7.128034e-005
0.4524237	8.799374e-005	7.185152e-005
0.452877	1.073098e-004	7.166720e-005
0.4533303	1.690890e-004	7.217921e-005
0.4537835	1.167717e-004	7.111253e-005
0.4542368	4.448399e-005	7.178755e-005
0.45469	1.530385e-004	7.204134e-005
0.4551432	2.698174e-004	7.192879e-005
0.4555965	3.453589e-005	7.187872e-005
0.4560497	1.853734e-004	7.143094e-005
0.4565029	2.563829e-004	7.199924e-005
0.4569561	1.603688e-004	7.183545e-005
0.4574093	1.798539e-004	7.218139e-005
0.4578625	1.864251e-004	7.193243e-005
0.4583157	1.300832e-004	7.166749e-005
0.4587689	2.167642e-004	7.227284e-005
0.4592221	1.314313e-004	7.184528e-005
0.4596753	1.505369e-004	7.188218e-005
0.4601284	1.241988e-004	7.187598e-005
0.4605816	9.395209e-005	7.219191e-005
0.4610348	2.135335e-004	7.256655e-005
0.4614879	2.197721e-004	7.146499e-005
0.4619411	4.058749e-006	7.226795e-005
0.4623942	1.269700e-004	7.177067e-005
0.4628474	9.892163e-005	7.245443e-005
0.4633005	9.772606e-005	7.210879e-005
0.4637536	1.712246e-004	7.144141e-005
0.4642067	8.474016e-005	7.273475e-005
0.4646599	1.784668e-004	7.175336e-005
0.465113	8.601991e-005	7.233926e-005
0.4655661	2.545562e-004	7.254497e-005
0.4660192	2.019304e-004	7.189088e-005
0.4664723	3.061205e-004	7.541643e-005
0.4669253	1.727744e-004	7.563881e-005
0.4673784	1.990691e-004	7.782315e-005
0.4678315	1.547999e-004	7.823544e-005
0.4682846	4.131787e-005	7.964725e-005
0.4687376	8.466018e-005	8.174047e-005
0.4691907	2.407949e-004	8.030487e-005
0.4696437	-5.021890e-005	8.292946e-005
0.4700968	1.548855e-004	8.320927e-005
0.4705498	3.739045e-005	8.364809e-005
0.4710029	1.036588e-004	8.510927e-005
0.4714559	1.257585e-004	8.444772e-005
0.4719089	1.964567e-004	8.736091e-005
0.4723619	2.230104e-004	8.623120e-005
0.4728149	9.655757e-005	8.803793e-005
0.4732679	9.132911e-005	8.826697e-005
0.4737209	1.322811e-004	8.895932e-005
0.4741739	1.757446e-004	9.065068e-005
0.4746269	2.213169e-004	8.997829e-005
0.4750799	3.451391e-005	9.134169e-005
0.4755329	1.353717e-004	9.202010e-005
0.4759858	8.890792e-005	9.319650e-005
0.4764388	2.446712e-004	9.441521e-005
0.4768917	2.055426e-004	9.294305e-005
0.4773447	1.978861e-004	9.566289e-005
0.4777976	1.305608e-004	9.521387e-005
0.4782506	9.424577e-005	9.683540e-005
0.4787035	1.508975e-004	9.586664e-005
0.4791564	6.849294e-005	9.774784e-005
0.4796094	1.157829e-004	9.877568e-005
0.4800623	3.347164e-004	9.936804e-005
0.4805152	1.478936e-004	9.998033e-005
0.4809681	1.956350e-004	9.965067e-005
0.481421	2.303979e-004	1.021833e-004
0.4818739	6.806796e-005	1.022759e-004
0.4823267	1.269600e-004	1.031384e-004
0.4827796	1.089387e-004	1.022119e-004
0.4832325	8.969555e-005	1.050189e-004
0.4836854	1.869661e-004	1.054372e-004
0.4841382	1.634511e-004	1.058701e-004
0.4845911	1.830901e-004	1.043352e-004
0.4850439	2.720995e-004	1.050158e-004
0.4854968	2.849355e-004	1.065589e-004
0.4859496	1.165143e-004	1.058159e-004
0.4864024	-1.297970e-005	1.065410e-004
0.4868552	9.091593e-005	1.063400e-004
0.4873081	2.102045e-004	1.058604e-004
0.4877609	3.771906e-004	1.074340e-004
0.4882137	8.904488e-005	1.063948e-004
0.4886665	1.497914e-004	1.066858e-004
0.4891193	1.328407e-004	1.079601e-004
0.4895721	1.784544e-004	1.083926e-004
0.4900248	1.348331e-004	1.070229e-004
0.4904776	2.162951e-004	1.081896e-004
0.4909304	1.519968e-004	1.075417e-004
0.4913831	2.921446e-004	1.104120e-004
0.4918359	1.171951e-004	1.100686e-004
0.4922886	3.104247e-004	1.093600e-004
0.4927414	2.714255e-004	1.103101e-004
0.4931941	1.798699e-005	1.101180e-004
0.4936469	1.806384e-004	1.112599e-004
0.4940996	5.409744e-005	1.113310e-004
0.4945523	-2.834689e-005	1.111601e-004
0.495005	2.049573e-005	1.126551e-004
0.4954577	1.747741e-004	1.128302e-004
0.4959104	3.127192e-004	1.128875e-004
0.4963631	1.083337e-004	1.133024e-004
0.4968158	1.514385e-004	1.134130e-004
0.4972685	4.736489e-005	1.146550e-004
0.4977212	2.034879e-004	1.150019e-004
0.4981738	2.801434e-004	1.147260e-004
0.4986265	1.904812e-004	1.162977e-004
0.4990792	1.205712e-004	1.165046e-004
0.4995318	3.849896e-004	1.171562e-004
0.4999844	1.073797e-004	1.155792e-004
0.5004371	2.219090e-004	1.176081e-004
0.5008897	2.363613e-004	1.184781e-004
0.5013423	2.681966e-004	1.185795e-004
0.501795	3.311409e-005	1.179792e-004
0.5022476	3.058559e-004	1.189172e-004
0.5027002	1.071787e-004	1.199694e-004
0.5031528	2.017588e-005	1.213476e-004
0.5036054	2.737652e-004	1.194150e-004
0.504058	5.752033e-005	1.210258e-004
0.5045105	9.975656e-005	1.215947e-004
0.5049631	6.239944e-005	1.229904e-004
0.5054157	1.312196e-004	1.221617e-004
0.5058683	7.883113e-005	1.224451e-004
0.5063208	4.733949e-005	1.231872e-004
0.5067734	1.233324e-004	1.244861e-004
0.5072259	7.479438e-005	1.239403e-004
0.5076784	2.504031e-004	1.251520e-004
0.508131	1.503075e-004	1.255198e-004
0.5085835	1.069610e-004	1.260906e-004
0.509036	1.935463e-004	1.269444e-004
0.5094885	5.200317e-005	1.248296e-004
0.509941	1.507906e-004	1.275848e-004
0.5103935	2.929801e-004	1.289795e-004
0.510846	1.786049e-004	1.288432e-004
0.5112985	-2.021685e-004	1.285618e-004
0.511751	3.458027e-004	1.281885e-004
0.5122035	2.885998e-004	1.308450e-004
0.5126559	1.488799e-004	1.312943e-004
0.5131084	1.361461e-004	1.301643e-004
0.5135608	3.646343e-004	1.323180e-004
0.5140133	7.847472e-005	1.319208e-004
0.5144657	3.092428e-004	1.334881e-004
0.5149182	6.735967e-005	1.328538e-004
0.5153706	1.101528e-004	1.324315e-004
0.515823	2.625836e-004	1.351522e-004
0.5162754	3.125335e-004	1.368065e-004
0.5167278	3.402542e-004	1.369644e-004
0.5171802	1.978927e-004	1.331888e-004
0.5176326	1.472354e-004	1.372408e-004
0.518085	-2.121405e-005	1.391372e-004
0.5185374	-1.900090e-005	1.379001e-004
0.5189898	4.075215e-005	1.378827e-004
0.5194422	2.825713e-004	1.388203e-004
0.5198945	1.101558e-004	1.398684e-004
0.5203469	2.215851e-005	1.417631e-004
0.5207992	2.474741e-004	1.398766e-004
0.5212516	1.968143e-004	1.417087e-004
0.5217039	3.790236e-005	1.420942e-004
0.5221562	7.102368e-005	1.425884e-004
0.5226086	2.347549e-004	1.447848e-004
0.5230609	6.917734e-005	1.432765e-004
0.5235132	-1.089605e-005	1.440970e-004
0.5239655	-1.736338e-006	1.457705e-004
0.5244178	4.065310e-004	1.469062e-004
0.5248701	9.033588e-005	1.496070e-004
0.5253224	-2.928208e-005	1.457193e-004
0.5257747	1.143972e-004	1.481622e-004
0.5262269	-2.124508e-005	1.494053e-004
0.5266792	1.310001e-004	1.502634e-004
0.5271315	1.020627e-004	1.525761e-004
0.5275837	2.230225e-004	1.503522e-004
0.528036	2.628698e-004	1.526086e-004
0.5284882	3.445821e-004	1.533268e-004
0.5289404	2.802914e-004	1.525831e-004
0.5293927	6.905553e-005	1.568894e-004
0.5298449	2.237983e-004	1.545034e-004
0.5302971	4.420008e-005	1.559461e-004
0.5307493	-1.417750e-004	1.568975e-004
0.5312015	1.853476e-004	1.574419e-004
0.5316537	1.683039e-004	1.610008e-004
0.5321059	3.888159e-004	1.583619e-004
0.5325581	2.417123e-004	1.607970e-004
0.5330102	2.970603e-004	1.623521e-004
0.5334624	2.519446e-004	1.613669e-004
0.5339146	3.037615e-004	1.648321e-004
0.5343667	1.827072e-004	1.623269e-004
0.5348189	1.309089e-004	1.654323e-004
0.535271	5.719469e-005	1.673543e-004
0.5357231	1.521758e-004	1.653024e-004
0.5361753	3.722410e-004	1.692977e-004
0.5366274	-1.716944e-004	1.668248e-004
0.5370795	9.548173e-005	1.699090e-004
0.5375316	4.327754e-004	1.723571e-004
0.5379837	2.614887e-004	1.703622e-004
0.5384358	9.986888e-005	1.739748e-004
0.5388879	-3.997022e-004	1.716267e-004
0.53934	-4.390559e-005	1.757519e-004
0.539792	3.717571e-004	1.777456e-004
0.5402441	3.199506e-004	1.752822e-004
0.5406962	3.585575e-004	1.817714e-004
0.5411482	8.404374e-005	1.786058e-004
0.5416003	-1.375318e-004	1.803280e-004
0.5420523	2.616973e-004	1.835081e-004
0.5425043	2.504022e-004	1.820844e-004
0.5429563	2.125073e-004	1.867329e-004
0.5434084	4.109152e-004	1.852388e-004
0.5438604	3.519681e-004	1.878630e-004
0.5443124	1.672971e-004	1.890530e-004
0.5447644	-8.887107e-005	1.878739e-004
0.5452164	3.604192e-004	1.918421e-004
0.5456684	1.159785e-005	1.930372e-004
0.5461203	1.831661e-006	1.933507e-004
0.5465723	-1.391584e-005	1.978291e-004
0.5470243	1.612192e-004	1.950874e-004
0.5474762	1.316774e-004	1.979443e-004
0.5479282	2.273001e-004	2.015381e-004
0.5483801	5.205293e-004	2.018288e-004
0.5488321	-7.672364e-005	2.066238e-004
0.549284	1.545627e-006	2.013332e-004
0.5497359	-7.863084e-005	2.070484e-004
0.5501878	3.287650e-004	2.099363e-004
0.5506397	-3.190600e-004	2.079688e-004
0.5510916	2.037467e-004	2.162542e-004
0.5515435	2.643573e-004	2.112271e-004
0.5519954	6.185139e-005	2.167389e-004
0.5524473	2.976291e-005	2.185536e-004
0.5528992	2.602459e-004	2.187327e-004
0.5533511	2.113032e-004	2.252030e-004
0.5538029	5.133781e-004	2.226524e-004
0.5542548	2.396353e-004	2.266607e-004
0.5547066	1.543452e-005	2.307897e-004
0.5551585	6.255636e-004	2.287668e-004
0.5556103	5.105856e-004	2.372377e-004
0.5560621	2.010487e-004	2.338184e-004
0.5565139	-7.454144e-005	2.362314e-004
0.5569658	4.164217e-004	2.457358e-004
0.5574176	-2.767681e-005	2.405927e-004
0.5578694	-3.921865e-004	2.450611e-004
0.5583212	3.044191e-005	2.475123e-004
0.5587729	2.919696e-004	2.543888e-004
0.5592247	3.472290e-004	2.567401e-004
0.5596765	3.490867e-004	2.564194e-004
0.5601283	2.122704e-004	2.626003e-004
0.56058	2.548983e-004	2.631324e-004
0.5610318	2.178918e-004	2.716049e-004
0.5614835	1.961463e-004	2.735454e-004
0.5619352	4.414508e-004	2.753887e-004
0.562387	1.970073e-004	2.824553e-004
0.5628387	2.705545e-004	2.782101e-004
0.5632904	2.106901e-004	2.930712e-004
0.5637421	-3.960484e-004	2.904250e-004
0.5641938	-1.846334e-004	2.972209e-004
0.5646455	-2.979272e-004	3.001808e-004
0.5650972	-8.759778e-005	3.050837e-004
0.5655489	8.055912e-005	3.197968e-004
0.5660006	-1.259165e-004	3.174332e-004
0.5664522	1.943003e-004	3.280132e-004
0.5669039	1.062682e-004	3.300184e-004
0.5673555	-2.960986e-004	3.398602e-004
0.5678072	3.765466e-004	3.484789e-004
0.5682588	-1.489202e-004	3.486555e-004
0.5687104	-2.013270e-004	3.645560e-004
0.5691621	2.018081e-004	3.747892e-004
0.5696137	5.165500e-004	3.754591e-004
0.5700653	-2.355474e-004	3.966876e-004
0.5705169	3.834459e-004	3.996718e-004
0.5709685	-4.002241e-004	4.191084e-004
0.5714201	2.607893e-004	4.295122e-004
0.5718717	1.574294e-004	4.330765e-004
0.5723232	4.767705e-004	4.709755e-004
0.5727748	3.355779e-005	4.698954e-004
0.5732264	2.185177e-004	4.900666e-004
0.5736779	-6.906317e-005	5.169263e-004
0.5741295	3.171957e-004	5.519642e-004
0.574581	4.727985e-004	6.002073e-004
0.5750325	7.493620e-004	5.989471e-004
0.5754841	-4.603410e-005	6.574236e-004
0.5759356	2.963919e-005	7.386885e-004
0.5763871	-1.996607e-004	7.802125e-004
0.5768386	-5.290497e-004	9.146956e-004
0.5772901	5.864469e-004	9.911420e-004
0.5777416	6.854210e-004	1.386186e-003
0.578193	1.900639e-003	2.433360e-003
