Sample description: chromixs
Sample: chromixs  c= 0 mg/ml  Code: chromixs
 1.778791e-002  1.086878e-002  1.783621e-004
 1.824401e-002  1.111377e-002  1.820642e-004
 1.870011e-002  1.068612e-002  1.758214e-004
 1.915621e-002  1.054392e-002  1.731813e-004
 1.961230e-002  1.021547e-002  1.716547e-004
 2.006840e-002  1.044495e-002  1.677352e-004
 2.052450e-002  1.016203e-002  1.685499e-004
 2.098059e-002  1.018237e-002  1.633495e-004
 2.143669e-002  1.027472e-002  1.631737e-004
 2.189278e-002  1.013040e-002  1.599916e-004
 2.234888e-002  9.908432e-003  1.574270e-004
 2.280497e-002  9.676600e-003  1.559255e-004
 2.326107e-002  9.868904e-003  1.519640e-004
 2.371716e-002  9.499130e-003  1.547192e-004
 2.417325e-002  9.658359e-003  1.507548e-004
 2.462935e-002  9.592491e-003  1.500134e-004
 2.508544e-002  9.111363e-003  1.477696e-004
 2.554153e-002  9.690543e-003  1.446608e-004
 2.599763e-002  9.102845e-003  1.455340e-004
 2.645372e-002  9.239874e-003  1.409647e-004
 2.690981e-002  9.068568e-003  1.457649e-004
 2.736590e-002  8.866934e-003  1.460921e-004
 2.782199e-002  8.948372e-003  1.439654e-004
 2.827809e-002  8.708524e-003  1.483016e-004
 2.873418e-002  8.606299e-003  1.430173e-004
 2.919027e-002  8.510767e-003  1.469214e-004
 2.964636e-002  8.396332e-003  1.441724e-004
 3.010245e-002  8.565796e-003  1.452226e-004
 3.055853e-002  8.532497e-003  1.467942e-004
 3.101462e-002  7.978996e-003  1.387388e-004
 3.147071e-002  7.889426e-003  1.448478e-004
 3.192680e-002  7.747251e-003  1.411807e-004
 3.238289e-002  7.956779e-003  1.438165e-004
 3.283897e-002  7.774822e-003  1.427278e-004
 3.329506e-002  7.607708e-003  1.378014e-004
 3.375115e-002  7.508748e-003  1.415699e-004
 3.420723e-002  7.503827e-003  1.374028e-004
 3.466332e-002  7.512365e-003  1.403694e-004
 3.511940e-002  7.391795e-003  1.383970e-004
 3.557549e-002  7.129061e-003  1.364811e-004
 3.603157e-002  7.079724e-003  1.389388e-004
 3.648766e-002  6.976400e-003  1.352406e-004
 3.694374e-002  6.871427e-003  1.354418e-004
 3.739982e-002  6.996629e-003  1.342390e-004
 3.785590e-002  6.880659e-003  1.344879e-004
 3.831198e-002  6.525869e-003  1.354210e-004
 3.876807e-002  6.499355e-003  1.324135e-004
 3.922415e-002  6.346243e-003  1.328814e-004
 3.968023e-002  6.448329e-003  1.315653e-004
 4.013631e-002  6.317388e-003  1.323386e-004
 4.059239e-002  6.191251e-003  1.305218e-004
 4.104846e-002  6.134588e-003  1.307996e-004
 4.150454e-002  6.128831e-003  1.297847e-004
 4.196062e-002  5.966878e-003  1.286485e-004
 4.241670e-002  5.967865e-003  1.291555e-004
 4.287277e-002  6.026211e-003  1.275899e-004
 4.332885e-002  5.625523e-003  1.277362e-004
 4.378493e-002  5.577641e-003  1.274944e-004
 4.424100e-002  5.797089e-003  1.266436e-004
 4.469708e-002  5.643033e-003  1.260143e-004
 4.515315e-002  5.385233e-003  1.237172e-004
 4.560922e-002  5.333703e-003  1.256340e-004
 4.606530e-002  5.356818e-003  1.246730e-004
 4.652137e-002  5.158871e-003  1.237533e-004
 4.697744e-002  5.378006e-003  1.241468e-004
 4.743351e-002  4.940854e-003  1.211232e-004
 4.788958e-002  5.228791e-003  1.236999e-004
 4.834565e-002  5.026825e-003  1.210516e-004
 4.880172e-002  4.861516e-003  1.211626e-004
 4.925779e-002  4.684980e-003  1.212657e-004
 4.971386e-002  4.879495e-003  1.199721e-004
 5.016992e-002  4.704186e-003  1.201152e-004
 5.062599e-002  4.650931e-003  1.184122e-004
 5.108206e-002  4.713791e-003  1.189944e-004
 5.153812e-002  4.524486e-003  1.191943e-004
 5.199419e-002  4.666839e-003  1.184384e-004
 5.245025e-002  4.243854e-003  1.179350e-004
 5.290631e-002  4.410426e-003  1.153852e-004
 5.336238e-002  4.552157e-003  1.182987e-004
 5.381844e-002  4.305104e-003  1.157385e-004
 5.427450e-002  4.503367e-003  1.160725e-004
 5.473056e-002  4.196358e-003  1.159883e-004
 5.518662e-002  4.152991e-003  1.142421e-004
 5.564268e-002  4.074975e-003  1.158579e-004
 5.609874e-002  4.217019e-003  1.126527e-004
 5.655479e-002  3.860447e-003  1.139725e-004
 5.701085e-002  3.895461e-003  1.130049e-004
 5.746691e-002  3.892316e-003  1.133791e-004
 5.792296e-002  3.900745e-003  1.139086e-004
 5.837902e-002  3.798033e-003  1.108530e-004
 5.883507e-002  4.052220e-003  1.125688e-004
 5.929113e-002  3.671367e-003  1.109780e-004
 5.974718e-002  3.815142e-003  1.108592e-004
 6.020323e-002  3.817640e-003  1.118993e-004
 6.065928e-002  3.790656e-003  1.090449e-004
 6.111533e-002  3.666404e-003  1.108882e-004
 6.157138e-002  3.468948e-003  1.090213e-004
 6.202743e-002  3.462669e-003  1.089860e-004
 6.248348e-002  3.528967e-003  1.092334e-004
 6.293953e-002  3.564522e-003  1.075043e-004
 6.339557e-002  3.270503e-003  1.094158e-004
 6.385162e-002  3.315308e-003  1.068885e-004
 6.430766e-002  3.212489e-003  1.075017e-004
 6.476371e-002  3.358243e-003  1.067393e-004
 6.521975e-002  3.270758e-003  1.066105e-004
 6.567579e-002  3.323590e-003  1.073296e-004
 6.613184e-002  3.077505e-003  1.059026e-004
 6.658788e-002  3.083409e-003  1.059574e-004
 6.704392e-002  3.289623e-003  1.050058e-004
 6.749995e-002  3.106739e-003  1.044741e-004
 6.795599e-002  2.910882e-003  1.051842e-004
 6.841203e-002  2.970101e-003  1.036216e-004
 6.886807e-002  3.022587e-003  1.052076e-004
 6.932410e-002  3.080008e-003  1.040875e-004
 6.978014e-002  2.655085e-003  1.037827e-004
 7.023617e-002  2.995900e-003  1.025472e-004
 7.069220e-002  2.759261e-003  1.028813e-004
 7.114824e-002  2.718228e-003  1.032185e-004
 7.160427e-002  2.611496e-003  1.016703e-004
 7.206030e-002  2.691748e-003  1.030048e-004
 7.251633e-002  2.768000e-003  1.008144e-004
 7.297236e-002  2.722865e-003  1.018695e-004
 7.342838e-002  2.672581e-003  1.013882e-004
 7.388441e-002  2.574030e-003  9.996049e-005
 7.434043e-002  2.568140e-003  1.010881e-004
 7.479646e-002  2.613002e-003  1.005267e-004
 7.525248e-002  2.615602e-003  1.001999e-004
 7.570851e-002  2.650597e-003  9.993217e-005
 7.616453e-002  2.463361e-003  9.876885e-005
 7.662055e-002  2.612610e-003  1.000201e-004
 7.707657e-002  2.450096e-003  9.861915e-005
 7.753259e-002  2.435260e-003  9.930330e-005
 7.798861e-002  2.334530e-003  9.798219e-005
 7.844462e-002  2.438907e-003  9.773456e-005
 7.890064e-002  2.483328e-003  9.844906e-005
 7.935665e-002  2.679292e-003  9.706275e-005
 7.981267e-002  2.351743e-003  9.805166e-005
 8.026868e-002  2.161286e-003  9.712161e-005
 8.072469e-002  2.165499e-003  9.713578e-005
 8.118070e-002  2.369443e-003  9.696444e-005
 8.163671e-002  2.168094e-003  9.578279e-005
 8.209272e-002  2.251938e-003  9.651323e-005
 8.254873e-002  2.406706e-003  9.588472e-005
 8.300474e-002  2.047838e-003  9.551096e-005
 8.346074e-002  2.218335e-003  9.591041e-005
 8.391675e-002  2.174408e-003  9.485721e-005
 8.437275e-002  2.218967e-003  9.570256e-005
 8.482875e-002  1.970347e-003  9.344381e-005
 8.528475e-002  2.126654e-003  9.530510e-005
 8.574076e-002  2.012852e-003  9.384787e-005
 8.619675e-002  2.218685e-003  9.451042e-005
 8.665275e-002  2.053113e-003  9.401972e-005
 8.710875e-002  1.867508e-003  9.217820e-005
 8.756475e-002  1.855662e-003  9.396134e-005
 8.802074e-002  2.041510e-003  9.210030e-005
 8.847673e-002  1.922813e-003  9.378323e-005
 8.893273e-002  1.998596e-003  9.262338e-005
 8.938872e-002  1.864585e-003  9.202708e-005
 8.984471e-002  1.831098e-003  9.191484e-005
 9.030070e-002  1.897967e-003  9.357439e-005
 9.075669e-002  1.982856e-003  9.553529e-005
 9.121267e-002  1.948122e-003  9.529179e-005
 9.166866e-002  1.925039e-003  9.638558e-005
 9.212464e-002  2.081866e-003  9.820051e-005
 9.258063e-002  1.754125e-003  9.562884e-005
 9.303661e-002  1.916063e-003  9.780563e-005
 9.349259e-002  1.830346e-003  9.747800e-005
 9.394857e-002  1.883291e-003  9.855452e-005
 9.440455e-002  1.905916e-003  9.916670e-005
 9.486053e-002  1.765453e-003  9.786161e-005
 9.531650e-002  1.860505e-003  9.940165e-005
 9.577248e-002  1.712204e-003  9.831926e-005
 9.622845e-002  1.687633e-003  9.989193e-005
 9.668443e-002  1.745656e-003  9.919734e-005
 9.714040e-002  1.639416e-003  9.941291e-005
 9.759637e-002  1.655996e-003  1.007343e-004
 9.805234e-002  1.849987e-003  9.929227e-005
 9.850830e-002  1.789610e-003  1.003196e-004
 9.896427e-002  1.529030e-003  9.780789e-005
 9.942024e-002  1.646212e-003  9.629103e-005
 9.987620e-002  1.480595e-003  9.629948e-005
 1.003322e-001  1.411423e-003  9.323670e-005
 1.007881e-001  1.593165e-003  9.467437e-005
 1.012441e-001  1.629456e-003  9.304933e-005
 1.017000e-001  1.573178e-003  9.304101e-005
 1.021560e-001  1.620422e-003  9.238967e-005
 1.026120e-001  1.578600e-003  9.157515e-005
 1.030679e-001  1.598173e-003  9.265441e-005
 1.035239e-001  1.418203e-003  9.046406e-005
 1.039798e-001  1.587807e-003  9.083524e-005
 1.044358e-001  1.472969e-003  8.986018e-005
 1.048917e-001  1.312004e-003  9.019243e-005
 1.053477e-001  1.590058e-003  9.064050e-005
 1.058036e-001  1.415374e-003  8.860302e-005
 1.062596e-001  1.549355e-003  8.950894e-005
 1.067155e-001  1.435224e-003  8.825826e-005
 1.071715e-001  1.274603e-003  8.908726e-005
 1.076274e-001  1.505040e-003  9.154397e-005
 1.080833e-001  1.357488e-003  9.107911e-005
 1.085393e-001  1.359718e-003  9.291562e-005
 1.089952e-001  1.370634e-003  9.195508e-005
 1.094511e-001  1.428106e-003  9.338650e-005
 1.099071e-001  1.494786e-003  9.020544e-005
 1.103630e-001  1.430119e-003  9.000479e-005
 1.108189e-001  1.395646e-003  8.949131e-005
 1.112749e-001  1.383648e-003  8.797666e-005
 1.117308e-001  1.375549e-003  8.828493e-005
 1.121867e-001  1.213016e-003  8.619820e-005
 1.126427e-001  1.269962e-003  8.629852e-005
 1.130986e-001  1.262815e-003  8.676242e-005
 1.135545e-001  1.183117e-003  8.575353e-005
 1.140104e-001  1.468208e-003  8.626528e-005
 1.144664e-001  1.495874e-003  8.520584e-005
 1.149223e-001  1.433783e-003  8.518342e-005
 1.153782e-001  1.266195e-003  8.485668e-005
 1.158341e-001  1.175047e-003  8.430523e-005
 1.162900e-001  1.044392e-003  8.528806e-005
 1.167459e-001  1.341390e-003  8.338858e-005
 1.172018e-001  1.293026e-003  8.457011e-005
 1.176578e-001  1.480272e-003  8.346651e-005
 1.181137e-001  1.257619e-003  8.372903e-005
 1.185696e-001  1.223939e-003  8.358793e-005
 1.190255e-001  1.184584e-003  8.239689e-005
 1.194814e-001  1.067570e-003  8.355830e-005
 1.199373e-001  1.222935e-003  8.242323e-005
 1.203932e-001  1.298215e-003  8.258415e-005
 1.208491e-001  1.247650e-003  8.247728e-005
 1.213050e-001  1.317025e-003  8.206492e-005
 1.217609e-001  1.093529e-003  8.259563e-005
 1.222168e-001  1.287465e-003  8.127874e-005
 1.226727e-001  1.237102e-003  8.209578e-005
 1.231286e-001  1.164198e-003  8.094907e-005
 1.235845e-001  1.218583e-003  8.136942e-005
 1.240403e-001  1.162812e-003  8.137609e-005
 1.244962e-001  1.180534e-003  8.018426e-005
 1.249521e-001  9.463722e-004  8.126837e-005
 1.254080e-001  1.096165e-003  8.023758e-005
 1.258639e-001  1.324648e-003  8.049546e-005
 1.263198e-001  1.262731e-003  8.019968e-005
 1.267756e-001  1.121708e-003  7.984844e-005
 1.272315e-001  1.304252e-003  8.015454e-005
 1.276874e-001  9.939355e-004  7.925238e-005
 1.281433e-001  1.180635e-003  8.169197e-005
 1.285992e-001  9.741943e-004  8.248255e-005
 1.290550e-001  1.154795e-003  8.273635e-005
 1.295109e-001  1.116947e-003  8.336201e-005
 1.299668e-001  1.051966e-003  8.375963e-005
 1.304226e-001  1.115481e-003  8.378171e-005
 1.308785e-001  9.038801e-004  8.472560e-005
 1.313344e-001  9.708890e-004  8.419087e-005
 1.317902e-001  9.707722e-004  8.393825e-005
 1.322461e-001  1.065568e-003  8.400512e-005
 1.327019e-001  1.149762e-003  8.434638e-005
 1.331578e-001  9.046339e-004  8.435962e-005
 1.336136e-001  1.026266e-003  8.466997e-005
 1.340695e-001  8.474942e-004  8.380495e-005
 1.345254e-001  9.506353e-004  8.440664e-005
 1.349812e-001  9.719871e-004  8.400666e-005
 1.354371e-001  1.078930e-003  8.427830e-005
 1.358929e-001  9.623246e-004  8.436831e-005
 1.363487e-001  9.465200e-004  8.409450e-005
 1.368046e-001  9.705444e-004  8.404035e-005
 1.372604e-001  8.614672e-004  8.394043e-005
 1.377163e-001  9.118757e-004  8.362106e-005
 1.381721e-001  1.037110e-003  8.394731e-005
 1.386279e-001  9.444700e-004  8.384102e-005
 1.390838e-001  1.019776e-003  8.408323e-005
 1.395396e-001  8.690016e-004  8.454646e-005
 1.399954e-001  9.681267e-004  8.315574e-005
 1.404513e-001  8.894454e-004  8.412563e-005
 1.409071e-001  8.888178e-004  8.313869e-005
 1.413629e-001  8.389140e-004  8.373429e-005
 1.418187e-001  9.684532e-004  8.274480e-005
 1.422746e-001  9.540994e-004  8.388035e-005
 1.427304e-001  8.461622e-004  8.350363e-005
 1.431862e-001  9.621169e-004  8.244038e-005
 1.436420e-001  7.257676e-004  8.321836e-005
 1.440978e-001  7.765000e-004  8.259225e-005
 1.445536e-001  7.984887e-004  8.339245e-005
 1.450095e-001  8.312888e-004  8.371498e-005
 1.454653e-001  8.796037e-004  8.184958e-005
 1.459211e-001  9.518124e-004  8.309542e-005
 1.463769e-001  8.039849e-004  8.214755e-005
 1.468327e-001  8.386568e-004  8.334853e-005
 1.472885e-001  8.151264e-004  8.346550e-005
 1.477443e-001  8.341886e-004  8.285879e-005
 1.482001e-001  6.809163e-004  8.328125e-005
 1.486559e-001  8.079116e-004  8.214853e-005
 1.491117e-001  1.106786e-003  8.327215e-005
 1.495675e-001  8.530136e-004  8.228605e-005
 1.500233e-001  8.131127e-004  8.252804e-005
 1.504790e-001  7.955762e-004  8.355191e-005
 1.509348e-001  9.081768e-004  8.237080e-005
 1.513906e-001  7.662835e-004  8.201685e-005
 1.518464e-001  9.815706e-004  8.230750e-005
 1.523022e-001  8.277325e-004  8.240167e-005
 1.527580e-001  8.410345e-004  8.294008e-005
 1.532137e-001  8.051926e-004  8.170341e-005
 1.536695e-001  7.825934e-004  8.260517e-005
 1.541253e-001  8.984323e-004  8.159868e-005
 1.545811e-001  8.299063e-004  8.208308e-005
 1.550368e-001  7.989501e-004  8.210063e-005
 1.554926e-001  6.649131e-004  8.170053e-005
 1.559484e-001  7.106722e-004  8.260747e-005
 1.564041e-001  8.604973e-004  8.151298e-005
 1.568599e-001  7.704475e-004  8.179845e-005
 1.573156e-001  7.198048e-004  8.099907e-005
 1.577714e-001  7.094731e-004  8.152784e-005
 1.582272e-001  6.704083e-004  8.143031e-005
 1.586829e-001  7.024389e-004  8.096562e-005
 1.591387e-001  6.297136e-004  8.126124e-005
 1.595944e-001  6.474639e-004  7.975322e-005
 1.600502e-001  8.018806e-004  8.064927e-005
 1.605059e-001  7.104407e-004  7.990137e-005
 1.609617e-001  7.580512e-004  8.032765e-005
 1.614174e-001  8.430062e-004  8.070319e-005
 1.618731e-001  6.664534e-004  7.965023e-005
 1.623289e-001  8.693672e-004  8.021757e-005
 1.627846e-001  7.313913e-004  7.962145e-005
 1.632403e-001  7.645363e-004  7.975538e-005
 1.636961e-001  7.172677e-004  8.023361e-005
 1.641518e-001  7.256915e-004  7.931955e-005
 1.646075e-001  6.049558e-004  8.005980e-005
 1.650633e-001  6.654899e-004  7.885676e-005
 1.655190e-001  7.493234e-004  7.969528e-005
 1.659747e-001  6.493681e-004  7.934312e-005
 1.664304e-001  6.877184e-004  7.925799e-005
 1.668861e-001  7.261988e-004  7.994498e-005
 1.673418e-001  7.246613e-004  7.860775e-005
 1.677976e-001  6.128798e-004  7.970378e-005
 1.682533e-001  6.623294e-004  7.852940e-005
 1.687090e-001  7.866152e-004  7.907110e-005
 1.691647e-001  6.546227e-004  7.964875e-005
 1.696204e-001  6.293587e-004  7.816391e-005
 1.700761e-001  8.785297e-004  7.962439e-005
 1.705318e-001  6.141064e-004  7.825711e-005
 1.709875e-001  6.944572e-004  7.858991e-005
 1.714432e-001  7.842375e-004  7.909420e-005
 1.718989e-001  6.158956e-004  7.805913e-005
 1.723546e-001  6.445478e-004  7.967969e-005
 1.728103e-001  6.708126e-004  7.772025e-005
 1.732659e-001  6.625379e-004  7.881787e-005
 1.737216e-001  7.449889e-004  7.822553e-005
 1.741773e-001  6.715629e-004  7.815660e-005
 1.746330e-001  5.075811e-004  7.876025e-005
 1.750887e-001  6.753718e-004  7.755350e-005
 1.755443e-001  6.489674e-004  7.857559e-005
 1.760000e-001  6.290547e-004  7.774538e-005
 1.764557e-001  5.501953e-004  7.769694e-005
 1.769114e-001  6.197398e-004  7.835175e-005
 1.773670e-001  6.869889e-004  7.743420e-005
 1.778227e-001  7.970167e-004  7.842468e-005
 1.782783e-001  5.660363e-004  7.746208e-005
 1.787340e-001  6.372899e-004  7.767569e-005
 1.791897e-001  6.132041e-004  7.776379e-005
 1.796453e-001  7.411288e-004  7.754823e-005
 1.801010e-001  5.638620e-004  7.805403e-005
 1.805566e-001  6.965362e-004  7.693224e-005
 1.810123e-001  6.763260e-004  7.768130e-005
 1.814679e-001  5.857610e-004  7.755365e-005
 1.819236e-001  6.527112e-004  7.730836e-005
 1.823792e-001  6.631266e-004  7.708122e-005
 1.828348e-001  6.007893e-004  7.698931e-005
 1.832905e-001  6.228386e-004  7.707562e-005
 1.837461e-001  5.997121e-004  7.716739e-005
 1.842017e-001  6.517672e-004  7.671648e-005
 1.846574e-001  5.898069e-004  7.704562e-005
 1.851130e-001  5.504597e-004  7.661534e-005
 1.855686e-001  5.217689e-004  7.700465e-005
 1.860243e-001  6.287878e-004  7.653260e-005
 1.864799e-001  5.144205e-004  7.680940e-005
 1.869355e-001  7.014058e-004  7.671072e-005
 1.873911e-001  7.050308e-004  7.700057e-005
 1.878467e-001  5.937225e-004  7.634457e-005
 1.883023e-001  7.019084e-004  7.598756e-005
 1.887579e-001  6.275113e-004  7.661403e-005
 1.892135e-001  5.499846e-004  7.617163e-005
 1.896691e-001  4.326534e-004  7.648624e-005
 1.901248e-001  6.087152e-004  7.578602e-005
 1.905804e-001  6.481190e-004  7.587651e-005
 1.910359e-001  5.227577e-004  7.638981e-005
 1.914915e-001  4.561054e-004  7.577335e-005
 1.919471e-001  5.435510e-004  7.567645e-005
 1.924027e-001  5.248656e-004  7.588310e-005
 1.928583e-001  5.860772e-004  7.585873e-005
 1.933139e-001  5.967295e-004  7.597835e-005
 1.937695e-001  5.402341e-004  7.515943e-005
 1.942251e-001  5.229028e-004  7.592744e-005
 1.946806e-001  5.173352e-004  7.541464e-005
 1.951362e-001  5.175445e-004  7.579919e-005
 1.955918e-001  6.014046e-004  7.586533e-005
 1.960474e-001  6.265980e-004  7.499102e-005
 1.965029e-001  5.189453e-004  7.580102e-005
 1.969585e-001  5.698461e-004  7.483291e-005
 1.974140e-001  5.454021e-004  7.544545e-005
 1.978696e-001  4.451757e-004  7.503063e-005
 1.983252e-001  3.479259e-004  7.513913e-005
 1.987807e-001  5.427033e-004  7.541605e-005
 1.992363e-001  5.063272e-004  7.462917e-005
 1.996918e-001  3.999170e-004  7.484479e-005
 2.001474e-001  4.627858e-004  7.477132e-005
 2.006029e-001  6.935681e-004  7.525485e-005
 2.010585e-001  4.656199e-004  7.530067e-005
 2.015140e-001  5.401014e-004  7.409368e-005
 2.019695e-001  5.142217e-004  7.450065e-005
 2.024251e-001  5.194077e-004  7.466396e-005
 2.028806e-001  5.163251e-004  7.469272e-005
 2.033361e-001  5.299776e-004  7.440482e-005
 2.037917e-001  3.860170e-004  7.430428e-005
 2.042472e-001  4.882040e-004  7.478167e-005
 2.047027e-001  4.574761e-004  7.390245e-005
 2.051582e-001  4.992718e-004  7.440772e-005
 2.056137e-001  4.646601e-004  7.385185e-005
 2.060693e-001  4.889459e-004  7.429111e-005
 2.065248e-001  5.321167e-004  7.466846e-005
 2.069803e-001  4.934275e-004  7.408944e-005
 2.074358e-001  5.410366e-004  7.381112e-005
 2.078913e-001  4.861259e-004  7.372711e-005
 2.083468e-001  5.244705e-004  7.404583e-005
 2.088023e-001  5.182274e-004  7.418860e-005
 2.092578e-001  3.835726e-004  7.358534e-005
 2.097133e-001  4.075278e-004  7.401126e-005
 2.101688e-001  5.634416e-004  7.319078e-005
 2.106243e-001  4.758063e-004  7.380878e-005
 2.110797e-001  6.014574e-004  7.358608e-005
 2.115352e-001  4.225923e-004  7.319482e-005
 2.119907e-001  4.385031e-004  7.368260e-005
 2.124462e-001  5.027941e-004  7.377240e-005
 2.129017e-001  5.326378e-004  7.362623e-005
 2.133571e-001  3.650583e-004  7.270498e-005
 2.138126e-001  4.890512e-004  7.353886e-005
 2.142681e-001  4.808605e-004  7.366114e-005
 2.147235e-001  4.395668e-004  7.315156e-005
 2.151790e-001  5.089847e-004  7.322858e-005
 2.156344e-001  5.813677e-004  7.258463e-005
 2.160899e-001  4.223775e-004  7.471680e-005
 2.165454e-001  5.027759e-004  7.594548e-005
 2.170008e-001  3.228287e-004  7.605083e-005
 2.174562e-001  3.493971e-004  7.755002e-005
 2.179117e-001  5.707193e-004  7.751981e-005
 2.183671e-001  5.435130e-004  7.879096e-005
 2.188226e-001  4.264010e-004  7.840426e-005
 2.192780e-001  4.084491e-004  7.873230e-005
 2.197334e-001  4.082506e-004  8.003384e-005
 2.201889e-001  4.427152e-004  7.955973e-005
 2.206443e-001  4.040816e-004  8.096209e-005
 2.210997e-001  3.599657e-004  7.999880e-005
 2.215552e-001  5.406830e-004  8.097408e-005
 2.220106e-001  4.350135e-004  8.166504e-005
 2.224660e-001  2.863072e-004  8.131620e-005
 2.229214e-001  5.206742e-004  8.220082e-005
 2.233768e-001  6.019125e-004  8.234598e-005
 2.238322e-001  4.290042e-004  8.286348e-005
 2.242876e-001  2.962138e-004  8.287281e-005
 2.247430e-001  4.723718e-004  8.024106e-005
 2.251984e-001  3.744708e-004  8.024965e-005
 2.256538e-001  4.794347e-004  7.883699e-005
 2.261092e-001  4.318177e-004  7.905377e-005
 2.265646e-001  4.336756e-004  7.803727e-005
 2.270200e-001  4.843960e-004  7.754809e-005
 2.274754e-001  4.518047e-004  7.759255e-005
 2.279308e-001  3.565615e-004  7.696298e-005
 2.283862e-001  4.385589e-004  7.744691e-005
 2.288415e-001  3.785346e-004  7.616980e-005
 2.292969e-001  3.948160e-004  7.660767e-005
 2.297523e-001  4.126152e-004  7.611334e-005
 2.302076e-001  4.423227e-004  7.608100e-005
 2.306630e-001  4.388970e-004  7.607572e-005
 2.311184e-001  4.035723e-004  7.584420e-005
 2.315737e-001  4.703113e-004  7.569714e-005
 2.320291e-001  4.207097e-004  7.560943e-005
 2.324844e-001  3.625162e-004  7.509967e-005
 2.329398e-001  3.265584e-004  7.519996e-005
 2.333951e-001  5.021231e-004  7.482823e-005
 2.338505e-001  4.100411e-004  7.527514e-005
 2.343058e-001  3.846617e-004  7.414252e-005
 2.347612e-001  5.077660e-004  7.476060e-005
 2.352165e-001  3.540861e-004  7.438958e-005
 2.356718e-001  4.067392e-004  7.429608e-005
 2.361272e-001  3.817598e-004  7.438388e-005
 2.365825e-001  5.168372e-004  7.425762e-005
 2.370378e-001  4.815197e-004  7.439830e-005
 2.374931e-001  3.425117e-004  7.377813e-005
 2.379485e-001  3.327677e-004  7.376400e-005
 2.384038e-001  3.999456e-004  7.369883e-005
 2.388591e-001  4.469668e-004  7.332458e-005
 2.393144e-001  3.829852e-004  7.381374e-005
 2.397697e-001  3.738465e-004  7.343598e-005
 2.402250e-001  3.272699e-004  7.341379e-005
 2.406803e-001  3.339462e-004  7.350392e-005
 2.411356e-001  3.226297e-004  7.261625e-005
 2.415909e-001  3.483496e-004  7.311090e-005
 2.420462e-001  4.024617e-004  7.242889e-005
 2.425015e-001  3.496799e-004  7.323878e-005
 2.429568e-001  3.675973e-004  7.225200e-005
 2.434120e-001  2.527473e-004  7.276997e-005
 2.438673e-001  3.077914e-004  7.258721e-005
 2.443226e-001  4.213890e-004  7.211935e-005
 2.447779e-001  2.422167e-004  7.267845e-005
 2.452331e-001  5.283305e-004  7.208015e-005
 2.456884e-001  4.886264e-004  7.230045e-005
 2.461437e-001  3.463154e-004  7.269508e-005
 2.465989e-001  4.135029e-004  7.155092e-005
 2.470542e-001  3.883188e-004  7.189927e-005
 2.475094e-001  3.246386e-004  7.134609e-005
 2.479647e-001  4.192701e-004  7.230678e-005
 2.484199e-001  4.274504e-004  7.187996e-005
 2.488752e-001  4.176437e-004  7.113709e-005
 2.493304e-001  4.280652e-004  7.192244e-005
 2.497857e-001  2.578064e-004  7.133370e-005
 2.502409e-001  5.880808e-004  7.200435e-005
 2.506961e-001  2.730417e-004  7.144055e-005
 2.511514e-001  4.428373e-004  7.138767e-005
 2.516066e-001  3.358516e-004  7.157531e-005
 2.520618e-001  4.727924e-004  7.090151e-005
 2.525170e-001  3.808854e-004  7.094141e-005
 2.529722e-001  4.071219e-004  7.074206e-005
 2.534274e-001  4.210861e-004  7.066545e-005
 2.538827e-001  2.906161e-004  7.057634e-005
 2.543379e-001  2.934357e-004  7.033413e-005
 2.547931e-001  2.722832e-004  7.056598e-005
 2.552483e-001  4.065778e-004  6.995685e-005
 2.557035e-001  2.431152e-004  6.985187e-005
 2.561587e-001  3.651023e-004  6.993582e-005
 2.566138e-001  4.153132e-004  6.969795e-005
 2.570690e-001  4.532795e-004  7.010136e-005
 2.575242e-001  4.081635e-004  6.903035e-005
 2.579794e-001  3.444756e-004  6.962062e-005
 2.584346e-001  3.629901e-004  6.932856e-005
 2.588898e-001  3.690023e-004  6.921061e-005
 2.593449e-001  4.208759e-004  6.946074e-005
 2.598001e-001  3.759098e-004  6.892196e-005
 2.602553e-001  3.692825e-004  6.924779e-005
 2.607104e-001  1.933818e-004  6.891717e-005
 2.611656e-001  2.851951e-004  6.901629e-005
 2.616207e-001  3.577090e-004  6.873265e-005
 2.620759e-001  3.149862e-004  6.909938e-005
 2.625310e-001  4.382610e-004  6.904311e-005
 2.629862e-001  3.657627e-004  6.895010e-005
 2.634413e-001  3.658105e-004  6.840493e-005
 2.638964e-001  3.747069e-004  6.846319e-005
 2.643516e-001  4.289555e-004  6.872951e-005
 2.648067e-001  1.717110e-004  6.874900e-005
 2.652618e-001  3.003873e-004  6.829378e-005
 2.657170e-001  3.738807e-004  6.869708e-005
 2.661721e-001  3.518640e-004  6.811551e-005
 2.666272e-001  3.767080e-004  6.865591e-005
 2.670823e-001  4.030688e-004  6.799809e-005
 2.675374e-001  3.752382e-004  6.818000e-005
 2.679925e-001  4.508399e-004  6.854817e-005
 2.684476e-001  2.676340e-004  6.819419e-005
 2.689027e-001  3.257007e-004  6.832697e-005
 2.693578e-001  4.109528e-004  6.773882e-005
 2.698129e-001  2.430080e-004  6.813281e-005
 2.702680e-001  4.045537e-004  6.814367e-005
 2.707231e-001  2.391403e-004  6.758814e-005
 2.711782e-001  2.721927e-004  6.807787e-005
 2.716333e-001  2.837809e-004  6.774126e-005
 2.720884e-001  3.692549e-004  6.767206e-005
 2.725434e-001  2.805146e-004  6.809841e-005
 2.729985e-001  2.492152e-004  6.725172e-005
 2.734536e-001  4.494014e-004  6.796005e-005
 2.739086e-001  2.150998e-004  6.740791e-005
 2.743637e-001  3.134698e-004  6.785973e-005
 2.748187e-001  3.117626e-004  6.695039e-005
 2.752738e-001  3.480961e-004  6.716712e-005
 2.757288e-001  2.770481e-004  6.780257e-005
 2.761839e-001  3.310383e-004  6.715147e-005
 2.766389e-001  3.749818e-004  6.764812e-005
 2.770940e-001  3.337427e-004  6.715990e-005
 2.775490e-001  3.701079e-004  6.731496e-005
 2.780040e-001  2.663676e-004  6.742704e-005
 2.784591e-001  1.865721e-004  6.670693e-005
 2.789141e-001  4.076480e-004  6.733082e-005
 2.793691e-001  2.809699e-004  6.672365e-005
 2.798241e-001  3.668448e-004  6.727645e-005
 2.802792e-001  3.306606e-004  6.689705e-005
 2.807342e-001  2.827591e-004  6.639470e-005
 2.811892e-001  2.325672e-004  6.738775e-005
 2.816442e-001  2.664404e-004  6.635467e-005
 2.820992e-001  4.041819e-004  6.731986e-005
 2.825542e-001  2.705829e-004  6.660763e-005
 2.830092e-001  4.121145e-004  6.640872e-005
 2.834642e-001  2.211587e-004  6.699135e-005
 2.839191e-001  2.706441e-004  6.625652e-005
 2.843741e-001  2.925890e-004  6.678537e-005
 2.848291e-001  4.223502e-004  6.627748e-005
 2.852841e-001  2.922596e-004  6.650860e-005
 2.857390e-001  2.639027e-004  6.657693e-005
 2.861940e-001  3.622318e-004  6.593033e-005
 2.866490e-001  3.583749e-004  6.645227e-005
 2.871039e-001  4.004744e-004  6.632857e-005
 2.875589e-001  2.987453e-004  6.617153e-005
 2.880139e-001  2.486415e-004  6.641709e-005
 2.884688e-001  2.740774e-004  6.590055e-005
 2.889237e-001  3.601897e-004  6.626884e-005
 2.893787e-001  2.935989e-004  6.578366e-005
 2.898336e-001  3.600281e-004  6.611913e-005
 2.902886e-001  4.511083e-004  6.594610e-005
 2.907435e-001  3.568530e-004  6.609342e-005
 2.911984e-001  3.015806e-004  6.616254e-005
 2.916533e-001  3.060832e-004  6.546956e-005
 2.921083e-001  2.669624e-004  6.579492e-005
 2.925632e-001  3.086506e-004  6.567211e-005
 2.930181e-001  3.768310e-004  6.567870e-005
 2.934730e-001  3.359672e-004  6.552723e-005
 2.939279e-001  3.062730e-004  6.555507e-005
 2.943828e-001  2.801189e-004  6.574247e-005
 2.948377e-001  2.710734e-004  6.531775e-005
 2.952926e-001  2.523044e-004  6.566442e-005
 2.957475e-001  3.276265e-004  6.539245e-005
 2.962024e-001  3.350763e-004  6.558362e-005
 2.966573e-001  3.487153e-004  6.572732e-005
 2.971122e-001  3.226796e-004  6.481690e-005
 2.975670e-001  2.450464e-004  6.549418e-005
 2.980219e-001  3.296393e-004  6.473923e-005
 2.984768e-001  3.732181e-004  6.542848e-005
 2.989316e-001  1.545656e-004  6.511015e-005
 2.993865e-001  2.337864e-004  6.509433e-005
 2.998414e-001  2.861165e-004  6.513597e-005
 3.002962e-001  2.947874e-004  6.475757e-005
 3.007511e-001  2.298460e-004  6.491624e-005
 3.012059e-001  1.967446e-004  6.477445e-005
 3.016607e-001  1.930455e-004  6.506816e-005
 3.021156e-001  3.264535e-004  6.512308e-005
 3.025704e-001  2.726941e-004  6.456811e-005
 3.030252e-001  2.277008e-004  6.465648e-005
 3.034801e-001  3.120629e-004  6.463765e-005
 3.039349e-001  2.914749e-004  6.488465e-005
 3.043897e-001  2.344544e-004  6.465353e-005
 3.048445e-001  2.492547e-004  6.439227e-005
 3.052993e-001  2.810825e-004  6.470166e-005
 3.057542e-001  3.226025e-004  6.434801e-005
 3.062090e-001  2.287770e-004  6.466007e-005
 3.066638e-001  3.072609e-004  6.438415e-005
 3.071186e-001  3.192719e-004  6.456512e-005
 3.075733e-001  3.565982e-004  6.427077e-005
 3.080281e-001  2.247161e-004  6.417481e-005
 3.084829e-001  3.713514e-004  6.413856e-005
 3.089377e-001  2.772135e-004  6.424644e-005
 3.093925e-001  2.608646e-004  6.418826e-005
 3.098472e-001  3.522565e-004  6.452712e-005
 3.103020e-001  2.528602e-004  6.411343e-005
 3.107568e-001  3.231747e-004  6.405467e-005
 3.112115e-001  3.438949e-004  6.389647e-005
 3.116663e-001  2.986883e-004  6.398123e-005
 3.121211e-001  2.810488e-004  6.416506e-005
 3.125758e-001  3.266520e-004  6.366814e-005
 3.130306e-001  3.069503e-004  6.420579e-005
 3.134853e-001  2.964843e-004  6.391399e-005
 3.139400e-001  3.473328e-004  6.377916e-005
 3.143948e-001  2.831302e-004  6.361324e-005
 3.148495e-001  2.213454e-004  6.381291e-005
 3.153042e-001  1.729990e-004  6.366194e-005
 3.157589e-001  3.444856e-004  6.366655e-005
 3.162137e-001  2.915323e-004  6.371162e-005
 3.166684e-001  2.228816e-004  6.343965e-005
 3.171231e-001  2.927717e-004  6.359407e-005
 3.175778e-001  2.996380e-004  6.345576e-005
 3.180325e-001  1.425809e-004  6.333598e-005
 3.184872e-001  3.544100e-004  6.366155e-005
 3.189419e-001  2.580428e-004  6.331590e-005
 3.193966e-001  2.246553e-004  6.324730e-005
 3.198513e-001  3.090823e-004  6.335511e-005
 3.203059e-001  2.376571e-004  6.313735e-005
 3.207606e-001  3.100078e-004  6.340354e-005
 3.212153e-001  3.243983e-004  6.310555e-005
 3.216700e-001  2.540173e-004  6.333685e-005
 3.221246e-001  4.038523e-004  6.298192e-005
 3.225793e-001  1.851932e-004  6.304091e-005
 3.230339e-001  2.519799e-004  6.320785e-005
 3.234886e-001  2.781383e-004  6.284122e-005
 3.239432e-001  2.017154e-004  6.315438e-005
 3.243979e-001  3.043183e-004  6.273531e-005
 3.248525e-001  2.986026e-004  6.302758e-005
 3.253072e-001  1.987302e-004  6.275854e-005
 3.257618e-001  3.261754e-004  6.267571e-005
 3.262164e-001  1.977513e-004  6.302146e-005
 3.266711e-001  3.252441e-004  6.232786e-005
 3.271257e-001  2.275365e-004  6.301626e-005
 3.275803e-001  3.041662e-004  6.279014e-005
 3.280349e-001  3.000527e-004  6.225766e-005
 3.284895e-001  2.301842e-004  6.303575e-005
 3.289441e-001  2.525068e-004  6.223129e-005
 3.293987e-001  2.914764e-004  6.294524e-005
 3.298533e-001  2.291313e-004  6.226635e-005
 3.303079e-001  2.250742e-004  6.253135e-005
 3.307625e-001  2.857608e-004  6.223385e-005
 3.312171e-001  2.535317e-004  6.246224e-005
 3.316717e-001  2.235370e-004  6.255151e-005
 3.321262e-001  2.975953e-004  6.220030e-005
 3.325808e-001  2.867359e-004  6.230949e-005
 3.330354e-001  1.827921e-004  6.241370e-005
 3.334899e-001  3.381497e-004  6.230499e-005
 3.339445e-001  3.121647e-004  6.225293e-005
 3.343990e-001  2.833474e-004  6.188467e-005
 3.348536e-001  3.484013e-004  6.222423e-005
 3.353081e-001  1.808466e-004  6.208422e-005
 3.357627e-001  3.495005e-004  6.209048e-005
 3.362172e-001  1.164087e-004  6.213939e-005
 3.366717e-001  1.136584e-004  6.159012e-005
 3.371263e-001  2.777473e-004  6.218793e-005
 3.375808e-001  3.011865e-004  6.169714e-005
 3.380353e-001  2.158872e-004  6.204356e-005
 3.384898e-001  1.302787e-004  6.168583e-005
 3.389443e-001  2.453903e-004  6.196468e-005
 3.393989e-001  1.902331e-004  6.171158e-005
 3.398534e-001  1.778057e-004  6.144642e-005
 3.403079e-001  3.003033e-004  6.181844e-005
 3.407624e-001  2.549775e-004  6.185933e-005
 3.412168e-001  2.152994e-004  6.314619e-005
 3.416713e-001  2.429843e-004  6.396622e-005
 3.421258e-001  1.483974e-004  6.364508e-005
 3.425803e-001  2.414796e-004  6.524138e-005
 3.430348e-001  3.202353e-004  6.538929e-005
 3.434892e-001  2.054465e-004  6.574219e-005
 3.439437e-001  1.735924e-004  6.741082e-005
 3.443982e-001  2.404584e-004  6.931868e-005
 3.448526e-001  2.329815e-004  7.008699e-005
 3.453071e-001  1.823995e-004  7.009142e-005
 3.457615e-001  2.635981e-004  7.175119e-005
 3.462160e-001  2.328126e-004  7.201360e-005
 3.466704e-001  2.923382e-004  7.291602e-005
 3.471248e-001  1.350593e-004  7.386364e-005
 3.475793e-001  3.114194e-004  7.338525e-005
 3.480337e-001  2.697713e-004  7.411808e-005
 3.484881e-001  2.052007e-004  7.474648e-005
 3.489425e-001  2.395803e-004  7.571600e-005
 3.493969e-001  2.385653e-004  7.653729e-005
 3.498513e-001  2.613573e-004  7.377042e-005
 3.503057e-001  2.189095e-004  7.376255e-005
 3.507601e-001  2.081833e-004  7.257013e-005
 3.512145e-001  3.157872e-004  7.286272e-005
 3.516689e-001  3.142735e-004  7.241069e-005
 3.521233e-001  8.204550e-005  7.235255e-005
 3.525777e-001  2.196061e-004  7.257854e-005
 3.530321e-001  3.067294e-004  7.151024e-005
 3.534864e-001  3.764348e-004  7.210715e-005
 3.539408e-001  2.208531e-004  7.122146e-005
 3.543952e-001  2.539550e-004  7.182813e-005
 3.548495e-001  2.831183e-004  7.173442e-005
 3.553039e-001  3.205249e-004  7.141074e-005
 3.557582e-001  3.188955e-004  7.139083e-005
 3.562126e-001  1.610594e-004  7.066265e-005
 3.566669e-001  2.773233e-004  7.110755e-005
 3.571213e-001  2.094697e-004  7.097232e-005
 3.575756e-001  1.944814e-004  7.037351e-005
 3.580299e-001  3.270043e-004  7.125626e-005
 3.584842e-001  2.763931e-004  6.986414e-005
 3.589386e-001  2.092634e-004  7.043255e-005
 3.593929e-001  2.481987e-004  7.053311e-005
 3.598472e-001  1.359046e-004  7.038562e-005
 3.603015e-001  1.307560e-004  7.100735e-005
 3.607558e-001  2.457296e-004  6.998844e-005
 3.612101e-001  2.089982e-004  7.098374e-005
 3.616644e-001  1.920288e-004  7.013556e-005
 3.621187e-001  2.241171e-004  7.061203e-005
 3.625729e-001  3.089723e-004  7.064985e-005
 3.630272e-001  1.693623e-004  7.030716e-005
 3.634815e-001  1.892456e-004  7.053385e-005
 3.639358e-001  1.077209e-004  7.045616e-005
 3.643900e-001  1.244080e-004  7.034992e-005
 3.648443e-001  1.355436e-004  7.033208e-005
 3.652985e-001  1.899252e-004  6.997507e-005
 3.657528e-001  2.348004e-004  7.076146e-005
 3.662070e-001  2.992580e-004  7.012454e-005
 3.666613e-001  2.257405e-004  7.019065e-005
 3.671155e-001  2.369204e-004  6.985695e-005
 3.675697e-001  2.204112e-004  6.992032e-005
 3.680240e-001  2.134029e-004  7.050215e-005
 3.684782e-001  2.109995e-004  6.936731e-005
 3.689324e-001  2.122428e-004  7.015579e-005
 3.693866e-001  1.783245e-004  6.916581e-005
 3.698408e-001  2.850425e-004  6.992028e-005
 3.702950e-001  2.677066e-004  6.959410e-005
 3.707492e-001  1.647138e-004  6.946784e-005
 3.712034e-001  2.080215e-004  6.926763e-005
 3.716576e-001  2.432613e-004  6.928793e-005
 3.721118e-001  2.787004e-004  6.964395e-005
 3.725660e-001  1.479065e-004  6.919292e-005
 3.730202e-001  1.247862e-004  6.918983e-005
 3.734743e-001  2.402934e-004  6.980070e-005
 3.739285e-001  2.031629e-004  6.921039e-005
 3.743827e-001  3.099132e-004  6.964427e-005
 3.748368e-001  3.083563e-004  6.941997e-005
 3.752910e-001  1.907149e-004  6.954812e-005
 3.757451e-001  2.773210e-004  6.938071e-005
 3.761993e-001  2.405473e-004  6.932855e-005
 3.766534e-001  1.688557e-004  7.004041e-005
 3.771075e-001  1.533111e-004  6.937441e-005
 3.775617e-001  1.722831e-004  6.995022e-005
 3.780158e-001  1.626860e-004  6.955045e-005
 3.784699e-001  1.555292e-004  6.953001e-005
 3.789240e-001  2.201952e-004  6.991062e-005
 3.793781e-001  1.661457e-004  6.983610e-005
 3.798322e-001  1.603540e-004  6.969499e-005
 3.802863e-001  1.866027e-004  6.948350e-005
 3.807404e-001  1.908431e-004  7.011863e-005
 3.811945e-001  1.895483e-004  6.977885e-005
 3.816486e-001  3.287866e-004  6.963869e-005
 3.821027e-001  9.419667e-005  6.973696e-005
 3.825568e-001  1.666350e-004  6.967343e-005
 3.830108e-001  2.759422e-004  7.031345e-005
 3.834649e-001  3.264367e-004  6.975110e-005
 3.839190e-001  1.383250e-004  6.989468e-005
 3.843730e-001  7.427521e-005  7.025807e-005
 3.848271e-001  1.187397e-004  6.963787e-005
 3.852811e-001  1.519482e-004  7.042566e-005
 3.857352e-001  2.454213e-004  6.970118e-005
 3.861892e-001  1.845491e-004  7.021821e-005
 3.866432e-001  2.775866e-004  7.026176e-005
 3.870973e-001  1.203273e-004  6.960996e-005
 3.875513e-001  2.728393e-004  7.065539e-005
 3.880053e-001  2.477269e-004  6.998414e-005
 3.884593e-001  2.368110e-004  7.033785e-005
 3.889133e-001  1.640483e-004  7.025573e-005
 3.893673e-001  1.317773e-004  6.961360e-005
 3.898213e-001  2.091338e-004  7.045499e-005
 3.902753e-001  2.093544e-004  6.993328e-005
 3.907293e-001  2.407894e-004  7.037306e-005
 3.911833e-001  3.061914e-004  7.046275e-005
 3.916373e-001  1.251817e-004  7.032181e-005
 3.920913e-001  1.502513e-004  7.057424e-005
 3.925452e-001  1.659473e-004  6.977422e-005
 3.929992e-001  1.751042e-004  7.064906e-005
 3.934531e-001  1.182347e-004  7.025052e-005
 3.939071e-001  2.978370e-004  7.052045e-005
 3.943611e-001  2.603358e-004  7.046461e-005
 3.948150e-001  7.035278e-006  6.991997e-005
 3.952689e-001  1.949000e-004  7.082918e-005
 3.957229e-001  1.724400e-004  7.040808e-005
 3.961768e-001  8.364993e-005  7.053120e-005
 3.966307e-001  2.825726e-004  7.042084e-005
 3.970846e-001  1.712710e-004  7.057185e-005
 3.975386e-001  1.195637e-004  7.112551e-005
 3.979925e-001  1.777860e-004  6.982603e-005
 3.984464e-001  1.464242e-004  7.083792e-005
 3.989003e-001  1.564015e-004  7.046567e-005
 3.993542e-001  5.909593e-005  7.087594e-005
 3.998081e-001  2.648853e-004  7.109426e-005
 4.002619e-001  3.036803e-004  6.986185e-005
 4.007158e-001  1.177546e-004  7.098549e-005
 4.011697e-001  8.372072e-005  7.058147e-005
 4.016236e-001  2.471850e-004  7.093332e-005
 4.020774e-001  2.140539e-004  7.075560e-005
 4.025313e-001  2.931769e-004  7.066325e-005
 4.029851e-001  2.606694e-004  7.141674e-005
 4.034390e-001  1.911476e-004  7.029459e-005
 4.038928e-001  1.885202e-004  7.055131e-005
 4.043467e-001  2.683048e-004  7.095888e-005
 4.048005e-001  1.565684e-004  7.085911e-005
 4.052543e-001  1.683563e-004  7.152268e-005
 4.057082e-001  1.383134e-004  7.047188e-005
 4.061620e-001  1.191816e-004  7.097782e-005
 4.066158e-001  4.171801e-005  7.065716e-005
 4.070696e-001  1.682389e-004  7.099551e-005
 4.075234e-001  2.511356e-004  7.073827e-005
 4.079772e-001  9.238570e-005  7.030198e-005
 4.084310e-001  1.681801e-004  7.078142e-005
 4.088848e-001  1.462654e-004  7.042955e-005
 4.093386e-001  1.493127e-004  7.051255e-005
 4.097924e-001  2.338219e-004  7.022116e-005
 4.102461e-001  1.320339e-004  7.035862e-005
 4.106999e-001  1.402617e-004  7.092756e-005
 4.111537e-001  2.447473e-004  7.035653e-005
 4.116074e-001  1.793929e-004  7.042598e-005
 4.120612e-001  2.270593e-004  7.030382e-005
 4.125149e-001  7.766077e-005  7.029667e-005
 4.129687e-001  3.041444e-004  7.086013e-005
 4.134224e-001  1.703317e-004  6.993188e-005
 4.138761e-001  2.256406e-004  7.088546e-005
 4.143298e-001  1.050253e-004  7.027169e-005
 4.147836e-001  2.001787e-004  7.076333e-005
 4.152373e-001  9.985077e-005  7.025162e-005
 4.156910e-001  1.369934e-004  7.032179e-005
 4.161447e-001  1.586083e-004  7.108038e-005
 4.165984e-001  1.774624e-004  7.021005e-005
 4.170521e-001  2.994264e-004  7.104638e-005
 4.175058e-001  1.543068e-004  7.011117e-005
 4.179595e-001  1.806395e-004  7.085367e-005
 4.184131e-001  1.030023e-004  7.095243e-005
 4.188668e-001  2.649827e-004  7.025637e-005
 4.193205e-001  1.069597e-004  7.073151e-005
 4.197742e-001  8.124211e-005  7.044634e-005
 4.202278e-001  1.117693e-004  7.087506e-005
 4.206815e-001  2.306874e-004  7.091727e-005
 4.211351e-001  1.569201e-004  7.031869e-005
 4.215888e-001  1.800718e-004  7.124442e-005
 4.220424e-001  1.763434e-004  7.053783e-005
 4.224960e-001  2.301462e-004  7.102231e-005
 4.229497e-001  2.062513e-004  7.049501e-005
 4.234033e-001  8.813450e-005  7.064198e-005
 4.238569e-001  1.338094e-004  7.154050e-005
 4.243105e-001  2.436831e-004  7.029045e-005
 4.247641e-001  1.426012e-004  7.126577e-005
 4.252177e-001  1.920606e-004  7.057208e-005
 4.256713e-001  1.705712e-004  7.105319e-005
 4.261249e-001  8.608113e-005  7.089477e-005
 4.265785e-001  2.429035e-004  7.071051e-005
 4.270321e-001  1.456379e-004  7.124211e-005
 4.274856e-001  7.580920e-005  7.055335e-005
 4.279392e-001  1.230953e-004  7.117979e-005
 4.283928e-001  2.486929e-004  7.123524e-005
 4.288463e-001  1.180228e-004  7.078583e-005
 4.292999e-001  1.059888e-004  7.127759e-005
 4.297534e-001  2.056491e-004  7.059940e-005
 4.302069e-001  7.443745e-005  7.128202e-005
 4.306605e-001  2.534919e-004  7.077377e-005
 4.311140e-001  6.032729e-005  7.071463e-005
 4.315675e-001  1.234908e-004  7.153584e-005
 4.320211e-001  1.530040e-004  7.084225e-005
 4.324746e-001  1.655343e-004  7.138240e-005
 4.329281e-001  1.310228e-004  7.100411e-005
 4.333816e-001  1.974085e-004  7.128749e-005
 4.338351e-001  6.073118e-005  7.129784e-005
 4.342886e-001  1.497878e-004  7.093149e-005
 4.347421e-001  2.588058e-004  7.144253e-005
 4.351955e-001  1.097188e-004  7.091437e-005
 4.356490e-001  1.553434e-004  7.141097e-005
 4.361025e-001  2.101719e-004  7.116031e-005
 4.365560e-001  2.830333e-004  7.118660e-005
 4.370094e-001  3.124816e-004  7.158631e-005
 4.374629e-001  9.181409e-005  7.091977e-005
 4.379163e-001  1.087347e-004  7.166431e-005
 4.383698e-001  2.610009e-004  7.090016e-005
 4.388232e-001  1.815942e-004  7.160548e-005
 4.392766e-001  1.960205e-004  7.155264e-005
 4.397301e-001  2.550905e-004  7.109657e-005
 4.401835e-001  1.996004e-004  7.153288e-005
 4.406369e-001  6.232301e-005  7.086279e-005
 4.410903e-001  8.660824e-005  7.164056e-005
 4.415437e-001  1.513284e-004  7.140988e-005
 4.419971e-001  2.362802e-004  7.151345e-005
 4.424505e-001  1.192973e-005  7.137602e-005
 4.429039e-001  1.372117e-004  7.121821e-005
 4.433573e-001  1.276816e-004  7.193625e-005
 4.438106e-001  2.032382e-004  7.138734e-005
 4.442640e-001  1.502864e-004  7.146283e-005
 4.447174e-001  1.703903e-004  7.182712e-005
 4.451707e-001  2.221513e-004  7.092764e-005
 4.456241e-001  1.375705e-005  7.175787e-005
 4.460774e-001  7.295684e-005  7.082025e-005
 4.465308e-001  8.856111e-005  7.181471e-005
 4.469841e-001  1.530105e-004  7.156859e-005
 4.474375e-001  2.342573e-004  7.155210e-005
 4.478908e-001  2.007006e-004  7.203591e-005
 4.483441e-001  2.335133e-004  7.094491e-005
 4.487974e-001  7.963170e-005  7.185741e-005
 4.492507e-001  3.521504e-004  7.169663e-005
 4.497040e-001  9.892899e-005  7.166049e-005
 4.501573e-001  1.719158e-004  7.220549e-005
 4.506106e-001  1.651847e-004  7.124005e-005
 4.510639e-001  8.250540e-005  7.204658e-005
 4.515172e-001  2.858347e-004  7.163956e-005
 4.519705e-001  2.043162e-004  7.128034e-005
 4.524237e-001  8.799374e-005  7.185152e-005
 4.528770e-001  1.073098e-004  7.166720e-005
 4.533303e-001  1.690890e-004  7.217921e-005
 4.537835e-001  1.167717e-004  7.111253e-005
 4.542368e-001  4.448399e-005  7.178755e-005
 4.546900e-001  1.530385e-004  7.204134e-005
 4.551432e-001  2.698174e-004  7.192879e-005
 4.555965e-001  3.453589e-005  7.187872e-005
 4.560497e-001  1.853734e-004  7.143094e-005
 4.565029e-001  2.563829e-004  7.199924e-005
 4.569561e-001  1.603688e-004  7.183545e-005
 4.574093e-001  1.798539e-004  7.218139e-005
 4.578625e-001  1.864251e-004  7.193243e-005
 4.583157e-001  1.300832e-004  7.166749e-005
 4.587689e-001  2.167642e-004  7.227284e-005
 4.592221e-001  1.314313e-004  7.184528e-005
 4.596753e-001  1.505369e-004  7.188218e-005
 4.601284e-001  1.241988e-004  7.187598e-005
 4.605816e-001  9.395209e-005  7.219191e-005
 4.610348e-001  2.135335e-004  7.256655e-005
 4.614879e-001  2.197721e-004  7.146499e-005
 4.619411e-001  4.058749e-006  7.226795e-005
 4.623942e-001  1.269700e-004  7.177067e-005
 4.628474e-001  9.892163e-005  7.245443e-005
 4.633005e-001  9.772606e-005  7.210879e-005
 4.637536e-001  1.712246e-004  7.144141e-005
 4.642067e-001  8.474016e-005  7.273475e-005
 4.646599e-001  1.784668e-004  7.175336e-005
 4.651130e-001  8.601991e-005  7.233926e-005
 4.655661e-001  2.545562e-004  7.254497e-005
 4.660192e-001  2.019304e-004  7.189088e-005
 4.664723e-001  3.061205e-004  7.541643e-005
 4.669253e-001  1.727744e-004  7.563881e-005
 4.673784e-001  1.990691e-004  7.782315e-005
 4.678315e-001  1.547999e-004  7.823544e-005
 4.682846e-001  4.131787e-005  7.964725e-005
 4.687376e-001  8.466018e-005  8.174047e-005
 4.691907e-001  2.407949e-004  8.030487e-005
 4.696437e-001 -5.021890e-005  8.292946e-005
 4.700968e-001  1.548855e-004  8.320927e-005
 4.705498e-001  3.739045e-005  8.364809e-005
 4.710029e-001  1.036588e-004  8.510927e-005
 4.714559e-001  1.257585e-004  8.444772e-005
 4.719089e-001  1.964567e-004  8.736091e-005
 4.723619e-001  2.230104e-004  8.623120e-005
 4.728149e-001  9.655757e-005  8.803793e-005
 4.732679e-001  9.132911e-005  8.826697e-005
 4.737209e-001  1.322811e-004  8.895932e-005
 4.741739e-001  1.757446e-004  9.065068e-005
 4.746269e-001  2.213169e-004  8.997829e-005
 4.750799e-001  3.451391e-005  9.134169e-005
 4.755329e-001  1.353717e-004  9.202010e-005
 4.759858e-001  8.890792e-005  9.319650e-005
 4.764388e-001  2.446712e-004  9.441521e-005
 4.768917e-001  2.055426e-004  9.294305e-005
 4.773447e-001  1.978861e-004  9.566289e-005
 4.777976e-001  1.305608e-004  9.521387e-005
 4.782506e-001  9.424577e-005  9.683540e-005
 4.787035e-001  1.508975e-004  9.586664e-005
 4.791564e-001  6.849294e-005  9.774784e-005
 4.796094e-001  1.157829e-004  9.877568e-005
 4.800623e-001  3.347164e-004  9.936804e-005
 4.805152e-001  1.478936e-004  9.998033e-005
 4.809681e-001  1.956350e-004  9.965067e-005
 4.814210e-001  2.303979e-004  1.021833e-004
 4.818739e-001  6.806796e-005  1.022759e-004
 4.823267e-001  1.269600e-004  1.031384e-004
 4.827796e-001  1.089387e-004  1.022119e-004
 4.832325e-001  8.969555e-005  1.050189e-004
 4.836854e-001  1.869661e-004  1.054372e-004
 4.841382e-001  1.634511e-004  1.058701e-004
 4.845911e-001  1.830901e-004  1.043352e-004
 4.850439e-001  2.720995e-004  1.050158e-004
 4.854968e-001  2.849355e-004  1.065589e-004
 4.859496e-001  1.165143e-004  1.058159e-004
 4.864024e-001 -1.297970e-005  1.065410e-004
 4.868552e-001  9.091593e-005  1.063400e-004
 4.873081e-001  2.102045e-004  1.058604e-004
 4.877609e-001  3.771906e-004  1.074340e-004
 4.882137e-001  8.904488e-005  1.063948e-004
 4.886665e-001  1.497914e-004  1.066858e-004
 4.891193e-001  1.328407e-004  1.079601e-004
 4.895721e-001  1.784544e-004  1.083926e-004
 4.900248e-001  1.348331e-004  1.070229e-004
 4.904776e-001  2.162951e-004  1.081896e-004
 4.909304e-001  1.519968e-004  1.075417e-004
 4.913831e-001  2.921446e-004  1.104120e-004
 4.918359e-001  1.171951e-004  1.100686e-004
 4.922886e-001  3.104247e-004  1.093600e-004
 4.927414e-001  2.714255e-004  1.103101e-004
 4.931941e-001  1.798699e-005  1.101180e-004
 4.936469e-001  1.806384e-004  1.112599e-004
 4.940996e-001  5.409744e-005  1.113310e-004
 4.945523e-001 -2.834689e-005  1.111601e-004
 4.950050e-001  2.049573e-005  1.126551e-004
 4.954577e-001  1.747741e-004  1.128302e-004
 4.959104e-001  3.127192e-004  1.128875e-004
 4.963631e-001  1.083337e-004  1.133024e-004
 4.968158e-001  1.514385e-004  1.134130e-004
 4.972685e-001  4.736489e-005  1.146550e-004
 4.977212e-001  2.034879e-004  1.150019e-004
 4.981738e-001  2.801434e-004  1.147260e-004
 4.986265e-001  1.904812e-004  1.162977e-004
 4.990792e-001  1.205712e-004  1.165046e-004
 4.995318e-001  3.849896e-004  1.171562e-004
 4.999844e-001  1.073797e-004  1.155792e-004
 5.004371e-001  2.219090e-004  1.176081e-004
 5.008897e-001  2.363613e-004  1.184781e-004
 5.013423e-001  2.681966e-004  1.185795e-004
 5.017950e-001  3.311409e-005  1.179792e-004
 5.022476e-001  3.058559e-004  1.189172e-004
 5.027002e-001  1.071787e-004  1.199694e-004
 5.031528e-001  2.017588e-005  1.213476e-004
 5.036054e-001  2.737652e-004  1.194150e-004
 5.040580e-001  5.752033e-005  1.210258e-004
 5.045105e-001  9.975656e-005  1.215947e-004
 5.049631e-001  6.239944e-005  1.229904e-004
 5.054157e-001  1.312196e-004  1.221617e-004
 5.058683e-001  7.883113e-005  1.224451e-004
 5.063208e-001  4.733949e-005  1.231872e-004
 5.067734e-001  1.233324e-004  1.244861e-004
 5.072259e-001  7.479438e-005  1.239403e-004
 5.076784e-001  2.504031e-004  1.251520e-004
 5.081310e-001  1.503075e-004  1.255198e-004
 5.085835e-001  1.069610e-004  1.260906e-004
 5.090360e-001  1.935463e-004  1.269444e-004
 5.094885e-001  5.200317e-005  1.248296e-004
 5.099410e-001  1.507906e-004  1.275848e-004
 5.103935e-001  2.929801e-004  1.289795e-004
 5.108460e-001  1.786049e-004  1.288432e-004
 5.112985e-001 -2.021685e-004  1.285618e-004
 5.117510e-001  3.458027e-004  1.281885e-004
 5.122035e-001  2.885998e-004  1.308450e-004
 5.126559e-001  1.488799e-004  1.312943e-004
 5.131084e-001  1.361461e-004  1.301643e-004
 5.135608e-001  3.646343e-004  1.323180e-004
 5.140133e-001  7.847472e-005  1.319208e-004
 5.144657e-001  3.092428e-004  1.334881e-004
 5.149182e-001  6.735967e-005  1.328538e-004
 5.153706e-001  1.101528e-004  1.324315e-004
 5.158230e-001  2.625836e-004  1.351522e-004
 5.162754e-001  3.125335e-004  1.368065e-004
 5.167278e-001  3.402542e-004  1.369644e-004
 5.171802e-001  1.978927e-004  1.331888e-004
 5.176326e-001  1.472354e-004  1.372408e-004
 5.180850e-001 -2.121405e-005  1.391372e-004
 5.185374e-001 -1.900090e-005  1.379001e-004
 5.189898e-001  4.075215e-005  1.378827e-004
 5.194422e-001  2.825713e-004  1.388203e-004
 5.198945e-001  1.101558e-004  1.398684e-004
 5.203469e-001  2.215851e-005  1.417631e-004
 5.207992e-001  2.474741e-004  1.398766e-004
 5.212516e-001  1.968143e-004  1.417087e-004
 5.217039e-001  3.790236e-005  1.420942e-004
 5.221562e-001  7.102368e-005  1.425884e-004
 5.226086e-001  2.347549e-004  1.447848e-004
 5.230609e-001  6.917734e-005  1.432765e-004
 5.235132e-001 -1.089605e-005  1.440970e-004
 5.239655e-001 -1.736338e-006  1.457705e-004
 5.244178e-001  4.065310e-004  1.469062e-004
 5.248701e-001  9.033588e-005  1.496070e-004
 5.253224e-001 -2.928208e-005  1.457193e-004
 5.257747e-001  1.143972e-004  1.481622e-004
 5.262269e-001 -2.124508e-005  1.494053e-004
 5.266792e-001  1.310001e-004  1.502634e-004
 5.271315e-001  1.020627e-004  1.525761e-004
 5.275837e-001  2.230225e-004  1.503522e-004
 5.280360e-001  2.628698e-004  1.526086e-004
 5.284882e-001  3.445821e-004  1.533268e-004
 5.289404e-001  2.802914e-004  1.525831e-004
 5.293927e-001  6.905553e-005  1.568894e-004
 5.298449e-001  2.237983e-004  1.545034e-004
 5.302971e-001  4.420008e-005  1.559461e-004
 5.307493e-001 -1.417750e-004  1.568975e-004
 5.312015e-001  1.853476e-004  1.574419e-004
 5.316537e-001  1.683039e-004  1.610008e-004
 5.321059e-001  3.888159e-004  1.583619e-004
 5.325581e-001  2.417123e-004  1.607970e-004
 5.330102e-001  2.970603e-004  1.623521e-004
 5.334624e-001  2.519446e-004  1.613669e-004
 5.339146e-001  3.037615e-004  1.648321e-004
 5.343667e-001  1.827072e-004  1.623269e-004
 5.348189e-001  1.309089e-004  1.654323e-004
 5.352710e-001  5.719469e-005  1.673543e-004
 5.357231e-001  1.521758e-004  1.653024e-004
 5.361753e-001  3.722410e-004  1.692977e-004
 5.366274e-001 -1.716944e-004  1.668248e-004
 5.370795e-001  9.548173e-005  1.699090e-004
 5.375316e-001  4.327754e-004  1.723571e-004
 5.379837e-001  2.614887e-004  1.703622e-004
 5.384358e-001  9.986888e-005  1.739748e-004
 5.388879e-001 -3.997022e-004  1.716267e-004
 5.393400e-001 -4.390559e-005  1.757519e-004
 5.397920e-001  3.717571e-004  1.777456e-004
 5.402441e-001  3.199506e-004  1.752822e-004
 5.406962e-001  3.585575e-004  1.817714e-004
 5.411482e-001  8.404374e-005  1.786058e-004
 5.416003e-001 -1.375318e-004  1.803280e-004
 5.420523e-001  2.616973e-004  1.835081e-004
 5.425043e-001  2.504022e-004  1.820844e-004
 5.429563e-001  2.125073e-004  1.867329e-004
 5.434084e-001  4.109152e-004  1.852388e-004
 5.438604e-001  3.519681e-004  1.878630e-004
 5.443124e-001  1.672971e-004  1.890530e-004
 5.447644e-001 -8.887107e-005  1.878739e-004
 5.452164e-001  3.604192e-004  1.918421e-004
 5.456684e-001  1.159785e-005  1.930372e-004
 5.461203e-001  1.831661e-006  1.933507e-004
 5.465723e-001 -1.391584e-005  1.978291e-004
 5.470243e-001  1.612192e-004  1.950874e-004
 5.474762e-001  1.316774e-004  1.979443e-004
 5.479282e-001  2.273001e-004  2.015381e-004
 5.483801e-001  5.205293e-004  2.018288e-004
 5.488321e-001 -7.672364e-005  2.066238e-004
 5.492840e-001  1.545627e-006  2.013332e-004
 5.497359e-001 -7.863084e-005  2.070484e-004
 5.501878e-001  3.287650e-004  2.099363e-004
 5.506397e-001 -3.190600e-004  2.079688e-004
 5.510916e-001  2.037467e-004  2.162542e-004
 5.515435e-001  2.643573e-004  2.112271e-004
 5.519954e-001  6.185139e-005  2.167389e-004
 5.524473e-001  2.976291e-005  2.185536e-004
 5.528992e-001  2.602459e-004  2.187327e-004
 5.533511e-001  2.113032e-004  2.252030e-004
 5.538029e-001  5.133781e-004  2.226524e-004
 5.542548e-001  2.396353e-004  2.266607e-004
 5.547066e-001  1.543452e-005  2.307897e-004
 5.551585e-001  6.255636e-004  2.287668e-004
 5.556103e-001  5.105856e-004  2.372377e-004
 5.560621e-001  2.010487e-004  2.338184e-004
 5.565139e-001 -7.454144e-005  2.362314e-004
 5.569658e-001  4.164217e-004  2.457358e-004
 5.574176e-001 -2.767681e-005  2.405927e-004
 5.578694e-001 -3.921865e-004  2.450611e-004
 5.583212e-001  3.044191e-005  2.475123e-004
 5.587729e-001  2.919696e-004  2.543888e-004
 5.592247e-001  3.472290e-004  2.567401e-004
 5.596765e-001  3.490867e-004  2.564194e-004
 5.601283e-001  2.122704e-004  2.626003e-004
 5.605800e-001  2.548983e-004  2.631324e-004
 5.610318e-001  2.178918e-004  2.716049e-004
 5.614835e-001  1.961463e-004  2.735454e-004
 5.619352e-001  4.414508e-004  2.753887e-004
 5.623870e-001  1.970073e-004  2.824553e-004
 5.628387e-001  2.705545e-004  2.782101e-004
 5.632904e-001  2.106901e-004  2.930712e-004
 5.637421e-001 -3.960484e-004  2.904250e-004
 5.641938e-001 -1.846334e-004  2.972209e-004
 5.646455e-001 -2.979272e-004  3.001808e-004
 5.650972e-001 -8.759778e-005  3.050837e-004
 5.655489e-001  8.055912e-005  3.197968e-004
 5.660006e-001 -1.259165e-004  3.174332e-004
 5.664522e-001  1.943003e-004  3.280132e-004
 5.669039e-001  1.062682e-004  3.300184e-004
 5.673555e-001 -2.960986e-004  3.398602e-004
 5.678072e-001  3.765466e-004  3.484789e-004
 5.682588e-001 -1.489202e-004  3.486555e-004
 5.687104e-001 -2.013270e-004  3.645560e-004
 5.691621e-001  2.018081e-004  3.747892e-004
 5.696137e-001  5.165500e-004  3.754591e-004
 5.700653e-001 -2.355474e-004  3.966876e-004
 5.705169e-001  3.834459e-004  3.996718e-004
 5.709685e-001 -4.002241e-004  4.191084e-004
 5.714201e-001  2.607893e-004  4.295122e-004
 5.718717e-001  1.574294e-004  4.330765e-004
 5.723232e-001  4.767705e-004  4.709755e-004
 5.727748e-001  3.355779e-005  4.698954e-004
 5.732264e-001  2.185177e-004  4.900666e-004
 5.736779e-001 -6.906317e-005  5.169263e-004
 5.741295e-001  3.171957e-004  5.519642e-004
 5.745810e-001  4.727985e-004  6.002073e-004
 5.750325e-001  7.493620e-004  5.989471e-004
 5.754841e-001 -4.603410e-005  6.574236e-004
 5.759356e-001  2.963919e-005  7.386885e-004
 5.763871e-001 -1.996607e-004  7.802125e-004
 5.768386e-001 -5.290497e-004  9.146956e-004
 5.772901e-001  5.864469e-004  9.911420e-004
 5.777416e-001  6.854210e-004  1.386186e-003
 5.781930e-001  1.900639e-003  2.433360e-003
range-from: 8
range-to: 1241
data-frames-directory: E:/SAXS-SOLEIL-March-2019/idpsec/before sub
parent-buffer-frames: IDPSEC_Px_4220.dat IDPSEC_Px_4221.dat IDPSEC_Px_4222.dat IDPSEC_Px_4223.dat IDPSEC_Px_4224.dat IDPSEC_Px_4225.dat IDPSEC_Px_4226.dat IDPSEC_Px_4227.dat IDPSEC_Px_4228.dat IDPSEC_Px_4229.dat IDPSEC_Px_4230.dat IDPSEC_Px_4231.dat IDPSEC_Px_4232.dat IDPSEC_Px_4233.dat IDPSEC_Px_4234.dat IDPSEC_Px_4235.dat IDPSEC_Px_4236.dat IDPSEC_Px_4237.dat IDPSEC_Px_4238.dat IDPSEC_Px_4239.dat IDPSEC_Px_4240.dat IDPSEC_Px_4241.dat IDPSEC_Px_4242.dat IDPSEC_Px_4243.dat IDPSEC_Px_4244.dat IDPSEC_Px_4245.dat IDPSEC_Px_4246.dat IDPSEC_Px_4247.dat IDPSEC_Px_4248.dat IDPSEC_Px_4249.dat IDPSEC_Px_4250.dat IDPSEC_Px_4251.dat IDPSEC_Px_4252.dat IDPSEC_Px_4253.dat IDPSEC_Px_4254.dat
parent-sample-frames: IDPSEC_Px_4445.dat IDPSEC_Px_4446.dat IDPSEC_Px_4447.dat IDPSEC_Px_4448.dat IDPSEC_Px_4449.dat IDPSEC_Px_4450.dat IDPSEC_Px_4451.dat IDPSEC_Px_4452.dat IDPSEC_Px_4453.dat IDPSEC_Px_4454.dat IDPSEC_Px_4455.dat IDPSEC_Px_4456.dat IDPSEC_Px_4457.dat IDPSEC_Px_4458.dat IDPSEC_Px_4459.dat IDPSEC_Px_4460.dat IDPSEC_Px_4461.dat
range-from: 24
range-to: 1264
