0.00973763	1.650547e+03	4.955999e+01
0.0100143	1.692983e+03	4.796958e+01
0.0102909	1.683816e+03	4.525286e+01
0.0105675	1.662735e+03	4.608175e+01
0.0108442	1.667999e+03	4.203713e+01
0.0111208	1.711518e+03	4.146148e+01
0.011397500000000001	1.616874e+03	4.095227e+01
0.0116741	1.683302e+03	3.856311e+01
0.011950700000000002	1.658033e+03	3.852197e+01
0.0122274	1.654745e+03	3.639113e+01
0.012504000000000001	1.671162e+03	3.652881e+01
0.012780600000000001	1.603542e+03	3.580615e+01
0.0130573	1.622295e+03	3.358010e+01
0.013333900000000003	1.644233e+03	3.405535e+01
0.0136106	1.653988e+03	3.267268e+01
0.0138872	1.618533e+03	3.252369e+01
0.014163799999999999	1.570140e+03	3.212568e+01
0.014440500000000002	1.598790e+03	3.041514e+01
0.0147171	1.567641e+03	3.104689e+01
0.014993699999999999	1.591013e+03	2.990682e+01
0.015270400000000002	1.590126e+03	2.939522e+01
0.015547	1.551110e+03	2.899496e+01
0.0158236	1.605158e+03	2.847594e+01
0.0161003	1.565197e+03	2.835612e+01
0.0163769	1.613667e+03	2.753736e+01
0.0166536	1.545017e+03	2.718820e+01
0.016930200000000003	1.569190e+03	2.703812e+01
0.0172068	1.505251e+03	2.680130e+01
0.0174835	1.540095e+03	2.644447e+01
0.0177601	1.514653e+03	2.571201e+01
0.0180367	1.530929e+03	2.550684e+01
0.0183134	1.504279e+03	2.551926e+01
0.018590000000000002	1.548106e+03	2.516474e+01
0.0188667	1.435128e+03	2.477269e+01
0.019143300000000002	1.507604e+03	2.443572e+01
0.019419900000000004	1.454739e+03	2.418858e+01
0.0196966	1.529724e+03	2.408128e+01
0.0199732	1.462333e+03	2.342967e+01
0.020249800000000002	1.511579e+03	2.381779e+01
0.020526500000000003	1.446848e+03	2.347279e+01
0.0208031	1.419741e+03	2.327140e+01
0.021079800000000003	1.418870e+03	2.271491e+01
0.0213564	1.455339e+03	2.278041e+01
0.021633	1.417075e+03	2.241508e+01
0.0219097	1.418420e+03	2.255315e+01
0.022186300000000003	1.362735e+03	2.199620e+01
0.0224629	1.388983e+03	2.188965e+01
0.0227396	1.409736e+03	2.165787e+01
0.0230162	1.433181e+03	2.153404e+01
0.023292800000000002	1.343965e+03	2.164814e+01
0.0235695	1.324136e+03	2.113878e+01
0.023846100000000002	1.347943e+03	2.118221e+01
0.0241228	1.339153e+03	2.084097e+01
0.0243994	1.339400e+03	2.090363e+01
0.024676000000000003	1.351688e+03	2.078728e+01
0.0249527	1.314835e+03	2.036137e+01
0.0252293	1.282574e+03	2.047038e+01
0.025505899999999998	1.314592e+03	2.035366e+01
0.025782600000000003	1.343195e+03	2.005871e+01
0.0260592	1.284502e+03	1.997357e+01
0.026335900000000002	1.256295e+03	1.976373e+01
0.0266125	1.270836e+03	1.988312e+01
0.0268891	1.251145e+03	1.966903e+01
0.027165800000000004	1.285374e+03	1.945021e+01
0.027442400000000002	1.252087e+03	1.950044e+01
0.027719	1.231731e+03	1.931325e+01
0.027995700000000002	1.223119e+03	1.925297e+01
0.0282723	1.205829e+03	1.889713e+01
0.028549000000000005	1.267275e+03	1.903436e+01
0.028825600000000003	1.216242e+03	1.883301e+01
0.0291022	1.221790e+03	1.872332e+01
0.029378900000000003	1.205723e+03	1.863616e+01
0.0296555	1.172756e+03	1.856941e+01
0.029932100000000003	1.197833e+03	1.860927e+01
0.030208800000000004	1.180804e+03	1.834366e+01
0.030485400000000003	1.172393e+03	1.826556e+01
0.0307621	1.162273e+03	1.821100e+01
0.031038700000000002	1.160100e+03	1.799517e+01
0.031315300000000004	1.135488e+03	1.801178e+01
0.031592	1.147149e+03	1.793944e+01
0.031868600000000004	1.154307e+03	1.776517e+01
0.032145200000000006	1.128696e+03	1.771048e+01
0.0324219	1.112999e+03	1.772974e+01
0.032698500000000005	1.100659e+03	1.757666e+01
0.0329751	1.053590e+03	1.746526e+01
0.0332518	1.125391e+03	1.744476e+01
0.03352840000000001	1.097758e+03	1.731875e+01
0.0338051	1.084496e+03	1.728385e+01
0.0340817	1.055469e+03	1.712774e+01
0.0343583	1.063592e+03	1.715577e+01
0.034635	1.071087e+03	1.703692e+01
0.0349116	1.036151e+03	1.689379e+01
0.035188199999999996	1.063839e+03	1.706254e+01
0.0354649	1.041687e+03	1.680139e+01
0.0357415	1.028808e+03	1.672296e+01
0.0360182	1.013020e+03	1.693611e+01
0.0362948	1.016180e+03	1.657270e+01
0.0365714	9.831412e+02	1.662488e+01
0.0368481	9.997047e+02	1.639476e+01
0.037124700000000004	9.992905e+02	1.649052e+01
0.0374013	9.934522e+02	1.658801e+01
0.037678	9.971028e+02	1.624124e+01
0.037954600000000005	9.923411e+02	1.635785e+01
0.0382313	9.655195e+02	1.622716e+01
0.038507900000000005	9.819625e+02	1.613604e+01
0.0387845	9.734823e+02	1.618170e+01
0.039061200000000004	9.617626e+02	1.592631e+01
0.039337800000000006	9.606109e+02	1.608536e+01
0.0396144	9.324332e+02	1.584183e+01
0.039891100000000006	9.191149e+02	1.588461e+01
0.0401677	9.132195e+02	1.585297e+01
0.0404443	9.128375e+02	1.562116e+01
0.04072100000000001	9.090330e+02	1.576822e+01
0.0409976	9.048708e+02	1.560140e+01
0.04127430000000001	8.839216e+02	1.566867e+01
0.0415509	8.722272e+02	1.557323e+01
0.041827500000000004	8.940296e+02	1.534130e+01
0.04210420000000001	8.810559e+02	1.542890e+01
0.0423808	8.626036e+02	1.529852e+01
0.042657400000000005	8.469096e+02	1.531753e+01
0.0429341	8.746105e+02	1.532983e+01
0.043210700000000005	8.466992e+02	1.512970e+01
0.0434874	8.567666e+02	1.522942e+01
0.043764	8.546510e+02	1.499839e+01
0.044040600000000006	8.396545e+02	1.509153e+01
0.044317300000000004	8.209432e+02	1.516874e+01
0.0445939	8.163963e+02	1.491914e+01
0.04487050000000001	8.231323e+02	1.501284e+01
0.0451472	8.045699e+02	1.494276e+01
0.0454238	7.677603e+02	1.509447e+01
0.045700500000000005	8.060587e+02	1.522011e+01
0.0459771	7.947427e+02	1.507970e+01
0.0462537	8.010235e+02	1.524675e+01
0.0465304	7.699269e+02	1.563286e+01
0.046807	7.648853e+02	1.574309e+01
0.0470836	7.552147e+02	1.584972e+01
0.0473603	7.618036e+02	1.589314e+01
0.0476369	7.417442e+02	1.589178e+01
0.0479135	7.583958e+02	1.607405e+01
0.0481902	7.447091e+02	1.596106e+01
0.048466800000000004	7.518555e+02	1.605668e+01
0.0487435	7.398438e+02	1.624768e+01
0.049020100000000004	7.006746e+02	1.607104e+01
0.0492967	7.041219e+02	1.636871e+01
0.049573400000000004	6.979139e+02	1.613193e+01
0.049850000000000005	7.180023e+02	1.632508e+01
0.0501266	6.903971e+02	1.644061e+01
0.0504033	7.045750e+02	1.628402e+01
0.0506799	6.420242e+02	1.660616e+01
0.0509566	6.958461e+02	1.627481e+01
0.051233200000000007	6.817618e+02	1.604117e+01
0.051509799999999994	6.729397e+02	1.559381e+01
0.051786500000000006	6.876011e+02	1.540428e+01
0.0520631	6.477684e+02	1.531659e+01
0.0523397	6.728824e+02	1.509867e+01
0.0526164	6.610340e+02	1.504632e+01
0.052893	6.446704e+02	1.489797e+01
0.0531697	6.287924e+02	1.474725e+01
0.0534463	6.188085e+02	1.478403e+01
0.0537229	6.333134e+02	1.452770e+01
0.05399960000000001	6.484180e+02	1.467068e+01
0.0542762	6.343802e+02	1.440558e+01
0.054552800000000005	6.309298e+02	1.433938e+01
0.0548295	5.899897e+02	1.439718e+01
0.055106100000000005	6.109208e+02	1.425896e+01
0.0553827	5.900249e+02	1.424871e+01
0.055659400000000005	5.921637e+02	1.409362e+01
0.055936	5.764641e+02	1.415032e+01
0.056212700000000004	5.694275e+02	1.404165e+01
0.0564893	5.989916e+02	1.391408e+01
0.05676590000000001	5.743104e+02	1.390254e+01
0.0570426	5.892334e+02	1.390091e+01
0.05731920000000001	5.741025e+02	1.393272e+01
0.0575958	5.474106e+02	1.373939e+01
0.05787250000000001	5.668797e+02	1.369223e+01
0.0581491	5.423059e+02	1.368051e+01
0.05842580000000001	5.727473e+02	1.361254e+01
0.0587024	5.576240e+02	1.360357e+01
0.058979000000000004	5.307329e+02	1.355965e+01
0.0592557	5.457457e+02	1.343783e+01
0.05953230000000001	5.550331e+02	1.344276e+01
0.0598089	5.427226e+02	1.336016e+01
0.060085599999999996	5.255937e+02	1.339216e+01
0.060362200000000005	5.366392e+02	1.331375e+01
0.060638899999999996	5.430039e+02	1.336665e+01
0.060915500000000004	5.240970e+02	1.321504e+01
0.061192100000000006	5.323058e+02	1.313586e+01
0.061468800000000004	5.173531e+02	1.317163e+01
0.0617454	5.126528e+02	1.318737e+01
0.062022	5.108342e+02	1.310189e+01
0.0622987	5.101751e+02	1.303861e+01
0.0625753	5.120272e+02	1.298462e+01
0.0628519	4.981905e+02	1.297437e+01
0.0631286	4.848185e+02	1.294581e+01
0.0634052	4.899478e+02	1.293337e+01
0.0636819	4.785239e+02	1.281925e+01
0.0639585	4.651270e+02	1.285364e+01
0.0642351	4.966497e+02	1.276820e+01
0.0645118	4.776158e+02	1.273995e+01
0.06478840000000001	4.789170e+02	1.265610e+01
0.065065	4.395971e+02	1.259409e+01
0.0653417	4.728075e+02	1.272491e+01
0.0656183	4.608136e+02	1.249385e+01
0.06589500000000001	4.425486e+02	1.252475e+01
0.0661716	4.553050e+02	1.248632e+01
0.0664482	4.330617e+02	1.242367e+01
0.0667249	4.562640e+02	1.252220e+01
0.0670015	4.682778e+02	1.232997e+01
0.0672781	4.619074e+02	1.235701e+01
0.06755480000000001	4.430649e+02	1.236751e+01
0.0678314	4.571687e+02	1.224324e+01
0.0681081	4.356305e+02	1.230509e+01
0.0683847	4.305735e+02	1.221952e+01
0.06866130000000001	4.283440e+02	1.227767e+01
0.068938	4.402853e+02	1.233273e+01
0.0692146	4.389386e+02	1.220552e+01
0.0694912	4.282677e+02	1.213243e+01
0.06976790000000001	4.231216e+02	1.216096e+01
0.0700445	4.127560e+02	1.214976e+01
0.07032110000000001	4.250259e+02	1.213820e+01
0.0705978	4.032719e+02	1.203511e+01
0.0708744	4.114044e+02	1.206661e+01
0.07115110000000001	4.233624e+02	1.203775e+01
0.07142770000000001	4.107710e+02	1.196242e+01
0.0717043	4.003376e+02	1.202015e+01
0.071981	4.036236e+02	1.192290e+01
0.0722576	3.857836e+02	1.198006e+01
0.07253420000000001	3.855404e+02	1.184082e+01
0.0728109	3.775838e+02	1.184094e+01
0.07308750000000001	4.079691e+02	1.184252e+01
0.0733642	4.022046e+02	1.178230e+01
0.07364079999999999	3.893716e+02	1.184324e+01
0.07391740000000001	3.766752e+02	1.176686e+01
0.0741941	3.705575e+02	1.169045e+01
0.0744707	3.724609e+02	1.173480e+01
0.0747473	3.740512e+02	1.171392e+01
0.07502400000000001	3.786381e+02	1.160704e+01
0.0753006	3.735216e+02	1.167558e+01
0.07557730000000001	3.446138e+02	1.157385e+01
0.0758539	3.550941e+02	1.161893e+01
0.0761305	3.466517e+02	1.152108e+01
0.07640720000000001	3.625429e+02	1.147102e+01
0.07668380000000001	3.592117e+02	1.158039e+01
0.0769604	3.581852e+02	1.149404e+01
0.0772371	3.520775e+02	1.151017e+01
0.0775137	3.562116e+02	1.141411e+01
0.0777903	3.395338e+02	1.141367e+01
0.078067	3.274354e+02	1.144685e+01
0.07834360000000001	3.542433e+02	1.132777e+01
0.0786203	3.461861e+02	1.140651e+01
0.0788969	3.521149e+02	1.129939e+01
0.07917350000000001	3.528048e+02	1.129338e+01
0.07945020000000001	3.388204e+02	1.137675e+01
0.0797268	3.356004e+02	1.117949e+01
0.0800034	3.325402e+02	1.128558e+01
0.08028010000000001	3.406602e+02	1.122082e+01
0.08055670000000001	3.241688e+02	1.116346e+01
0.0808334	3.352600e+02	1.121625e+01
0.08111000000000002	3.098011e+02	1.107644e+01
0.0813866	3.220754e+02	1.119816e+01
0.08166330000000001	3.362933e+02	1.107908e+01
0.08193990000000001	3.200897e+02	1.107460e+01
0.08221650000000001	3.169196e+02	1.108152e+01
0.0824932	3.207422e+02	1.103328e+01
0.0827698	3.145500e+02	1.104490e+01
0.08304650000000001	3.103759e+02	1.099348e+01
0.08332310000000001	3.173551e+02	1.098100e+01
0.0835997	3.113017e+02	1.097495e+01
0.0838764	3.178828e+02	1.096547e+01
0.084153	2.926037e+02	1.089000e+01
0.08442960000000001	2.915577e+02	1.086579e+01
0.08470630000000001	2.966873e+02	1.090297e+01
0.0849829	3.015448e+02	1.079670e+01
0.0852595	2.833558e+02	1.084475e+01
0.0855362	2.910764e+02	1.086600e+01
0.08581280000000001	2.899798e+02	1.078704e+01
0.0860895	2.912955e+02	1.078845e+01
0.0863661	2.951131e+02	1.073220e+01
0.0866427	2.816796e+02	1.079067e+01
0.08691940000000001	2.981544e+02	1.072531e+01
0.087196	2.787422e+02	1.062609e+01
0.08747260000000001	3.060333e+02	1.070440e+01
0.0877493	2.833083e+02	1.067615e+01
0.0880259	2.850902e+02	1.070258e+01
0.08830260000000001	2.799338e+02	1.061543e+01
0.08857920000000001	2.698762e+02	1.056304e+01
0.0888558	2.553442e+02	1.061570e+01
0.0891325	2.715340e+02	1.057060e+01
0.0894091	2.746131e+02	1.057111e+01
0.08968570000000001	2.619731e+02	1.047300e+01
0.0899624	2.530413e+02	1.057714e+01
0.09023900000000001	2.703202e+02	1.043266e+01
0.0905157	2.598248e+02	1.064589e+01
0.0907923	2.513924e+02	1.075516e+01
0.09106890000000001	2.671592e+02	1.082454e+01
0.09134560000000001	2.559502e+02	1.088318e+01
0.0916222	2.552479e+02	1.082889e+01
0.0918988	2.747629e+02	1.084812e+01
0.09217550000000001	2.399719e+02	1.090414e+01
0.09245210000000001	2.244440e+02	1.072854e+01
0.0927287	2.479760e+02	1.068428e+01
0.09300540000000002	2.568298e+02	1.043337e+01
0.093282	2.561278e+02	1.046932e+01
0.0935587	2.535627e+02	1.049268e+01
0.09383530000000001	2.431659e+02	1.037954e+01
0.09411190000000001	2.524686e+02	1.052884e+01
0.0943886	2.548084e+02	1.032056e+01
0.0946652	2.709745e+02	1.038823e+01
0.0949418	2.413013e+02	1.032979e+01
0.0952185	2.316180e+02	1.028822e+01
0.0954951	2.486288e+02	1.032645e+01
0.0957718	2.507392e+02	1.026318e+01
0.0960484	2.365674e+02	1.029239e+01
0.09632500000000001	2.543690e+02	1.020421e+01
0.09660170000000001	2.157526e+02	1.016031e+01
0.0968783	2.482968e+02	1.023664e+01
0.0971549	2.309113e+02	1.015796e+01
0.09743160000000001	2.348899e+02	1.019694e+01
0.09770820000000001	2.278303e+02	1.014380e+01
0.0979849	2.149686e+02	1.011520e+01
0.0982615	2.283425e+02	1.014639e+01
0.0985381	2.365156e+02	1.004881e+01
0.09881480000000001	2.108363e+02	1.004328e+01
0.0990914	2.260478e+02	1.008659e+01
0.09936800000000001	2.287211e+02	1.003306e+01
0.0996447	2.288286e+02	1.007029e+01
0.0999213	2.190570e+02	9.959953e+00
0.10019800000000001	1.993568e+02	9.970932e+00
0.10047500000000001	2.139087e+02	9.998655e+00
0.100751	2.203031e+02	9.942626e+00
0.101028	2.238856e+02	9.924958e+00
0.101304	2.078287e+02	9.941485e+00
0.10158100000000002	2.132580e+02	9.913383e+00
0.101858	2.227473e+02	9.862908e+00
0.102134	2.024509e+02	9.837922e+00
0.10241100000000002	2.096232e+02	9.854789e+00
0.102688	2.108648e+02	9.858172e+00
0.10296400000000001	2.130817e+02	9.725082e+00
0.10324100000000001	1.932561e+02	9.764396e+00
0.103518	2.153671e+02	9.714574e+00
0.10379400000000001	1.977876e+02	9.743602e+00
0.10407100000000001	2.059605e+02	9.730929e+00
0.104348	1.986880e+02	9.706598e+00
0.10462400000000001	2.123861e+02	9.725743e+00
0.10490100000000001	2.039371e+02	9.691693e+00
0.10517700000000002	1.899507e+02	9.839560e+00
0.105454	1.931870e+02	1.004010e+01
0.105731	2.085568e+02	1.007705e+01
0.10600700000000002	2.081408e+02	1.016660e+01
0.106284	1.930237e+02	1.015245e+01
0.106561	2.012334e+02	1.019636e+01
0.10683700000000002	1.966903e+02	1.029698e+01
0.107114	1.827661e+02	1.025993e+01
0.107391	1.881009e+02	1.039438e+01
0.10766700000000001	1.847032e+02	1.033409e+01
0.107944	1.925331e+02	1.039184e+01
0.10822000000000001	1.690030e+02	1.047074e+01
0.10849700000000001	1.807049e+02	1.044452e+01
0.108774	1.944431e+02	1.054250e+01
0.10905000000000001	1.644432e+02	1.045006e+01
0.10932700000000001	2.038383e+02	1.058204e+01
0.109604	1.931706e+02	1.051717e+01
0.10988	1.838757e+02	1.030650e+01
0.110157	1.743032e+02	1.028143e+01
0.11043400000000002	1.740080e+02	1.014709e+01
0.11071	1.674973e+02	1.009898e+01
0.110987	1.725396e+02	1.000911e+01
0.111263	1.907938e+02	9.965974e+00
0.11154	1.704881e+02	9.969729e+00
0.11181700000000001	1.671346e+02	9.838263e+00
0.112093	1.898097e+02	9.922598e+00
0.11237	1.746792e+02	9.857305e+00
0.11264700000000001	1.873101e+02	9.734497e+00
0.112923	1.711785e+02	9.842783e+00
0.1132	1.808590e+02	9.754748e+00
0.11347700000000001	1.812850e+02	9.741108e+00
0.11375299999999999	1.941725e+02	9.729886e+00
0.11403000000000002	1.790906e+02	9.659450e+00
0.114306	1.716116e+02	9.666842e+00
0.11458299999999999	1.918687e+02	9.609096e+00
0.11486000000000002	1.804106e+02	9.595980e+00
0.115136	1.677663e+02	9.571393e+00
0.11541300000000002	1.831068e+02	9.529715e+00
0.11569000000000002	1.728937e+02	9.539886e+00
0.115966	1.759509e+02	9.514746e+00
0.11624300000000001	1.728353e+02	9.463935e+00
0.11652000000000001	1.833582e+02	9.465526e+00
0.11679600000000001	1.707114e+02	9.504555e+00
0.11707300000000001	1.624836e+02	9.405425e+00
0.117349	1.541282e+02	9.457202e+00
0.11762600000000001	1.658538e+02	9.346512e+00
0.11790300000000001	1.620185e+02	9.391407e+00
0.11817899999999999	1.630604e+02	9.400663e+00
0.118456	1.509341e+02	9.343018e+00
0.118733	1.627930e+02	9.335593e+00
0.11900900000000002	1.696917e+02	9.331540e+00
0.119286	1.495277e+02	9.364239e+00
0.119563	1.685313e+02	9.336717e+00
0.11983900000000001	1.691794e+02	9.231870e+00
0.120116	1.690748e+02	9.340991e+00
0.12039200000000001	1.645896e+02	9.286230e+00
0.12066900000000001	1.711351e+02	9.258713e+00
0.120946	1.644037e+02	9.196455e+00
0.12122200000000001	1.445897e+02	9.177110e+00
0.12149900000000001	1.617327e+02	9.277710e+00
0.121776	1.673004e+02	9.193627e+00
0.12205200000000001	1.576814e+02	9.233063e+00
0.12232900000000001	1.539346e+02	9.139613e+00
0.12260599999999999	1.479557e+02	9.132172e+00
0.122882	1.464302e+02	9.184620e+00
0.123159	1.518466e+02	9.107046e+00
0.12343500000000002	1.534219e+02	9.133498e+00
0.123712	1.423552e+02	9.094033e+00
0.123989	1.712924e+02	9.054390e+00
0.12426500000000001	1.463112e+02	9.135250e+00
0.124542	1.416897e+02	9.015620e+00
0.124819	1.400609e+02	9.083057e+00
0.125095	1.604769e+02	9.047982e+00
0.125372	1.541173e+02	8.990550e+00
0.125649	1.506107e+02	8.988016e+00
0.125925	1.546173e+02	8.972732e+00
0.126202	1.506765e+02	9.015859e+00
0.126478	1.397150e+02	8.982310e+00
0.126755	1.481732e+02	8.930806e+00
0.127032	1.407425e+02	8.932156e+00
0.127308	1.460875e+02	8.953702e+00
0.127585	1.591860e+02	8.917887e+00
0.127862	1.471885e+02	8.922449e+00
0.128138	1.454976e+02	8.923714e+00
0.128415	1.392500e+02	8.873054e+00
0.128692	1.685834e+02	8.883889e+00
0.128968	1.300684e+02	8.830284e+00
0.12924500000000003	1.446493e+02	8.878904e+00
0.129521	1.327361e+02	8.807392e+00
0.129798	1.495469e+02	8.835267e+00
0.13007500000000002	1.363812e+02	8.836373e+00
0.130351	1.521337e+02	8.783733e+00
0.13062800000000002	1.349300e+02	8.818160e+00
0.13090500000000002	1.422665e+02	8.773722e+00
0.131181	1.423053e+02	8.773188e+00
0.13145800000000002	1.480168e+02	8.782072e+00
0.13173500000000002	1.332434e+02	8.707209e+00
0.132011	1.446092e+02	8.777452e+00
0.13228800000000002	1.374134e+02	8.691932e+00
0.132564	1.359421e+02	8.704412e+00
0.13284100000000001	1.411965e+02	8.728833e+00
0.13311800000000001	1.254678e+02	8.646388e+00
0.13339399999999998	1.409218e+02	8.750731e+00
0.133671	1.319153e+02	8.639412e+00
0.133948	1.371155e+02	8.653912e+00
0.134224	1.349568e+02	8.651587e+00
0.134501	1.358976e+02	8.594234e+00
0.134778	1.435050e+02	8.695872e+00
0.135054	1.251434e+02	8.593409e+00
0.135331	1.207203e+02	8.590774e+00
0.135607	1.189621e+02	8.618001e+00
0.135884	1.292108e+02	8.565715e+00
0.136161	1.371298e+02	8.618504e+00
0.136437	1.292819e+02	8.532142e+00
0.136714	1.292847e+02	8.555064e+00
0.136991	1.345960e+02	8.572430e+00
0.137267	1.179253e+02	8.514379e+00
0.137544	1.103249e+02	8.537179e+00
0.137821	1.341314e+02	8.477873e+00
0.138097	1.292041e+02	8.520736e+00
0.138374	1.379587e+02	8.498552e+00
0.13865000000000002	1.262735e+02	8.460405e+00
0.138927	1.285213e+02	8.474022e+00
0.139204	1.067675e+02	8.439105e+00
0.13948000000000002	1.328801e+02	8.476421e+00
0.139757	1.343794e+02	8.396871e+00
0.140034	1.109084e+02	8.391057e+00
0.14031000000000002	1.282331e+02	8.425045e+00
0.140587	1.212946e+02	8.348364e+00
0.140864	1.326483e+02	8.397888e+00
0.14114000000000002	1.100412e+02	8.382364e+00
0.141417	1.279617e+02	8.341367e+00
0.14169400000000001	1.138383e+02	8.393391e+00
0.14197	1.216685e+02	8.320543e+00
0.14224699999999998	1.108082e+02	8.324117e+00
0.142523	1.067618e+02	8.326467e+00
0.1428	1.143820e+02	8.333500e+00
0.143077	1.126529e+02	8.342447e+00
0.143353	1.172455e+02	8.303050e+00
0.14363	1.253317e+02	8.302448e+00
0.143907	1.232731e+02	8.322388e+00
0.144183	1.050041e+02	8.295985e+00
0.14446	1.248318e+02	8.297474e+00
0.144737	1.174267e+02	8.274898e+00
0.145013	1.261777e+02	8.263791e+00
0.14529	1.054148e+02	8.281247e+00
0.145566	1.285009e+02	8.204108e+00
0.145843	1.109839e+02	8.244021e+00
0.14612	1.019116e+02	8.242516e+00
0.146396	1.265522e+02	8.214753e+00
0.14667300000000003	1.131411e+02	8.218479e+00
0.14695	9.702151e+01	8.177487e+00
0.147226	1.046294e+02	8.176647e+00
0.14750300000000002	1.185980e+02	8.219136e+00
0.14778	1.051495e+02	8.159443e+00
0.14805600000000002	1.270686e+02	8.184358e+00
0.14833300000000002	1.215513e+02	8.131501e+00
0.148609	1.217335e+02	8.160605e+00
0.14888600000000002	1.012385e+02	8.155651e+00
0.14916300000000002	1.267736e+02	8.109211e+00
0.14943900000000002	1.265672e+02	8.141900e+00
0.14971600000000002	1.182085e+02	8.112737e+00
0.14999300000000002	1.090229e+02	8.108310e+00
0.150269	1.067475e+02	8.096821e+00
0.150546	1.107962e+02	8.054204e+00
0.150823	1.143246e+02	8.114178e+00
0.151099	1.137423e+02	8.081279e+00
0.151376	1.094889e+02	8.047377e+00
0.151652	1.040188e+02	8.063834e+00
0.151929	1.008972e+02	8.045632e+00
0.152206	9.841850e+01	8.027223e+00
0.152482	9.861371e+01	8.044498e+00
0.152759	1.068191e+02	8.008169e+00
0.153036	1.061050e+02	8.029372e+00
0.153312	1.102470e+02	8.010575e+00
0.153589	1.157855e+02	7.997001e+00
0.153866	1.088997e+02	7.985502e+00
0.154142	9.640045e+01	7.971868e+00
0.154419	1.024673e+02	7.992463e+00
0.15469500000000003	1.052217e+02	7.966241e+00
0.154972	9.807313e+01	7.943198e+00
0.155249	1.126392e+02	7.940982e+00
0.15552500000000002	9.415603e+01	7.966406e+00
0.155802	1.144884e+02	7.951372e+00
0.156079	1.225835e+02	7.915467e+00
0.15635500000000002	9.870105e+01	7.895114e+00
0.156632	1.020599e+02	7.921834e+00
0.15690900000000002	1.053588e+02	7.886643e+00
0.15718500000000002	1.042890e+02	7.907805e+00
0.157462	1.051220e+02	7.863796e+00
0.15773800000000002	9.827034e+01	7.878313e+00
0.15801500000000002	1.005049e+02	7.910613e+00
0.15829200000000002	1.008961e+02	7.845838e+00
0.15856800000000001	1.031256e+02	7.848506e+00
0.15884500000000001	1.050398e+02	7.882233e+00
0.159122	9.620647e+01	7.819206e+00
0.159398	9.587568e+01	7.828732e+00
0.159675	1.017883e+02	7.853789e+00
0.159952	1.025981e+02	7.811039e+00
0.160228	9.183051e+01	7.821839e+00
0.160505	1.027948e+02	7.793924e+00
0.160781	9.682175e+01	7.820401e+00
0.161058	8.501363e+01	7.780290e+00
0.161335	9.727908e+01	7.779924e+00
0.161611	9.113271e+01	7.799339e+00
0.16188800000000003	1.069636e+02	7.763224e+00
0.162165	9.909702e+01	7.799264e+00
0.162441	9.647588e+01	7.770655e+00
0.16271800000000003	9.733561e+01	7.771354e+00
0.162995	1.150087e+02	7.737235e+00
0.16327100000000003	8.743127e+01	7.722213e+00
0.16354800000000003	1.004167e+02	7.774976e+00
0.163824	8.430430e+01	7.837869e+00
0.16410100000000002	1.030533e+02	7.922867e+00
0.16437800000000002	8.141576e+01	7.975987e+00
0.164654	1.014523e+02	7.994894e+00
0.16493100000000002	1.021216e+02	8.083609e+00
0.16520800000000002	9.102553e+01	8.031697e+00
0.16548400000000002	9.244057e+01	8.144183e+00
0.16576100000000002	8.871267e+01	8.122487e+00
0.16603800000000002	1.099757e+02	8.142786e+00
0.16631400000000002	9.377367e+01	8.228404e+00
0.16659100000000002	9.489632e+01	8.158640e+00
0.16686700000000002	9.366789e+01	8.274308e+00
0.16714400000000001	8.393297e+01	8.255113e+00
0.16742100000000001	8.768162e+01	8.263546e+00
0.167697	1.012756e+02	8.327528e+00
0.167974	9.123774e+01	8.252580e+00
0.168251	9.902501e+01	8.333169e+00
0.168527	8.888901e+01	8.220903e+00
0.168804	9.486478e+01	8.120792e+00
0.169081	1.022691e+02	8.101775e+00
0.169357	9.626870e+01	8.012660e+00
0.169634	8.793100e+01	8.018609e+00
0.16991	9.107595e+01	7.968927e+00
0.170187	9.236746e+01	7.926047e+00
0.170464	7.977317e+01	7.916370e+00
0.17074	9.086738e+01	7.895687e+00
0.171017	9.710655e+01	7.886052e+00
0.171294	9.225222e+01	7.880614e+00
0.17157	8.425022e+01	7.838533e+00
0.171847	9.006154e+01	7.856463e+00
0.17212400000000003	9.916336e+01	7.817062e+00
0.1724	7.894712e+01	7.802161e+00
0.172677	9.661668e+01	7.817000e+00
0.17295300000000002	8.261591e+01	7.769599e+00
0.17323	9.373094e+01	7.765915e+00
0.173507	9.744196e+01	7.781203e+00
0.17378300000000002	9.219037e+01	7.728520e+00
0.17406	8.967403e+01	7.739476e+00
0.17433700000000002	8.603817e+01	7.728935e+00
0.17461300000000002	9.647983e+01	7.746762e+00
0.17489	7.842296e+01	7.736413e+00
0.17516700000000002	7.178352e+01	7.705991e+00
0.17544300000000002	8.227113e+01	7.711724e+00
0.17572000000000002	7.849497e+01	7.688881e+00
0.175996	8.344086e+01	7.685319e+00
0.176273	8.312981e+01	7.686397e+00
0.17655	7.690526e+01	7.649041e+00
0.176826	7.852908e+01	7.685454e+00
0.177103	7.864897e+01	7.627167e+00
0.17738	9.432140e+01	7.637392e+00
0.177656	8.740428e+01	7.665256e+00
0.177933	7.577178e+01	7.617563e+00
0.17821	7.604218e+01	7.658876e+00
0.178486	8.004099e+01	7.605728e+00
0.178763	8.274097e+01	7.586764e+00
0.17904	8.603890e+01	7.612050e+00
0.17931600000000003	7.968354e+01	7.573159e+00
0.179593	8.012741e+01	7.617547e+00
0.179869	8.604269e+01	7.549100e+00
0.18014600000000003	6.635747e+01	7.604327e+00
0.180423	9.761998e+01	7.589119e+00
0.18069900000000003	7.433994e+01	7.532366e+00
0.18097600000000003	7.510402e+01	7.584583e+00
0.181253	7.393276e+01	7.553936e+00
0.18152900000000002	8.010377e+01	7.561532e+00
0.18180600000000002	8.800180e+01	7.540437e+00
0.182083	8.225495e+01	7.494919e+00
0.18235900000000002	7.767669e+01	7.542652e+00
0.18263600000000002	7.853648e+01	7.532101e+00
0.18291200000000002	7.453538e+01	7.540034e+00
0.18318900000000002	8.107071e+01	7.515357e+00
0.18346600000000002	7.869436e+01	7.545253e+00
0.18374200000000002	8.255584e+01	7.540882e+00
0.18401900000000002	7.330197e+01	7.531232e+00
0.18429600000000002	8.580353e+01	7.559270e+00
0.184572	7.469616e+01	7.566702e+00
0.184849	7.396548e+01	7.591209e+00
0.185126	7.896221e+01	7.570758e+00
0.185402	8.276547e+01	7.557702e+00
0.185679	8.015199e+01	7.576836e+00
0.185955	8.870523e+01	7.570259e+00
0.186232	7.332474e+01	7.640448e+00
0.186509	7.563613e+01	7.554510e+00
0.186785	9.289471e+01	7.560691e+00
0.187062	7.741694e+01	7.597675e+00
0.18733900000000003	7.490630e+01	7.577973e+00
0.187615	8.123644e+01	7.583348e+00
0.187892	7.834621e+01	7.541842e+00
0.18816900000000003	8.865992e+01	7.582551e+00
0.188445	7.450464e+01	7.524529e+00
0.188722	7.745294e+01	7.540348e+00
0.188998	6.686613e+01	7.560162e+00
0.189275	8.324273e+01	7.534837e+00
0.18955200000000003	8.332133e+01	7.590202e+00
0.189828	9.495123e+01	7.538635e+00
0.190105	8.162092e+01	7.533962e+00
0.19038200000000002	8.127038e+01	7.541639e+00
0.190658	7.755318e+01	7.551445e+00
0.19093500000000002	7.640278e+01	7.576265e+00
0.19121200000000002	7.615857e+01	7.540604e+00
0.191488	7.108730e+01	7.553690e+00
0.19176500000000002	4.765957e+01	7.585444e+00
0.19204100000000002	8.577874e+01	7.545984e+00
0.192318	7.022455e+01	7.594964e+00
0.19259500000000002	6.350360e+01	7.530922e+00
0.19287100000000001	6.907650e+01	7.590327e+00
0.19314800000000001	8.918053e+01	7.577178e+00
0.193425	6.938332e+01	7.557964e+00
0.193701	6.269244e+01	7.590352e+00
0.193978	7.608358e+01	7.526262e+00
0.194255	6.536973e+01	7.603254e+00
0.194531	7.206232e+01	7.566740e+00
0.194808	6.842393e+01	7.561921e+00
0.195084	6.713879e+01	7.572499e+00
0.195361	6.425314e+01	7.583599e+00
0.195638	8.056928e+01	7.571027e+00
0.19591400000000003	7.748216e+01	7.541516e+00
0.196191	6.990390e+01	7.581904e+00
0.196468	7.128773e+01	7.588339e+00
0.19674400000000003	8.152004e+01	7.532079e+00
0.197021	7.457045e+01	7.578173e+00
0.197298	7.836825e+01	7.559652e+00
0.19757400000000003	7.797676e+01	7.575568e+00
0.197851	7.176757e+01	7.574950e+00
0.19812700000000003	7.734061e+01	7.544154e+00
0.19840400000000002	7.122749e+01	7.573782e+00
0.198681	6.344879e+01	7.541638e+00
0.19895700000000002	8.684965e+01	7.568968e+00
0.19923400000000002	7.158128e+01	7.577986e+00
0.199511	6.554537e+01	7.535607e+00
0.19978700000000002	7.432094e+01	7.555125e+00
0.20006400000000002	7.120261e+01	7.567896e+00
0.20034100000000002	5.734360e+01	7.559386e+00
0.20061700000000002	8.191023e+01	7.557052e+00
0.20089400000000002	7.674046e+01	7.546394e+00
0.20117	7.060160e+01	7.563133e+00
0.20144700000000004	5.486774e+01	7.584263e+00
0.20172400000000001	6.887118e+01	7.496937e+00
0.202	6.724436e+01	7.568861e+00
0.202277	6.631449e+01	7.573449e+00
0.202554	7.221217e+01	7.528553e+00
0.20283000000000004	6.565609e+01	7.574362e+00
0.20310700000000004	6.176711e+01	7.524493e+00
0.203384	7.002021e+01	7.549087e+00
0.20366	8.356496e+01	7.577670e+00
0.203937	7.952769e+01	7.519572e+00
0.20421299999999998	7.755556e+01	7.573574e+00
0.20449000000000003	6.863305e+01	7.502753e+00
0.20476700000000003	7.856728e+01	7.553992e+00
0.205043	6.581761e+01	7.542980e+00
0.20532	8.008684e+01	7.511017e+00
0.205597	6.579253e+01	7.575235e+00
0.20587300000000003	7.172998e+01	7.524644e+00
0.20615000000000003	7.399145e+01	7.533214e+00
0.20642700000000003	7.330390e+01	7.543817e+00
0.206703	6.470211e+01	7.486138e+00
0.20698	6.953634e+01	7.562304e+00
0.20725600000000002	6.514240e+01	7.505092e+00
0.20753300000000002	5.940277e+01	7.544398e+00
0.20781000000000002	4.757335e+01	7.535129e+00
0.208086	5.963894e+01	7.504699e+00
0.208363	7.018972e+01	7.550580e+00
0.20864	5.964746e+01	7.481407e+00
0.20891600000000002	6.918067e+01	7.554956e+00
0.20919300000000002	7.126806e+01	7.519936e+00
0.20947000000000002	5.019501e+01	7.514627e+00
0.209746	6.124581e+01	7.498172e+00
0.210023	6.093198e+01	7.514982e+00
0.210299	6.252514e+01	7.509746e+00
0.210576	4.747358e+01	7.501221e+00
0.210853	7.230690e+01	7.482392e+00
0.211129	7.517560e+01	7.492436e+00
0.21140599999999998	6.156410e+01	7.453174e+00
0.21168300000000004	6.460481e+01	7.492138e+00
0.211959	5.651305e+01	7.465916e+00
0.212236	6.781075e+01	7.460333e+00
0.212513	6.598970e+01	7.475098e+00
0.212789	6.868293e+01	7.437103e+00
0.21306600000000003	5.717600e+01	7.462780e+00
0.21334200000000003	6.891692e+01	7.458647e+00
0.213619	5.786215e+01	7.469839e+00
0.213896	6.293789e+01	7.454011e+00
0.214172	5.409071e+01	7.458303e+00
0.214449	4.978196e+01	7.417767e+00
0.21472600000000003	7.969972e+01	7.451507e+00
0.21500200000000003	6.274224e+01	7.459749e+00
0.215279	6.142559e+01	7.423277e+00
0.215556	6.537179e+01	7.470422e+00
0.215832	5.907140e+01	7.440500e+00
0.21610900000000002	6.383053e+01	7.441228e+00
0.21638600000000002	6.170589e+01	7.445822e+00
0.21666200000000002	6.794518e+01	7.416364e+00
0.216939	6.369665e+01	7.461965e+00
0.217215	6.671766e+01	7.456381e+00
0.21749200000000002	5.628719e+01	7.419075e+00
0.21776900000000002	6.342614e+01	7.433446e+00
0.21804500000000002	5.927318e+01	7.421329e+00
0.21832200000000002	7.080518e+01	7.462604e+00
0.218599	6.675774e+01	7.433819e+00
0.21887500000000004	5.968366e+01	7.427926e+00
0.219152	6.786063e+01	7.420233e+00
0.219429	5.160707e+01	7.418077e+00
0.219705	7.761410e+01	7.427720e+00
0.219982	4.997109e+01	7.432958e+00
0.22025800000000004	6.322076e+01	7.445757e+00
0.22053500000000004	4.777334e+01	7.396190e+00
0.220812	5.425553e+01	7.402427e+00
0.221088	5.162585e+01	7.421965e+00
0.221365	5.502805e+01	7.386516e+00
0.221642	5.593007e+01	7.435099e+00
0.22191800000000003	4.429966e+01	7.404646e+00
0.22219500000000003	5.207869e+01	7.387801e+00
0.222472	5.267149e+01	7.544291e+00
0.222748	6.045802e+01	7.590281e+00
0.223025	5.871155e+01	7.696930e+00
0.22330100000000003	5.278988e+01	7.678391e+00
0.22357800000000003	5.717591e+01	7.764599e+00
0.22385500000000003	5.451911e+01	7.818908e+00
0.224131	6.501882e+01	7.809755e+00
0.224408	4.824205e+01	7.878981e+00
0.224685	6.317228e+01	7.907148e+00
0.22496100000000002	5.378536e+01	7.927475e+00
0.22523800000000002	4.809558e+01	8.009004e+00
0.22551500000000002	6.260423e+01	7.948120e+00
0.225791	5.925849e+01	8.030189e+00
0.226068	5.503056e+01	8.052909e+00
0.22634400000000002	4.778263e+01	8.065776e+00
0.22662100000000002	5.884783e+01	8.095268e+00
0.22689800000000002	6.244886e+01	8.118308e+00
0.227174	4.022465e+01	7.951280e+00
0.227451	5.999928e+01	7.882227e+00
0.22772800000000004	6.757427e+01	7.867393e+00
0.228004	7.072491e+01	7.850294e+00
0.228281	4.556977e+01	7.867138e+00
0.228558	6.193386e+01	7.796581e+00
0.22883399999999998	5.262510e+01	7.877124e+00
0.22911100000000004	5.273467e+01	7.820734e+00
0.229387	5.365960e+01	7.850761e+00
0.229664	6.466296e+01	7.851416e+00
0.229941	4.481640e+01	7.814339e+00
0.230217	6.701310e+01	7.848437e+00
0.23049400000000003	5.563302e+01	7.818828e+00
0.23077100000000003	4.775730e+01	7.848249e+00
0.231047	4.081479e+01	7.843346e+00
0.231324	5.947955e+01	7.842667e+00
0.231601	5.591521e+01	7.884630e+00
0.23187700000000003	4.829372e+01	7.853001e+00
0.23215400000000003	5.649391e+01	7.863856e+00
0.23243000000000003	6.305934e+01	7.855973e+00
0.232707	6.338751e+01	7.819908e+00
0.232984	5.613304e+01	7.875701e+00
0.23326	5.564802e+01	7.801910e+00
0.23353700000000002	6.648075e+01	7.855828e+00
0.23381400000000002	5.219918e+01	7.847930e+00
0.23409000000000002	5.140877e+01	7.844708e+00
0.234367	6.542153e+01	7.857618e+00
0.234644	5.300325e+01	7.848814e+00
0.23492000000000002	4.630791e+01	7.862222e+00
0.23519700000000002	6.163841e+01	7.865239e+00
0.23547300000000002	6.340837e+01	7.832364e+00
0.23575000000000002	6.164165e+01	7.890934e+00
0.236027	6.033296e+01	7.862802e+00
0.23630300000000004	4.790626e+01	7.878941e+00
0.23658	5.737441e+01	7.882872e+00
0.236857	5.183536e+01	7.852376e+00
0.237133	6.119952e+01	7.886216e+00
0.23741	5.415358e+01	7.873055e+00
0.23768699999999998	4.863151e+01	7.877410e+00
0.23796300000000004	5.371225e+01	7.896504e+00
0.23824	6.171481e+01	7.888167e+00
0.238516	5.550109e+01	7.892877e+00
0.238793	4.981568e+01	7.879838e+00
0.23907	5.018381e+01	7.899013e+00
0.23934600000000003	4.794456e+01	7.904433e+00
0.23962300000000003	4.672085e+01	7.898618e+00
0.2399	4.532604e+01	7.924456e+00
0.240176	5.166198e+01	7.867647e+00
0.240453	6.138189e+01	7.901478e+00
0.24073000000000003	5.135669e+01	7.878250e+00
0.24100600000000003	4.673888e+01	7.921088e+00
0.24128300000000003	6.585730e+01	7.896297e+00
0.241559	5.894796e+01	7.883312e+00
0.241836	4.401433e+01	7.905034e+00
0.242113	3.824321e+01	7.879710e+00
0.24238900000000002	6.532805e+01	7.924370e+00
0.24266600000000002	4.763724e+01	7.885005e+00
0.24294300000000002	4.390331e+01	7.952135e+00
0.243219	4.458291e+01	7.905391e+00
0.243496	5.148656e+01	7.900986e+00
0.24377300000000002	4.745884e+01	7.890248e+00
0.24404900000000002	6.379111e+01	7.945615e+00
0.24432600000000002	5.016859e+01	7.928467e+00
0.24460199999999999	5.614651e+01	7.933452e+00
0.24487899999999999	4.558806e+01	7.921509e+00
0.24515600000000004	4.931288e+01	7.919157e+00
0.245432	5.091284e+01	7.919572e+00
0.245709	5.604176e+01	7.955397e+00
0.245986	7.296485e+01	7.880138e+00
0.24626199999999998	4.947903e+01	7.930422e+00
0.24653900000000004	5.741655e+01	7.918748e+00
0.24681600000000004	6.077696e+01	7.910699e+00
0.247092	5.487866e+01	7.938297e+00
0.247369	5.351258e+01	7.863391e+00
0.247645	5.314611e+01	7.963451e+00
0.24792200000000003	5.839284e+01	7.892255e+00
0.24819900000000003	5.064351e+01	7.909546e+00
0.248475	5.652189e+01	7.920751e+00
0.248752	4.056855e+01	7.907138e+00
0.249029	5.326390e+01	7.953080e+00
0.24930500000000003	4.373532e+01	7.912935e+00
0.24958200000000003	3.650576e+01	7.903444e+00
0.24985900000000003	5.895384e+01	7.943381e+00
0.250135	4.075395e+01	7.920208e+00
0.250412	5.209070e+01	7.936435e+00
0.250689	4.053330e+01	7.916046e+00
0.25096500000000005	5.021268e+01	7.904614e+00
0.251242	4.438453e+01	7.921194e+00
0.251518	4.760399e+01	7.892988e+00
0.251795	4.369057e+01	7.917169e+00
0.252072	4.699300e+01	7.874049e+00
0.252348	3.385059e+01	7.916013e+00
0.25262500000000004	5.227127e+01	7.911237e+00
0.252902	4.012291e+01	7.875893e+00
0.253178	5.725437e+01	7.913646e+00
0.253455	5.962407e+01	7.893533e+00
0.253732	3.533513e+01	7.894711e+00
0.254008	4.890369e+01	7.923622e+00
0.25428500000000004	3.971587e+01	7.891684e+00
0.254561	4.549196e+01	7.932858e+00
0.254838	3.922658e+01	7.885305e+00
0.255115	4.608580e+01	7.916612e+00
0.25539100000000003	4.030959e+01	7.918009e+00
0.255668	3.551644e+01	7.917918e+00
0.25594500000000003	4.476493e+01	7.921862e+00
0.256221	4.949898e+01	7.905938e+00
0.256498	4.850849e+01	7.908563e+00
0.25677500000000003	4.030300e+01	7.920894e+00
0.25705100000000003	5.258472e+01	7.954915e+00
0.257328	4.693981e+01	7.913587e+00
0.257604	3.948745e+01	7.944643e+00
0.25788099999999997	3.894093e+01	7.914930e+00
0.25815800000000005	3.677172e+01	7.929500e+00
0.258434	5.528073e+01	7.940228e+00
0.258711	4.030078e+01	7.925064e+00
0.258988	6.755170e+01	7.958260e+00
0.259264	5.113330e+01	7.950441e+00
0.259541	5.031784e+01	7.934327e+00
0.25981800000000005	5.395943e+01	7.949411e+00
0.260094	4.500750e+01	7.892128e+00
0.260371	3.654185e+01	8.002634e+00
0.260647	4.497281e+01	7.953333e+00
0.260924	3.444387e+01	7.920671e+00
0.261201	4.905482e+01	7.966321e+00
0.261477	4.578749e+01	7.908698e+00
0.261754	3.637486e+01	7.997179e+00
0.262031	2.952857e+01	7.948939e+00
0.262307	4.876625e+01	7.935551e+00
0.26258400000000004	3.557449e+01	7.977677e+00
0.262861	4.368110e+01	7.938120e+00
0.263137	4.619409e+01	7.981172e+00
0.263414	4.747284e+01	7.947562e+00
0.26369	3.941084e+01	7.969784e+00
0.263967	4.766171e+01	7.997839e+00
0.26424400000000003	4.344864e+01	7.903369e+00
0.26452000000000003	5.618350e+01	8.021657e+00
0.264797	3.782805e+01	7.929075e+00
0.265074	5.237062e+01	7.974417e+00
0.26535000000000003	5.426985e+01	7.984466e+00
0.265627	4.398099e+01	7.971133e+00
0.26590400000000003	4.804550e+01	8.000366e+00
0.26618	3.534836e+01	7.931975e+00
0.266457	4.593911e+01	8.015969e+00
0.26673300000000005	4.203801e+01	7.954217e+00
0.26701	4.338026e+01	7.964375e+00
0.267287	5.330098e+01	8.036414e+00
0.267563	3.962186e+01	7.959819e+00
0.26784	4.507515e+01	8.001711e+00
0.268117	5.926945e+01	7.952732e+00
0.26839300000000005	4.248234e+01	7.966168e+00
0.26867	4.341444e+01	8.049935e+00
0.268947	3.355263e+01	7.926188e+00
0.269223	4.875277e+01	8.050903e+00
0.2695	4.148449e+01	7.957136e+00
0.269776	5.998918e+01	7.992134e+00
0.27005300000000004	5.347993e+01	8.011826e+00
0.27033	4.079898e+01	7.989788e+00
0.270606	5.148029e+01	8.030691e+00
0.270883	3.603245e+01	7.965587e+00
0.27116	5.285196e+01	8.010886e+00
0.271436	5.102205e+01	8.010716e+00
0.27171300000000004	4.684330e+01	7.944180e+00
0.27199	4.273813e+01	8.064152e+00
0.272266	4.937327e+01	7.987714e+00
0.272543	4.621173e+01	8.019284e+00
0.27281900000000003	6.049804e+01	7.988603e+00
0.273096	5.722974e+01	8.015169e+00
0.27337300000000003	5.640579e+01	8.023953e+00
0.273649	4.118277e+01	7.975952e+00
0.273926	3.499784e+01	8.033413e+00
0.27420300000000003	4.287986e+01	8.004515e+00
0.27447900000000003	4.210967e+01	8.035524e+00
0.274756	3.095744e+01	7.995309e+00
0.275033	5.949248e+01	8.024206e+00
0.27530899999999997	5.601446e+01	8.019362e+00
0.27558600000000005	3.230772e+01	8.010866e+00
0.275862	4.371781e+01	8.063098e+00
0.276139	4.146967e+01	7.992390e+00
0.276416	4.726486e+01	8.036902e+00
0.276692	5.211482e+01	8.010906e+00
0.276969	4.819222e+01	8.017272e+00
0.27724600000000005	5.237649e+01	8.051876e+00
0.277522	4.598614e+01	7.980274e+00
0.277799	4.958118e+01	8.057222e+00
0.278076	4.885785e+01	8.022881e+00
0.27835200000000004	3.774156e+01	8.033243e+00
0.278629	3.565647e+01	8.067848e+00
0.278905	3.410563e+01	7.972251e+00
0.279182	4.757687e+01	8.074277e+00
0.279459	3.359354e+01	8.017993e+00
0.279735	4.244898e+01	8.031058e+00
0.28001200000000004	5.506553e+01	8.048293e+00
0.280289	3.729616e+01	7.973430e+00
0.280565	4.220972e+01	8.070363e+00
0.280842	3.712754e+01	8.013764e+00
0.281119	3.750557e+01	8.160567e+00
0.281395	4.833567e+01	8.328239e+00
0.28167200000000003	2.455581e+01	8.369863e+00
0.28194800000000003	4.012648e+01	8.496521e+00
0.282225	4.910384e+01	8.500380e+00
0.282502	4.384057e+01	8.595279e+00
0.28277800000000003	3.989936e+01	8.650211e+00
0.283055	2.850395e+01	8.661295e+00
0.28333200000000003	3.283000e+01	8.810542e+00
0.283608	2.671175e+01	8.747316e+00
0.283885	3.842525e+01	8.884208e+00
0.28416199999999997	4.006845e+01	8.869196e+00
0.284438	3.587521e+01	8.982164e+00
0.284715	3.486038e+01	8.957510e+00
0.284991	3.978466e+01	8.989032e+00
0.285268	5.064514e+01	9.121108e+00
0.285545	2.501689e+01	9.066608e+00
0.28582100000000005	3.958978e+01	8.952106e+00
0.286098	3.070350e+01	8.777111e+00
0.286375	4.254014e+01	8.725450e+00
0.286651	3.374766e+01	8.688559e+00
0.286928	4.377974e+01	8.578492e+00
0.28720500000000004	3.691855e+01	8.620761e+00
0.28748100000000004	4.446403e+01	8.553543e+00
0.287758	6.280462e+01	8.547962e+00
0.288035	5.366452e+01	8.537768e+00
0.288311	4.332255e+01	8.424625e+00
0.288588	3.622499e+01	8.481306e+00
0.288864	3.071406e+01	8.407652e+00
0.28914100000000004	4.096277e+01	8.473269e+00
0.289418	3.124057e+01	8.404337e+00
0.289694	4.515844e+01	8.390019e+00
0.289971	3.894836e+01	8.424448e+00
0.290248	3.136588e+01	8.342347e+00
0.290524	2.481376e+01	8.379906e+00
0.29080100000000003	4.736009e+01	8.362776e+00
0.291078	4.534390e+01	8.359836e+00
0.291354	2.120123e+01	8.365305e+00
0.29163100000000003	4.267842e+01	8.300350e+00
0.291907	4.083434e+01	8.356764e+00
0.292184	4.516773e+01	8.325749e+00
0.292461	4.005557e+01	8.330802e+00
0.29273699999999997	2.153541e+01	8.320121e+00
0.29301400000000005	2.270685e+01	8.286147e+00
0.293291	3.407001e+01	8.343636e+00
0.293567	3.779853e+01	8.285541e+00
0.293844	2.736424e+01	8.302232e+00
0.294121	3.410381e+01	8.277244e+00
0.294397	3.485546e+01	8.316953e+00
0.29467400000000005	3.510656e+01	8.331200e+00
0.29495	4.217257e+01	8.249487e+00
0.295227	4.536064e+01	8.297097e+00
0.295504	3.568336e+01	8.267869e+00
0.29578000000000004	3.291833e+01	8.267724e+00
0.296057	4.989611e+01	8.279154e+00
0.29633400000000004	3.573943e+01	8.216270e+00
0.29661	3.150204e+01	8.283244e+00
0.296887	4.285217e+01	8.237918e+00
0.297164	4.396463e+01	8.264343e+00
0.29744000000000004	5.342282e+01	8.250391e+00
0.297717	4.761377e+01	8.206646e+00
0.297993	4.037942e+01	8.297417e+00
0.29827	3.805795e+01	8.200405e+00
0.298547	4.412410e+01	8.269012e+00
0.298823	3.823408e+01	8.198719e+00
0.29910000000000003	3.445299e+01	8.270009e+00
0.299377	1.212828e+01	8.262061e+00
0.299653	3.626116e+01	8.203207e+00
0.29993	3.104435e+01	8.248527e+00
0.300207	3.309063e+01	8.246126e+00
0.30048300000000006	2.642701e+01	8.259295e+00
0.30076	5.813421e+01	8.258235e+00
0.301036	3.305280e+01	8.230523e+00
0.301313	4.656892e+01	8.278487e+00
0.30159	2.454484e+01	8.226148e+00
0.301866	3.808633e+01	8.259734e+00
0.30214300000000005	5.259023e+01	8.232754e+00
0.30242	3.042120e+01	8.248536e+00
0.302696	3.564323e+01	8.272472e+00
0.302973	4.674340e+01	8.211055e+00
0.30325	3.970093e+01	8.270341e+00
0.303526	3.814281e+01	8.208611e+00
0.30380300000000005	3.933005e+01	8.282841e+00
0.304079	4.585501e+01	8.222604e+00
0.304356	2.780768e+01	8.226793e+00
0.30463300000000004	4.111283e+01	8.256982e+00
0.30490900000000004	3.448239e+01	8.216971e+00
0.305186	4.499312e+01	8.247554e+00
0.30546300000000004	3.281524e+01	8.261440e+00
0.305739	3.941393e+01	8.200349e+00
0.30601600000000007	2.726187e+01	8.276953e+00
0.30629300000000004	3.822646e+01	8.210847e+00
0.30656900000000004	4.647180e+01	8.269340e+00
0.306846	2.121815e+01	8.202971e+00
0.307122	4.714462e+01	8.229308e+00
0.307399	3.995748e+01	8.286271e+00
0.30767600000000006	3.018791e+01	8.165937e+00
0.307952	3.711601e+01	8.282484e+00
0.30822900000000003	4.665925e+01	8.204509e+00
0.308506	3.351103e+01	8.246252e+00
0.308782	3.348579e+01	8.249433e+00
0.30905900000000003	4.203345e+01	8.216311e+00
0.30933600000000006	3.246077e+01	8.230949e+00
0.309612	4.748497e+01	8.217144e+00
0.309889	2.034704e+01	8.238385e+00
0.310165	2.911802e+01	8.221446e+00
0.31044200000000005	4.685413e+01	8.228999e+00
0.310719	4.079047e+01	8.276555e+00
0.310995	2.843707e+01	8.188103e+00
0.311272	3.096416e+01	8.247550e+00
0.311549	4.831001e+01	8.229541e+00
0.311825	3.317435e+01	8.211299e+00
0.31210200000000005	3.732798e+01	8.265378e+00
0.312379	3.287700e+01	8.219038e+00
0.312655	4.069489e+01	8.229417e+00
0.312932	2.332139e+01	8.238133e+00
0.31320800000000004	3.315111e+01	8.249643e+00
0.313485	4.847293e+01	8.223496e+00
0.31376200000000004	3.122561e+01	8.227493e+00
0.31403800000000004	3.344245e+01	8.204536e+00
0.314315	3.851297e+01	8.225911e+00
0.314592	3.903289e+01	8.248621e+00
0.31486800000000004	3.027052e+01	8.208656e+00
0.315145	3.287915e+01	8.270359e+00
0.31542200000000004	3.654256e+01	8.202379e+00
0.31569800000000003	5.110965e+01	8.223181e+00
0.315975	2.529314e+01	8.235980e+00
0.31625100000000006	2.955136e+01	8.204975e+00
0.31652800000000003	3.964983e+01	8.240610e+00
0.316805	2.656216e+01	8.218485e+00
0.317081	1.964599e+01	8.236077e+00
0.31735800000000003	2.086779e+01	8.248447e+00
0.317635	4.015033e+01	8.194650e+00
0.31791100000000005	3.171257e+01	8.253139e+00
0.318188	3.166207e+01	8.227986e+00
0.318465	3.259252e+01	8.230358e+00
0.318741	3.827378e+01	8.214639e+00
0.319018	3.274554e+01	8.179981e+00
0.319294	2.514262e+01	8.208383e+00
0.31957100000000005	3.753759e+01	8.169113e+00
0.319848	3.684452e+01	8.219330e+00
0.320124	3.682081e+01	8.193039e+00
0.320401	3.283285e+01	8.150452e+00
0.320678	3.794318e+01	8.194287e+00
0.320954	3.175613e+01	8.130248e+00
0.32123100000000004	2.223817e+01	8.186460e+00
0.321508	2.782290e+01	8.168337e+00
0.321784	3.524029e+01	8.174981e+00
0.32206100000000004	1.957472e+01	8.148776e+00
0.32233700000000004	3.107934e+01	8.142072e+00
0.322614	3.697146e+01	8.172587e+00
0.32289100000000004	3.306755e+01	8.155791e+00
0.323167	3.092138e+01	8.164529e+00
0.32344400000000006	3.036803e+01	8.196691e+00
0.32372100000000004	3.689937e+01	8.136082e+00
0.32399700000000003	3.904373e+01	8.174284e+00
0.324274	3.975559e+01	8.171253e+00
0.32455100000000003	2.872096e+01	8.146158e+00
0.32482700000000003	2.619855e+01	8.200851e+00
0.32510400000000006	3.479502e+01	8.147278e+00
0.32538100000000003	3.260656e+01	8.192938e+00
0.32565700000000003	3.347746e+01	8.129146e+00
0.325934	4.793889e+01	8.191774e+00
0.32621000000000006	2.778842e+01	8.177161e+00
0.326487	3.145039e+01	8.169530e+00
0.32676400000000005	3.137849e+01	8.147185e+00
0.32704	3.280690e+01	8.179549e+00
0.327317	2.288929e+01	8.177454e+00
0.327594	2.930361e+01	8.170105e+00
0.32787000000000005	3.790920e+01	8.129583e+00
0.328147	2.826724e+01	8.177715e+00
0.32842400000000005	3.034328e+01	8.193270e+00
0.3287	2.831753e+01	8.164030e+00
0.328977	3.090964e+01	8.187867e+00
0.329253	2.439327e+01	8.139459e+00
0.32953000000000005	2.738372e+01	8.179269e+00
0.329807	3.908052e+01	8.165031e+00
0.330083	4.470391e+01	8.177790e+00
0.33036	4.158170e+01	8.154519e+00
0.330637	2.916018e+01	8.161196e+00
0.330913	3.143783e+01	8.188427e+00
0.33119000000000004	1.392169e+01	8.180946e+00
0.331467	2.115068e+01	8.139962e+00
0.331743	2.766961e+01	8.183873e+00
0.33202	3.868221e+01	8.204519e+00
0.33229600000000004	2.979242e+01	8.156266e+00
0.332573	2.303692e+01	8.175240e+00
0.33285000000000003	2.709577e+01	8.145478e+00
0.33312600000000003	1.852956e+01	8.209362e+00
0.333403	2.682542e+01	8.138317e+00
0.33368000000000003	3.546344e+01	8.189867e+00
0.33395600000000003	2.238319e+01	8.170466e+00
0.334233	3.622970e+01	8.162222e+00
0.33451000000000003	4.535178e+01	8.182566e+00
0.33478600000000003	4.616999e+01	8.190945e+00
0.33506300000000006	4.173674e+01	8.126189e+00
0.33533900000000005	3.010959e+01	8.171247e+00
0.335616	3.133567e+01	8.144121e+00
0.335893	3.548238e+01	8.133901e+00
0.336169	3.152404e+01	8.151493e+00
0.336446	3.999378e+01	8.110763e+00
0.33672300000000005	2.613895e+01	8.149392e+00
0.33699900000000005	3.041606e+01	8.111564e+00
0.337276	4.063183e+01	8.087396e+00
0.337553	4.853675e+01	8.141486e+00
0.337829	4.949820e+01	8.110751e+00
0.338106	2.802415e+01	8.079180e+00
0.338382	2.305255e+01	8.103712e+00
0.33865900000000004	3.013102e+01	8.093278e+00
0.338936	2.367848e+01	8.093267e+00
0.339212	3.308916e+01	8.089424e+00
0.33948900000000004	2.501163e+01	8.108570e+00
0.339766	2.707325e+01	8.291265e+00
0.340042	3.859164e+01	8.426661e+00
0.34031900000000004	2.003736e+01	8.535032e+00
0.340596	4.295663e+01	8.660129e+00
0.34087200000000006	2.166148e+01	8.651455e+00
0.34114900000000004	3.391971e+01	8.826717e+00
0.34142500000000003	2.467211e+01	8.854814e+00
0.341702	4.108078e+01	8.924339e+00
0.34197900000000003	2.295616e+01	8.971189e+00
0.34225500000000003	2.775596e+01	9.059329e+00
0.34253200000000006	3.134385e+01	9.134144e+00
0.34280900000000003	3.295304e+01	9.095504e+00
0.34308500000000003	3.373833e+01	9.229383e+00
0.343362	5.301273e+01	9.218347e+00
0.34363900000000003	2.443703e+01	9.290708e+00
0.343915	2.756273e+01	9.389875e+00
0.34419200000000005	3.292233e+01	9.391404e+00
0.344468	1.270428e+00	9.207330e+00
0.344745	3.768139e+01	9.050806e+00
0.345022	2.544877e+01	8.928660e+00
0.34529800000000005	3.519547e+01	8.957476e+00
0.345575	4.361298e+01	8.807549e+00
0.34585200000000005	3.230171e+01	8.811094e+00
0.346128	3.245418e+01	8.824236e+00
0.346405	2.879789e+01	8.761069e+00
0.346682	1.330076e+01	8.701683e+00
0.34695800000000004	3.488557e+01	8.695771e+00
0.347235	3.622933e+01	8.720703e+00
0.347511	2.916824e+01	8.716312e+00
0.347788	3.085138e+01	8.668129e+00
0.348065	4.263112e+01	8.675986e+00
0.348341	2.568811e+01	8.653511e+00
0.34861800000000004	2.612278e+01	8.623674e+00
0.348895	4.431133e+01	8.684340e+00
0.349171	3.620297e+01	8.594859e+00
0.349448	2.646893e+01	8.625017e+00
0.34972500000000006	3.027561e+01	8.615101e+00
0.350001	1.971048e+01	8.577007e+00
0.35027800000000003	4.330375e+01	8.593300e+00
0.35055400000000003	3.648307e+01	8.593565e+00
0.350831	2.619343e+01	8.598318e+00
0.35110800000000003	7.575153e+00	8.568178e+00
0.35138400000000003	3.939510e+01	8.562836e+00
0.351661	4.562042e+01	8.533870e+00
0.35193800000000003	3.044306e+01	8.546320e+00
0.352214	2.308696e+01	8.536799e+00
0.35249100000000005	3.106948e+01	8.529584e+00
0.352768	2.526130e+01	8.499081e+00
0.353044	3.944660e+01	8.513757e+00
0.353321	3.008939e+01	8.497695e+00
0.353597	4.246377e+01	8.521413e+00
0.353874	3.751851e+01	8.461675e+00
0.35415100000000005	1.947571e+01	8.533599e+00
0.35442700000000005	4.471804e+01	8.478830e+00
0.354704	2.454549e+01	8.493091e+00
0.354981	4.001511e+01	8.473227e+00
0.355257	2.083185e+01	8.469934e+00
0.355534	3.000596e+01	8.509786e+00
0.35581100000000004	5.799764e+00	8.483937e+00
0.35608700000000004	3.541981e+01	8.466033e+00
0.356364	3.949635e+01	8.516897e+00
0.35664	3.438933e+01	8.512203e+00
0.35691700000000004	3.036539e+01	8.472293e+00
0.357194	3.103498e+01	8.468514e+00
0.35747	1.871829e+01	8.519639e+00
0.35774700000000004	2.846480e+01	8.501678e+00
0.358024	1.972915e+01	8.455218e+00
0.35830000000000006	3.047383e+01	8.499058e+00
0.35857700000000003	3.007613e+01	8.464317e+00
0.358854	2.287527e+01	8.466184e+00
0.35913	3.319140e+01	8.466001e+00
0.35940700000000003	2.615009e+01	8.463121e+00
0.35968300000000003	3.297499e+01	8.455030e+00
0.35996000000000006	3.142595e+01	8.513153e+00
0.36023700000000003	3.562640e+01	8.443658e+00
0.36051300000000003	2.664129e+01	8.487941e+00
0.36079	3.000454e+01	8.424674e+00
0.361067	2.034567e+01	8.481978e+00
0.361343	3.566906e+01	8.468116e+00
0.36162000000000005	2.828371e+01	8.423339e+00
0.361897	2.872734e+01	8.456176e+00
0.362173	3.192174e+01	8.443293e+00
0.36245	3.142317e+01	8.445105e+00
0.362727	2.033060e+01	8.430710e+00
0.363003	4.188926e+01	8.400586e+00
0.36328000000000005	3.047697e+01	8.400291e+00
0.363556	1.735614e+01	8.404939e+00
0.363833	4.037682e+01	8.388234e+00
0.36411	2.731744e+01	8.426969e+00
0.36438600000000004	5.381438e+01	8.357126e+00
0.364663	3.384291e+01	8.379917e+00
0.36494000000000004	3.435268e+01	8.385320e+00
0.365216	2.921041e+01	8.366725e+00
0.365493	2.869925e+01	8.347883e+00
0.36577000000000004	2.654843e+01	8.365293e+00
0.36604600000000004	4.155241e+01	8.386390e+00
0.366323	2.613590e+01	8.362804e+00
0.366599	2.274059e+01	8.344465e+00
0.366876	3.596623e+01	8.376886e+00
0.36715300000000006	3.594586e+01	8.354827e+00
0.367429	8.423114e+00	8.342874e+00
0.36770600000000003	3.499615e+01	8.378118e+00
0.367983	2.339522e+01	8.341160e+00
0.368259	2.346068e+01	8.374731e+00
0.36853600000000003	2.988374e+01	8.367347e+00
0.36881300000000006	2.467834e+01	8.373185e+00
0.369089	1.746725e+01	8.357207e+00
0.369366	2.794251e+01	8.370183e+00
0.369642	3.808780e+01	8.343307e+00
0.36991900000000005	3.198823e+01	8.361518e+00
0.370196	3.062282e+01	8.349170e+00
0.370472	1.690759e+01	8.363148e+00
0.370749	3.053069e+01	8.366146e+00
0.371026	4.360208e+01	8.344572e+00
0.371302	1.764314e+01	8.372502e+00
0.37157900000000005	1.250618e+01	8.330262e+00
0.371856	2.341339e+01	8.398407e+00
0.372132	3.551228e+01	8.346082e+00
0.372409	2.882603e+01	8.339965e+00
0.37268500000000004	2.329949e+01	8.354638e+00
0.372962	3.780691e+01	8.354172e+00
0.37323900000000004	3.513510e+01	8.367022e+00
0.37351500000000004	1.994273e+01	8.342098e+00
0.373792	2.247305e+01	8.314330e+00
0.374069	3.921869e+01	8.357616e+00
0.37434500000000004	2.680816e+01	8.366965e+00
0.374622	2.563175e+01	8.355577e+00
0.37489900000000004	3.584136e+01	8.327656e+00
0.37517500000000004	2.605147e+01	8.351224e+00
0.375452	3.631217e+01	8.373004e+00
0.37572800000000006	1.857993e+01	8.333329e+00
0.37600500000000003	2.406445e+01	8.331233e+00
0.376282	2.290532e+01	8.378066e+00
0.376558	2.880470e+01	8.354451e+00
0.37683500000000003	2.369778e+01	8.324732e+00
0.377112	2.518628e+01	8.359490e+00
0.37738800000000006	1.164423e+01	8.303377e+00
0.37766500000000003	2.734453e+01	8.405186e+00
0.377942	4.761018e+01	8.328591e+00
0.378218	3.164672e+01	8.370746e+00
0.378495	3.212569e+01	8.344224e+00
0.378771	4.424379e+01	8.358029e+00
0.37904800000000005	3.177231e+01	8.356252e+00
0.379325	2.910796e+01	8.341943e+00
0.379601	3.372802e+01	8.324734e+00
0.379878	2.255009e+01	8.368372e+00
0.380155	1.947835e+01	8.346970e+00
0.380431	2.359930e+01	8.349235e+00
0.38070800000000005	2.440979e+01	8.331662e+00
0.380985	1.706655e+01	8.333644e+00
0.381261	2.110412e+01	8.371226e+00
0.38153800000000004	2.461058e+01	8.339610e+00
0.38181400000000004	1.216273e+01	8.362930e+00
0.382091	3.669732e+01	8.370149e+00
0.38236800000000004	3.640269e+01	8.335618e+00
0.382644	2.736399e+01	8.350175e+00
0.382921	1.897387e+01	8.365479e+00
0.38319800000000004	1.404392e+01	8.344177e+00
0.38347400000000004	2.337546e+01	8.336382e+00
0.383751	4.564712e+01	8.338090e+00
0.38402800000000004	1.863079e+01	8.339143e+00
0.384304	2.582171e+01	8.338282e+00
0.38458100000000006	3.813643e+01	8.367107e+00
0.384857	1.232221e+01	8.362728e+00
0.38513400000000003	2.918763e+01	8.331844e+00
0.385411	2.917975e+01	8.340146e+00
0.385687	1.020173e+01	8.329194e+00
0.38596400000000003	2.597616e+01	8.311335e+00
0.38624100000000006	3.714945e+01	8.320454e+00
0.386517	2.303961e+01	8.320583e+00
0.386794	2.368922e+01	8.299820e+00
0.387071	3.748430e+01	8.325368e+00
0.38734700000000005	2.213472e+01	8.258810e+00
0.387624	2.476628e+01	8.272286e+00
0.3879	3.110316e+01	8.315283e+00
0.388177	2.997215e+01	8.277952e+00
0.388454	2.656507e+01	8.254647e+00
0.38873	1.610113e+01	8.282607e+00
0.38900700000000005	2.267777e+01	8.233298e+00
0.389284	1.568805e+01	8.261949e+00
0.38956	1.870352e+01	8.236490e+00
0.389837	5.636694e+00	8.266306e+00
0.390114	1.272482e+01	8.251962e+00
0.39039	2.674105e+01	8.240490e+00
0.39066700000000004	3.173122e+01	8.257118e+00
0.39094300000000004	1.000901e+01	8.236177e+00
0.39122	2.448988e+01	8.235759e+00
0.391497	1.779355e+01	8.305847e+00
0.39177300000000004	3.313265e+01	8.263443e+00
0.39205	1.991727e+01	8.248213e+00
0.39232700000000004	2.446605e+01	8.243405e+00
0.39260300000000004	1.630386e+01	8.234110e+00
0.39288	2.736764e+01	8.282143e+00
0.393157	2.132914e+01	8.231298e+00
0.39343300000000003	2.275617e+01	8.289716e+00
0.39371	2.513461e+01	8.246606e+00
0.393986	3.186989e+01	8.266179e+00
0.39426300000000003	2.863908e+01	8.256309e+00
0.39454	2.952172e+01	8.233193e+00
0.39481600000000006	2.448489e+01	8.264206e+00
0.395093	1.159832e+01	8.295481e+00
0.39537	1.219385e+01	8.241841e+00
0.395646	2.207628e+01	8.284438e+00
0.395923	1.782548e+01	8.230194e+00
0.39620000000000005	1.628930e+01	8.258884e+00
0.39647600000000005	1.708113e+01	8.298189e+00
0.396753	1.092144e+01	8.240096e+00
0.397029	1.115505e+01	8.266769e+00
0.397306	2.096168e+01	8.245326e+00
0.397583	3.130110e+01	8.287301e+00
0.397859	1.916053e+01	8.255188e+00
0.39813600000000005	1.070235e+01	8.259845e+00
0.398413	2.517623e+01	8.455200e+00
0.398689	3.162257e+01	8.693471e+00
0.39896600000000004	2.729424e+01	8.742854e+00
0.399243	2.437066e+01	8.914160e+00
0.399519	1.445970e+01	8.912256e+00
0.39979600000000004	2.327228e+00	9.048828e+00
0.400073	1.771271e+01	9.182199e+00
0.40034900000000007	2.330906e+01	9.180965e+00
0.40062600000000004	1.117329e+01	9.287005e+00
0.400902	2.776567e+01	9.337412e+00
0.40117900000000006	3.989586e+01	9.405310e+00
0.40145600000000004	2.676449e+01	9.499993e+00
0.401732	2.207154e+01	9.521676e+00
0.402009	3.418050e+01	9.610449e+00
0.402286	2.179128e+01	9.659965e+00
0.40256200000000003	1.198473e+01	9.706360e+00
0.402839	1.263917e+01	9.843929e+00
0.40311600000000003	1.901641e+01	9.448719e+00
0.40339200000000003	2.432266e+01	9.377485e+00
0.40366900000000006	2.808255e+01	9.237048e+00
0.40394500000000005	3.176512e+01	9.140294e+00
0.4042220000000001	4.143488e+01	9.107430e+00
0.40449900000000005	3.123333e+01	9.059223e+00
0.404775	3.897713e+01	9.015832e+00
0.40505199999999997	2.966282e+01	9.030540e+00
0.405329	3.501199e+01	8.920319e+00
0.405605	3.539722e+01	8.947370e+00
0.405882	2.609148e+01	8.973102e+00
0.406159	1.731086e+01	8.854343e+00
0.40643500000000005	1.119576e+01	8.897963e+00
0.406712	3.686713e+01	8.869158e+00
0.40698800000000007	2.936053e+01	8.885510e+00
0.40726500000000004	2.884649e+01	8.838439e+00
0.40754200000000007	2.295683e+01	8.799687e+00
0.407818	3.402480e+01	8.830573e+00
0.408095	2.300864e+01	8.794945e+00
0.40837199999999996	3.705361e+01	8.810493e+00
0.408648	3.624883e+01	8.798158e+00
0.408925	2.816835e+01	8.707811e+00
0.409202	3.410982e+01	8.720970e+00
0.409478	2.686474e+01	8.747137e+00
0.40975500000000004	3.072394e+01	8.672408e+00
0.41003100000000003	3.177878e+01	8.672825e+00
0.41030800000000006	2.489337e+01	8.639752e+00
0.41058500000000003	1.100187e+01	8.662167e+00
0.410861	1.637459e+01	8.661868e+00
0.411138	1.439386e+01	8.563028e+00
0.4114150000000001	2.454071e+01	8.612781e+00
0.41169100000000003	2.477292e+01	8.610508e+00
0.411968	2.433364e+01	8.598466e+00
0.412245	3.373965e+01	8.591988e+00
0.412521	3.159620e+01	8.537253e+00
0.412798	1.318144e+01	8.572308e+00
0.41307400000000005	2.032326e+01	8.567505e+00
0.413351	3.178817e+01	8.572206e+00
0.41362800000000005	1.918387e+01	8.551309e+00
0.413904	1.926915e+01	8.563854e+00
0.4141810000000001	1.783059e+01	8.564863e+00
0.41445800000000005	2.412662e+01	8.589338e+00
0.414734	3.406909e+01	8.502758e+00
0.415011	1.308513e+00	8.551356e+00
0.415288	1.351603e+01	8.560660e+00
0.41556400000000004	1.211232e+01	8.564869e+00
0.415841	2.345324e+01	8.508683e+00
0.41611700000000007	2.112934e+01	8.505085e+00
0.41639400000000004	2.691473e+01	8.560661e+00
0.416671	1.751590e+01	8.514670e+00
0.41694699999999996	4.194199e+01	8.522958e+00
0.41722400000000004	2.388844e+01	8.531977e+00
0.41750100000000007	1.105682e+01	8.493198e+00
0.417777	2.487372e+01	8.526577e+00
0.418054	4.241669e+00	8.558647e+00
0.418331	2.448765e+01	8.470197e+00
0.418607	1.289226e+01	8.530862e+00
0.41888400000000003	2.831904e+01	8.501237e+00
0.41916000000000003	3.362448e+01	8.509403e+00
0.41943700000000006	2.692093e+01	8.522659e+00
0.41971400000000003	2.899484e+01	8.482418e+00
0.4199900000000001	1.949741e+01	8.476553e+00
0.42026700000000006	3.188865e+01	8.528328e+00
0.42054400000000003	1.305986e+01	8.482927e+00
0.42081999999999997	3.037105e+01	8.501958e+00
0.421097	3.325680e+01	8.496804e+00
0.42137399999999997	3.098761e+01	8.489471e+00
0.42165	1.175429e+01	8.495659e+00
0.421927	6.292118e+00	8.443345e+00
0.42220300000000005	2.282275e+01	8.502691e+00
0.42248	2.557864e+01	8.492250e+00
0.42275700000000005	2.982076e+01	8.492741e+00
0.42303300000000005	3.010354e+01	8.488993e+00
0.4233100000000001	2.684643e+01	8.466437e+00
0.42358700000000005	2.650030e+01	8.495674e+00
0.423863	1.608227e+01	8.471220e+00
0.42413999999999996	2.672911e+01	8.446303e+00
0.42441700000000004	2.252887e+01	8.472271e+00
0.424693	2.346446e+01	8.501871e+00
0.42497	1.605866e+01	8.457236e+00
0.425246	3.711127e+01	8.462009e+00
0.42552300000000004	1.524812e+01	8.442672e+00
0.4258	2.262803e+01	8.476269e+00
0.42607600000000007	1.786873e+01	8.483294e+00
0.42635300000000004	4.042682e+01	8.461599e+00
0.42663000000000006	4.259840e+01	8.459797e+00
0.426906	3.211541e+01	8.443785e+00
0.427183	3.029442e+01	8.487761e+00
0.42746000000000006	1.654654e+01	8.470696e+00
0.427736	1.871454e+01	8.430770e+00
0.428013	1.160022e+01	8.470841e+00
0.42828900000000003	2.976708e+01	8.438792e+00
0.428566	1.738873e+01	8.478402e+00
0.42884300000000003	3.256031e+01	8.419929e+00
0.42911900000000003	2.054957e+01	8.438034e+00
0.42939600000000006	2.202671e+01	8.463735e+00
0.429673	1.525862e+01	8.480981e+00
0.42994899999999997	4.219149e+01	8.407239e+00
0.43022600000000005	2.551934e+01	8.429277e+00
0.4305030000000001	2.671336e+01	8.451077e+00
0.430779	2.220740e+01	8.462725e+00
0.431056	9.472917e+00	8.428083e+00
0.43133200000000005	3.090186e+01	8.441586e+00
0.431609	1.855666e+01	8.452972e+00
0.431886	2.939113e+01	8.439073e+00
0.43216200000000005	1.155840e+01	8.447801e+00
0.432439	3.627059e+01	8.429470e+00
0.43271600000000005	2.378771e+01	8.440247e+00
0.43299200000000004	2.331442e+01	8.423569e+00
0.43326900000000007	1.174400e+01	8.459183e+00
0.43354600000000004	1.657758e+01	8.396204e+00
0.433822	2.719578e+01	8.398008e+00
0.434099	3.976651e+01	8.469978e+00
0.434375	3.017294e+01	8.460652e+00
0.43465200000000004	1.783080e+01	8.382794e+00
0.434929	1.360204e+01	8.432342e+00
0.43520500000000006	2.792780e+01	8.467265e+00
0.43548200000000004	3.148786e+01	8.405059e+00
0.435759	3.116970e+01	8.417047e+00
0.43603500000000006	1.367415e+01	8.443819e+00
0.43631200000000003	1.901187e+01	8.424457e+00
0.43658900000000006	1.745537e+01	8.448454e+00
0.436865	2.876932e+01	8.385792e+00
0.437142	2.225834e+01	8.408866e+00
0.437419	1.317981e+01	8.436613e+00
0.437695	2.411718e+01	8.417118e+00
0.43797200000000003	9.925358e+00	8.406033e+00
0.438248	3.560699e+01	8.401768e+00
0.43852500000000005	1.359882e+01	8.382470e+00
0.438802	2.420087e+01	8.407995e+00
0.4390780000000001	2.653102e+01	8.375768e+00
0.43935500000000005	2.182726e+01	8.359173e+00
0.439632	1.458230e+01	8.355315e+00
0.43990799999999997	1.366596e+01	8.352540e+00
0.440185	1.224637e+01	8.350179e+00
0.4404620000000001	3.157936e+01	8.316616e+00
0.440738	2.419307e+01	8.323317e+00
0.441015	2.463573e+01	8.346318e+00
0.44129100000000004	1.989056e+01	8.307611e+00
0.441568	3.861130e+01	8.306212e+00
0.44184500000000004	2.762478e+01	8.299550e+00
0.44212100000000004	1.478047e+01	8.279170e+00
0.44239800000000007	1.683489e+01	8.331150e+00
0.44267500000000004	2.416705e+01	8.276951e+00
0.442951	1.813574e+01	8.301460e+00
0.44322800000000007	1.390142e+01	8.295402e+00
0.44350500000000004	2.967360e+01	8.330168e+00
0.443781	1.673163e+01	8.260739e+00
0.444058	1.966887e+01	8.273491e+00
0.444334	3.151893e+01	8.319045e+00
0.44461100000000003	1.125787e+01	8.319528e+00
0.444888	2.919212e+01	8.285867e+00
0.44516400000000006	1.507264e+01	8.289562e+00
0.44544100000000003	2.564341e+01	8.323092e+00
0.44571800000000006	1.235172e+01	8.282584e+00
0.445994	4.285072e+01	8.315664e+00
0.4462710000000001	2.807294e+01	8.305178e+00
0.44654800000000006	3.247312e+01	8.282821e+00
0.446824	1.858482e+01	8.300594e+00
0.44710099999999997	3.731946e+01	8.297301e+00
0.447377	5.511917e+00	8.310406e+00
0.447654	3.503934e+01	8.294869e+00
0.447931	3.356529e+01	8.327778e+00
0.448207	1.878450e+01	8.285088e+00
0.44848400000000005	2.916671e+01	8.286292e+00
0.448761	3.376496e+01	8.307175e+00
0.4490370000000001	3.105881e+01	8.298544e+00
0.44931400000000005	2.617039e+01	8.295119e+00
0.4495910000000001	1.289832e+01	8.308817e+00
0.449867	1.515878e+01	8.287148e+00
0.450144	2.600270e+01	8.310109e+00
0.45042000000000004	1.795018e+01	8.287196e+00
0.450697	1.760685e+01	8.269921e+00
0.450974	1.852236e+01	8.299799e+00
0.45125000000000004	3.677884e+01	8.311016e+00
0.451527	2.234421e+01	8.287976e+00
0.45180400000000004	1.877585e+01	8.302962e+00
0.45208000000000004	3.769356e+01	8.316668e+00
0.45235700000000006	2.901100e+01	8.292799e+00
0.45263400000000004	1.884110e+01	8.288681e+00
0.45291	3.270835e+01	8.296854e+00
0.453187	2.471410e+01	8.346857e+00
0.453463	2.178538e+01	8.254988e+00
0.45374000000000003	2.555431e+01	8.322470e+00
0.454017	1.587229e+01	8.296800e+00
0.45429300000000006	7.800044e+00	8.314564e+00
0.45457000000000003	2.738637e+01	8.303567e+00
0.454847	1.891359e+01	8.284574e+00
0.45512300000000006	2.493706e+01	8.289131e+00
0.4554	7.553222e+00	8.319127e+00
0.45567700000000005	2.262761e+01	8.266738e+00
0.455953	2.387792e+01	8.277618e+00
0.45622999999999997	2.063154e+01	8.328666e+00
0.456506	2.249034e+01	8.291593e+00
0.456783	1.776113e+01	8.297095e+00
0.45706	4.380747e+01	8.518335e+00
0.457336	8.149245e+00	8.730253e+00
0.45761300000000005	1.438132e+01	8.875695e+00
0.45789	2.219840e+01	8.976937e+00
0.4581660000000001	1.376754e+01	9.068626e+00
0.45844300000000004	1.437265e+01	9.158237e+00
0.45872	1.169611e+01	9.291051e+00
0.45899599999999996	1.704059e+01	9.337762e+00
0.45927300000000004	2.946853e+01	9.355331e+00
0.459549	1.495604e+01	9.459290e+00
0.459826	2.858314e+01	9.568527e+00
0.460103	1.390262e+01	9.585782e+00
0.46037900000000004	1.918193e+01	9.651340e+00
0.460656	2.032148e+01	9.691419e+00
0.46093300000000004	5.250338e+00	9.790275e+00
0.46120900000000004	2.535504e+01	9.895877e+00
0.46148600000000006	1.913921e+01	9.833550e+00
0.46176300000000003	1.565745e+01	9.972052e+00
0.4620390000000001	2.499113e+01	9.987160e+00
0.46231600000000006	9.947991e+00	1.009722e+01
0.462592	5.962735e+00	1.008321e+01
0.462869	2.309032e+01	1.013754e+01
0.463146	6.117840e+00	1.028761e+01
0.463422	2.592140e+01	1.035441e+01
0.46369900000000003	2.821718e+01	1.041149e+01
0.463976	3.906441e+01	1.041259e+01
0.46425200000000005	1.421762e+01	1.049056e+01
0.464529	3.035275e+01	1.060084e+01
0.46480600000000005	2.960919e+01	1.070094e+01
0.46508200000000005	2.187616e+01	1.067069e+01
0.4653590000000001	2.859056e+01	1.077701e+01
0.465635	3.298035e+01	1.089137e+01
0.465912	1.819082e+01	1.091612e+01
0.46618899999999996	8.853593e+00	1.090643e+01
0.466465	3.626055e+01	1.100427e+01
0.466742	4.851395e+01	1.111042e+01
0.467019	2.722399e+01	1.111486e+01
0.467295	3.148523e+01	1.121037e+01
0.46757200000000004	1.628423e+01	1.124331e+01
0.467849	2.087931e+01	1.132584e+01
0.46812500000000007	2.217202e+01	1.149085e+01
0.46840200000000004	1.756109e+01	1.149497e+01
0.468678	1.526851e+01	1.141556e+01
0.468955	2.668206e+01	1.167378e+01
0.469232	1.202467e+01	1.164891e+01
0.46950800000000004	1.504097e+01	1.174982e+01
0.469785	1.688592e+01	1.184245e+01
0.470062	1.642776e+00	1.191449e+01
0.47033800000000003	2.265154e+01	1.199194e+01
0.470615	1.805870e+00	1.204478e+01
0.47089200000000003	2.113662e+01	1.209589e+01
0.47116800000000003	2.284160e+01	1.214029e+01
0.47144500000000006	2.818303e+00	1.228157e+01
0.471721	-1.693292e+00	1.237245e+01
0.471998	1.593074e+01	1.247287e+01
0.472275	3.950030e+00	1.241109e+01
0.472551	2.177476e+01	1.261485e+01
0.472828	3.496660e+01	1.262109e+01
0.473105	1.592872e+01	1.279359e+01
0.47338100000000005	2.189395e+01	1.278304e+01
0.473658	4.988875e-01	1.284265e+01
0.473935	1.742726e+01	1.308035e+01
0.47421100000000005	3.383228e+01	1.309873e+01
0.474488	9.024452e+00	1.305370e+01
0.47476500000000005	2.505726e+01	1.327726e+01
0.475041	2.907415e+01	1.340178e+01
0.4753180000000001	4.847073e+01	1.346174e+01
0.475594	1.902910e+01	1.344156e+01
0.475871	3.997191e+01	1.357102e+01
0.476148	4.257026e+01	1.376737e+01
0.476424	2.624534e+01	1.375359e+01
0.47670100000000004	4.000571e+00	1.387881e+01
0.476978	1.149446e+01	1.404797e+01
0.47725400000000007	-3.861450e+00	1.395417e+01
0.47753100000000004	-5.921497e-01	1.431089e+01
0.477808	-2.665989e+00	1.427043e+01
0.47808400000000006	2.564211e+01	1.427835e+01
0.47836100000000004	2.551327e+01	1.460314e+01
0.478637	1.571970e-01	1.461042e+01
0.478914	1.130874e+00	1.482296e+01
0.479191	6.176516e+00	1.479121e+01
0.47946700000000003	3.290757e+01	1.488209e+01
0.479744	3.423495e+01	1.506923e+01
0.48002100000000003	3.053662e+01	1.531461e+01
0.48029700000000003	3.629478e+01	1.527392e+01
0.48057400000000006	1.089107e+01	1.539858e+01
0.48085100000000003	3.379227e+01	1.552690e+01
0.4811270000000001	5.026096e+01	1.584559e+01
0.48140400000000005	4.035114e+01	1.562510e+01
0.48168	2.132409e+01	1.591322e+01
0.48195699999999997	2.101668e+01	1.611785e+01
0.482234	3.696662e+01	1.628908e+01
0.48251	2.643637e+01	1.650534e+01
0.482787	4.027823e+01	1.630660e+01
0.483064	1.771207e+01	1.661255e+01
0.48334000000000005	2.363861e+01	1.687844e+01
0.483617	1.777022e+01	1.700939e+01
0.48389400000000005	2.360836e+01	1.687049e+01
0.48417000000000004	-9.693858e+00	1.735435e+01
0.48444700000000007	2.871849e+01	1.744166e+01
0.484723	4.250963e+01	1.776930e+01
0.485	5.359389e+00	1.748680e+01
0.48527699999999996	2.279156e+01	1.782012e+01
0.485553	-2.095619e+00	1.823680e+01
0.48583	3.174518e+01	1.831696e+01
0.486107	-8.666887e+00	1.849537e+01
0.486383	1.255835e+01	1.854060e+01
0.48666000000000004	2.579185e+01	1.898065e+01
0.486937	3.103714e+01	1.917766e+01
0.48721300000000006	1.303863e+01	1.924358e+01
0.48749000000000003	-1.619341e+01	1.927632e+01
0.487766	5.018377e+00	1.984678e+01
0.488043	-1.495036e+01	2.000084e+01
0.4883200000000001	6.161926e+01	2.060407e+01
0.48859600000000003	-8.228315e+00	2.009256e+01
0.488873	3.060428e+01	2.074840e+01
0.48915	-2.183590e+01	2.102593e+01
0.489426	4.399631e+01	2.155291e+01
0.489703	4.384486e+01	2.123290e+01
0.48998	1.564156e+01	2.187054e+01
0.490256	7.813081e+00	2.214517e+01
0.49053300000000005	4.036883e+01	2.294815e+01
0.490809	-8.877383e+00	2.242001e+01
0.49108599999999997	2.249975e+01	2.301162e+01
0.49136300000000005	2.515615e+01	2.357297e+01
0.491639	2.479665e+01	2.415024e+01
0.491916	-4.161969e-01	2.414762e+01
0.492193	1.094584e+01	2.381629e+01
0.49246900000000005	6.520383e-01	2.446618e+01
0.492746	4.749979e+01	2.504612e+01
0.493023	6.185503e+01	2.531465e+01
0.49329900000000004	6.093022e+00	2.436477e+01
0.493576	-1.835443e+01	2.523357e+01
0.49385199999999996	3.529188e+01	2.586238e+01
0.49412900000000004	3.538982e+01	2.614000e+01
0.49440600000000007	3.544023e+01	2.540378e+01
0.494682	-2.379268e-02	2.617229e+01
0.494959	7.781880e+00	2.705903e+01
0.495236	4.789263e+01	2.708032e+01
0.495512	2.639968e+01	2.677636e+01
0.49578900000000004	3.313216e+01	2.720540e+01
0.496066	1.941695e+01	2.777154e+01
0.49634200000000006	8.761089e+00	2.847160e+01
0.49661900000000003	1.660118e+01	2.791980e+01
0.4968950000000001	4.336578e+01	2.778645e+01
0.49717200000000006	-3.501424e+00	2.937372e+01
0.49744900000000003	4.221773e+01	3.009913e+01
0.497725	-1.937568e+01	2.993378e+01
0.498002	7.374066e+00	2.856965e+01
0.49827899999999997	3.006033e+01	3.048237e+01
0.498555	2.190275e+01	3.166544e+01
0.498832	-1.518885e+01	3.151521e+01
0.499109	4.524002e+01	3.039248e+01
0.499385	9.297963e+00	3.262623e+01
0.49966200000000005	4.590614e+01	3.387532e+01
0.49993800000000005	6.970514e+01	3.379811e+01
