0.0000	1.5731	2.4909	2.2420	2.8027	3.2968	3.0670	2.6352	3.1003	2.8281	3.2544	2.6822	2.9162	2.1787	2.1489	2.7078	3.1473	2.5350	2.7911	2.6180	2.5670	3.0697	2.7233	3.0266	3.2023	3.4950	3.0656	3.5961	3.6177	3.4223	3.6417	3.5258	3.8872	4.1760	3.8811	3.5583	3.4294	3.2510	3.4498	3.6837	3.3731	2.7942	2.9850	2.6651	2.9013	2.8902	2.5000	2.3950	2.3340	2.4937	
0.0000	0.0000	1.3107	1.7284	2.2766	2.8902	2.8826	2.8398	3.2629	2.8145	3.1370	2.3283	2.6498	1.8901	2.0607	2.6658	2.5178	2.0996	2.2638	2.4070	2.3090	2.7522	2.7047	2.7528	2.9780	3.1952	2.8090	3.3503	3.1909	3.1448	2.9496	2.8228	3.2093	3.2241	2.9768	3.1036	2.9415	2.6318	2.7725	3.1514	2.6967	2.2220	2.4142	2.0673	2.7120	2.7444	2.2549	2.6173	2.1774	2.2015	
0.0000	0.0000	0.0000	1.3901	1.9078	2.6265	2.7444	2.8988	3.2637	2.7228	3.1559	2.2826	2.4331	2.0640	2.1854	2.8034	2.2549	2.0249	2.3544	2.6081	2.4449	2.8680	2.7054	2.5764	2.9635	3.0082	2.8228	3.2939	3.1524	3.2832	3.1602	2.7598	2.9507	3.0049	2.7223	2.6269	2.6346	2.5322	2.5406	2.8132	2.3262	2.1100	2.2159	2.4433	3.3124	3.4109	2.8468	3.3866	2.7890	2.5576	
0.0000	0.0000	0.0000	0.0000	1.3901	2.2320	2.1730	2.2281	2.9189	2.3988	3.0953	2.3271	2.2120	1.6827	2.0306	2.6579	2.1425	2.3155	2.1747	2.1373	2.2159	2.7136	2.3156	2.3292	2.8295	2.6807	2.5743	2.7606	2.8557	3.0487	3.0898	2.6651	3.0161	3.2066	3.0044	2.7854	2.7911	2.6203	2.2470	2.4102	2.1847	1.6626	1.7866	2.4636	3.1458	3.0988	2.6774	3.0469	2.5451	2.5161	
0.0000	0.0000	0.0000	0.0000	0.0000	1.3107	1.5731	2.2304	2.9415	2.5005	2.9841	2.2120	1.9716	1.6197	2.3624	3.1909	2.3761	2.3341	2.1774	2.3107	2.0306	2.7305	2.6714	2.6827	2.9760	2.8988	2.9175	2.9205	3.1304	3.4953	3.4036	3.2047	3.3158	3.5311	2.9861	2.4118	2.4659	2.3692	2.3268	2.2021	2.0640	2.0840	1.8989	2.4659	3.4727	3.5164	3.3420	3.5628	3.0478	2.8978	
0.0000	0.0000	0.0000	0.0000	0.0000	0.0000	1.3107	2.4804	3.1187	3.0469	3.3345	2.7193	2.6819	2.1044	3.0429	3.9219	3.1675	2.7939	2.7078	2.7120	2.1124	3.0739	3.1950	3.2279	3.3360	3.2443	3.3051	3.3901	3.6425	4.0473	3.6756	3.6437	3.6619	3.9099	3.0137	2.6430	2.7684	2.5590	2.6260	2.5342	2.5398	2.5138	2.4531	2.7714	3.8490	3.9735	4.0524	3.9576	3.4099	3.2430	
0.0000	0.0000	0.0000	0.0000	0.0000	0.0000	0.0000	1.3901	2.0751	2.3010	2.6285	2.0338	1.9580	1.5956	2.3496	3.1563	2.6346	2.5049	2.0454	2.0113	1.6197	2.2461	2.3283	2.7265	2.9321	2.7911	2.5871	2.8264	2.9087	3.2197	3.0113	2.8788	2.9086	3.1787	2.4449	2.1441	2.4331	2.5182	2.3624	2.3268	2.1373	1.9659	2.1586	2.4347	3.3544	3.3525	3.5412	3.2711	2.7911	2.8195	
0.0000	0.0000	0.0000	0.0000	0.0000	0.0000	0.0000	0.0000	1.3107	1.4659	1.9026	1.7749	1.6830	1.7661	2.1373	2.5049	2.4558	2.7341	2.2525	2.0178	1.8283	1.9804	1.6197	2.5871	2.9921	2.8858	2.3624	2.8259	2.6749	2.6893	3.0538	2.7494	2.8413	3.1423	2.9066	2.3271	2.8024	3.0670	2.8482	2.8974	2.5743	2.1830	2.4491	2.5451	3.0010	2.8453	3.0406	2.5743	2.4375	2.5323	
0.0000	0.0000	0.0000	0.0000	0.0000	0.0000	0.0000	0.0000	0.0000	1.3107	1.5454	1.6401	1.7216	2.0161	2.2247	2.5860	2.9287	3.1142	2.8059	2.7494	2.5511	2.6180	2.1489	3.1463	3.1791	3.0422	2.3115	3.1638	2.8761	2.7226	3.1831	3.1301	2.9548	3.2411	3.2738	2.7612	3.2204	3.6726	3.5112	3.6401	3.1898	2.5736	3.0275	2.9944	3.2629	3.0792	3.3871	2.7863	2.6714	2.5326	
0.0000	0.0000	0.0000	0.0000	0.0000	0.0000	0.0000	0.0000	0.0000	0.0000	1.2071	1.5161	1.3901	1.8989	1.8989	1.9804	2.0840	2.6401	2.5743	2.5590	2.4126	2.2619	1.9126	2.7192	2.7599	2.5768	1.9804	2.4736	2.1747	2.2866	2.8813	2.8568	2.7874	3.1689	3.3279	2.7694	3.2300	3.5755	3.4840	3.6706	3.0079	2.3585	2.3268	2.3882	2.5820	2.5596	2.5856	2.3155	2.3115	2.3761	
0.0000	0.0000	0.0000	0.0000	0.0000	0.0000	0.0000	0.0000	0.0000	0.0000	0.0000	1.5731	1.7749	2.4483	2.4126	2.2477	2.3195	2.8213	2.9083	3.0615	2.6952	2.6904	2.6005	3.3803	3.4594	3.0649	2.1586	2.5898	2.3027	2.1401	2.7467	2.7226	2.5244	2.6798	3.0313	2.6184	3.2253	3.6407	3.5533	3.9339	2.9944	2.4785	2.5567	2.1489	2.6125	2.8311	2.9893	2.4548	2.2168	2.3195	
0.0000	0.0000	0.0000	0.0000	0.0000	0.0000	0.0000	0.0000	0.0000	0.0000	0.0000	0.0000	1.3901	1.5590	2.0113	2.3496	2.2622	2.2461	2.1642	2.4604	2.1081	2.3544	2.5122	3.1174	3.1771	2.9820	2.0326	2.8440	2.3544	2.3007	2.4531	2.3901	2.2247	2.4375	2.3155	1.8456	2.0953	2.6129	2.5567	2.8453	2.1586	1.9214	2.4075	2.0980	2.7612	2.6714	2.9280	2.7037	2.1434	2.3228	
0.0000	0.0000	0.0000	0.0000	0.0000	0.0000	0.0000	0.0000	0.0000	0.0000	0.0000	0.0000	0.0000	1.2866	1.4126	2.0487	1.9659	2.4075	2.0306	2.3007	2.1714	2.3155	2.0751	2.6714	2.7725	2.4879	1.9917	2.3003	2.1771	2.2838	2.5953	2.7120	2.8813	2.9090	3.0363	2.6078	2.5697	2.9006	2.9103	3.0736	2.6714	2.1907	2.1012	2.3003	2.7978	2.7525	2.7525	2.8496	2.5534	2.2308	
0.0000	0.0000	0.0000	0.0000	0.0000	0.0000	0.0000	0.0000	0.0000	0.0000	0.0000	0.0000	0.0000	0.0000	1.5731	2.3697	2.1827	2.3010	1.8195	1.8251	1.5161	2.1626	2.1362	2.4070	2.5478	2.6872	2.2749	2.6714	2.4693	2.6851	2.7525	2.7646	2.9476	3.1871	2.9581	2.6245	2.3750	2.3987	2.6285	2.7120	2.5005	1.9491	2.1441	2.3007	2.8067	2.5451	2.5728	2.6277	2.2990	2.2220	
0.0000	0.0000	0.0000	0.0000	0.0000	0.0000	0.0000	0.0000	0.0000	0.0000	0.0000	0.0000	0.0000	0.0000	0.0000	1.3901	1.8544	1.9026	1.6730	1.7749	2.3271	2.6972	2.0840	2.3512	2.5860	2.3785	1.7954	2.0567	2.1044	1.9271	2.3941	2.4937	2.9175	3.0736	3.2208	2.9662	2.8528	2.8027	2.8633	3.0868	2.7338	2.0122	2.2969	2.3680	2.4063	2.2694	1.9693	2.3251	2.1245	1.9126	
0.0000	0.0000	0.0000	0.0000	0.0000	0.0000	0.0000	0.0000	0.0000	0.0000	0.0000	0.0000	0.0000	0.0000	0.0000	0.0000	1.4696	2.0000	2.0840	2.0266	2.5478	2.6441	2.0451	2.3271	2.7120	2.4804	1.8456	1.8496	1.6489	1.5161	2.3657	2.2236	2.5596	2.8605	3.3096	3.1094	3.2332	3.1952	3.2913	3.6103	3.0052	2.4175	2.6204	2.4230	2.1434	2.2749	1.6626	2.2168	2.0956	2.2031	
0.0000	0.0000	0.0000	0.0000	0.0000	0.0000	0.0000	0.0000	0.0000	0.0000	0.0000	0.0000	0.0000	0.0000	0.0000	0.0000	0.0000	1.4937	1.5956	1.7866	2.2341	2.4604	1.9944	1.9415	2.5751	2.2168	2.0510	1.7749	1.5956	2.0695	2.5415	2.2749	2.3801	2.7308	2.9083	2.6184	2.8440	2.6764	2.8975	2.9937	2.4175	2.3689	2.3155	2.3271	2.5695	2.7601	2.1373	2.8341	2.6129	2.7304	
0.0000	0.0000	0.0000	0.0000	0.0000	0.0000	0.0000	0.0000	0.0000	0.0000	0.0000	0.0000	0.0000	0.0000	0.0000	0.0000	0.0000	0.0000	1.2071	1.8456	2.2120	2.6807	2.5210	2.1489	2.2749	2.1819	2.2437	2.4760	2.3541	2.7467	2.7646	2.4604	2.5557	2.9387	2.5703	2.3885	2.7192	2.4102	2.8735	2.7598	2.3113	2.5914	2.6706	2.5856	2.7890	3.0252	2.3255	3.0928	2.8341	3.0010	
0.0000	0.0000	0.0000	0.0000	0.0000	0.0000	0.0000	0.0000	0.0000	0.0000	0.0000	0.0000	0.0000	0.0000	0.0000	0.0000	0.0000	0.0000	0.0000	1.3901	1.9214	2.1434	2.1124	2.1100	2.4736	2.2951	2.2168	2.4230	2.1787	2.4920	2.4604	2.1012	2.5171	2.6458	2.3496	2.4171	2.3544	1.9126	2.2749	2.1787	2.0980	2.3544	2.5953	2.5326	2.5350	2.4189	2.2955	2.7528	2.6160	2.8297	
0.0000	0.0000	0.0000	0.0000	0.0000	0.0000	0.0000	0.0000	0.0000	0.0000	0.0000	0.0000	0.0000	0.0000	0.0000	0.0000	0.0000	0.0000	0.0000	0.0000	1.3901	2.3115	2.2168	2.0840	2.3697	2.2216	2.1180	1.8657	2.0161	2.5338	2.5058	2.2505	2.4287	3.0535	2.6750	2.4604	2.4620	2.2420	2.1398	2.1362	1.9720	1.8624	2.4078	2.4909	2.3882	2.3255	2.0996	2.2890	2.1714	2.7653	
0.0000	0.0000	0.0000	0.0000	0.0000	0.0000	0.0000	0.0000	0.0000	0.0000	0.0000	0.0000	0.0000	0.0000	0.0000	0.0000	0.0000	0.0000	0.0000	0.0000	0.0000	1.5731	2.0607	2.0908	2.4319	2.5743	2.2854	2.3925	2.2549	2.6105	2.4415	2.4307	2.3496	2.9548	2.2247	2.1012	2.3360	2.1513	2.3802	2.2565	1.9659	2.0306	2.1101	2.0113	2.3585	2.3568	2.5062	2.3376	2.0567	2.6543	
0.0000	0.0000	0.0000	0.0000	0.0000	0.0000	0.0000	0.0000	0.0000	0.0000	0.0000	0.0000	0.0000	0.0000	0.0000	0.0000	0.0000	0.0000	0.0000	0.0000	0.0000	0.0000	1.5731	1.9271	2.5323	2.9937	2.6658	3.1375	2.2678	2.5779	2.7549	2.6118	2.5932	2.9660	2.5396	2.5932	2.6972	2.6304	2.8873	2.8981	2.7077	2.7305	2.7906	2.6691	2.6885	2.2678	2.4297	2.2748	2.5249	2.9921	
0.0000	0.0000	0.0000	0.0000	0.0000	0.0000	0.0000	0.0000	0.0000	0.0000	0.0000	0.0000	0.0000	0.0000	0.0000	0.0000	0.0000	0.0000	0.0000	0.0000	0.0000	0.0000	0.0000	1.3901	2.2854	2.4102	2.2549	2.7766	2.4375	2.5768	3.0842	2.7990	2.9287	3.2715	3.3158	3.1747	3.5022	3.4158	3.4980	3.5274	3.2237	2.8228	2.6972	2.8445	2.9977	2.8902	2.5062	2.6044	2.6402	2.3968	
0.0000	0.0000	0.0000	0.0000	0.0000	0.0000	0.0000	0.0000	0.0000	0.0000	0.0000	0.0000	0.0000	0.0000	0.0000	0.0000	0.0000	0.0000	0.0000	0.0000	0.0000	0.0000	0.0000	0.0000	1.3901	1.8107	2.2417	2.5455	2.2969	2.8520	2.9620	2.7555	2.6933	3.1952	3.1402	3.3901	3.6668	3.4102	3.5747	3.3912	3.2522	2.9287	2.6045	3.0010	3.0612	3.1152	2.2954	2.9633	2.9394	2.7725	
0.0000	0.0000	0.0000	0.0000	0.0000	0.0000	0.0000	0.0000	0.0000	0.0000	0.0000	0.0000	0.0000	0.0000	0.0000	0.0000	0.0000	0.0000	0.0000	0.0000	0.0000	0.0000	0.0000	0.0000	0.0000	1.3107	1.9659	2.5539	2.3689	2.9090	2.6382	2.7140	2.6304	3.1458	3.2454	3.6546	4.0834	3.8299	3.9792	3.7794	3.5296	3.0357	2.6019	3.0422	2.8094	3.0534	2.2808	3.1493	3.0354	3.0801	
0.0000	0.0000	0.0000	0.0000	0.0000	0.0000	0.0000	0.0000	0.0000	0.0000	0.0000	0.0000	0.0000	0.0000	0.0000	0.0000	0.0000	0.0000	0.0000	0.0000	0.0000	0.0000	0.0000	0.0000	0.0000	0.0000	1.3107	1.6730	2.0454	2.5431	2.2749	2.2549	2.3901	2.6798	2.9492	3.3305	3.8988	3.6576	3.6021	3.4837	3.0913	2.5953	2.1968	2.7232	2.7714	3.1988	2.6840	3.1021	2.7598	2.6972	
0.0000	0.0000	0.0000	0.0000	0.0000	0.0000	0.0000	0.0000	0.0000	0.0000	0.0000	0.0000	0.0000	0.0000	0.0000	0.0000	0.0000	0.0000	0.0000	0.0000	0.0000	0.0000	0.0000	0.0000	0.0000	0.0000	0.0000	1.4937	1.4142	1.4659	1.4696	1.5695	1.5956	2.0113	2.3697	2.5884	3.2008	3.2093	3.0792	3.2237	2.5795	1.9046	1.9920	2.0871	2.1787	2.4086	2.3010	2.3697	1.8283	1.9126	
0.0000	0.0000	0.0000	0.0000	0.0000	0.0000	0.0000	0.0000	0.0000	0.0000	0.0000	0.0000	0.0000	0.0000	0.0000	0.0000	0.0000	0.0000	0.0000	0.0000	0.0000	0.0000	0.0000	0.0000	0.0000	0.0000	0.0000	0.0000	1.3107	1.7284	1.8697	2.1100	2.3428	2.7232	2.9893	3.0068	3.4410	3.3655	3.1431	3.2710	2.6847	2.0840	2.0510	2.2749	2.2653	2.6160	2.3007	2.6431	2.2120	2.6180	
0.0000	0.0000	0.0000	0.0000	0.0000	0.0000	0.0000	0.0000	0.0000	0.0000	0.0000	0.0000	0.0000	0.0000	0.0000	0.0000	0.0000	0.0000	0.0000	0.0000	0.0000	0.0000	0.0000	0.0000	0.0000	0.0000	0.0000	0.0000	0.0000	1.2071	1.3624	1.7159	1.7786	2.0695	2.6285	2.6879	2.9760	2.9696	2.9780	3.0956	2.6390	2.2284	2.4271	2.4620	2.1489	2.0860	1.9920	2.4404	2.3472	2.8297	
0.0000	0.0000	0.0000	0.0000	0.0000	0.0000	0.0000	0.0000	0.0000	0.0000	0.0000	0.0000	0.0000	0.0000	0.0000	0.0000	0.0000	0.0000	0.0000	0.0000	0.0000	0.0000	0.0000	0.0000	0.0000	0.0000	0.0000	0.0000	0.0000	0.0000	1.2866	1.5956	1.9571	2.0113	2.7078	2.8757	3.1032	3.1304	3.1269	3.5222	2.8568	2.2320	2.5005	2.2031	1.7749	1.8195	1.9580	2.0607	1.8283	2.2159	
0.0000	0.0000	0.0000	0.0000	0.0000	0.0000	0.0000	0.0000	0.0000	0.0000	0.0000	0.0000	0.0000	0.0000	0.0000	0.0000	0.0000	0.0000	0.0000	0.0000	0.0000	0.0000	0.0000	0.0000	0.0000	0.0000	0.0000	0.0000	0.0000	0.0000	0.0000	1.2071	1.6124	1.4920	2.0061	2.7668	3.0137	2.9090	2.8043	3.0736	2.5058	2.0840	2.1895	1.8882	1.8472	2.0306	2.3961	2.5744	2.0161	2.5210	
0.0000	0.0000	0.0000	0.0000	0.0000	0.0000	0.0000	0.0000	0.0000	0.0000	0.0000	0.0000	0.0000	0.0000	0.0000	0.0000	0.0000	0.0000	0.0000	0.0000	0.0000	0.0000	0.0000	0.0000	0.0000	0.0000	0.0000	0.0000	0.0000	0.0000	0.0000	0.0000	1.2071	1.2071	1.5695	2.3090	2.6242	2.5153	2.3212	2.6691	2.0249	1.7749	1.9380	1.9580	2.0249	2.2216	2.3680	2.6118	1.9214	2.4452	
0.0000	0.0000	0.0000	0.0000	0.0000	0.0000	0.0000	0.0000	0.0000	0.0000	0.0000	0.0000	0.0000	0.0000	0.0000	0.0000	0.0000	0.0000	0.0000	0.0000	0.0000	0.0000	0.0000	0.0000	0.0000	0.0000	0.0000	0.0000	0.0000	0.0000	0.0000	0.0000	0.0000	1.2071	1.4696	1.9716	2.5996	2.8024	2.5551	2.6651	2.0956	1.9659	2.4075	2.3697	2.5884	2.8043	2.8295	3.0670	2.2281	2.7120	
0.0000	0.0000	0.0000	0.0000	0.0000	0.0000	0.0000	0.0000	0.0000	0.0000	0.0000	0.0000	0.0000	0.0000	0.0000	0.0000	0.0000	0.0000	0.0000	0.0000	0.0000	0.0000	0.0000	0.0000	0.0000	0.0000	0.0000	0.0000	0.0000	0.0000	0.0000	0.0000	0.0000	0.0000	1.4696	2.2854	2.8059	2.8902	2.6586	2.9858	2.3961	2.0996	2.5024	2.4636	2.9019	3.1174	3.3170	3.5412	2.6992	2.8145	
0.0000	0.0000	0.0000	0.0000	0.0000	0.0000	0.0000	0.0000	0.0000	0.0000	0.0000	0.0000	0.0000	0.0000	0.0000	0.0000	0.0000	0.0000	0.0000	0.0000	0.0000	0.0000	0.0000	0.0000	0.0000	0.0000	0.0000	0.0000	0.0000	0.0000	0.0000	0.0000	0.0000	0.0000	0.0000	1.4696	1.9804	2.1197	1.9580	2.0908	1.5161	1.8496	2.2260	2.1827	3.0394	3.1578	3.5485	3.4992	2.6488	3.0198	
0.0000	0.0000	0.0000	0.0000	0.0000	0.0000	0.0000	0.0000	0.0000	0.0000	0.0000	0.0000	0.0000	0.0000	0.0000	0.0000	0.0000	0.0000	0.0000	0.0000	0.0000	0.0000	0.0000	0.0000	0.0000	0.0000	0.0000	0.0000	0.0000	0.0000	0.0000	0.0000	0.0000	0.0000	0.0000	0.0000	1.4142	2.0025	1.8544	1.9126	1.3107	1.9659	2.5673	2.6084	3.3407	3.2421	3.5753	3.4129	2.8255	3.3543	
0.0000	0.0000	0.0000	0.0000	0.0000	0.0000	0.0000	0.0000	0.0000	0.0000	0.0000	0.0000	0.0000	0.0000	0.0000	0.0000	0.0000	0.0000	0.0000	0.0000	0.0000	0.0000	0.0000	0.0000	0.0000	0.0000	0.0000	0.0000	0.0000	0.0000	0.0000	0.0000	0.0000	0.0000	0.0000	0.0000	0.0000	1.2071	1.4330	1.6197	1.6401	2.2437	3.1625	3.0085	3.5207	3.1227	3.6043	3.4732	3.0612	3.4038	
0.0000	0.0000	0.0000	0.0000	0.0000	0.0000	0.0000	0.0000	0.0000	0.0000	0.0000	0.0000	0.0000	0.0000	0.0000	0.0000	0.0000	0.0000	0.0000	0.0000	0.0000	0.0000	0.0000	0.0000	0.0000	0.0000	0.0000	0.0000	0.0000	0.0000	0.0000	0.0000	0.0000	0.0000	0.0000	0.0000	0.0000	0.0000	1.4696	1.5695	1.8283	2.3568	3.0751	2.8568	3.1675	2.7830	3.2752	3.3034	3.0656	3.3255	
0.0000	0.0000	0.0000	0.0000	0.0000	0.0000	0.0000	0.0000	0.0000	0.0000	0.0000	0.0000	0.0000	0.0000	0.0000	0.0000	0.0000	0.0000	0.0000	0.0000	0.0000	0.0000	0.0000	0.0000	0.0000	0.0000	0.0000	0.0000	0.0000	0.0000	0.0000	0.0000	0.0000	0.0000	0.0000	0.0000	0.0000	0.0000	0.0000	1.0000	1.1830	1.6197	2.5137	2.7661	3.3747	3.0385	3.4275	3.3795	2.8750	3.2430	
0.0000	0.0000	0.0000	0.0000	0.0000	0.0000	0.0000	0.0000	0.0000	0.0000	0.0000	0.0000	0.0000	0.0000	0.0000	0.0000	0.0000	0.0000	0.0000	0.0000	0.0000	0.0000	0.0000	0.0000	0.0000	0.0000	0.0000	0.0000	0.0000	0.0000	0.0000	0.0000	0.0000	0.0000	0.0000	0.0000	0.0000	0.0000	0.0000	0.0000	1.4142	2.1634	2.7728	3.1638	3.6910	3.3697	3.7217	3.7810	3.3846	3.8059	
0.0000	0.0000	0.0000	0.0000	0.0000	0.0000	0.0000	0.0000	0.0000	0.0000	0.0000	0.0000	0.0000	0.0000	0.0000	0.0000	0.0000	0.0000	0.0000	0.0000	0.0000	0.0000	0.0000	0.0000	0.0000	0.0000	0.0000	0.0000	0.0000	0.0000	0.0000	0.0000	0.0000	0.0000	0.0000	0.0000	0.0000	0.0000	0.0000	0.0000	0.0000	1.4696	1.8090	2.1578	2.9377	2.9404	3.1487	3.1856	2.5022	3.1304	
0.0000	0.0000	0.0000	0.0000	0.0000	0.0000	0.0000	0.0000	0.0000	0.0000	0.0000	0.0000	0.0000	0.0000	0.0000	0.0000	0.0000	0.0000	0.0000	0.0000	0.0000	0.0000	0.0000	0.0000	0.0000	0.0000	0.0000	0.0000	0.0000	0.0000	0.0000	0.0000	0.0000	0.0000	0.0000	0.0000	0.0000	0.0000	0.0000	0.0000	0.0000	0.0000	1.4937	1.8456	2.6819	2.7192	2.6446	2.7505	1.8456	2.0840	
0.0000	0.0000	0.0000	0.0000	0.0000	0.0000	0.0000	0.0000	0.0000	0.0000	0.0000	0.0000	0.0000	0.0000	0.0000	0.0000	0.0000	0.0000	0.0000	0.0000	0.0000	0.0000	0.0000	0.0000	0.0000	0.0000	0.0000	0.0000	0.0000	0.0000	0.0000	0.0000	0.0000	0.0000	0.0000	0.0000	0.0000	0.0000	0.0000	0.0000	0.0000	0.0000	0.0000	1.2866	2.2749	2.7373	2.5137	2.8067	1.9804	2.0820	
0.0000	0.0000	0.0000	0.0000	0.0000	0.0000	0.0000	0.0000	0.0000	0.0000	0.0000	0.0000	0.0000	0.0000	0.0000	0.0000	0.0000	0.0000	0.0000	0.0000	0.0000	0.0000	0.0000	0.0000	0.0000	0.0000	0.0000	0.0000	0.0000	0.0000	0.0000	0.0000	0.0000	0.0000	0.0000	0.0000	0.0000	0.0000	0.0000	0.0000	0.0000	0.0000	0.0000	0.0000	1.6526	2.3961	2.2505	2.2894	1.3901	1.7071	
0.0000	0.0000	0.0000	0.0000	0.0000	0.0000	0.0000	0.0000	0.0000	0.0000	0.0000	0.0000	0.0000	0.0000	0.0000	0.0000	0.0000	0.0000	0.0000	0.0000	0.0000	0.0000	0.0000	0.0000	0.0000	0.0000	0.0000	0.0000	0.0000	0.0000	0.0000	0.0000	0.0000	0.0000	0.0000	0.0000	0.0000	0.0000	0.0000	0.0000	0.0000	0.0000	0.0000	0.0000	0.0000	1.2071	1.3536	1.3901	1.4571	2.3496	
0.0000	0.0000	0.0000	0.0000	0.0000	0.0000	0.0000	0.0000	0.0000	0.0000	0.0000	0.0000	0.0000	0.0000	0.0000	0.0000	0.0000	0.0000	0.0000	0.0000	0.0000	0.0000	0.0000	0.0000	0.0000	0.0000	0.0000	0.0000	0.0000	0.0000	0.0000	0.0000	0.0000	0.0000	0.0000	0.0000	0.0000	0.0000	0.0000	0.0000	0.0000	0.0000	0.0000	0.0000	0.0000	0.0000	1.3901	1.2071	1.7525	2.7601	
0.0000	0.0000	0.0000	0.0000	0.0000	0.0000	0.0000	0.0000	0.0000	0.0000	0.0000	0.0000	0.0000	0.0000	0.0000	0.0000	0.0000	0.0000	0.0000	0.0000	0.0000	0.0000	0.0000	0.0000	0.0000	0.0000	0.0000	0.0000	0.0000	0.0000	0.0000	0.0000	0.0000	0.0000	0.0000	0.0000	0.0000	0.0000	0.0000	0.0000	0.0000	0.0000	0.0000	0.0000	0.0000	0.0000	0.0000	1.5731	1.7661	2.5125	
0.0000	0.0000	0.0000	0.0000	0.0000	0.0000	0.0000	0.0000	0.0000	0.0000	0.0000	0.0000	0.0000	0.0000	0.0000	0.0000	0.0000	0.0000	0.0000	0.0000	0.0000	0.0000	0.0000	0.0000	0.0000	0.0000	0.0000	0.0000	0.0000	0.0000	0.0000	0.0000	0.0000	0.0000	0.0000	0.0000	0.0000	0.0000	0.0000	0.0000	0.0000	0.0000	0.0000	0.0000	0.0000	0.0000	0.0000	0.0000	1.3107	2.3624	
0.0000	0.0000	0.0000	0.0000	0.0000	0.0000	0.0000	0.0000	0.0000	0.0000	0.0000	0.0000	0.0000	0.0000	0.0000	0.0000	0.0000	0.0000	0.0000	0.0000	0.0000	0.0000	0.0000	0.0000	0.0000	0.0000	0.0000	0.0000	0.0000	0.0000	0.0000	0.0000	0.0000	0.0000	0.0000	0.0000	0.0000	0.0000	0.0000	0.0000	0.0000	0.0000	0.0000	0.0000	0.0000	0.0000	0.0000	0.0000	0.0000	1.5731	
0.0000	0.0000	0.0000	0.0000	0.0000	0.0000	0.0000	0.0000	0.0000	0.0000	0.0000	0.0000	0.0000	0.0000	0.0000	0.0000	0.0000	0.0000	0.0000	0.0000	0.0000	0.0000	0.0000	0.0000	0.0000	0.0000	0.0000	0.0000	0.0000	0.0000	0.0000	0.0000	0.0000	0.0000	0.0000	0.0000	0.0000	0.0000	0.0000	0.0000	0.0000	0.0000	0.0000	0.0000	0.0000	0.0000	0.0000	0.0000	0.0000	0.0000	
