200, 3.7059, 
250, 4.1987, 
300, 3.9439, 
350, 6.2855, 
400, 
450, 
500, 4.9065, 
550, 5.2888, 
600, 4.5458, 
650, 
700, 
750, 
800, 
850, 
900, 4.2942, 
950, 3.5889, 
1000, 3.5893, 
1050, 
1100, 
1150, 
1200, 
1250, 
1300, 4.9454, 
1350, 6.3081, 
1400, 4.5011, 
1450, 3.5264, 
1500, 4.5604, 
1550, 
1600, 3.1599, 
1650, 4.2208, 
1700, 
1750, 6.8241, 
1800, 6.1952, 
1850, 
1900, 
1950, 
2000, 4.5872, 
2050, 4.3026, 
2100, 5.0718, 
2150, 4.2629, 
2200, 5.3775, 
2250, 
2300, 
2350, 5.5209, 
2400, 
2450, 
2500, 4.0987, 
2550, 5.7949, 
2600, 3.2917, 
2650, 4.8007, 
2700, 
2750, 
2800, 
2850, 
2900, 
2950, 
3000, 5.1085, 
3050, 5.0666, 
3100, 
3150, 
3200, 4.4259, 
3250, 4.0515, 
3300, 3.8465, 
3350, 3.8787, 
3400, 3.4986, 
3450, 3.6801, 
3500, 4.5231, 
3550, 5.2033, 
3600, 5.4951, 
3650, 3.8068, 
3700, 
3750, 4.5095, 
3800, 5.0008, 
3850, 4.8453, 
3900, 3.9871, 
3950, 
4000, 3.6563, 
4050, 4.6668, 
4100, 5.7759, 
4150, 3.5951, 
4200, 3.6428, 
4250, 4.8578, 
4300, 4.1325, 
4350, 4.0904, 
4400, 4.0652, 
4450, 4.6586, 
4500, 5.3871, 
4550, 3.2131, 
4600, 
4650, 
4700, 
4750, 
4800, 
4850, 3.2353, 
4900, 6.3182, 
4950, 4.4847, 
5000, 
5050, 
5100, 4.2428, 
5150, 4.7091, 
5200, 4.3094, 
5250, 5.6081, 
5300, 
5350, 
5400, 
5450, 4.3349, 
5500, 4.6169, 
5550, 4.3964, 
5600, 
5650, 3.8138, 
5700, 3.6680, 
5750, 4.3571, 
5800, 
5850, 5.4934, 
5900, 
5950, 3.4236, 
6000, 4.9209, 
6050, 
6100, 
6150, 
6200, 
6250, 4.6279, 
6300, 4.2355, 
6350, 
6400, 3.5894, 
6450, 
6500, 4.0900, 
6550, 3.2273, 
6600, 3.8964, 
6650, 4.8219, 
6700, 4.3910, 
6750, 3.1534, 
6800, 3.9991, 
6850, 3.6138, 
6900, 4.5007, 
6950, 3.9572, 
7000, 
7050, 4.2214, 
7100, 3.6809, 
7150, 4.1067, 
7200, 
7250, 
7300, 
7350, 4.2905, 
7400, 3.7276, 
7450, 
7500, 
7550, 4.5735, 
7600, 
7650, 4.6240, 
7700, 
7750, 
7800, 
7850, 
7900, 4.7703, 
7950, 3.6387, 
8000, 3.5041, 
8050, 
8100, 
8150, 
8200, 3.6511, 
8250, 
8300, 
8350, 
8400, 
8450, 
8500, 
8550, 
8600, 
8650, 
8700, 
8750, 5.0607, 
8800, 4.2723, 
8850, 4.6700, 
8900, 
8950, 
9000, 
9050, 4.5837, 
9100, 3.6649, 
9150, 4.4589, 
9200, 6.0846, 
9250, 
9300, 
9350, 3.4422, 
9400, 
9450, 
9500, 3.7439, 
9550, 
9600, 
9650, 
9700, 3.3129, 
9750, 4.3279, 
9800, 3.8956, 
9850, 3.5304, 
9900, 
9950, 
10000, 
10050, 
10100, 
10150, 
10200, 5.4702, 
10250, 6.7982, 
10300, 5.7086, 
10350, 4.2848, 
10400, 4.0677, 
10450, 4.9689, 
10500, 4.3319, 
10550, 5.0412, 
10600, 4.8801, 
10650, 4.2435, 
10700, 3.7502, 
10750, 
10800, 4.4972, 
10850, 
10900, 
10950, 
11000, 
11050, 
11100, 
11150, 5.1914, 
11200, 3.5342, 
11250, 4.0644, 
11300, 4.1010, 
11350, 
11400, 
11450, 
11500, 5.0334, 
11550, 5.3872, 
11600, 
11650, 
11700, 4.2841, 
11750, 4.7681, 
11800, 3.5726, 
11850, 
11900, 
11950, 
12000, 
12050, 
12100, 
12150, 
12200, 3.9331, 
12250, 
12300, 5.2123, 
12350, 
12400, 
12450, 
12500, 
12550, 4.2455, 
12600, 3.6156, 
12650, 3.1351, 
12700, 4.0693, 
12750, 4.0888, 
12800, 3.4401, 
12850, 4.0047, 
12900, 4.5713, 
12950, 4.4885, 
13000, 
13050, 3.9565, 
13100, 
13150, 
13200, 
13250, 
13300, 
13350, 
13400, 
13450, 
13500, 
13550, 7.0623, 
13600, 4.5860, 
13650, 3.7118, 
13700, 5.3966, 
13750, 4.2423, 
13800, 4.2304, 
13850, 
13900, 4.0652, 
13950, 4.3094, 
14000, 
14050, 
14100, 
14150, 4.1474, 
14200, 4.9003, 
14250, 5.5993, 
14300, 3.1681, 
14350, 
14400, 
14450, 
14500, 
14550, 
14600, 
14650, 
14700, 
14750, 3.9109, 
14800, 
14850, 
14900, 4.4888, 
14950, 3.8155, 
15000, 4.7064, 
15050, 4.5093, 
15100, 3.5094, 
15150, 
15200, 
15250, 
15300, 
15350, 
15400, 
15450, 3.8362, 
15500, 5.3126, 
15550, 
15600, 3.6242, 
15650, 5.0561, 
15700, 
15750, 5.2368, 
15800, 
15850, 
15900, 4.4852, 
15950, 
16000, 4.8806, 
16050, 
16100, 5.0394, 
16150, 5.0439, 
16200, 5.2086, 
16250, 4.9510, 
16300, 5.0762, 
16350, 4.1265, 
16400, 4.0100, 
16450, 
16500, 
16550, 4.7900, 
16600, 
16650, 
16700, 4.4934, 
16750, 3.5573, 
16800, 6.0377, 
16850, 
16900, 
16950, 
17000, 
17050, 
17100, 4.5072, 
17150, 4.5234, 
17200, 3.9757, 
17250, 5.7395, 
17300, 4.3502, 
17350, 3.7851, 
17400, 
17450, 4.7823, 
17500, 4.6033, 
17550, 3.6036, 
17600, 3.6232, 
17650, 
17700, 
17750, 
17800, 4.8919, 
17850, 3.9600, 
17900, 
17950, 
18000, 
18050, 3.8338, 
18100, 
18150, 4.7720, 
18200, 4.5782, 
18250, 4.0698, 
18300, 4.7241, 
18350, 
18400, 5.1861, 
18450, 4.5442, 
18500, 4.0727, 
18550, 5.3226, 
18600, 3.1360, 
18650, 
18700, 
18750, 
18800, 
18850, 
18900, 6.7246, 
18950, 5.1434, 
19000, 4.9594, 
19050, 4.8094, 
19100, 
19150, 
19200, 
19250, 4.1754, 
19300, 
19350, 
19400, 4.9890, 
19450, 4.1704, 
19500, 6.4204, 
19550, 
19600, 3.9102, 
19650, 
19700, 
19750, 
19800, 
19850, 
19900, 4.0876, 
19950, 4.5255, 
20000, 4.4225, 
