# Useful angular range estimated by SHANUM
# for file NiVPNT3_ChromX_Avg_crop.dat
  0.114023E-01  0.280401E-01  0.274609E-03
  0.118584E-01  0.279589E-01  0.255182E-03
  0.123145E-01  0.284439E-01  0.257852E-03
  0.127706E-01  0.277475E-01  0.240042E-03
  0.132267E-01  0.276080E-01  0.231595E-03
  0.136828E-01  0.270314E-01  0.227102E-03
  0.141389E-01  0.275388E-01  0.221319E-03
  0.145950E-01  0.270635E-01  0.214334E-03
  0.150511E-01  0.269793E-01  0.207986E-03
  0.155072E-01  0.270028E-01  0.203395E-03
  0.159632E-01  0.266602E-01  0.198741E-03
  0.164193E-01  0.266439E-01  0.193435E-03
  0.168754E-01  0.262995E-01  0.189573E-03
  0.173315E-01  0.258599E-01  0.185302E-03
  0.177876E-01  0.258529E-01  0.180417E-03
  0.182437E-01  0.253777E-01  0.178361E-03
  0.186998E-01  0.254820E-01  0.175221E-03
  0.191559E-01  0.252038E-01  0.170762E-03
  0.196120E-01  0.250829E-01  0.170765E-03
  0.200681E-01  0.249194E-01  0.166462E-03
  0.205241E-01  0.246916E-01  0.162220E-03
  0.209802E-01  0.243476E-01  0.160751E-03
  0.214363E-01  0.239741E-01  0.157510E-03
  0.218924E-01  0.240056E-01  0.157816E-03
  0.223485E-01  0.239521E-01  0.153622E-03
  0.228046E-01  0.234874E-01  0.149419E-03
  0.232607E-01  0.233389E-01  0.150830E-03
  0.237168E-01  0.228903E-01  0.146451E-03
  0.241728E-01  0.227035E-01  0.145178E-03
  0.246289E-01  0.225174E-01  0.143198E-03
  0.250850E-01  0.224787E-01  0.142288E-03
  0.255411E-01  0.220727E-01  0.140734E-03
  0.259972E-01  0.218867E-01  0.136038E-03
  0.264533E-01  0.216891E-01  0.136663E-03
  0.269093E-01  0.214691E-01  0.135076E-03
  0.273654E-01  0.210683E-01  0.134633E-03
  0.278215E-01  0.208721E-01  0.132288E-03
  0.282776E-01  0.207862E-01  0.128400E-03
  0.287337E-01  0.203934E-01  0.129087E-03
  0.291898E-01  0.201023E-01  0.127142E-03
  0.296458E-01  0.197686E-01  0.127290E-03
  0.301019E-01  0.195825E-01  0.124830E-03
  0.305580E-01  0.195186E-01  0.123284E-03
  0.310141E-01  0.191221E-01  0.123275E-03
  0.314702E-01  0.191585E-01  0.121270E-03
  0.319262E-01  0.187083E-01  0.118150E-03
  0.323823E-01  0.185175E-01  0.120145E-03
  0.328384E-01  0.181185E-01  0.117284E-03
  0.332945E-01  0.181284E-01  0.117424E-03
  0.337506E-01  0.177574E-01  0.115174E-03
  0.342066E-01  0.177422E-01  0.114598E-03
  0.346627E-01  0.175224E-01  0.113035E-03
  0.351188E-01  0.172840E-01  0.112311E-03
  0.355749E-01  0.169349E-01  0.112678E-03
  0.360309E-01  0.168275E-01  0.110146E-03
  0.364870E-01  0.165561E-01  0.109843E-03
  0.369431E-01  0.163561E-01  0.109123E-03
  0.373992E-01  0.160912E-01  0.108160E-03
  0.378552E-01  0.158330E-01  0.106604E-03
  0.383113E-01  0.157854E-01  0.106630E-03
  0.387674E-01  0.156928E-01  0.106006E-03
  0.392235E-01  0.155443E-01  0.104938E-03
  0.396795E-01  0.152291E-01  0.102870E-03
  0.401356E-01  0.149167E-01  0.102547E-03
  0.405917E-01  0.147305E-01  0.102715E-03
  0.410478E-01  0.146399E-01  0.102356E-03
  0.415038E-01  0.144546E-01  0.100018E-03
  0.419599E-01  0.141536E-01  0.100665E-03
  0.424160E-01  0.140759E-01  0.994139E-04
  0.428720E-01  0.137734E-01  0.981212E-04
  0.433281E-01  0.138552E-01  0.975146E-04
  0.437842E-01  0.133024E-01  0.974838E-04
  0.442402E-01  0.132704E-01  0.970788E-04
  0.446963E-01  0.132832E-01  0.960601E-04
  0.451524E-01  0.131212E-01  0.958342E-04
  0.456084E-01  0.129923E-01  0.935647E-04
  0.460645E-01  0.127079E-01  0.946936E-04
  0.465206E-01  0.125365E-01  0.939846E-04
  0.469766E-01  0.124078E-01  0.932101E-04
  0.474327E-01  0.123200E-01  0.921572E-04
  0.478887E-01  0.120535E-01  0.914034E-04
  0.483448E-01  0.119516E-01  0.914685E-04
  0.488009E-01  0.118564E-01  0.906645E-04
  0.492569E-01  0.115783E-01  0.898342E-04
  0.497130E-01  0.114118E-01  0.906358E-04
  0.501690E-01  0.115153E-01  0.888139E-04
  0.506251E-01  0.113664E-01  0.888648E-04
  0.510812E-01  0.111296E-01  0.874423E-04
  0.515372E-01  0.108475E-01  0.874422E-04
  0.519933E-01  0.109349E-01  0.879889E-04
  0.524493E-01  0.106069E-01  0.863876E-04
  0.529054E-01  0.105367E-01  0.867520E-04
  0.533614E-01  0.103640E-01  0.852784E-04
  0.538175E-01  0.101239E-01  0.849963E-04
  0.542735E-01  0.102595E-01  0.866158E-04
  0.547296E-01  0.994192E-02  0.859422E-04
  0.551857E-01  0.989991E-02  0.869828E-04
  0.556417E-01  0.984628E-02  0.868684E-04
  0.560978E-01  0.966374E-02  0.869270E-04
  0.565538E-01  0.958181E-02  0.870588E-04
  0.570099E-01  0.948085E-02  0.858715E-04
  0.574659E-01  0.922853E-02  0.874893E-04
  0.579219E-01  0.925656E-02  0.869318E-04
  0.583780E-01  0.913310E-02  0.866876E-04
  0.588340E-01  0.894582E-02  0.863216E-04
  0.592901E-01  0.897311E-02  0.863694E-04
  0.597461E-01  0.887881E-02  0.864978E-04
  0.602022E-01  0.882744E-02  0.860827E-04
  0.606582E-01  0.864462E-02  0.859572E-04
  0.611143E-01  0.841197E-02  0.859658E-04
  0.615703E-01  0.832370E-02  0.851674E-04
  0.620264E-01  0.812427E-02  0.855872E-04
  0.624824E-01  0.832849E-02  0.855950E-04
  0.629384E-01  0.812997E-02  0.850512E-04
  0.633945E-01  0.800647E-02  0.856427E-04
  0.638505E-01  0.792373E-02  0.848309E-04
  0.643065E-01  0.779855E-02  0.852831E-04
  0.647626E-01  0.770767E-02  0.850735E-04
  0.652186E-01  0.775853E-02  0.841272E-04
  0.656747E-01  0.771791E-02  0.840201E-04
  0.661307E-01  0.758265E-02  0.840997E-04
  0.665867E-01  0.758219E-02  0.841221E-04
  0.670427E-01  0.744655E-02  0.844287E-04
  0.674988E-01  0.728726E-02  0.828652E-04
  0.679548E-01  0.730238E-02  0.832480E-04
  0.684108E-01  0.712188E-02  0.836110E-04
  0.688669E-01  0.725596E-02  0.828221E-04
  0.693229E-01  0.702111E-02  0.833050E-04
  0.697789E-01  0.710965E-02  0.819651E-04
  0.702349E-01  0.687462E-02  0.829285E-04
  0.706910E-01  0.676526E-02  0.819987E-04
  0.711470E-01  0.671343E-02  0.822056E-04
  0.716030E-01  0.670862E-02  0.825877E-04
  0.720590E-01  0.659204E-02  0.815169E-04
  0.725151E-01  0.656056E-02  0.815910E-04
  0.729711E-01  0.643182E-02  0.817526E-04
  0.734271E-01  0.642894E-02  0.807056E-04
  0.738831E-01  0.623292E-02  0.810111E-04
  0.743391E-01  0.635349E-02  0.806160E-04
  0.747952E-01  0.627448E-02  0.812116E-04
  0.752512E-01  0.606187E-02  0.806351E-04
  0.757072E-01  0.612337E-02  0.799254E-04
  0.761632E-01  0.608451E-02  0.805087E-04
  0.766192E-01  0.593177E-02  0.793060E-04
  0.770752E-01  0.580356E-02  0.800103E-04
  0.775312E-01  0.583677E-02  0.799164E-04
  0.779872E-01  0.578958E-02  0.793265E-04
  0.784433E-01  0.579592E-02  0.791279E-04
  0.788993E-01  0.570677E-02  0.789892E-04
  0.793553E-01  0.562376E-02  0.787313E-04
  0.798113E-01  0.555625E-02  0.789944E-04
  0.802673E-01  0.546611E-02  0.784959E-04
  0.807233E-01  0.542823E-02  0.781090E-04
  0.811793E-01  0.551077E-02  0.787757E-04
  0.816353E-01  0.538214E-02  0.780141E-04
  0.820913E-01  0.522471E-02  0.772889E-04
  0.825473E-01  0.532242E-02  0.782291E-04
  0.830033E-01  0.532955E-02  0.772993E-04
  0.834593E-01  0.518244E-02  0.776882E-04
  0.839153E-01  0.500205E-02  0.768249E-04
  0.843713E-01  0.525908E-02  0.771411E-04
  0.848273E-01  0.507548E-02  0.765436E-04
  0.852833E-01  0.500452E-02  0.763649E-04
  0.857393E-01  0.481103E-02  0.774932E-04
  0.861953E-01  0.488119E-02  0.759859E-04
  0.866512E-01  0.490664E-02  0.763540E-04
  0.871072E-01  0.471725E-02  0.758746E-04
  0.875632E-01  0.477182E-02  0.757752E-04
  0.880192E-01  0.470820E-02  0.758189E-04
  0.884752E-01  0.460980E-02  0.752711E-04
  0.889312E-01  0.468851E-02  0.756833E-04
  0.893872E-01  0.457195E-02  0.753802E-04
  0.898431E-01  0.445365E-02  0.750369E-04
  0.902991E-01  0.448999E-02  0.748826E-04
  0.907551E-01  0.448238E-02  0.748307E-04
  0.912111E-01  0.436022E-02  0.745769E-04
  0.916671E-01  0.436457E-02  0.748411E-04
  0.921230E-01  0.435272E-02  0.739232E-04
  0.925790E-01  0.429130E-02  0.745232E-04
  0.930350E-01  0.425772E-02  0.739718E-04
  0.934910E-01  0.408583E-02  0.737956E-04
  0.939469E-01  0.424243E-02  0.739075E-04
  0.944029E-01  0.425409E-02  0.734832E-04
  0.948589E-01  0.402933E-02  0.736062E-04
  0.953148E-01  0.408816E-02  0.734317E-04
  0.957708E-01  0.393269E-02  0.727665E-04
  0.962268E-01  0.398240E-02  0.729482E-04
  0.966827E-01  0.406411E-02  0.731470E-04
  0.971387E-01  0.393615E-02  0.731045E-04
  0.975947E-01  0.384708E-02  0.723874E-04
  0.980506E-01  0.390320E-02  0.724643E-04
  0.985066E-01  0.388548E-02  0.724937E-04
  0.989625E-01  0.388892E-02  0.719621E-04
  0.994185E-01  0.378622E-02  0.720983E-04
  0.998745E-01  0.377613E-02  0.714936E-04
  0.100330E+00  0.367795E-02  0.723836E-04
  0.100786E+00  0.377969E-02  0.714761E-04
  0.101242E+00  0.354644E-02  0.717778E-04
  0.101698E+00  0.374149E-02  0.713241E-04
  0.102154E+00  0.365248E-02  0.709789E-04
  0.102610E+00  0.347632E-02  0.717212E-04
  0.103066E+00  0.350742E-02  0.709995E-04
  0.103522E+00  0.359110E-02  0.705092E-04
  0.103978E+00  0.348280E-02  0.710186E-04
  0.104434E+00  0.346594E-02  0.704695E-04
  0.104890E+00  0.325649E-02  0.710525E-04
  0.105346E+00  0.334116E-02  0.698584E-04
  0.105802E+00  0.324012E-02  0.711490E-04
  0.106258E+00  0.343258E-02  0.725443E-04
  0.106714E+00  0.344261E-02  0.722846E-04
  0.107170E+00  0.331682E-02  0.730240E-04
  0.107625E+00  0.337578E-02  0.729511E-04
  0.108081E+00  0.336482E-02  0.729422E-04
  0.108537E+00  0.329609E-02  0.723613E-04
  0.108993E+00  0.318289E-02  0.709724E-04
  0.109449E+00  0.322417E-02  0.713263E-04
  0.109905E+00  0.323477E-02  0.706253E-04
  0.110361E+00  0.313166E-02  0.705896E-04
  0.110817E+00  0.308451E-02  0.706657E-04
  0.111273E+00  0.300266E-02  0.697042E-04
  0.111729E+00  0.318338E-02  0.704660E-04
  0.112185E+00  0.302081E-02  0.700397E-04
  0.112641E+00  0.297390E-02  0.698454E-04
  0.113097E+00  0.283747E-02  0.689694E-04
  0.113553E+00  0.303689E-02  0.694479E-04
  0.114008E+00  0.283535E-02  0.694237E-04
  0.114464E+00  0.292987E-02  0.690234E-04
  0.114920E+00  0.285829E-02  0.686007E-04
  0.115376E+00  0.289553E-02  0.690211E-04
  0.115832E+00  0.280762E-02  0.690176E-04
  0.116288E+00  0.281700E-02  0.683683E-04
  0.116744E+00  0.270164E-02  0.683113E-04
  0.117200E+00  0.290394E-02  0.681172E-04
  0.117656E+00  0.275240E-02  0.680430E-04
  0.118112E+00  0.280017E-02  0.685931E-04
  0.118568E+00  0.284282E-02  0.675291E-04
  0.119023E+00  0.276718E-02  0.677506E-04
  0.119479E+00  0.267408E-02  0.674957E-04
  0.119935E+00  0.265686E-02  0.675468E-04
  0.120391E+00  0.268322E-02  0.672581E-04
  0.120847E+00  0.262035E-02  0.665677E-04
  0.121303E+00  0.257973E-02  0.670813E-04
  0.121759E+00  0.257900E-02  0.666448E-04
  0.122215E+00  0.247756E-02  0.661933E-04
  0.122671E+00  0.263229E-02  0.668334E-04
  0.123126E+00  0.251576E-02  0.661372E-04
  0.123582E+00  0.241194E-02  0.669019E-04
  0.124038E+00  0.252853E-02  0.656976E-04
  0.124494E+00  0.247819E-02  0.660055E-04
  0.124950E+00  0.246682E-02  0.661896E-04
  0.125406E+00  0.246797E-02  0.658561E-04
  0.125862E+00  0.245861E-02  0.658396E-04
  0.126318E+00  0.250200E-02  0.655790E-04
  0.126773E+00  0.242208E-02  0.655579E-04
  0.127229E+00  0.230248E-02  0.657988E-04
  0.127685E+00  0.236360E-02  0.650816E-04
  0.128141E+00  0.224628E-02  0.652575E-04
  0.128597E+00  0.233899E-02  0.650454E-04
  0.129053E+00  0.250930E-02  0.653678E-04
  0.129509E+00  0.237976E-02  0.662645E-04
  0.129965E+00  0.225844E-02  0.665203E-04
  0.130420E+00  0.233335E-02  0.670902E-04
  0.130876E+00  0.219461E-02  0.678062E-04
  0.131332E+00  0.220532E-02  0.686267E-04
  0.131788E+00  0.224769E-02  0.675391E-04
  0.132244E+00  0.218592E-02  0.683789E-04
  0.132700E+00  0.212463E-02  0.682033E-04
  0.133156E+00  0.216221E-02  0.687185E-04
  0.133611E+00  0.217216E-02  0.685867E-04
  0.134067E+00  0.211756E-02  0.687408E-04
  0.134523E+00  0.211275E-02  0.685522E-04
  0.134979E+00  0.214221E-02  0.688272E-04
  0.135435E+00  0.200377E-02  0.683880E-04
  0.135890E+00  0.213354E-02  0.687682E-04
  0.136346E+00  0.208573E-02  0.683145E-04
  0.136802E+00  0.209798E-02  0.694069E-04
  0.137258E+00  0.216388E-02  0.687931E-04
  0.137714E+00  0.218218E-02  0.692766E-04
  0.138170E+00  0.208396E-02  0.690654E-04
  0.138626E+00  0.208741E-02  0.694430E-04
  0.139081E+00  0.209323E-02  0.698210E-04
  0.139537E+00  0.209089E-02  0.692117E-04
  0.139993E+00  0.197227E-02  0.696200E-04
  0.140449E+00  0.202482E-02  0.694634E-04
  0.140905E+00  0.183232E-02  0.691263E-04
  0.141361E+00  0.195071E-02  0.698102E-04
  0.141816E+00  0.194616E-02  0.695195E-04
  0.142272E+00  0.208373E-02  0.698128E-04
  0.142728E+00  0.186095E-02  0.692628E-04
  0.143184E+00  0.192242E-02  0.691480E-04
  0.143640E+00  0.192029E-02  0.698262E-04
  0.144095E+00  0.189148E-02  0.687513E-04
  0.144551E+00  0.185327E-02  0.698565E-04
  0.145007E+00  0.202158E-02  0.689775E-04
  0.145463E+00  0.180814E-02  0.694039E-04
  0.145919E+00  0.191581E-02  0.690539E-04
  0.146374E+00  0.180144E-02  0.691015E-04
  0.146830E+00  0.175930E-02  0.693451E-04
  0.147286E+00  0.173387E-02  0.689042E-04
  0.147742E+00  0.184949E-02  0.690848E-04
  0.148198E+00  0.168032E-02  0.688059E-04
  0.148653E+00  0.182937E-02  0.689395E-04
  0.149109E+00  0.183480E-02  0.692156E-04
  0.149565E+00  0.168567E-02  0.685054E-04
  0.150021E+00  0.177502E-02  0.690750E-04
  0.150476E+00  0.183125E-02  0.688213E-04
  0.150932E+00  0.166337E-02  0.689003E-04
  0.151388E+00  0.170490E-02  0.687421E-04
  0.151844E+00  0.174700E-02  0.683974E-04
  0.152300E+00  0.165210E-02  0.686194E-04
  0.152755E+00  0.162429E-02  0.688487E-04
  0.153211E+00  0.162342E-02  0.684834E-04
  0.153667E+00  0.171353E-02  0.684825E-04
  0.154123E+00  0.169698E-02  0.683901E-04
  0.154578E+00  0.170592E-02  0.686237E-04
  0.155034E+00  0.177318E-02  0.679583E-04
  0.155490E+00  0.148345E-02  0.683906E-04
  0.155946E+00  0.166538E-02  0.682958E-04
  0.156401E+00  0.169856E-02  0.685711E-04
  0.156857E+00  0.154156E-02  0.681728E-04
  0.157313E+00  0.179777E-02  0.677991E-04
  0.157769E+00  0.163795E-02  0.681422E-04
  0.158224E+00  0.155638E-02  0.681842E-04
  0.158680E+00  0.172779E-02  0.680919E-04
  0.159136E+00  0.156380E-02  0.679784E-04
  0.159592E+00  0.163489E-02  0.674668E-04
  0.160047E+00  0.152610E-02  0.679243E-04
  0.160503E+00  0.146799E-02  0.681453E-04
  0.160959E+00  0.157005E-02  0.677999E-04
  0.161415E+00  0.156095E-02  0.674209E-04
  0.161870E+00  0.134041E-02  0.678351E-04
  0.162326E+00  0.143158E-02  0.675823E-04
  0.162782E+00  0.140336E-02  0.674954E-04
  0.163238E+00  0.145723E-02  0.678018E-04
  0.163693E+00  0.154830E-02  0.669308E-04
  0.164149E+00  0.153466E-02  0.681363E-04
  0.164605E+00  0.151071E-02  0.672595E-04
  0.165060E+00  0.131720E-02  0.672111E-04
  0.165516E+00  0.141744E-02  0.674246E-04
  0.165972E+00  0.145453E-02  0.668615E-04
  0.166428E+00  0.148613E-02  0.678010E-04
  0.166883E+00  0.138207E-02  0.667386E-04
  0.167339E+00  0.137680E-02  0.670882E-04
  0.167795E+00  0.142618E-02  0.673752E-04
  0.168250E+00  0.135446E-02  0.667046E-04
  0.168706E+00  0.138506E-02  0.677502E-04
  0.169162E+00  0.130272E-02  0.661005E-04
  0.169617E+00  0.132009E-02  0.670252E-04
  0.170073E+00  0.135716E-02  0.669626E-04
  0.170529E+00  0.136538E-02  0.667923E-04
  0.170985E+00  0.129536E-02  0.667636E-04
  0.171440E+00  0.135561E-02  0.665473E-04
  0.171896E+00  0.142307E-02  0.668520E-04
  0.172352E+00  0.135922E-02  0.669044E-04
  0.172807E+00  0.135101E-02  0.661011E-04
  0.173263E+00  0.125281E-02  0.667886E-04
  0.173719E+00  0.120497E-02  0.661553E-04
  0.174174E+00  0.126055E-02  0.668549E-04
  0.174630E+00  0.136615E-02  0.662532E-04
  0.175086E+00  0.129034E-02  0.660974E-04
  0.175541E+00  0.122715E-02  0.665754E-04
  0.175997E+00  0.131474E-02  0.660623E-04
  0.176453E+00  0.134172E-02  0.667282E-04
  0.176908E+00  0.134422E-02  0.657243E-04
  0.177364E+00  0.117077E-02  0.660954E-04
  0.177820E+00  0.125055E-02  0.660878E-04
  0.178275E+00  0.139446E-02  0.660196E-04
  0.178731E+00  0.122156E-02  0.659982E-04
  0.179186E+00  0.133013E-02  0.660507E-04
  0.179642E+00  0.128245E-02  0.659912E-04
  0.180098E+00  0.121539E-02  0.669542E-04
  0.180554E+00  0.128772E-02  0.675039E-04
  0.181009E+00  0.123829E-02  0.685850E-04
  0.181465E+00  0.137412E-02  0.693218E-04
  0.181920E+00  0.103827E-02  0.696688E-04
  0.182376E+00  0.118293E-02  0.697519E-04
  0.182832E+00  0.128704E-02  0.702200E-04
  0.183287E+00  0.123546E-02  0.711026E-04
  0.183743E+00  0.118932E-02  0.710107E-04
  0.184198E+00  0.134765E-02  0.718966E-04
  0.184654E+00  0.122481E-02  0.711495E-04
  0.185110E+00  0.126537E-02  0.720837E-04
  0.185565E+00  0.124922E-02  0.727964E-04
  0.186021E+00  0.109139E-02  0.723277E-04
  0.186477E+00  0.114717E-02  0.729090E-04
  0.186932E+00  0.124938E-02  0.729366E-04
  0.187388E+00  0.121969E-02  0.741884E-04
  0.187843E+00  0.113471E-02  0.735013E-04
  0.188299E+00  0.117270E-02  0.731702E-04
  0.188755E+00  0.120860E-02  0.729853E-04
  0.189210E+00  0.117061E-02  0.715128E-04
  0.189666E+00  0.117150E-02  0.711829E-04
  0.190121E+00  0.109438E-02  0.705493E-04
  0.190577E+00  0.107467E-02  0.698642E-04
  0.191033E+00  0.112764E-02  0.700222E-04
  0.191488E+00  0.104545E-02  0.694997E-04
  0.191944E+00  0.117483E-02  0.691627E-04
  0.192399E+00  0.115985E-02  0.687922E-04
  0.192855E+00  0.994454E-03  0.687898E-04
  0.193310E+00  0.105700E-02  0.691710E-04
  0.193766E+00  0.107683E-02  0.681993E-04
  0.194222E+00  0.114486E-02  0.680472E-04
  0.194677E+00  0.109116E-02  0.678505E-04
  0.195133E+00  0.104053E-02  0.683558E-04
  0.195588E+00  0.115149E-02  0.678206E-04
  0.196044E+00  0.104955E-02  0.673482E-04
  0.196499E+00  0.111494E-02  0.678903E-04
  0.196955E+00  0.111867E-02  0.673128E-04
  0.197411E+00  0.111635E-02  0.675362E-04
  0.197866E+00  0.104412E-02  0.669680E-04
  0.198322E+00  0.102920E-02  0.672507E-04
  0.198777E+00  0.972903E-03  0.674757E-04
  0.199233E+00  0.103513E-02  0.662723E-04
  0.199688E+00  0.109496E-02  0.669642E-04
  0.200144E+00  0.101437E-02  0.663231E-04
  0.200599E+00  0.104111E-02  0.665727E-04
  0.201055E+00  0.101592E-02  0.668503E-04
  0.201511E+00  0.975919E-03  0.666667E-04
  0.201966E+00  0.988220E-03  0.661284E-04
  0.202422E+00  0.981325E-03  0.661386E-04
  0.202877E+00  0.938122E-03  0.660479E-04
  0.203333E+00  0.946349E-03  0.660551E-04
  0.203788E+00  0.996451E-03  0.660767E-04
  0.204244E+00  0.965094E-03  0.660436E-04
  0.204699E+00  0.101766E-02  0.656056E-04
  0.205155E+00  0.102522E-02  0.658893E-04
  0.205610E+00  0.967359E-03  0.654081E-04
  0.206066E+00  0.993123E-03  0.654906E-04
  0.206521E+00  0.944510E-03  0.658752E-04
  0.206977E+00  0.851981E-03  0.653454E-04
  0.207432E+00  0.103374E-02  0.653967E-04
  0.207888E+00  0.920816E-03  0.651325E-04
  0.208343E+00  0.865637E-03  0.651593E-04
  0.208799E+00  0.869687E-03  0.650008E-04
  0.209254E+00  0.803209E-03  0.651938E-04
  0.209710E+00  0.853750E-03  0.646484E-04
  0.210165E+00  0.963435E-03  0.647677E-04
  0.210621E+00  0.907225E-03  0.649042E-04
  0.211076E+00  0.931943E-03  0.643250E-04
  0.211532E+00  0.900929E-03  0.645779E-04
  0.211987E+00  0.930327E-03  0.646809E-04
  0.212443E+00  0.872453E-03  0.644058E-04
  0.212898E+00  0.950793E-03  0.647060E-04
  0.213353E+00  0.878935E-03  0.637916E-04
  0.213809E+00  0.990365E-03  0.644832E-04
  0.214264E+00  0.918136E-03  0.639708E-04
  0.214720E+00  0.897210E-03  0.642032E-04
  0.215175E+00  0.901156E-03  0.641542E-04
  0.215631E+00  0.891370E-03  0.635931E-04
  0.216086E+00  0.903685E-03  0.644661E-04
  0.216542E+00  0.937326E-03  0.639049E-04
  0.216997E+00  0.108935E-02  0.638840E-04
  0.217452E+00  0.919914E-03  0.639238E-04
  0.217908E+00  0.801851E-03  0.632959E-04
  0.218363E+00  0.903070E-03  0.642704E-04
  0.218819E+00  0.921836E-03  0.634992E-04
  0.219274E+00  0.817962E-03  0.634154E-04
  0.219730E+00  0.895539E-03  0.639013E-04
  0.220185E+00  0.972575E-03  0.634496E-04
  0.220640E+00  0.768473E-03  0.638579E-04
  0.221096E+00  0.791937E-03  0.630283E-04
  0.221551E+00  0.952590E-03  0.634300E-04
  0.222007E+00  0.941526E-03  0.632017E-04
  0.222462E+00  0.825266E-03  0.629153E-04
  0.222917E+00  0.827047E-03  0.634121E-04
  0.223373E+00  0.904114E-03  0.626539E-04
  0.223828E+00  0.820283E-03  0.627921E-04
  0.224284E+00  0.789257E-03  0.627776E-04
  0.224739E+00  0.747904E-03  0.624663E-04
  0.225194E+00  0.742560E-03  0.625216E-04
  0.225650E+00  0.797350E-03  0.622827E-04
  0.226105E+00  0.750873E-03  0.623842E-04
  0.226561E+00  0.795022E-03  0.622919E-04
  0.227016E+00  0.734179E-03  0.615203E-04
  0.227471E+00  0.786257E-03  0.622465E-04
  0.227927E+00  0.770655E-03  0.616912E-04
  0.228382E+00  0.739545E-03  0.619307E-04
  0.228837E+00  0.814238E-03  0.613171E-04
  0.229293E+00  0.690441E-03  0.616630E-04
  0.229748E+00  0.787159E-03  0.614349E-04
  0.230204E+00  0.690334E-03  0.614917E-04
  0.230659E+00  0.841264E-03  0.617197E-04
  0.231114E+00  0.810054E-03  0.610693E-04
  0.231570E+00  0.844606E-03  0.615039E-04
  0.232025E+00  0.757067E-03  0.610918E-04
  0.232480E+00  0.831382E-03  0.613978E-04
  0.232936E+00  0.904582E-03  0.609248E-04
  0.233391E+00  0.768718E-03  0.614127E-04
  0.233846E+00  0.713821E-03  0.608745E-04
  0.234302E+00  0.797282E-03  0.609819E-04
  0.234757E+00  0.647020E-03  0.611925E-04
  0.235212E+00  0.906127E-03  0.610307E-04
  0.235668E+00  0.776550E-03  0.609672E-04
  0.236123E+00  0.719147E-03  0.610194E-04
  0.236578E+00  0.813891E-03  0.601775E-04
  0.237034E+00  0.738847E-03  0.609007E-04
  0.237489E+00  0.695836E-03  0.607864E-04
  0.237944E+00  0.635605E-03  0.607106E-04
  0.238400E+00  0.759113E-03  0.608999E-04
  0.238855E+00  0.809165E-03  0.604296E-04
  0.239310E+00  0.768280E-03  0.606926E-04
  0.239765E+00  0.782272E-03  0.602945E-04
  0.240221E+00  0.761908E-03  0.604629E-04
  0.240676E+00  0.716125E-03  0.603112E-04
  0.241131E+00  0.646298E-03  0.605064E-04
  0.241587E+00  0.728408E-03  0.607416E-04
  0.242042E+00  0.683523E-03  0.600427E-04
  0.242497E+00  0.734858E-03  0.599020E-04
  0.242952E+00  0.715505E-03  0.601837E-04
  0.243408E+00  0.648295E-03  0.605085E-04
  0.243863E+00  0.749918E-03  0.603169E-04
  0.244318E+00  0.709358E-03  0.596993E-04
  0.244774E+00  0.805531E-03  0.601753E-04
  0.245229E+00  0.697721E-03  0.597811E-04
  0.245684E+00  0.667717E-03  0.599534E-04
  0.246139E+00  0.755079E-03  0.599559E-04
  0.246595E+00  0.716179E-03  0.596154E-04
  0.247050E+00  0.709458E-03  0.602711E-04
  0.247505E+00  0.734424E-03  0.594710E-04
  0.247960E+00  0.731185E-03  0.597849E-04
  0.248416E+00  0.757885E-03  0.595712E-04
  0.248871E+00  0.566428E-03  0.596774E-04
  0.249326E+00  0.667515E-03  0.601271E-04
  0.249781E+00  0.656413E-03  0.593827E-04
  0.250236E+00  0.740967E-03  0.594847E-04
  0.250692E+00  0.794080E-03  0.592182E-04
  0.251147E+00  0.691681E-03  0.594609E-04
  0.251602E+00  0.667294E-03  0.596697E-04
  0.252057E+00  0.599702E-03  0.591740E-04
  0.252513E+00  0.642008E-03  0.597676E-04
  0.252968E+00  0.695843E-03  0.591876E-04
  0.253423E+00  0.693175E-03  0.592288E-04
  0.253878E+00  0.676614E-03  0.588934E-04
  0.254333E+00  0.718165E-03  0.592060E-04
  0.254789E+00  0.630780E-03  0.593578E-04
  0.255244E+00  0.668947E-03  0.590498E-04
  0.255699E+00  0.698261E-03  0.589550E-04
  0.256154E+00  0.654893E-03  0.586799E-04
  0.256609E+00  0.602350E-03  0.592076E-04
  0.257064E+00  0.677625E-03  0.587742E-04
  0.257520E+00  0.685049E-03  0.592453E-04
  0.257975E+00  0.647472E-03  0.584347E-04
  0.258430E+00  0.642416E-03  0.589947E-04
  0.258885E+00  0.705003E-03  0.586419E-04
  0.259340E+00  0.714223E-03  0.588100E-04
  0.259796E+00  0.669853E-03  0.584524E-04
  0.260251E+00  0.654332E-03  0.586839E-04
  0.260706E+00  0.638766E-03  0.587551E-04
  0.261161E+00  0.669629E-03  0.585998E-04
  0.261616E+00  0.657379E-03  0.583235E-04
  0.262071E+00  0.777418E-03  0.581187E-04
  0.262526E+00  0.735799E-03  0.587069E-04
  0.262982E+00  0.680334E-03  0.582887E-04
  0.263437E+00  0.687971E-03  0.583269E-04
  0.263892E+00  0.669807E-03  0.582081E-04
  0.264347E+00  0.563896E-03  0.583828E-04
  0.264802E+00  0.647096E-03  0.583593E-04
  0.265257E+00  0.687605E-03  0.578631E-04
  0.265712E+00  0.600234E-03  0.581660E-04
  0.266167E+00  0.584731E-03  0.581568E-04
  0.266623E+00  0.602481E-03  0.580705E-04
  0.267078E+00  0.551721E-03  0.580267E-04
  0.267533E+00  0.622470E-03  0.576301E-04
  0.267988E+00  0.643271E-03  0.583969E-04
  0.268443E+00  0.501051E-03  0.579560E-04
  0.268898E+00  0.574893E-03  0.579357E-04
  0.269353E+00  0.591830E-03  0.576453E-04
  0.269808E+00  0.517997E-03  0.577213E-04
  0.270263E+00  0.596239E-03  0.578590E-04
  0.270718E+00  0.634662E-03  0.576652E-04
  0.271174E+00  0.632064E-03  0.576298E-04
  0.271628E+00  0.704827E-03  0.576855E-04
  0.272084E+00  0.610078E-03  0.577380E-04
  0.272539E+00  0.671205E-03  0.575265E-04
  0.272994E+00  0.654145E-03  0.575456E-04
  0.273449E+00  0.723964E-03  0.573244E-04
  0.273904E+00  0.526359E-03  0.574565E-04
  0.274359E+00  0.575066E-03  0.576499E-04
  0.274814E+00  0.588555E-03  0.571882E-04
  0.275269E+00  0.576651E-03  0.572468E-04
  0.275724E+00  0.692422E-03  0.573955E-04
  0.276179E+00  0.591584E-03  0.573706E-04
  0.276634E+00  0.464582E-03  0.574799E-04
  0.277089E+00  0.521649E-03  0.566691E-04
  0.277544E+00  0.690508E-03  0.573067E-04
  0.277999E+00  0.577716E-03  0.571743E-04
  0.278454E+00  0.563926E-03  0.570728E-04
  0.278909E+00  0.698292E-03  0.571591E-04
  0.279364E+00  0.565815E-03  0.568491E-04
  0.279819E+00  0.483587E-03  0.571277E-04
  0.280274E+00  0.563271E-03  0.568756E-04
  0.280729E+00  0.572154E-03  0.569994E-04
  0.281184E+00  0.481204E-03  0.567906E-04
  0.281639E+00  0.474484E-03  0.564914E-04
  0.282094E+00  0.574540E-03  0.571473E-04
  0.282549E+00  0.591331E-03  0.567666E-04
  0.283004E+00  0.684340E-03  0.564589E-04
  0.283459E+00  0.490459E-03  0.570461E-04
  0.283914E+00  0.537878E-03  0.565574E-04
  0.284369E+00  0.491381E-03  0.568916E-04
  0.284824E+00  0.494494E-03  0.562001E-04
  0.285279E+00  0.543542E-03  0.568132E-04
  0.285734E+00  0.540256E-03  0.566453E-04
  0.286189E+00  0.484495E-03  0.564539E-04
  0.286644E+00  0.464983E-03  0.565893E-04
  0.287099E+00  0.604555E-03  0.559764E-04
  0.287554E+00  0.502324E-03  0.566202E-04
  0.288009E+00  0.520518E-03  0.562409E-04
  0.288464E+00  0.543125E-03  0.564313E-04
  0.288919E+00  0.521893E-03  0.563565E-04
  0.289374E+00  0.577471E-03  0.561929E-04
  0.289829E+00  0.583875E-03  0.562425E-04
  0.290284E+00  0.518557E-03  0.564562E-04
  0.290738E+00  0.439009E-03  0.558567E-04
  0.291193E+00  0.657446E-03  0.561675E-04
  0.291648E+00  0.474364E-03  0.560098E-04
  0.292103E+00  0.498945E-03  0.562781E-04
  0.292558E+00  0.524804E-03  0.556607E-04
  0.293013E+00  0.439936E-03  0.559347E-04
  0.293468E+00  0.641073E-03  0.561353E-04
  0.293923E+00  0.584111E-03  0.559716E-04
  0.294378E+00  0.581633E-03  0.560376E-04
  0.294833E+00  0.568825E-03  0.555422E-04
  0.295287E+00  0.505265E-03  0.559644E-04
  0.295742E+00  0.532607E-03  0.558516E-04
  0.296197E+00  0.515019E-03  0.555641E-04
  0.296652E+00  0.553661E-03  0.556387E-04
  0.297107E+00  0.476601E-03  0.557615E-04
  0.297562E+00  0.645269E-03  0.559565E-04
  0.298017E+00  0.642308E-03  0.556172E-04
  0.298472E+00  0.627516E-03  0.552302E-04
  0.298926E+00  0.512344E-03  0.555367E-04
  0.299381E+00  0.460108E-03  0.556717E-04
  0.299836E+00  0.538614E-03  0.557387E-04
  0.300291E+00  0.660024E-03  0.550436E-04
  0.300746E+00  0.628064E-03  0.556013E-04
  0.301201E+00  0.513417E-03  0.551946E-04
  0.301656E+00  0.501503E-03  0.555623E-04
  0.302110E+00  0.439205E-03  0.554246E-04
  0.302565E+00  0.462220E-03  0.550450E-04
  0.303020E+00  0.534887E-03  0.554458E-04
  0.303475E+00  0.478939E-03  0.552116E-04
  0.303930E+00  0.420685E-03  0.552841E-04
  0.304384E+00  0.528745E-03  0.549476E-04
  0.304839E+00  0.421869E-03  0.551425E-04
  0.305294E+00  0.572511E-03  0.564894E-04
  0.305749E+00  0.466756E-03  0.563696E-04
  0.306204E+00  0.524366E-03  0.576389E-04
  0.306658E+00  0.481546E-03  0.572564E-04
  0.307113E+00  0.595575E-03  0.581573E-04
  0.307568E+00  0.543627E-03  0.590485E-04
  0.308023E+00  0.467968E-03  0.583178E-04
  0.308478E+00  0.533298E-03  0.593433E-04
  0.308932E+00  0.483101E-03  0.592393E-04
  0.309387E+00  0.534074E-03  0.596137E-04
  0.309842E+00  0.490555E-03  0.599026E-04
  0.310297E+00  0.461850E-03  0.599219E-04
  0.310751E+00  0.361394E-03  0.606549E-04
  0.311206E+00  0.504917E-03  0.602867E-04
  0.311661E+00  0.362325E-03  0.609157E-04
  0.312116E+00  0.441008E-03  0.609996E-04
  0.312570E+00  0.388395E-03  0.611260E-04
  0.313025E+00  0.459142E-03  0.619238E-04
  0.313480E+00  0.516069E-03  0.611815E-04
  0.313935E+00  0.519134E-03  0.604873E-04
  0.314389E+00  0.466184E-03  0.601662E-04
  0.314844E+00  0.482088E-03  0.593201E-04
  0.315299E+00  0.445541E-03  0.594165E-04
  0.315753E+00  0.538266E-03  0.580788E-04
  0.316208E+00  0.461331E-03  0.587373E-04
  0.316663E+00  0.519279E-03  0.585390E-04
  0.317117E+00  0.510567E-03  0.582056E-04
  0.317572E+00  0.474562E-03  0.577415E-04
  0.318027E+00  0.467028E-03  0.574005E-04
  0.318482E+00  0.411479E-03  0.579529E-04
  0.318936E+00  0.485623E-03  0.574292E-04
  0.319391E+00  0.502118E-03  0.574484E-04
  0.319846E+00  0.520438E-03  0.571182E-04
  0.320300E+00  0.536388E-03  0.573193E-04
  0.320755E+00  0.526296E-03  0.571143E-04
  0.321210E+00  0.562814E-03  0.567895E-04
  0.321664E+00  0.532488E-03  0.569769E-04
  0.322119E+00  0.538546E-03  0.568286E-04
  0.322574E+00  0.545318E-03  0.568488E-04
  0.323028E+00  0.456008E-03  0.567327E-04
  0.323483E+00  0.384932E-03  0.562107E-04
  0.323938E+00  0.552425E-03  0.564726E-04
  0.324392E+00  0.421749E-03  0.561985E-04
  0.324847E+00  0.493469E-03  0.566927E-04
  0.325302E+00  0.540041E-03  0.557326E-04
  0.325756E+00  0.499702E-03  0.561815E-04
  0.326211E+00  0.396571E-03  0.560685E-04
  0.326665E+00  0.445604E-03  0.558800E-04
  0.327120E+00  0.403444E-03  0.558342E-04
  0.327575E+00  0.380794E-03  0.557256E-04
  0.328029E+00  0.475750E-03  0.561329E-04
  0.328484E+00  0.455065E-03  0.557253E-04
  0.328938E+00  0.373898E-03  0.554220E-04
  0.329393E+00  0.392788E-03  0.555391E-04
  0.329848E+00  0.402711E-03  0.554582E-04
  0.330302E+00  0.428083E-03  0.557678E-04
  0.330757E+00  0.523413E-03  0.555416E-04
  0.331211E+00  0.337382E-03  0.552195E-04
  0.331666E+00  0.523427E-03  0.555515E-04
  0.332120E+00  0.407853E-03  0.552110E-04
  0.332575E+00  0.377676E-03  0.554423E-04
  0.333030E+00  0.405689E-03  0.548552E-04
  0.333484E+00  0.536743E-03  0.548483E-04
  0.333939E+00  0.563950E-03  0.554342E-04
  0.334393E+00  0.384818E-03  0.545715E-04
  0.334848E+00  0.402546E-03  0.547677E-04
  0.335302E+00  0.401320E-03  0.543125E-04
  0.335757E+00  0.454932E-03  0.547592E-04
  0.336211E+00  0.359356E-03  0.547495E-04
  0.336666E+00  0.394828E-03  0.539264E-04
  0.337120E+00  0.369932E-03  0.545075E-04
  0.337575E+00  0.496778E-03  0.537883E-04
  0.338029E+00  0.406990E-03  0.542382E-04
  0.338484E+00  0.482841E-03  0.540742E-04
  0.338938E+00  0.439449E-03  0.536748E-04
  0.339393E+00  0.422153E-03  0.540774E-04
  0.339847E+00  0.469219E-03  0.535962E-04
  0.340302E+00  0.396815E-03  0.538910E-04
  0.340756E+00  0.423462E-03  0.535314E-04
  0.341211E+00  0.388928E-03  0.538797E-04
  0.341665E+00  0.384292E-03  0.536838E-04
  0.342120E+00  0.479060E-03  0.537273E-04
  0.342574E+00  0.515761E-03  0.544906E-04
  0.343029E+00  0.389538E-03  0.549179E-04
  0.343483E+00  0.385585E-03  0.558846E-04
  0.343938E+00  0.508040E-03  0.560789E-04
  0.344392E+00  0.366637E-03  0.566395E-04
  0.344847E+00  0.440882E-03  0.569749E-04
  0.345301E+00  0.422857E-03  0.573200E-04
  0.345755E+00  0.491427E-03  0.574669E-04
  0.346210E+00  0.429109E-03  0.575600E-04
  0.346664E+00  0.415919E-03  0.583397E-04
  0.347119E+00  0.384383E-03  0.583409E-04
  0.347573E+00  0.485165E-03  0.581303E-04
  0.348028E+00  0.514630E-03  0.585604E-04
  0.348482E+00  0.473337E-03  0.579737E-04
  0.348936E+00  0.383383E-03  0.586667E-04
  0.349391E+00  0.336964E-03  0.588597E-04
  0.349845E+00  0.377805E-03  0.587086E-04
  0.350300E+00  0.392618E-03  0.587515E-04
  0.350754E+00  0.337264E-03  0.585115E-04
  0.351208E+00  0.413912E-03  0.591502E-04
  0.351663E+00  0.429704E-03  0.587821E-04
  0.352117E+00  0.353027E-03  0.588099E-04
  0.352571E+00  0.500944E-03  0.593445E-04
  0.353026E+00  0.316039E-03  0.589973E-04
  0.353480E+00  0.320492E-03  0.596292E-04
  0.353935E+00  0.368789E-03  0.589225E-04
  0.354389E+00  0.461515E-03  0.590112E-04
  0.354843E+00  0.338424E-03  0.594737E-04
  0.355298E+00  0.267285E-03  0.593701E-04
  0.355752E+00  0.367888E-03  0.601964E-04
  0.356206E+00  0.449041E-03  0.587697E-04
  0.356661E+00  0.401865E-03  0.595573E-04
  0.357115E+00  0.365460E-03  0.597029E-04
  0.357569E+00  0.332178E-03  0.596174E-04
  0.358024E+00  0.383008E-03  0.600524E-04
  0.358478E+00  0.345464E-03  0.593111E-04
  0.358932E+00  0.452636E-03  0.600130E-04
  0.359387E+00  0.424645E-03  0.599505E-04
  0.359841E+00  0.422856E-03  0.596186E-04
  0.360295E+00  0.413688E-03  0.600378E-04
  0.360750E+00  0.398513E-03  0.599754E-04
  0.361204E+00  0.515665E-03  0.603444E-04
  0.361658E+00  0.428588E-03  0.597491E-04
  0.362112E+00  0.414771E-03  0.601872E-04
  0.362567E+00  0.336608E-03  0.600336E-04
  0.363021E+00  0.383823E-03  0.601823E-04
  0.363475E+00  0.387472E-03  0.607024E-04
  0.363929E+00  0.573628E-03  0.598559E-04
  0.364384E+00  0.342589E-03  0.601182E-04
  0.364838E+00  0.441520E-03  0.604065E-04
  0.365292E+00  0.375469E-03  0.605576E-04
  0.365746E+00  0.383172E-03  0.601955E-04
  0.366201E+00  0.354059E-03  0.601494E-04
  0.366655E+00  0.387597E-03  0.606151E-04
  0.367109E+00  0.383327E-03  0.606733E-04
  0.367563E+00  0.330338E-03  0.603183E-04
  0.368018E+00  0.405784E-03  0.607001E-04
  0.368472E+00  0.506459E-03  0.604755E-04
  0.368926E+00  0.332124E-03  0.607742E-04
  0.369380E+00  0.432869E-03  0.604603E-04
  0.369834E+00  0.364606E-03  0.606443E-04
  0.370289E+00  0.366973E-03  0.606431E-04
  0.370743E+00  0.405770E-03  0.609171E-04
  0.371197E+00  0.381716E-03  0.608132E-04
  0.371651E+00  0.387566E-03  0.604074E-04
  0.372105E+00  0.405273E-03  0.608976E-04
  0.372559E+00  0.416667E-03  0.608583E-04
  0.373014E+00  0.378184E-03  0.613082E-04
  0.373468E+00  0.477359E-03  0.605152E-04
  0.373922E+00  0.270155E-03  0.609830E-04
  0.374376E+00  0.424092E-03  0.611935E-04
  0.374830E+00  0.297648E-03  0.610013E-04
  0.375284E+00  0.317600E-03  0.610152E-04
  0.375739E+00  0.386343E-03  0.607280E-04
  0.376193E+00  0.338075E-03  0.613420E-04
  0.376647E+00  0.435255E-03  0.612511E-04
  0.377101E+00  0.466544E-03  0.606088E-04
  0.377555E+00  0.351456E-03  0.614444E-04
  0.378009E+00  0.311124E-03  0.609197E-04
  0.378463E+00  0.360932E-03  0.614230E-04
  0.378917E+00  0.356430E-03  0.615996E-04
  0.379371E+00  0.372710E-03  0.604928E-04
  0.379826E+00  0.329947E-03  0.616870E-04
  0.380280E+00  0.354983E-03  0.611380E-04
  0.380734E+00  0.339574E-03  0.615686E-04
  0.381188E+00  0.531944E-03  0.610308E-04
  0.381642E+00  0.236651E-03  0.612852E-04
  0.382096E+00  0.371654E-03  0.618564E-04
  0.382550E+00  0.311958E-03  0.610315E-04
  0.383004E+00  0.421687E-03  0.612660E-04
  0.383458E+00  0.432508E-03  0.615456E-04
  0.383912E+00  0.388442E-03  0.616083E-04
  0.384366E+00  0.262275E-03  0.618335E-04
  0.384820E+00  0.272554E-03  0.610930E-04
  0.385274E+00  0.400848E-03  0.615306E-04
  0.385728E+00  0.291161E-03  0.612365E-04
  0.386182E+00  0.334776E-03  0.617573E-04
  0.386636E+00  0.426152E-03  0.618663E-04
  0.387091E+00  0.275596E-03  0.611194E-04
  0.387545E+00  0.382846E-03  0.617459E-04
  0.387999E+00  0.392443E-03  0.612007E-04
  0.388452E+00  0.419381E-03  0.614603E-04
  0.388906E+00  0.332680E-03  0.613993E-04
  0.389360E+00  0.434562E-03  0.614065E-04
  0.389815E+00  0.444060E-03  0.615073E-04
  0.390269E+00  0.297576E-03  0.609262E-04
  0.390722E+00  0.346370E-03  0.611114E-04
  0.391176E+00  0.347891E-03  0.610152E-04
  0.391630E+00  0.220925E-03  0.613133E-04
  0.392084E+00  0.366167E-03  0.615415E-04
  0.392538E+00  0.375728E-03  0.608725E-04
  0.392992E+00  0.262013E-03  0.615087E-04
  0.393446E+00  0.351668E-03  0.607866E-04
  0.393900E+00  0.312260E-03  0.618445E-04
  0.394354E+00  0.348956E-03  0.610672E-04
  0.394808E+00  0.296803E-03  0.614797E-04
  0.395262E+00  0.472236E-03  0.616131E-04
  0.395716E+00  0.235742E-03  0.608605E-04
  0.396170E+00  0.258638E-03  0.619354E-04
  0.396624E+00  0.324999E-03  0.609880E-04
  0.397078E+00  0.464749E-03  0.616250E-04
  0.397532E+00  0.256865E-03  0.618010E-04
  0.397985E+00  0.263999E-03  0.610920E-04
  0.398439E+00  0.415556E-03  0.617940E-04
  0.398893E+00  0.282865E-03  0.612550E-04
  0.399347E+00  0.378654E-03  0.615054E-04
  0.399801E+00  0.310000E-03  0.617802E-04
  0.400255E+00  0.232779E-03  0.614732E-04
  0.400709E+00  0.206532E-03  0.619789E-04
  0.401163E+00  0.302215E-03  0.613475E-04
  0.401617E+00  0.209548E-03  0.614850E-04
  0.402070E+00  0.321413E-03  0.616069E-04
  0.402524E+00  0.384786E-03  0.614886E-04
  0.402978E+00  0.292019E-03  0.622583E-04
  0.403432E+00  0.313596E-03  0.614227E-04
  0.403886E+00  0.373773E-03  0.617556E-04
  0.404340E+00  0.350933E-03  0.615773E-04
  0.404793E+00  0.287038E-03  0.616558E-04
  0.405247E+00  0.242633E-03  0.620888E-04
  0.405701E+00  0.393731E-03  0.616655E-04
  0.406155E+00  0.275835E-03  0.619364E-04
  0.406609E+00  0.311603E-03  0.615604E-04
  0.407062E+00  0.220541E-03  0.618894E-04
  0.407516E+00  0.323332E-03  0.619368E-04
  0.407970E+00  0.279876E-03  0.617818E-04
  0.408424E+00  0.328935E-03  0.620356E-04
  0.408878E+00  0.386736E-03  0.618514E-04
  0.409331E+00  0.268040E-03  0.621552E-04
  0.409785E+00  0.243244E-03  0.618310E-04
  0.410239E+00  0.436741E-03  0.616997E-04
  0.410693E+00  0.399886E-03  0.624241E-04
  0.411147E+00  0.342337E-03  0.619220E-04
  0.411600E+00  0.253145E-03  0.622749E-04
  0.412054E+00  0.260811E-03  0.615269E-04
  0.412508E+00  0.280829E-03  0.622314E-04
  0.412961E+00  0.309255E-03  0.621074E-04
  0.413415E+00  0.315608E-03  0.621740E-04
  0.413869E+00  0.354974E-03  0.620291E-04
  0.414323E+00  0.354107E-03  0.617894E-04
  0.414776E+00  0.340435E-03  0.624797E-04
  0.415230E+00  0.258010E-03  0.621015E-04
  0.415684E+00  0.353766E-03  0.621969E-04
  0.416137E+00  0.288991E-03  0.622045E-04
  0.416591E+00  0.260732E-03  0.620223E-04
  0.417045E+00  0.321392E-03  0.625619E-04
  0.417498E+00  0.204176E-03  0.619542E-04
  0.417952E+00  0.250085E-03  0.624766E-04
  0.418406E+00  0.189168E-03  0.623161E-04
  0.418859E+00  0.325884E-03  0.622876E-04
  0.419313E+00  0.286624E-03  0.624928E-04
  0.419767E+00  0.392305E-03  0.618732E-04
  0.420220E+00  0.269439E-03  0.626696E-04
  0.420674E+00  0.275219E-03  0.623433E-04
  0.421128E+00  0.360510E-03  0.623673E-04
  0.421581E+00  0.350867E-03  0.625383E-04
  0.422035E+00  0.307783E-03  0.621126E-04
  0.422489E+00  0.261705E-03  0.629374E-04
  0.422942E+00  0.190843E-03  0.620745E-04
  0.423396E+00  0.244978E-03  0.625435E-04
  0.423849E+00  0.218409E-03  0.628118E-04
  0.424303E+00  0.270380E-03  0.620018E-04
  0.424757E+00  0.413571E-03  0.630452E-04
  0.425210E+00  0.278584E-03  0.618150E-04
  0.425664E+00  0.310035E-03  0.628523E-04
  0.426117E+00  0.323959E-03  0.623644E-04
  0.426571E+00  0.265512E-03  0.626324E-04
  0.427025E+00  0.269597E-03  0.631205E-04
  0.427478E+00  0.253036E-03  0.620568E-04
  0.427932E+00  0.275697E-03  0.630573E-04
  0.428385E+00  0.170762E-03  0.623875E-04
  0.428839E+00  0.259442E-03  0.626373E-04
  0.429292E+00  0.391278E-03  0.630017E-04
  0.429746E+00  0.317773E-03  0.623626E-04
  0.430199E+00  0.253631E-03  0.628639E-04
  0.430653E+00  0.381300E-03  0.643866E-04
  0.431107E+00  0.304776E-03  0.654143E-04
  0.431560E+00  0.279282E-03  0.671632E-04
  0.432013E+00  0.241968E-03  0.678345E-04
  0.432467E+00  0.312861E-03  0.686901E-04
  0.432920E+00  0.303758E-03  0.690466E-04
  0.433374E+00  0.334985E-03  0.696133E-04
  0.433827E+00  0.363457E-03  0.711508E-04
  0.434281E+00  0.359641E-03  0.713077E-04
  0.434735E+00  0.271158E-03  0.718831E-04
  0.435188E+00  0.401640E-03  0.725479E-04
  0.435641E+00  0.314803E-03  0.727753E-04
  0.436095E+00  0.273285E-03  0.742116E-04
  0.436548E+00  0.435795E-03  0.742325E-04
  0.437002E+00  0.196797E-03  0.749330E-04
  0.437455E+00  0.352615E-03  0.753913E-04
  0.437909E+00  0.291938E-03  0.762263E-04
  0.438362E+00  0.264920E-03  0.767282E-04
  0.438816E+00  0.126885E-03  0.766337E-04
  0.439269E+00  0.317936E-03  0.780982E-04
  0.439722E+00  0.193868E-03  0.783877E-04
  0.440176E+00  0.374980E-03  0.790802E-04
  0.440629E+00  0.209420E-03  0.790467E-04
  0.441083E+00  0.354847E-03  0.798415E-04
  0.441536E+00  0.289115E-03  0.805462E-04
  0.441989E+00  0.240604E-03  0.814709E-04
  0.442443E+00  0.347929E-03  0.814791E-04
  0.442896E+00  0.460142E-03  0.819018E-04
  0.443350E+00  0.458423E-03  0.833550E-04
  0.443803E+00  0.205542E-03  0.825985E-04
  0.444256E+00  0.212985E-03  0.838212E-04
  0.444710E+00  0.400153E-03  0.839309E-04
  0.445163E+00  0.361081E-03  0.848295E-04
  0.445616E+00  0.254681E-03  0.863564E-04
  0.446070E+00  0.321575E-03  0.858238E-04
  0.446523E+00  0.214168E-03  0.864246E-04
  0.446976E+00  0.238699E-03  0.860883E-04
  0.447430E+00  0.402952E-03  0.880550E-04
  0.447883E+00  0.276891E-03  0.897975E-04
  0.448336E+00  0.291759E-03  0.875262E-04
  0.448790E+00  0.249284E-03  0.905087E-04
  0.449243E+00  0.409473E-03  0.892846E-04
  0.449696E+00  0.295494E-03  0.913669E-04
  0.450149E+00  0.185267E-03  0.905551E-04
  0.450603E+00  0.387202E-03  0.909364E-04
  0.451056E+00  0.414767E-03  0.927876E-04
  0.451509E+00  0.186292E-03  0.914450E-04
  0.451963E+00  0.378708E-03  0.928975E-04
  0.452416E+00  0.350281E-03  0.914670E-04
  0.452869E+00  0.415455E-03  0.933795E-04
  0.453322E+00  0.230705E-03  0.943600E-04
  0.453776E+00  0.184030E-03  0.931087E-04
  0.454229E+00  0.291697E-03  0.944807E-04
  0.454682E+00  0.245560E-03  0.934006E-04
  0.455135E+00  0.113197E-03  0.951102E-04
  0.455589E+00  0.284289E-03  0.966753E-04
  0.456042E+00  0.226408E-03  0.932791E-04
  0.456495E+00  0.325592E-03  0.969666E-04
  0.456948E+00  0.350580E-03  0.954346E-04
  0.457401E+00  0.391424E-03  0.970928E-04
  0.457854E+00  0.296140E-03  0.963826E-04
  0.458308E+00  0.647903E-04  0.963395E-04
  0.458761E+00  0.160131E-03  0.988618E-04
  0.459214E+00  0.109724E-03  0.961875E-04
  0.459667E+00  0.343834E-03  0.978393E-04
  0.460120E+00  0.296456E-03  0.964801E-04
  0.460574E+00  0.236694E-03  0.983121E-04
  0.461027E+00  0.314307E-03  0.993151E-04
  0.461480E+00  0.279348E-03  0.969125E-04
  0.461933E+00  0.288160E-03  0.982561E-04
  0.462386E+00  0.437186E-03  0.973126E-04
  0.462839E+00  0.110780E-03  0.994718E-04
  0.463292E+00  0.337125E-03  0.992629E-04
  0.463745E+00  0.272378E-03  0.971057E-04
  0.464199E+00  0.250623E-03  0.999539E-04
  0.464652E+00  0.444607E-03  0.980402E-04
  0.465105E+00  0.489358E-03  0.101320E-03
  0.465558E+00  0.325921E-03  0.984881E-04
  0.466011E+00  0.357480E-03  0.100396E-03
  0.466464E+00  0.195270E-03  0.102118E-03
  0.466917E+00  0.142098E-03  0.995343E-04
  0.467370E+00  0.213843E-03  0.102571E-03
  0.467823E+00  0.338131E-03  0.100537E-03
  0.468276E+00  0.393048E-03  0.102172E-03
  0.468730E+00  0.139289E-03  0.104055E-03
  0.469183E+00  0.309155E-03  0.101741E-03
  0.469635E+00  0.407902E-03  0.103972E-03
  0.470089E+00  0.201643E-03  0.101933E-03
  0.470542E+00  0.189563E-03  0.104728E-03
  0.470995E+00  0.185717E-03  0.105407E-03
  0.471448E+00  0.381246E-03  0.102961E-03
  0.471901E+00  0.334079E-03  0.107739E-03
  0.472354E+00  0.251177E-03  0.103604E-03
  0.472807E+00  0.334951E-03  0.107789E-03
  0.473260E+00  0.234105E-03  0.104528E-03
  0.473713E+00  0.100297E-03  0.106309E-03
  0.474166E+00  0.270184E-03  0.109445E-03
  0.474619E+00  0.211124E-03  0.105039E-03
  0.475072E+00  0.235178E-03  0.108997E-03
  0.475525E+00  0.375399E-03  0.106716E-03
  0.475977E+00  0.357947E-03  0.109040E-03
  0.476430E+00  0.108782E-03  0.110315E-03
  0.476883E+00  0.255465E-03  0.108567E-03
  0.477336E+00  0.121892E-03  0.110345E-03
  0.477789E+00  0.286890E-03  0.109471E-03
  0.478242E+00  0.633771E-04  0.111378E-03
  0.478695E+00  0.349181E-03  0.111438E-03
  0.479148E+00  0.614798E-04  0.110569E-03
  0.479601E+00  0.235548E-04  0.113040E-03
  0.480054E+00  0.309605E-03  0.111305E-03
  0.480507E+00  0.115799E-03  0.113950E-03
  0.480960E+00  0.212928E-03  0.112036E-03
  0.481413E+00  0.987594E-04  0.113722E-03
  0.481866E+00  0.240940E-03  0.113972E-03
  0.482318E+00  0.258024E-03  0.115193E-03
  0.482771E+00  0.217574E-03  0.115089E-03
  0.483224E+00  0.251336E-03  0.114760E-03
  0.483677E+00  0.403084E-03  0.116672E-03
  0.484130E+00  0.333144E-03  0.115879E-03
  0.484583E+00  0.322099E-03  0.117678E-03
  0.485036E+00  0.306076E-03  0.117511E-03
  0.485488E+00  0.830563E-04  0.117746E-03
  0.485941E+00  0.134169E-03  0.118924E-03
  0.486394E+00 -0.591422E-05  0.117772E-03
  0.486847E+00  0.158948E-03  0.120028E-03
  0.487300E+00  0.289418E-03  0.119947E-03
  0.487752E+00  0.356970E-04  0.119856E-03
  0.488205E+00  0.486535E-03  0.121991E-03
  0.488658E+00  0.262769E-03  0.119995E-03
  0.489111E+00  0.205059E-03  0.122016E-03
  0.489563E+00  0.227248E-03  0.122935E-03
  0.490016E+00  0.237919E-03  0.122532E-03
  0.490469E+00  0.433425E-03  0.123859E-03
  0.490922E+00  0.195579E-03  0.123083E-03
  0.491375E+00  0.415781E-03  0.125211E-03
  0.491827E+00  0.231848E-03  0.125856E-03
  0.492280E+00  0.270490E-04  0.125205E-03
  0.492733E+00  0.259723E-03  0.126035E-03
  0.493185E+00  0.283769E-03  0.126751E-03
  0.493638E+00  0.156279E-03  0.127759E-03
  0.494091E+00  0.872013E-04  0.128165E-03
  0.494544E+00  0.255761E-03  0.128093E-03
  0.494996E+00  0.206699E-03  0.129441E-03
  0.495449E+00  0.956150E-04  0.129812E-03
  0.495902E+00  0.196829E-03  0.130523E-03
  0.496354E+00  0.275023E-03  0.130507E-03
  0.496807E+00  0.380161E-03  0.132863E-03
  0.497260E+00  0.213685E-03  0.132464E-03
  0.497713E+00  0.319858E-03  0.132223E-03
  0.498165E+00  0.321001E-03  0.134126E-03
  0.498618E+00  0.405847E-03  0.134074E-03
  0.499070E+00  0.118930E-03  0.135595E-03
  0.499523E+00  0.267098E-03  0.135665E-03
  0.499976E+00  0.267702E-03  0.135741E-03
  0.500428E+00  0.111938E-03  0.137600E-03
  0.500881E+00  0.342159E-03  0.136816E-03
  0.501334E+00  0.259858E-03  0.138436E-03
  0.501786E+00  0.310218E-03  0.140110E-03
  0.502239E+00  0.155447E-03  0.138590E-03
  0.502691E+00  0.975038E-04  0.141606E-03
  0.503144E+00  0.458591E-03  0.141236E-03
  0.503597E+00  0.285564E-03  0.141961E-03
  0.504049E+00  0.187220E-03  0.143769E-03
  0.504502E+00 -0.199654E-04  0.142661E-03
  0.504954E+00  0.445687E-03  0.143711E-03
  0.505407E+00  0.200890E-03  0.146040E-03
  0.505859E+00  0.223564E-03  0.146034E-03
  0.506312E+00  0.143708E-03  0.148055E-03
  0.506764E+00  0.912066E-04  0.146937E-03
  0.507217E+00  0.428820E-03  0.147821E-03
  0.507670E+00  0.207901E-03  0.150369E-03
----------NiVPNT3_ChromX_Avg_crop.dat-----------------------------
Sample description: chromixs                                                    
Sample: chromixs  c= 0 mg/ml  Code: chromixs                                    
----------NiVPNT3_ChromX_Avg_crop.dat-----------------------------
