0.00611364	2.495896e+003	1.965510e+002
0.006388620000000001	2.432226e+003	1.777780e+002
0.0066635900000000005	2.557092e+003	1.741518e+002
0.00693857	2.694734e+003	1.552473e+002
0.007213540000000001	2.647330e+003	1.478811e+002
0.00748852	2.584657e+003	1.352544e+002
0.0077635	2.449893e+003	1.289424e+002
0.00803847	2.680183e+003	1.211728e+002
0.00831345	2.564012e+003	1.130081e+002
0.00858842	2.481489e+003	1.096375e+002
0.0088634	2.508180e+003	1.030947e+002
0.00913838	2.624838e+003	9.974211e+001
0.009413350000000001	2.561627e+003	9.317064e+001
0.009688330000000002	2.357336e+003	9.200171e+001
0.009963310000000001	2.452269e+003	8.759596e+001
0.0102383	2.466352e+003	8.411101e+001
0.010513300000000001	2.429391e+003	8.292786e+001
0.010788200000000001	2.437425e+003	7.756101e+001
0.0110632	2.461235e+003	7.802875e+001
0.0113382	2.523933e+003	7.568713e+001
0.0116132	2.511725e+003	7.232202e+001
0.0118881	2.473128e+003	7.133291e+001
0.012163100000000001	2.600505e+003	6.947401e+001
0.0124381	2.516043e+003	6.966948e+001
0.0127131	2.531242e+003	6.670083e+001
0.012988	2.478287e+003	6.493003e+001
0.013263	2.360969e+003	6.417318e+001
0.013538000000000001	2.381572e+003	6.316122e+001
0.013813	2.461278e+003	6.343165e+001
0.0140879	2.329761e+003	6.013489e+001
0.014362900000000001	2.450850e+003	6.091740e+001
0.014637900000000002	2.459554e+003	6.035180e+001
0.014912900000000002	2.347960e+003	5.761352e+001
0.015187899999999999	2.469713e+003	5.869963e+001
0.015462799999999999	2.430015e+003	5.626055e+001
0.0157378	2.506443e+003	5.779391e+001
0.0160128	2.429376e+003	5.628257e+001
0.0162878	2.273040e+003	5.480728e+001
0.0165627	2.445673e+003	5.491404e+001
0.0168377	2.471572e+003	5.404009e+001
0.0171127	2.308884e+003	5.416101e+001
0.017387700000000002	2.368725e+003	5.215544e+001
0.0176626	2.420113e+003	5.298936e+001
0.0179376	2.301422e+003	5.187352e+001
0.018212600000000002	2.414153e+003	5.158792e+001
0.018487600000000003	2.312122e+003	5.072174e+001
0.0187625	2.327101e+003	4.957223e+001
0.0190375	2.328547e+003	4.990208e+001
0.0193125	2.235269e+003	4.904037e+001
0.0195875	2.367312e+003	4.822976e+001
0.019862400000000002	2.276682e+003	4.835456e+001
0.0201374	2.296404e+003	4.703865e+001
0.0204124	2.336283e+003	4.779593e+001
0.0206874	2.338634e+003	4.710183e+001
0.020962300000000003	2.270229e+003	4.664758e+001
0.0212373	2.285810e+003	4.601581e+001
0.0215123	2.277475e+003	4.537180e+001
0.021787300000000002	2.244343e+003	4.597443e+001
0.022062300000000003	2.225172e+003	4.443761e+001
0.0223372	2.244112e+003	4.501382e+001
0.0226122	2.264921e+003	4.429881e+001
0.0228872	2.141001e+003	4.403817e+001
0.0231622	2.189603e+003	4.435657e+001
0.023437100000000002	2.257521e+003	4.273364e+001
0.0237121	2.186976e+003	4.296566e+001
0.0239871	2.189509e+003	4.229431e+001
0.0242621	2.257046e+003	4.247046e+001
0.024537000000000003	2.205236e+003	4.248887e+001
0.024812	2.171099e+003	4.187596e+001
0.025086999999999998	2.177441e+003	4.170303e+001
0.025362000000000003	2.174393e+003	4.096789e+001
0.025636900000000004	2.157481e+003	4.130159e+001
0.0259119	2.144959e+003	4.095333e+001
0.026186900000000003	2.195513e+003	4.036263e+001
0.0264619	2.159447e+003	4.091367e+001
0.0267368	2.130902e+003	3.937180e+001
0.027011800000000002	2.166733e+003	3.969798e+001
0.0272868	2.017074e+003	3.970211e+001
0.027561799999999997	2.171900e+003	3.926927e+001
0.027836800000000002	2.069302e+003	3.921226e+001
0.028111700000000003	2.118245e+003	3.855722e+001
0.0283867	2.032761e+003	3.849425e+001
0.028661700000000002	2.077836e+003	3.836777e+001
0.0289367	2.010717e+003	3.799138e+001
0.0292116	2.102279e+003	3.806887e+001
0.0294866	2.040465e+003	3.768621e+001
0.0297616	1.967624e+003	3.773642e+001
0.030036600000000004	2.045442e+003	3.689076e+001
0.030311500000000005	1.953368e+003	3.691737e+001
0.030586500000000003	2.012578e+003	3.704177e+001
0.0308615	1.955898e+003	3.653673e+001
0.0311365	1.938412e+003	3.672370e+001
0.0314114	1.999580e+003	3.589095e+001
0.031686399999999997	2.000940e+003	3.639869e+001
0.0319614	1.945140e+003	3.559104e+001
0.0322364	1.946786e+003	3.603703e+001
0.0325113	1.938673e+003	3.554092e+001
0.032786300000000004	1.938421e+003	3.495743e+001
0.0330613	1.906399e+003	3.562722e+001
0.033336300000000006	1.973147e+003	3.508804e+001
0.0336112	1.904593e+003	3.504361e+001
0.0338862	1.829721e+003	3.478141e+001
0.0341612	1.813819e+003	3.405031e+001
0.0344362	1.892728e+003	3.480147e+001
0.0347112	1.849053e+003	3.392737e+001
0.0349861	1.823658e+003	3.422529e+001
0.035261100000000004	1.815373e+003	3.364911e+001
0.0355361	1.842971e+003	3.353346e+001
0.035811100000000005	1.814059e+003	3.404994e+001
0.036086	1.824190e+003	3.296364e+001
0.036361	1.791344e+003	3.349257e+001
0.036636	1.828055e+003	3.330321e+001
0.036911	1.776561e+003	3.312245e+001
0.0371859	1.731357e+003	3.290217e+001
0.037460900000000005	1.784517e+003	3.246966e+001
0.0377359	1.780489e+003	3.269936e+001
0.0380109	1.745971e+003	3.214758e+001
0.0382858	1.723592e+003	3.241927e+001
0.038560800000000006	1.765587e+003	3.210480e+001
0.038835800000000004	1.751345e+003	3.192847e+001
0.0391108	1.700456e+003	3.212841e+001
0.0393857	1.716304e+003	3.158850e+001
0.0396607	1.757960e+003	3.190339e+001
0.039935700000000005	1.748374e+003	3.158272e+001
0.0402107	1.691593e+003	3.199960e+001
0.040485700000000006	1.650919e+003	3.202239e+001
0.04076060000000001	1.674063e+003	3.174948e+001
0.041035600000000005	1.649678e+003	3.223080e+001
0.0413106	1.685473e+003	3.176997e+001
0.0415856	1.656605e+003	3.221820e+001
0.0418605	1.633508e+003	3.166624e+001
0.0421355	1.644099e+003	3.174058e+001
0.042410500000000004	1.628880e+003	3.223217e+001
0.0426855	1.648486e+003	3.174511e+001
0.0429604	1.611704e+003	3.174413e+001
0.04323540000000001	1.594448e+003	3.108942e+001
0.043510400000000005	1.566483e+003	3.103514e+001
0.0437854	1.545479e+003	3.089602e+001
0.044060300000000004	1.556457e+003	3.029432e+001
0.0443353	1.519580e+003	3.069275e+001
0.044610300000000006	1.537412e+003	2.992768e+001
0.0448853	1.520573e+003	3.026728e+001
0.045160200000000005	1.529777e+003	3.045002e+001
0.0454352	1.520299e+003	2.944445e+001
0.045710200000000006	1.509448e+003	2.983703e+001
0.045985200000000004	1.497694e+003	2.916486e+001
0.0462602	1.454948e+003	2.949216e+001
0.0465351	1.481154e+003	2.939781e+001
0.0468101	1.467080e+003	2.898337e+001
0.047085100000000005	1.463222e+003	2.920577e+001
0.0473601	1.375206e+003	2.863428e+001
0.047635000000000004	1.465455e+003	2.904546e+001
0.04791000000000001	1.483934e+003	2.863042e+001
0.048185000000000006	1.638641e+003	2.985627e+001
0.04846	1.431016e+003	2.991496e+001
0.0487349	1.422626e+003	2.948383e+001
0.0490099	1.522968e+003	3.051400e+001
0.0492849	1.369433e+003	2.996798e+001
0.049559900000000004	1.382758e+003	3.093235e+001
0.049834800000000005	1.375020e+003	3.068783e+001
0.05010980000000001	1.410585e+003	3.028747e+001
0.0503848	1.375787e+003	3.105003e+001
0.050659800000000005	1.312021e+003	3.042321e+001
0.0509347	1.312871e+003	3.158670e+001
0.051209700000000004	1.295501e+003	3.078985e+001
0.05148470000000001	1.304306e+003	3.073498e+001
0.0517597	1.337289e+003	3.150070e+001
0.0520346	1.302945e+003	3.121394e+001
0.052309600000000005	1.322932e+003	3.148355e+001
0.05258460000000001	1.278844e+003	3.088954e+001
0.0528596	1.329361e+003	3.134450e+001
0.053134600000000004	1.283254e+003	3.162587e+001
0.0534095	1.297882e+003	3.129627e+001
0.0536845	1.274480e+003	3.191602e+001
0.05395950000000001	1.284095e+003	3.054766e+001
0.0542345	1.236186e+003	3.040628e+001
0.0545094	1.236497e+003	2.965924e+001
0.054784400000000004	1.236284e+003	2.909453e+001
0.05505940000000001	1.212565e+003	2.902336e+001
0.0553344	1.230369e+003	2.844989e+001
0.0556093	1.238430e+003	2.874243e+001
0.0558843	1.250404e+003	2.829710e+001
0.0561593	1.186259e+003	2.799552e+001
0.05643430000000001	1.184448e+003	2.808642e+001
0.05670920000000001	1.183143e+003	2.783124e+001
0.0569842	1.236642e+003	2.772694e+001
0.0572592	1.160581e+003	2.739393e+001
0.05753420000000001	1.189075e+003	2.710208e+001
0.0578091	1.194694e+003	2.757843e+001
0.05808410000000001	1.219846e+003	2.703301e+001
0.0583591	1.144054e+003	2.714537e+001
0.0586341	1.139531e+003	2.679364e+001
0.058909100000000006	1.135902e+003	2.668404e+001
0.05918400000000001	1.153783e+003	2.665655e+001
0.059459	1.108217e+003	2.650365e+001
0.059734	1.148353e+003	2.640989e+001
0.06000900000000001	1.118157e+003	2.637013e+001
0.0602839	1.133291e+003	2.631430e+001
0.060558900000000006	1.068854e+003	2.585549e+001
0.060833899999999996	1.078612e+003	2.604606e+001
0.0611089	1.070131e+003	2.601370e+001
0.0613838	1.047749e+003	2.577839e+001
0.06165880000000001	1.115751e+003	2.573337e+001
0.06193380000000001	1.094839e+003	2.551399e+001
0.0622088	1.080347e+003	2.562283e+001
0.0624837	1.049272e+003	2.534828e+001
0.0627587	1.025624e+003	2.517081e+001
0.06303370000000001	1.059551e+003	2.528261e+001
0.0633087	1.018075e+003	2.473996e+001
0.0635836	1.003105e+003	2.517554e+001
0.0638586	9.397688e+002	2.448667e+001
0.0641336	9.733914e+002	2.459226e+001
0.06440860000000001	9.690985e+002	2.446888e+001
0.0646835	9.342957e+002	2.436769e+001
0.0649585	1.019737e+003	2.473355e+001
0.0652335	1.026946e+003	2.400742e+001
0.06550850000000001	9.919379e+002	2.423413e+001
0.0657835	1.002789e+003	2.407891e+001
0.0660584	9.794434e+002	2.401494e+001
0.0663334	9.487422e+002	2.403015e+001
0.0666084	9.633128e+002	2.381108e+001
0.06688340000000001	8.915584e+002	2.389138e+001
0.0671583	9.652055e+002	2.381557e+001
0.0674333	9.798416e+002	2.374338e+001
0.0677083	9.399147e+002	2.373372e+001
0.06798330000000001	9.389813e+002	2.354698e+001
0.0682582	9.213544e+002	2.383814e+001
0.0685332	9.410630e+002	2.343817e+001
0.0688082	9.099917e+002	2.351708e+001
0.0690832	8.998349e+002	2.329301e+001
0.0693581	8.896731e+002	2.335539e+001
0.0696331	9.226336e+002	2.361832e+001
0.0699081	8.424602e+002	2.316562e+001
0.0701831	8.412498e+002	2.314720e+001
0.070458	9.273434e+002	2.318546e+001
0.070733	9.163584e+002	2.312240e+001
0.071008	8.945468e+002	2.299483e+001
0.071283	8.464398e+002	2.282845e+001
0.071558	8.372419e+002	2.282051e+001
0.0718329	8.352847e+002	2.267466e+001
0.0721079	8.286306e+002	2.290601e+001
0.0723829	8.789587e+002	2.262487e+001
0.0726579	8.429795e+002	2.253030e+001
0.0729328	8.281630e+002	2.274818e+001
0.0732078	8.207976e+002	2.245961e+001
0.0734828	8.210098e+002	2.230563e+001
0.0737578	8.203199e+002	2.245063e+001
0.07403269999999999	8.123709e+002	2.220213e+001
0.0743077	8.169349e+002	2.238730e+001
0.0745827	7.776783e+002	2.204177e+001
0.07485770000000001	8.103248e+002	2.213672e+001
0.07513260000000001	8.159581e+002	2.205427e+001
0.0754076	8.035581e+002	2.203057e+001
0.0756826	7.715593e+002	2.197168e+001
0.07595760000000001	7.738309e+002	2.179301e+001
0.07623250000000001	7.924835e+002	2.198970e+001
0.0765075	7.881177e+002	2.176177e+001
0.0767825	8.007190e+002	2.175936e+001
0.0770575	7.559223e+002	2.178432e+001
0.07733240000000001	7.373284e+002	2.154035e+001
0.0776074	7.444945e+002	2.166404e+001
0.0778824	7.517979e+002	2.124208e+001
0.0781574	7.480572e+002	2.151420e+001
0.07843240000000001	7.555171e+002	2.131722e+001
0.07870730000000001	7.162239e+002	2.143043e+001
0.0789823	7.661676e+002	2.148303e+001
0.0792573	7.101171e+002	2.098583e+001
0.0795323	7.458768e+002	2.122795e+001
0.07980720000000001	7.170095e+002	2.104734e+001
0.0800822	7.174125e+002	2.120614e+001
0.0803572	6.838774e+002	2.094431e+001
0.0806322	7.422266e+002	2.104174e+001
0.08090710000000001	7.023465e+002	2.105285e+001
0.08118210000000001	6.951352e+002	2.079697e+001
0.0814571	7.169511e+002	2.092485e+001
0.0817321	6.606076e+002	2.064037e+001
0.082007	7.073651e+002	2.067063e+001
0.08228200000000001	6.939101e+002	2.082931e+001
0.082557	6.768208e+002	2.053377e+001
0.082832	6.863878e+002	2.063288e+001
0.0831069	6.206560e+002	2.039923e+001
0.08338190000000001	7.061339e+002	2.077680e+001
0.0836569	6.339526e+002	2.038900e+001
0.0839319	7.017685e+002	2.030750e+001
0.0842069	6.930878e+002	2.042632e+001
0.0844818	6.343480e+002	2.026560e+001
0.08475680000000001	6.774893e+002	2.033161e+001
0.0850318	6.460642e+002	2.019849e+001
0.08530680000000002	6.542269e+002	2.015343e+001
0.08558170000000001	6.623838e+002	2.017713e+001
0.08585670000000001	6.534667e+002	2.016077e+001
0.0861317	6.043260e+002	2.002357e+001
0.0864067	5.937991e+002	1.988621e+001
0.08668160000000001	6.196382e+002	2.003924e+001
0.0869566	6.455966e+002	2.003423e+001
0.0872316	6.542223e+002	1.992994e+001
0.0875066	6.072850e+002	1.991917e+001
0.08778150000000001	6.133654e+002	1.961088e+001
0.08805650000000001	6.166606e+002	1.987463e+001
0.08833150000000001	6.235150e+002	1.976905e+001
0.0886065	6.192083e+002	1.961182e+001
0.0888814	5.680183e+002	1.968366e+001
0.08915640000000001	6.141847e+002	1.952247e+001
0.08943140000000001	5.699465e+002	1.969022e+001
0.0897064	5.926242e+002	1.944476e+001
0.0899814	6.002401e+002	1.944752e+001
0.09025630000000001	5.619590e+002	1.949172e+001
0.09053130000000001	5.920168e+002	1.926924e+001
0.0908063	5.757315e+002	1.954891e+001
0.0910813	5.731902e+002	1.907329e+001
0.0913562	6.048327e+002	1.934994e+001
0.09163120000000001	5.362896e+002	1.931867e+001
0.09190620000000001	5.524220e+002	1.909313e+001
0.0921812	5.937621e+002	1.935640e+001
0.0924561	5.641584e+002	1.900589e+001
0.09273110000000001	5.622352e+002	1.921355e+001
0.09300610000000001	5.614226e+002	1.910760e+001
0.0932811	5.704174e+002	1.896969e+001
0.093556	5.426709e+002	1.912231e+001
0.093831	5.233459e+002	1.922109e+001
0.09410600000000001	5.219544e+002	1.965097e+001
0.094381	5.393306e+002	1.945578e+001
0.09465590000000002	5.410657e+002	1.942414e+001
0.0949309	5.289370e+002	1.968099e+001
0.09520590000000001	5.469229e+002	1.965471e+001
0.09548090000000001	5.129379e+002	1.965358e+001
0.0957558	5.240018e+002	1.951447e+001
0.09603080000000001	5.310749e+002	1.972840e+001
0.0963058	5.167914e+002	1.975102e+001
0.09658080000000001	5.332284e+002	1.955486e+001
0.0968558	5.363398e+002	1.938169e+001
0.09713070000000001	5.078352e+002	1.903110e+001
0.0974057	5.102388e+002	1.914551e+001
0.09768070000000001	5.311731e+002	1.898882e+001
0.0979557	5.249361e+002	1.879174e+001
0.0982306	4.910517e+002	1.887285e+001
0.09850560000000001	5.353774e+002	1.879881e+001
0.0987806	5.018434e+002	1.899681e+001
0.09905560000000001	4.689725e+002	1.845972e+001
0.0993305	4.723248e+002	1.869846e+001
0.09960550000000001	4.801835e+002	1.863776e+001
0.09988050000000001	4.592193e+002	1.853275e+001
0.100155	5.140957e+002	1.864631e+001
0.10043	4.860606e+002	1.832279e+001
0.100705	4.903269e+002	1.863918e+001
0.10098000000000001	4.900333e+002	1.858637e+001
0.10125500000000001	4.950474e+002	1.831517e+001
0.10153000000000001	4.936820e+002	1.838217e+001
0.10180499999999999	4.813517e+002	1.814571e+001
0.10208	4.384645e+002	1.837776e+001
0.102355	4.890049e+002	1.829314e+001
0.10263	4.642101e+002	1.813337e+001
0.10290500000000001	4.638621e+002	1.821219e+001
0.10318000000000001	4.734037e+002	1.815281e+001
0.10345500000000002	4.762498e+002	1.822676e+001
0.10373000000000002	4.561043e+002	1.797580e+001
0.104005	4.435899e+002	1.804616e+001
0.10428	4.447159e+002	1.798795e+001
0.10455500000000001	4.522031e+002	1.795972e+001
0.10483	4.410563e+002	1.788588e+001
0.105105	4.470908e+002	1.784280e+001
0.10538000000000002	4.326040e+002	1.796387e+001
0.10565500000000001	4.412865e+002	1.781954e+001
0.10593	4.655612e+002	1.780824e+001
0.106205	4.721165e+002	1.768980e+001
0.10648	4.725618e+002	1.781262e+001
0.106755	4.412361e+002	1.808066e+001
0.10703000000000001	4.467355e+002	1.813219e+001
0.10730500000000001	4.161792e+002	1.834339e+001
0.10758000000000001	4.347930e+002	1.837049e+001
0.10785499999999999	4.060771e+002	1.839617e+001
0.10813	4.160037e+002	1.860754e+001
0.108405	4.351765e+002	1.840033e+001
0.10868	4.218095e+002	1.876115e+001
0.10895500000000001	4.577489e+002	1.883154e+001
0.10923000000000001	4.248333e+002	1.883674e+001
0.10950500000000002	4.321291e+002	1.892822e+001
0.10978000000000002	4.372459e+002	1.885444e+001
0.110055	3.931443e+002	1.913015e+001
0.11033	4.414159e+002	1.920619e+001
0.11060500000000001	4.481982e+002	1.921278e+001
0.11088	4.386615e+002	1.910125e+001
0.111155	3.997505e+002	1.913281e+001
0.111429	3.630584e+002	1.927296e+001
0.11170400000000001	4.244385e+002	1.915004e+001
0.11197900000000001	4.212428e+002	1.947346e+001
0.11225400000000002	4.146416e+002	1.920591e+001
0.11252899999999999	3.936841e+002	1.868417e+001
0.112804	4.083275e+002	1.871457e+001
0.113079	3.909590e+002	1.841903e+001
0.11335400000000001	3.844887e+002	1.852510e+001
0.11362900000000001	4.036070e+002	1.824154e+001
0.113904	3.971303e+002	1.820299e+001
0.11417900000000002	3.924676e+002	1.801528e+001
0.114454	3.816339e+002	1.784800e+001
0.114729	3.672495e+002	1.800255e+001
0.115004	3.651425e+002	1.778335e+001
0.115279	3.837609e+002	1.774123e+001
0.115554	4.002028e+002	1.760425e+001
0.11582900000000002	3.789859e+002	1.765991e+001
0.11610400000000001	3.780606e+002	1.778002e+001
0.11637900000000001	3.669171e+002	1.744066e+001
0.116654	3.643086e+002	1.749850e+001
0.116929	3.882566e+002	1.745387e+001
0.117204	4.046716e+002	1.745278e+001
0.117479	3.730138e+002	1.745019e+001
0.11775400000000001	3.602110e+002	1.718415e+001
0.11802900000000001	3.808920e+002	1.734578e+001
0.11830400000000002	3.740193e+002	1.717174e+001
0.11857899999999999	3.670771e+002	1.728768e+001
0.118854	3.570725e+002	1.716064e+001
0.119129	3.325789e+002	1.704515e+001
0.11940400000000001	3.665881e+002	1.725799e+001
0.11967900000000001	3.668639e+002	1.699009e+001
0.119954	3.654884e+002	1.712984e+001
0.12022900000000002	3.640144e+002	1.705231e+001
0.120504	3.458596e+002	1.698962e+001
0.120779	3.367251e+002	1.707671e+001
0.121054	3.304587e+002	1.686189e+001
0.121329	3.347416e+002	1.701539e+001
0.121604	3.509248e+002	1.676647e+001
0.12187900000000002	3.619141e+002	1.690588e+001
0.12215400000000001	3.398771e+002	1.684683e+001
0.12242900000000001	3.099156e+002	1.664186e+001
0.122704	3.560492e+002	1.687012e+001
0.12297800000000002	3.248220e+002	1.668455e+001
0.123253	3.446807e+002	1.676278e+001
0.123528	3.256933e+002	1.673649e+001
0.123803	3.135138e+002	1.659538e+001
0.12407800000000001	3.117003e+002	1.660773e+001
0.124353	3.184786e+002	1.648650e+001
0.12462800000000002	3.417107e+002	1.666271e+001
0.12490300000000001	3.449364e+002	1.651021e+001
0.12517799999999998	3.082199e+002	1.654092e+001
0.125453	3.464028e+002	1.655835e+001
0.125728	3.040872e+002	1.636043e+001
0.126003	3.220495e+002	1.653106e+001
0.126278	3.348413e+002	1.640312e+001
0.126553	3.407199e+002	1.644663e+001
0.12682800000000002	3.231080e+002	1.635827e+001
0.12710300000000002	3.460040e+002	1.620595e+001
0.127378	3.402703e+002	1.643701e+001
0.127653	3.088743e+002	1.623404e+001
0.12792800000000001	3.277991e+002	1.628301e+001
0.128203	3.083138e+002	1.621974e+001
0.128478	2.952080e+002	1.612887e+001
0.128753	3.145486e+002	1.624854e+001
0.129028	3.528358e+002	1.616287e+001
0.129303	3.267511e+002	1.612282e+001
0.129578	3.054725e+002	1.602914e+001
0.129853	2.992758e+002	1.617226e+001
0.130128	3.219911e+002	1.613959e+001
0.13040300000000002	3.050349e+002	1.594278e+001
0.13067800000000002	3.178645e+002	1.609391e+001
0.130953	3.036101e+002	1.590250e+001
0.13122799999999998	2.738312e+002	1.597970e+001
0.131503	3.309740e+002	1.596985e+001
0.131778	3.233428e+002	1.590667e+001
0.132053	3.005015e+002	1.588747e+001
0.132328	2.960774e+002	1.582883e+001
0.132603	3.032774e+002	1.588257e+001
0.13287800000000002	3.404401e+002	1.581787e+001
0.13315300000000002	3.248700e+002	1.585630e+001
0.133428	2.642936e+002	1.575866e+001
0.133703	3.160651e+002	1.577879e+001
0.133978	2.934251e+002	1.572793e+001
0.134253	3.029431e+002	1.563926e+001
0.134527	2.865618e+002	1.570325e+001
0.134802	2.965367e+002	1.567797e+001
0.135077	2.652584e+002	1.561072e+001
0.135352	3.047385e+002	1.557297e+001
0.13562700000000003	2.860205e+002	1.557976e+001
0.135902	2.790865e+002	1.563711e+001
0.136177	3.314116e+002	1.554535e+001
0.136452	2.978058e+002	1.560891e+001
0.13672700000000002	2.984220e+002	1.551437e+001
0.137002	2.610379e+002	1.551066e+001
0.137277	2.797358e+002	1.551705e+001
0.137552	3.075352e+002	1.540555e+001
0.137827	3.017651e+002	1.543010e+001
0.138102	2.998670e+002	1.539138e+001
0.138377	2.808309e+002	1.535299e+001
0.138652	3.100801e+002	1.546967e+001
0.138927	2.553208e+002	1.521720e+001
0.13920200000000002	2.860590e+002	1.543026e+001
0.13947700000000002	2.398917e+002	1.534142e+001
0.13975200000000002	2.645339e+002	1.527369e+001
0.14002699999999998	2.705257e+002	1.530738e+001
0.140302	2.881052e+002	1.517772e+001
0.140577	3.018511e+002	1.536872e+001
0.140852	2.942468e+002	1.520295e+001
0.141127	2.810486e+002	1.520321e+001
0.141402	2.483309e+002	1.517391e+001
0.14167700000000003	2.945257e+002	1.527568e+001
0.141952	2.525575e+002	1.525118e+001
0.142227	2.859107e+002	1.503249e+001
0.142502	2.662456e+002	1.513505e+001
0.14277700000000002	2.758636e+002	1.518323e+001
0.143052	2.614021e+002	1.507176e+001
0.143327	2.684884e+002	1.513752e+001
0.143602	2.879232e+002	1.496787e+001
0.143877	2.731706e+002	1.504364e+001
0.144152	2.672578e+002	1.500244e+001
0.144427	2.671976e+002	1.495857e+001
0.144702	2.752266e+002	1.499952e+001
0.144977	2.594957e+002	1.491970e+001
0.14525200000000002	2.743933e+002	1.510220e+001
0.14552700000000002	2.363651e+002	1.484479e+001
0.14580100000000001	2.832211e+002	1.491538e+001
0.146076	2.276391e+002	1.494074e+001
0.146351	2.647101e+002	1.484902e+001
0.146626	2.685584e+002	1.502172e+001
0.146901	2.894758e+002	1.474307e+001
0.147176	2.585015e+002	1.492371e+001
0.147451	2.537700e+002	1.490936e+001
0.147726	2.746869e+002	1.495500e+001
0.14800100000000002	2.550031e+002	1.492778e+001
0.14827600000000002	2.265297e+002	1.475467e+001
0.14855100000000002	2.492462e+002	1.492750e+001
0.14882599999999999	2.531994e+002	1.478031e+001
0.149101	2.535287e+002	1.479287e+001
0.149376	2.576092e+002	1.483671e+001
0.149651	2.407618e+002	1.482635e+001
0.149926	2.263639e+002	1.482789e+001
0.15020100000000003	2.457333e+002	1.473380e+001
0.15047600000000003	2.418994e+002	1.468457e+001
0.150751	2.425798e+002	1.477209e+001
0.151026	2.325716e+002	1.472026e+001
0.15130100000000002	2.591404e+002	1.473157e+001
0.15157600000000002	2.383749e+002	1.463743e+001
0.151851	2.416486e+002	1.460624e+001
0.152126	2.746777e+002	1.474170e+001
0.152401	2.332388e+002	1.462299e+001
0.152676	2.401498e+002	1.466924e+001
0.152951	2.300407e+002	1.453140e+001
0.153226	2.442774e+002	1.463921e+001
0.153501	2.663817e+002	1.466220e+001
0.15377600000000002	2.317119e+002	1.455336e+001
0.15405100000000002	2.281245e+002	1.454720e+001
0.15432600000000002	2.455150e+002	1.457584e+001
0.15460100000000002	2.280294e+002	1.459809e+001
0.154876	2.311667e+002	1.452317e+001
0.155151	2.499031e+002	1.447700e+001
0.155426	2.329526e+002	1.449142e+001
0.155701	2.504364e+002	1.450502e+001
0.155976	2.180847e+002	1.444497e+001
0.15625100000000003	2.345385e+002	1.446655e+001
0.15652600000000003	2.489061e+002	1.450935e+001
0.156801	2.505089e+002	1.449823e+001
0.157076	2.255061e+002	1.437420e+001
0.15735	2.173590e+002	1.442612e+001
0.15762500000000002	2.420856e+002	1.440884e+001
0.1579	2.281954e+002	1.440355e+001
0.158175	2.261165e+002	1.436727e+001
0.15845	2.063593e+002	1.431421e+001
0.158725	2.209278e+002	1.437000e+001
0.15900000000000003	2.455343e+002	1.433898e+001
0.15927500000000003	2.354193e+002	1.444647e+001
0.15955	2.214979e+002	1.425183e+001
0.159825	2.463196e+002	1.428146e+001
0.16010000000000002	2.223664e+002	1.431958e+001
0.16037500000000002	2.143229e+002	1.428013e+001
0.16065000000000002	2.344664e+002	1.426637e+001
0.160925	2.383370e+002	1.424157e+001
0.1612	2.327162e+002	1.432078e+001
0.161475	1.946217e+002	1.417240e+001
0.16175	2.227761e+002	1.422013e+001
0.162025	2.103706e+002	1.423753e+001
0.1623	2.097563e+002	1.418483e+001
0.16257500000000003	2.053196e+002	1.428932e+001
0.16285000000000002	2.259352e+002	1.409746e+001
0.16312500000000002	2.230095e+002	1.419980e+001
0.1634	2.304434e+002	1.410449e+001
0.16367500000000001	1.864174e+002	1.420381e+001
0.16395	2.188734e+002	1.422370e+001
0.164225	1.995462e+002	1.403474e+001
0.1645	2.202554e+002	1.416155e+001
0.164775	2.013520e+002	1.408806e+001
0.16505000000000003	2.136003e+002	1.451331e+001
0.16532500000000003	2.212254e+002	1.450380e+001
0.1656	1.683976e+002	1.444979e+001
0.165875	2.234055e+002	1.474513e+001
0.16615000000000002	2.018251e+002	1.467123e+001
0.16642500000000002	1.891015e+002	1.482998e+001
0.16670000000000001	2.049361e+002	1.473191e+001
0.166975	1.977639e+002	1.490721e+001
0.16725	2.032431e+002	1.506725e+001
0.167525	2.182070e+002	1.487856e+001
0.1678	1.928000e+002	1.510590e+001
0.168075	2.296734e+002	1.493208e+001
0.16835	1.945557e+002	1.520199e+001
0.16862500000000002	2.119031e+002	1.523771e+001
0.16889900000000002	2.096982e+002	1.506472e+001
0.16917400000000002	2.386706e+002	1.528887e+001
0.16944900000000002	2.163434e+002	1.516620e+001
0.169724	1.952985e+002	1.537303e+001
0.169999	2.047263e+002	1.532771e+001
0.170274	1.817612e+002	1.519952e+001
0.170549	2.112991e+002	1.532833e+001
0.170824	2.116627e+002	1.491828e+001
0.171099	1.802966e+002	1.486602e+001
0.17137400000000003	2.084523e+002	1.474383e+001
0.17164900000000002	2.199443e+002	1.471836e+001
0.17192400000000002	2.047636e+002	1.477901e+001
0.172199	2.039670e+002	1.461595e+001
0.17247400000000002	1.905676e+002	1.456257e+001
0.172749	2.091541e+002	1.451746e+001
0.173024	1.909336e+002	1.460084e+001
0.173299	1.968511e+002	1.450233e+001
0.173574	1.944820e+002	1.440844e+001
0.17384900000000003	1.954251e+002	1.447721e+001
0.174124	1.825257e+002	1.429562e+001
0.174399	1.592425e+002	1.444608e+001
0.174674	1.993055e+002	1.428424e+001
0.17494900000000002	1.713563e+002	1.426734e+001
0.17522400000000002	1.898092e+002	1.436211e+001
0.17549900000000002	2.101853e+002	1.432706e+001
0.175774	2.032495e+002	1.436658e+001
0.176049	1.846636e+002	1.419830e+001
0.176324	1.913951e+002	1.434117e+001
0.176599	1.749180e+002	1.435758e+001
0.176874	1.705281e+002	1.413082e+001
0.177149	1.887789e+002	1.432007e+001
0.17742400000000003	2.088801e+002	1.414577e+001
0.17769900000000002	1.854651e+002	1.424080e+001
0.17797400000000002	1.729046e+002	1.419651e+001
0.178249	1.930183e+002	1.412132e+001
0.17852400000000002	1.902248e+002	1.415876e+001
0.178799	1.696064e+002	1.415641e+001
0.179074	1.941199e+002	1.418028e+001
0.179349	1.875165e+002	1.410308e+001
0.179624	2.144009e+002	1.409277e+001
0.17989900000000003	1.829578e+002	1.412219e+001
0.180174	1.629798e+002	1.405374e+001
0.18044800000000003	1.759746e+002	1.411435e+001
0.180723	1.688768e+002	1.402087e+001
0.180998	1.798125e+002	1.410632e+001
0.18127300000000002	2.133324e+002	1.413281e+001
0.18154800000000001	1.551275e+002	1.406093e+001
0.181823	1.888171e+002	1.409500e+001
0.182098	1.564700e+002	1.400366e+001
0.182373	2.082018e+002	1.414944e+001
0.18264800000000003	1.497205e+002	1.398652e+001
0.182923	2.112832e+002	1.402625e+001
0.183198	1.839966e+002	1.405003e+001
0.183473	1.779679e+002	1.404659e+001
0.18374800000000002	1.913829e+002	1.412732e+001
0.18402300000000002	1.849657e+002	1.390793e+001
0.18429800000000002	1.693119e+002	1.400472e+001
0.18457300000000001	1.753612e+002	1.396419e+001
0.184848	1.806550e+002	1.402252e+001
0.185123	1.455193e+002	1.401972e+001
0.185398	1.794046e+002	1.392832e+001
0.185673	1.613618e+002	1.403830e+001
0.185948	1.780168e+002	1.397056e+001
0.18622300000000003	1.851489e+002	1.397493e+001
0.18649800000000002	1.823257e+002	1.408062e+001
0.186773	1.636162e+002	1.392657e+001
0.187048	1.429235e+002	1.401773e+001
0.18732300000000002	1.691367e+002	1.398246e+001
0.18759800000000001	1.588070e+002	1.395309e+001
0.187873	1.773547e+002	1.397442e+001
0.188148	1.660792e+002	1.390132e+001
0.188423	1.525991e+002	1.413763e+001
0.18869800000000003	1.636841e+002	1.389769e+001
0.188973	1.511991e+002	1.399459e+001
0.189248	1.657725e+002	1.396280e+001
0.189523	1.483300e+002	1.393653e+001
0.18979800000000002	1.759150e+002	1.405657e+001
0.19007300000000002	1.591709e+002	1.388539e+001
0.19034800000000002	1.626168e+002	1.399374e+001
0.19062300000000001	1.788639e+002	1.388043e+001
0.190898	1.423765e+002	1.395970e+001
0.191173	1.647780e+002	1.394092e+001
0.191448	1.538719e+002	1.382860e+001
0.191723	1.740826e+002	1.404903e+001
0.191997	1.701960e+002	1.383739e+001
0.192272	1.582982e+002	1.394441e+001
0.19254700000000002	1.708630e+002	1.394024e+001
0.19282200000000002	1.468532e+002	1.388682e+001
0.19309700000000002	1.758774e+002	1.400287e+001
0.19337200000000002	1.609477e+002	1.381182e+001
0.193647	1.668104e+002	1.393652e+001
0.193922	1.499456e+002	1.389217e+001
0.194197	1.676856e+002	1.389613e+001
0.194472	1.648052e+002	1.398816e+001
0.194747	1.563162e+002	1.379736e+001
0.19502200000000003	1.834251e+002	1.405115e+001
0.19529700000000003	1.506508e+002	1.389466e+001
0.195572	1.517563e+002	1.388799e+001
0.195847	1.461440e+002	1.398640e+001
0.19612200000000002	1.614535e+002	1.384327e+001
0.19639700000000002	1.301064e+002	1.400629e+001
0.196672	1.381673e+002	1.381252e+001
0.196947	1.453092e+002	1.397502e+001
0.197222	1.717972e+002	1.393583e+001
0.197497	1.646676e+002	1.390679e+001
0.197772	1.402569e+002	1.395905e+001
0.198047	1.940440e+002	1.382613e+001
0.198322	1.714670e+002	1.396347e+001
0.19859700000000002	1.501722e+002	1.382182e+001
0.19887200000000002	1.436196e+002	1.394647e+001
0.19914700000000002	1.546440e+002	1.391865e+001
0.19942200000000002	1.534899e+002	1.386093e+001
0.199697	1.477716e+002	1.392195e+001
0.199972	1.710480e+002	1.390201e+001
0.20024700000000004	1.656211e+002	1.392569e+001
0.200522	1.850924e+002	1.395154e+001
0.200797	1.682596e+002	1.384141e+001
0.20107200000000003	1.619217e+002	1.401439e+001
0.201347	1.465719e+002	1.384704e+001
0.20162200000000002	1.290318e+002	1.386826e+001
0.201897	1.497138e+002	1.382687e+001
0.20217200000000002	1.621709e+002	1.386655e+001
0.20244700000000002	1.698486e+002	1.391336e+001
0.20272199999999999	1.657343e+002	1.383207e+001
0.202997	1.392716e+002	1.390189e+001
0.203272	1.090954e+002	1.379854e+001
0.203546	1.513792e+002	1.390559e+001
0.203821	1.583859e+002	1.387931e+001
0.20409600000000003	1.387731e+002	1.376677e+001
0.204371	1.298917e+002	1.393322e+001
0.20464600000000002	1.341602e+002	1.377713e+001
0.20492100000000002	1.407765e+002	1.389775e+001
0.205196	1.503651e+002	1.381402e+001
0.20547100000000001	1.441413e+002	1.377661e+001
0.20574599999999998	1.353462e+002	1.384179e+001
0.206021	1.454523e+002	1.381911e+001
0.206296	1.355440e+002	1.386068e+001
0.20657100000000003	1.571376e+002	1.371066e+001
0.206846	1.469719e+002	1.379479e+001
0.20712100000000003	1.475336e+002	1.380409e+001
0.20739600000000002	1.256985e+002	1.364434e+001
0.207671	1.688859e+002	1.383894e+001
0.20794600000000002	1.590425e+002	1.364798e+001
0.208221	1.599752e+002	1.377616e+001
0.20849600000000001	1.653502e+002	1.374068e+001
0.208771	1.643807e+002	1.371083e+001
0.20904600000000004	1.513893e+002	1.377497e+001
0.209321	1.354416e+002	1.366186e+001
0.209596	1.423758e+002	1.374903e+001
0.20987100000000003	1.664162e+002	1.370025e+001
0.210146	1.827422e+002	1.373493e+001
0.21042100000000002	1.096058e+002	1.371401e+001
0.210696	1.286159e+002	1.360992e+001
0.21097100000000002	1.618661e+002	1.376909e+001
0.21124600000000002	1.353474e+002	1.358238e+001
0.211521	1.259245e+002	1.373394e+001
0.211796	1.711076e+002	1.368664e+001
0.212071	1.231609e+002	1.365901e+001
0.21234600000000003	1.255147e+002	1.369192e+001
0.212621	1.353541e+002	1.363569e+001
0.21289600000000003	1.598315e+002	1.374073e+001
0.213171	1.377612e+002	1.368581e+001
0.213446	1.497046e+002	1.366139e+001
0.21372100000000002	1.265199e+002	1.370695e+001
0.213996	1.096905e+002	1.359108e+001
0.21427100000000002	1.640364e+002	1.371689e+001
0.21454600000000001	1.396544e+002	1.362771e+001
0.21482	1.256942e+002	1.364660e+001
0.215095	1.467232e+002	1.368313e+001
0.21537000000000003	1.306823e+002	1.354892e+001
0.215645	1.279443e+002	1.372610e+001
0.21592	1.419471e+002	1.356029e+001
0.21619500000000003	1.506064e+002	1.369297e+001
0.21647	1.208260e+002	1.362831e+001
0.21674500000000002	1.277303e+002	1.355090e+001
0.21702	1.526089e+002	1.373450e+001
0.21729500000000002	1.294061e+002	1.360440e+001
0.21757	1.182070e+002	1.365206e+001
0.21784500000000004	1.263850e+002	1.354669e+001
0.21812	1.281722e+002	1.358189e+001
0.218395	1.114306e+002	1.360668e+001
0.21867000000000003	1.384719e+002	1.355847e+001
0.218945	1.283596e+002	1.364906e+001
0.21922000000000003	1.418394e+002	1.353391e+001
0.219495	1.421716e+002	1.367874e+001
0.21977000000000002	1.309254e+002	1.361084e+001
0.22004500000000002	1.321939e+002	1.355771e+001
0.22032	1.095520e+002	1.364467e+001
0.220595	1.622994e+002	1.350770e+001
0.22087	1.468330e+002	1.367748e+001
0.22114500000000004	1.272067e+002	1.357093e+001
0.22142	1.213627e+002	1.348915e+001
0.22169500000000003	1.248566e+002	1.357983e+001
0.22197	1.420052e+002	1.355127e+001
0.222245	1.401606e+002	1.372737e+001
0.22252000000000002	1.290226e+002	1.345264e+001
0.222795	1.297024e+002	1.355897e+001
0.22307000000000002	1.403116e+002	1.374102e+001
0.22334500000000002	1.322144e+002	1.389644e+001
0.22362000000000004	1.156226e+002	1.405587e+001
0.223895	1.143740e+002	1.404793e+001
0.22416999999999998	1.028783e+002	1.421325e+001
0.224445	1.084303e+002	1.436392e+001
0.22472	1.396954e+002	1.432391e+001
0.22499500000000003	1.124899e+002	1.447565e+001
0.22527	1.177214e+002	1.436628e+001
0.22554500000000002	1.356080e+002	1.464045e+001
0.22582000000000002	1.327801e+002	1.466472e+001
0.226095	1.292156e+002	1.469796e+001
0.22636900000000001	1.006783e+002	1.477782e+001
0.22664399999999998	1.541306e+002	1.478608e+001
0.226919	1.379070e+002	1.485834e+001
0.227194	1.483229e+002	1.481708e+001
0.22746900000000003	1.573823e+002	1.493894e+001
0.227744	1.300817e+002	1.498297e+001
0.22801900000000003	1.150061e+002	1.504376e+001
0.228294	1.294260e+002	1.510798e+001
0.22856900000000002	1.132364e+002	1.492505e+001
0.22884400000000002	1.158966e+002	1.510078e+001
0.229119	1.026609e+002	1.475043e+001
0.22939400000000001	1.230306e+002	1.459172e+001
0.229669	1.311697e+002	1.451549e+001
0.22994400000000004	1.426966e+002	1.443762e+001
0.230219	1.451260e+002	1.456994e+001
0.23049400000000003	1.079144e+002	1.428207e+001
0.230769	1.345569e+002	1.444175e+001
0.231044	1.221633e+002	1.423132e+001
0.23131900000000002	1.023969e+002	1.423775e+001
0.231594	1.183138e+002	1.432754e+001
0.23186900000000002	1.094055e+002	1.410801e+001
0.23214400000000002	1.289257e+002	1.424520e+001
0.23241900000000004	1.036028e+002	1.417050e+001
0.232694	1.183061e+002	1.425964e+001
0.23296899999999998	9.595168e+001	1.420023e+001
0.233244	1.134771e+002	1.410718e+001
0.233519	1.126749e+002	1.418035e+001
0.23379400000000003	1.382009e+002	1.417627e+001
0.234069	1.235202e+002	1.423800e+001
0.23434400000000002	1.424856e+002	1.414896e+001
0.23461900000000002	1.096018e+002	1.412639e+001
0.234894	1.252076e+002	1.416504e+001
0.23516900000000002	1.311187e+002	1.414165e+001
0.235444	1.121284e+002	1.406684e+001
0.235719	1.354560e+002	1.413023e+001
0.235994	1.264578e+002	1.408710e+001
0.23626900000000003	1.263113e+002	1.409775e+001
0.236544	1.246339e+002	1.412334e+001
0.236819	9.671346e+001	1.406493e+001
0.23709400000000003	1.079575e+002	1.419924e+001
0.237369	1.125474e+002	1.412477e+001
0.23764400000000002	7.731009e+001	1.404983e+001
0.237918	1.388853e+002	1.414156e+001
0.23819300000000002	1.168557e+002	1.411507e+001
0.238468	9.844251e+001	1.414046e+001
0.23874300000000004	1.143196e+002	1.417240e+001
0.239018	1.211318e+002	1.414911e+001
0.23929299999999998	1.076859e+002	1.419160e+001
0.239568	8.622294e+001	1.419275e+001
0.239843	1.216541e+002	1.413354e+001
0.24011800000000003	1.188976e+002	1.420226e+001
0.240393	1.118073e+002	1.418010e+001
0.24066800000000002	1.186859e+002	1.421136e+001
0.24094300000000002	1.204006e+002	1.421740e+001
0.24121800000000004	1.313872e+002	1.411654e+001
0.241493	1.010924e+002	1.419561e+001
0.24176799999999998	1.416352e+002	1.414150e+001
0.242043	1.071336e+002	1.418700e+001
0.242318	1.069685e+002	1.416030e+001
0.24259300000000003	9.424220e+001	1.408751e+001
0.242868	1.212795e+002	1.421295e+001
0.24314300000000003	1.249211e+002	1.401315e+001
0.24341800000000002	1.166086e+002	1.412478e+001
0.243693	1.223052e+002	1.407392e+001
0.24396800000000002	1.121514e+002	1.409542e+001
0.244243	1.283104e+002	1.410313e+001
0.244518	1.234156e+002	1.398938e+001
0.244793	1.201602e+002	1.409004e+001
0.24506800000000004	8.479113e+001	1.409199e+001
0.245343	1.185841e+002	1.406870e+001
0.245618	1.157621e+002	1.414062e+001
0.24589300000000003	9.571468e+001	1.395796e+001
0.246168	1.235217e+002	1.419993e+001
0.24644300000000002	1.117187e+002	1.406826e+001
0.246718	1.304220e+002	1.419773e+001
0.24699300000000002	1.261817e+002	1.413137e+001
0.24726800000000002	1.110758e+002	1.401306e+001
0.24754299999999999	1.131599e+002	1.421590e+001
0.247818	9.605872e+001	1.408133e+001
0.248093	1.137086e+002	1.417921e+001
0.24836800000000003	1.397355e+002	1.418077e+001
0.248643	1.265642e+002	1.414503e+001
0.24891800000000003	1.191774e+002	1.422531e+001
0.249193	1.432954e+002	1.416021e+001
0.24946700000000002	1.386963e+002	1.421573e+001
0.24974200000000002	1.108988e+002	1.413787e+001
0.250017	1.119492e+002	1.418800e+001
0.250292	8.822691e+001	1.427628e+001
0.250567	8.574740e+001	1.409228e+001
0.250842	1.456398e+002	1.425231e+001
0.251117	1.071728e+002	1.415420e+001
0.251392	9.956911e+001	1.419245e+001
0.25166700000000003	1.162667e+002	1.428029e+001
0.25194200000000005	1.085156e+002	1.414150e+001
0.252217	1.140884e+002	1.427183e+001
0.252492	8.866453e+001	1.413854e+001
0.252767	1.016315e+002	1.425793e+001
0.253042	1.300969e+002	1.420565e+001
0.253317	9.567125e+001	1.420578e+001
0.253592	8.746911e+001	1.423747e+001
0.253867	9.407706e+001	1.410210e+001
0.25414200000000003	9.902355e+001	1.417427e+001
0.254417	1.107232e+002	1.415657e+001
0.25469200000000003	1.212520e+002	1.414353e+001
0.254967	1.082541e+002	1.421297e+001
0.255242	1.257951e+002	1.413485e+001
0.255517	9.779572e+001	1.411583e+001
0.255792	1.168073e+002	1.412316e+001
0.256067	1.139168e+002	1.415655e+001
0.256342	1.234064e+002	1.416184e+001
0.25661700000000004	1.260086e+002	1.416684e+001
0.256892	9.496881e+001	1.421803e+001
0.25716700000000003	1.047070e+002	1.414001e+001
0.257442	9.049939e+001	1.412531e+001
0.25771700000000003	1.130550e+002	1.412694e+001
0.257992	6.781131e+001	1.416894e+001
0.25826699999999997	1.075966e+002	1.425761e+001
0.258542	1.096306e+002	1.415435e+001
0.258817	1.006914e+002	1.419713e+001
0.25909200000000004	9.366606e+001	1.413999e+001
0.259367	9.979664e+001	1.423406e+001
0.25964200000000004	9.998624e+001	1.424421e+001
0.259917	1.083028e+002	1.413004e+001
0.260192	1.004920e+002	1.428335e+001
0.260467	9.451223e+001	1.412922e+001
0.260742	1.065135e+002	1.421328e+001
0.261016	8.798777e+001	1.414003e+001
0.261291	1.174404e+002	1.421215e+001
0.261566	1.040896e+002	1.431247e+001
0.261841	7.603242e+001	1.414918e+001
0.262116	9.887737e+001	1.418048e+001
0.262391	1.267550e+002	1.419623e+001
0.262666	9.567492e+001	1.420982e+001
0.26294100000000004	9.839602e+001	1.430562e+001
0.263216	1.189037e+002	1.412838e+001
0.26349100000000003	8.019113e+001	1.417764e+001
0.263766	1.164165e+002	1.421031e+001
0.264041	9.938012e+001	1.419859e+001
0.264316	9.828746e+001	1.419219e+001
0.264591	1.279914e+002	1.414167e+001
0.264866	1.133936e+002	1.428804e+001
0.265141	9.881040e+001	1.421044e+001
0.26541600000000004	1.119758e+002	1.422942e+001
0.265691	9.430856e+001	1.413500e+001
0.26596600000000004	1.079755e+002	1.420590e+001
0.266241	9.624771e+001	1.429430e+001
0.26651600000000003	9.291621e+001	1.426998e+001
0.266791	1.192379e+002	1.422116e+001
0.26706599999999997	1.041376e+002	1.422920e+001
0.267341	1.005835e+002	1.426685e+001
0.267616	8.716606e+001	1.424782e+001
0.26789100000000005	1.196003e+002	1.423360e+001
0.268166	9.306697e+001	1.430876e+001
0.26844100000000004	9.716544e+001	1.422945e+001
0.268716	1.032908e+002	1.431402e+001
0.268991	1.031211e+002	1.427382e+001
0.269266	1.064061e+002	1.424663e+001
0.269541	1.082031e+002	1.429641e+001
0.269816	9.415749e+001	1.421591e+001
0.270091	8.353272e+001	1.426957e+001
0.27036600000000005	7.063976e+001	1.421615e+001
0.270641	9.317706e+001	1.428591e+001
0.270916	6.378104e+001	1.433088e+001
0.271191	9.508104e+001	1.420611e+001
0.271466	1.002425e+002	1.428039e+001
0.271741	8.310612e+001	1.422746e+001
0.272016	9.330826e+001	1.436018e+001
0.272291	1.042092e+002	1.429178e+001
0.272565	1.047352e+002	1.426164e+001
0.27284	9.929725e+001	1.434528e+001
0.273115	9.077125e+001	1.424192e+001
0.27339	6.609480e+001	1.430944e+001
0.273665	1.131719e+002	1.431392e+001
0.27394	1.096269e+002	1.427056e+001
0.27421500000000004	9.291743e+001	1.436358e+001
0.27449	9.420183e+001	1.417683e+001
0.27476500000000004	9.741254e+001	1.437927e+001
0.27504	1.131226e+002	1.428069e+001
0.27531500000000003	1.197615e+002	1.441913e+001
0.27559	5.490122e+001	1.431916e+001
0.27586499999999997	8.719174e+001	1.428078e+001
0.27614	1.069550e+002	1.429585e+001
0.276415	1.170333e+002	1.427701e+001
0.27669000000000005	8.095260e+001	1.437427e+001
0.276965	9.957095e+001	1.435270e+001
0.27724000000000004	9.867706e+001	1.430016e+001
0.277515	7.431560e+001	1.435608e+001
0.27779	6.332416e+001	1.427149e+001
0.278065	1.052547e+002	1.439634e+001
0.27834	9.834098e+001	1.427165e+001
0.278615	8.490703e+001	1.431548e+001
0.27889	9.705963e+001	1.438621e+001
0.27916500000000005	7.641835e+001	1.427666e+001
0.27944	1.036514e+002	1.437338e+001
0.279715	1.028324e+002	1.424864e+001
0.27999	1.006193e+002	1.441377e+001
0.280265	8.401835e+001	1.439218e+001
0.28054	8.332110e+001	1.434320e+001
0.280815	9.302905e+001	1.438401e+001
0.28109	9.767584e+001	1.428360e+001
0.28136500000000003	1.092339e+002	1.456150e+001
0.28164	8.516391e+001	1.482492e+001
0.281915	9.632936e+001	1.496858e+001
0.28219	9.302232e+001	1.524467e+001
0.282465	1.099908e+002	1.518552e+001
0.28274	1.089349e+002	1.548751e+001
0.283015	7.532018e+001	1.540368e+001
0.28329	9.379113e+001	1.551229e+001
0.283565	1.198982e+002	1.578443e+001
0.28384000000000004	8.865535e+001	1.577481e+001
0.28411400000000003	9.450826e+001	1.584263e+001
0.284389	5.447401e+001	1.567876e+001
0.284664	9.632446e+001	1.584180e+001
0.284939	7.826636e+001	1.595412e+001
0.285214	6.561682e+001	1.596137e+001
0.28548900000000005	8.448869e+001	1.607939e+001
0.285764	7.395872e+001	1.602442e+001
0.28603900000000004	8.425719e+001	1.618873e+001
0.286314	7.015749e+001	1.614296e+001
0.286589	7.472905e+001	1.634898e+001
0.286864	9.786300e+001	1.636917e+001
0.287139	1.017911e+002	1.623293e+001
0.287414	7.360673e+001	1.590931e+001
0.28768900000000003	1.229804e+002	1.549001e+001
0.28796400000000005	9.778104e+001	1.549151e+001
0.288239	7.849602e+001	1.536696e+001
0.288514	7.177217e+001	1.537137e+001
0.288789	8.842966e+001	1.535569e+001
0.289064	9.387431e+001	1.519505e+001
0.289339	1.217969e+002	1.529213e+001
0.289614	8.645719e+001	1.511771e+001
0.289889	7.256850e+001	1.517581e+001
0.29016400000000003	8.351376e+001	1.518478e+001
0.290439	1.164639e+002	1.510262e+001
0.29071400000000003	9.421101e+001	1.526701e+001
0.290989	9.880000e+001	1.499564e+001
0.291264	1.068575e+002	1.509369e+001
0.291539	1.030988e+002	1.509647e+001
0.291814	1.052483e+002	1.506400e+001
0.292089	7.715260e+001	1.507877e+001
0.292364	7.099755e+001	1.490054e+001
0.29263900000000004	8.298899e+001	1.503123e+001
0.292914	7.801713e+001	1.490561e+001
0.29318900000000003	5.301437e+001	1.496856e+001
0.293464	8.759174e+001	1.496782e+001
0.29373900000000003	7.780122e+001	1.481589e+001
0.294014	7.548135e+001	1.501373e+001
0.29428899999999997	5.828593e+001	1.485117e+001
0.294564	7.669694e+001	1.489609e+001
0.294839	6.553700e+001	1.480735e+001
0.29511400000000004	9.418287e+001	1.485021e+001
0.295388	1.117275e+002	1.501429e+001
0.295663	9.294648e+001	1.482851e+001
0.295938	8.594679e+001	1.487422e+001
0.296213	8.157248e+001	1.476667e+001
0.29648800000000003	1.038685e+002	1.489214e+001
0.29676300000000005	7.424006e+001	1.487406e+001
0.297038	6.748593e+001	1.465502e+001
0.297313	8.045443e+001	1.478442e+001
0.297588	7.619602e+001	1.475728e+001
0.297863	1.117541e+002	1.479961e+001
0.298138	7.187431e+001	1.477262e+001
0.298413	6.094312e+001	1.453909e+001
0.298688	8.291009e+001	1.476709e+001
0.29896300000000003	1.058055e+002	1.471935e+001
0.299238	7.872722e+001	1.468603e+001
0.29951300000000003	9.530765e+001	1.474225e+001
0.299788	7.586911e+001	1.461543e+001
0.300063	7.825291e+001	1.486804e+001
0.300338	6.236636e+001	1.460350e+001
0.300613	9.350092e+001	1.474343e+001
0.30088800000000004	8.356514e+001	1.468435e+001
0.301163	8.537217e+001	1.466998e+001
0.30143800000000004	7.650000e+001	1.478861e+001
0.301713	6.576391e+001	1.454347e+001
0.30198800000000003	8.889083e+001	1.468389e+001
0.302263	6.847890e+001	1.469203e+001
0.30253800000000003	9.723242e+001	1.480050e+001
0.302813	7.145138e+001	1.469761e+001
0.303088	8.985872e+001	1.470269e+001
0.30336300000000005	8.067554e+001	1.473788e+001
0.303638	7.806728e+001	1.469401e+001
0.30391300000000004	9.878410e+001	1.469480e+001
0.304188	7.503884e+001	1.465223e+001
0.30446300000000004	8.519664e+001	1.470398e+001
0.304738	9.147217e+001	1.479828e+001
0.305013	7.114434e+001	1.460062e+001
0.305288	9.158899e+001	1.470051e+001
0.30556300000000003	8.618318e+001	1.464296e+001
0.30583800000000005	5.939725e+001	1.472890e+001
0.306113	8.127645e+001	1.466747e+001
0.30638800000000005	9.533364e+001	1.465690e+001
0.306663	7.664098e+001	1.468688e+001
0.306937	7.214557e+001	1.465704e+001
0.30721200000000004	9.496636e+001	1.473248e+001
0.30748700000000007	9.737706e+001	1.460543e+001
0.30776200000000004	6.283364e+001	1.464621e+001
0.308037	8.751713e+001	1.477489e+001
0.30831200000000003	9.655107e+001	1.462063e+001
0.308587	6.806758e+001	1.470504e+001
0.308862	9.213456e+001	1.458488e+001
0.309137	6.751774e+001	1.464496e+001
0.309412	4.952416e+001	1.476688e+001
0.30968700000000005	9.728532e+001	1.458388e+001
0.309962	9.365015e+001	1.459447e+001
0.31023700000000004	8.052263e+001	1.456243e+001
0.310512	5.944434e+001	1.474268e+001
0.31078700000000004	7.935321e+001	1.461580e+001
0.311062	9.019266e+001	1.462271e+001
0.31133700000000003	5.192569e+001	1.464331e+001
0.311612	7.133333e+001	1.454759e+001
0.311887	9.064801e+001	1.473970e+001
0.31216200000000005	8.863028e+001	1.458494e+001
0.312437	8.182783e+001	1.457579e+001
0.31271200000000005	6.968379e+001	1.469548e+001
0.312987	7.344985e+001	1.453083e+001
0.31326200000000004	7.261346e+001	1.466371e+001
0.313537	9.199847e+001	1.453827e+001
0.313812	7.376850e+001	1.467048e+001
0.314087	6.056330e+001	1.460610e+001
0.31436200000000003	6.839480e+001	1.457142e+001
0.31463700000000006	1.033193e+002	1.462928e+001
0.314912	7.487584e+001	1.452859e+001
0.31518700000000005	8.538196e+001	1.460766e+001
0.315462	8.180000e+001	1.460618e+001
0.315737	7.734832e+001	1.465758e+001
0.316012	7.626177e+001	1.464033e+001
0.316287	7.305902e+001	1.452837e+001
0.316562	6.442141e+001	1.460182e+001
0.31683700000000004	7.802844e+001	1.452827e+001
0.31711200000000006	9.310979e+001	1.464349e+001
0.31738700000000003	7.187462e+001	1.463809e+001
0.31766200000000006	3.814251e+001	1.451804e+001
0.317937	6.531437e+001	1.464455e+001
0.318212	7.084924e+001	1.457541e+001
0.31848600000000005	4.559358e+001	1.454795e+001
0.318761	6.992385e+001	1.466288e+001
0.31903600000000004	8.059541e+001	1.453193e+001
0.319311	9.445780e+001	1.467697e+001
0.31958600000000004	9.690398e+001	1.459586e+001
0.319861	6.687431e+001	1.458111e+001
0.32013600000000003	7.294220e+001	1.460465e+001
0.320411	6.135199e+001	1.450909e+001
0.320686	9.011040e+001	1.453246e+001
0.32096100000000005	8.940917e+001	1.457797e+001
0.321236	8.032232e+001	1.453049e+001
0.32151100000000005	1.012716e+002	1.454708e+001
0.321786	8.040734e+001	1.448242e+001
0.32206100000000004	5.712905e+001	1.453359e+001
0.322336	9.465015e+001	1.447778e+001
0.322611	6.609572e+001	1.451871e+001
0.322886	9.530826e+001	1.448088e+001
0.32316100000000003	8.129450e+001	1.451905e+001
0.32343600000000006	7.571835e+001	1.442832e+001
0.323711	7.522661e+001	1.439839e+001
0.32398600000000005	5.597523e+001	1.437714e+001
0.324261	8.044526e+001	1.447998e+001
0.324536	7.394465e+001	1.448502e+001
0.324811	9.740398e+001	1.444210e+001
0.325086	7.203150e+001	1.437574e+001
0.325361	7.233058e+001	1.444011e+001
0.32563600000000004	6.124006e+001	1.443817e+001
0.32591100000000006	9.914495e+001	1.452305e+001
0.32618600000000003	7.528869e+001	1.432946e+001
0.326461	8.796514e+001	1.448514e+001
0.326736	7.111407e+001	1.444950e+001
0.327011	7.219083e+001	1.439464e+001
0.327286	6.772844e+001	1.444276e+001
0.327561	8.272202e+001	1.436703e+001
0.327836	4.236300e+001	1.440075e+001
0.32811100000000004	6.149083e+001	1.445529e+001
0.328386	1.043349e+002	1.441423e+001
0.32866100000000004	7.906055e+001	1.437699e+001
0.328936	6.760489e+001	1.440105e+001
0.32921100000000003	6.042661e+001	1.450711e+001
0.329486	1.041969e+002	1.449643e+001
0.329761	8.380245e+001	1.440262e+001
0.330035	9.900459e+001	1.442206e+001
0.33031000000000005	8.722538e+001	1.443203e+001
0.330585	8.246086e+001	1.442228e+001
0.33086000000000004	5.826116e+001	1.442143e+001
0.331135	7.328287e+001	1.440285e+001
0.33141	7.380887e+001	1.449464e+001
0.331685	8.095963e+001	1.443667e+001
0.33196000000000003	7.908624e+001	1.439424e+001
0.33223500000000006	7.970734e+001	1.440228e+001
0.33251000000000003	9.163731e+001	1.442684e+001
0.33278500000000005	7.032538e+001	1.441761e+001
0.33306	9.011651e+001	1.437712e+001
0.333335	6.659419e+001	1.433656e+001
0.33361	8.669817e+001	1.436053e+001
0.333885	7.815810e+001	1.437525e+001
0.33416	6.977890e+001	1.432782e+001
0.33443500000000004	7.269969e+001	1.428265e+001
0.33471000000000006	7.727615e+001	1.432151e+001
0.33498500000000003	7.282477e+001	1.431454e+001
0.33526	8.836239e+001	1.427633e+001
0.335535	6.588165e+001	1.422099e+001
0.33581	5.168777e+001	1.428218e+001
0.336085	5.823823e+001	1.426480e+001
0.33636	5.036697e+001	1.431911e+001
0.336635	8.826239e+001	1.417780e+001
0.33691000000000004	7.916820e+001	1.427738e+001
0.337185	5.536330e+001	1.421326e+001
0.33746000000000004	6.511315e+001	1.425835e+001
0.337735	7.382752e+001	1.424212e+001
0.33801000000000003	7.581957e+001	1.422116e+001
0.338285	9.022752e+001	1.425646e+001
0.33856	6.742508e+001	1.422723e+001
0.338835	6.322385e+001	1.426720e+001
0.33911	9.400183e+001	1.419795e+001
0.33938500000000005	7.643731e+001	1.429705e+001
0.33966	7.552385e+001	1.441750e+001
0.33993500000000004	7.536024e+001	1.478306e+001
0.34021	6.937982e+001	1.487673e+001
0.34048500000000004	9.994006e+001	1.515888e+001
0.34076	8.415749e+001	1.534694e+001
0.34103500000000003	7.321101e+001	1.543846e+001
0.34131	8.985138e+001	1.551183e+001
0.34158400000000005	7.792232e+001	1.572591e+001
0.341859	5.112783e+001	1.573996e+001
0.342134	7.739664e+001	1.592921e+001
0.342409	7.520367e+001	1.589408e+001
0.342684	7.637706e+001	1.600382e+001
0.342959	5.796239e+001	1.612712e+001
0.34323400000000004	5.086055e+001	1.628091e+001
0.34350900000000006	3.910703e+001	1.626405e+001
0.34378400000000003	5.763119e+001	1.636418e+001
0.344059	8.231254e+001	1.648070e+001
0.34433400000000003	8.681009e+001	1.669330e+001
0.344609	7.588471e+001	1.676870e+001
0.344884	6.138349e+001	1.674457e+001
0.345159	4.973211e+001	1.696137e+001
0.345434	6.556147e+001	1.671933e+001
0.34570900000000004	5.097309e+001	1.626661e+001
0.345984	8.021713e+001	1.601195e+001
0.34625900000000004	6.640031e+001	1.596109e+001
0.346534	6.244893e+001	1.589928e+001
0.34680900000000003	8.637584e+001	1.590763e+001
0.347084	4.166850e+001	1.558535e+001
0.34735900000000003	7.710000e+001	1.559019e+001
0.347634	9.828318e+001	1.560231e+001
0.347909	9.009419e+001	1.561699e+001
0.34818400000000005	6.294404e+001	1.556307e+001
0.348459	6.714526e+001	1.549637e+001
0.34873400000000004	6.043578e+001	1.551230e+001
0.349009	7.732722e+001	1.546181e+001
0.34928400000000004	4.815260e+001	1.543496e+001
0.349559	8.003211e+001	1.541702e+001
0.349834	4.440703e+001	1.534945e+001
0.350109	6.530489e+001	1.545811e+001
0.35038400000000003	7.714434e+001	1.529689e+001
0.35065900000000005	5.928838e+001	1.526854e+001
0.350934	6.700275e+001	1.532957e+001
0.35120900000000005	5.338226e+001	1.528527e+001
0.351484	6.992110e+001	1.537082e+001
0.35175900000000004	8.463761e+001	1.521721e+001
0.352034	4.435688e+001	1.521013e+001
0.352309	7.016697e+001	1.518347e+001
0.352584	5.540275e+001	1.525259e+001
0.35285900000000003	6.313150e+001	1.514048e+001
0.35313300000000003	5.328899e+001	1.508554e+001
0.353408	9.048838e+001	1.515628e+001
0.353683	7.121774e+001	1.519027e+001
0.353958	5.275719e+001	1.505094e+001
0.354233	4.657003e+001	1.498491e+001
0.35450800000000005	7.254893e+001	1.512818e+001
0.354783	9.110336e+001	1.514711e+001
0.35505800000000004	5.288838e+001	1.513633e+001
0.355333	7.905657e+001	1.504643e+001
0.35560800000000004	6.395076e+001	1.504537e+001
0.355883	1.070651e+002	1.508676e+001
0.35615800000000003	7.410520e+001	1.509648e+001
0.356433	8.602049e+001	1.504045e+001
0.356708	5.200826e+001	1.500401e+001
0.35698300000000005	8.062661e+001	1.498114e+001
0.357258	8.012630e+001	1.511371e+001
0.35753300000000005	8.801315e+001	1.491566e+001
0.357808	5.036361e+001	1.499770e+001
0.35808300000000004	3.221437e+001	1.497887e+001
0.358358	6.823578e+001	1.506542e+001
0.358633	5.965627e+001	1.505690e+001
0.358908	5.674771e+001	1.492032e+001
0.35918300000000003	5.818899e+001	1.503997e+001
0.35945800000000006	3.046361e+001	1.498739e+001
0.359733	9.174709e+001	1.506696e+001
0.36000800000000005	6.890061e+001	1.501494e+001
0.360283	3.540153e+001	1.499172e+001
0.360558	5.975199e+001	1.503222e+001
0.360833	6.044801e+001	1.504077e+001
0.361108	6.553211e+001	1.492578e+001
0.361383	6.891468e+001	1.501326e+001
0.36165800000000004	8.987890e+001	1.502127e+001
0.36193300000000006	7.856942e+001	1.507969e+001
0.36220800000000003	4.794190e+001	1.498568e+001
0.36248300000000006	3.568899e+001	1.491184e+001
0.362758	7.688226e+001	1.499410e+001
0.363033	2.787737e+001	1.498217e+001
0.363308	6.541927e+001	1.490397e+001
0.363583	4.071346e+001	1.484754e+001
0.363858	7.504954e+001	1.496244e+001
0.36413300000000004	7.085474e+001	1.493486e+001
0.36440700000000004	8.076697e+001	1.493730e+001
0.364682	6.952875e+001	1.489635e+001
0.36495700000000003	3.035291e+001	1.486630e+001
0.365232	5.861040e+001	1.483741e+001
0.365507	5.194128e+001	1.481195e+001
0.36578200000000005	5.002416e+001	1.470175e+001
0.366057	8.266300e+001	1.482084e+001
0.36633200000000005	7.643670e+001	1.484399e+001
0.366607	6.763761e+001	1.484478e+001
0.36688200000000004	6.094434e+001	1.473745e+001
0.367157	7.310459e+001	1.472211e+001
0.367432	7.110275e+001	1.481296e+001
0.367707	3.770306e+001	1.471855e+001
0.36798200000000003	5.215566e+001	1.474077e+001
0.36825700000000006	4.674648e+001	1.463610e+001
0.368532	5.430153e+001	1.471857e+001
0.36880700000000005	4.528777e+001	1.475232e+001
0.369082	5.259817e+001	1.468889e+001
0.369357	6.134312e+001	1.466898e+001
0.369632	6.357370e+001	1.473724e+001
0.369907	7.311407e+001	1.477272e+001
0.370182	3.597278e+001	1.473150e+001
0.37045700000000004	5.626391e+001	1.465345e+001
0.37073200000000006	9.270795e+001	1.473969e+001
0.37100700000000003	1.100911e+002	1.471672e+001
0.371282	5.784709e+001	1.474126e+001
0.371557	4.921560e+001	1.472379e+001
0.371832	7.524862e+001	1.472096e+001
0.372107	7.958226e+001	1.473772e+001
0.372382	5.198624e+001	1.472431e+001
0.372657	7.117523e+001	1.460945e+001
0.37293200000000004	4.750122e+001	1.464842e+001
0.37320700000000007	6.806453e+001	1.472824e+001
0.37348200000000004	4.419633e+001	1.466570e+001
0.373757	4.146208e+001	1.468717e+001
0.37403200000000003	7.970459e+001	1.466954e+001
0.374307	6.182018e+001	1.464060e+001
0.374582	4.617554e+001	1.468295e+001
0.374857	6.573670e+001	1.468082e+001
0.375132	6.744312e+001	1.469478e+001
0.37540700000000005	8.599817e+001	1.470937e+001
0.375682	6.506514e+001	1.465681e+001
0.375956	7.558624e+001	1.480490e+001
0.376231	4.435260e+001	1.455676e+001
0.376506	7.603089e+001	1.469836e+001
0.37678100000000003	5.016239e+001	1.465625e+001
0.37705600000000006	9.059144e+001	1.467022e+001
0.377331	5.103976e+001	1.464996e+001
0.37760600000000005	4.031040e+001	1.456709e+001
0.377881	5.683180e+001	1.469865e+001
0.378156	7.734220e+001	1.469198e+001
0.378431	4.975138e+001	1.466548e+001
0.378706	5.187859e+001	1.465568e+001
0.378981	5.704587e+001	1.464298e+001
0.37925600000000004	8.385535e+001	1.471268e+001
0.37953100000000006	4.727492e+001	1.462974e+001
0.37980600000000003	7.522018e+001	1.464373e+001
0.380081	6.693700e+001	1.469854e+001
0.380356	8.634709e+001	1.467168e+001
0.380631	7.254312e+001	1.471250e+001
0.380906	1.803180e+001	1.460557e+001
0.381181	3.521590e+001	1.457678e+001
0.381456	7.255657e+001	1.472598e+001
0.38173100000000004	5.771957e+001	1.461937e+001
0.382006	5.397401e+001	1.466633e+001
0.38228100000000004	1.959297e+001	1.462911e+001
0.382556	6.760642e+001	1.460609e+001
0.38283100000000003	7.499021e+001	1.460907e+001
0.383106	3.838440e+001	1.457472e+001
0.383381	7.180581e+001	1.459717e+001
0.383656	4.185015e+001	1.457523e+001
0.383931	6.371468e+001	1.456720e+001
0.38420600000000005	6.245657e+001	1.452679e+001
0.384481	6.383945e+001	1.457286e+001
0.38475600000000004	5.263823e+001	1.451011e+001
0.385031	5.494862e+001	1.451184e+001
0.38530600000000004	6.792966e+001	1.449289e+001
0.385581	6.000765e+001	1.444389e+001
0.38585600000000003	8.128716e+001	1.446932e+001
0.386131	6.338930e+001	1.445936e+001
0.386406	3.376697e+001	1.447934e+001
0.38668100000000005	5.921651e+001	1.442133e+001
0.386956	8.532080e+001	1.442147e+001
0.38723100000000005	6.852936e+001	1.447090e+001
0.387505	4.420214e+001	1.443553e+001
0.38778	5.835291e+001	1.434475e+001
0.38805500000000004	7.366239e+001	1.434912e+001
0.38833000000000006	6.236606e+001	1.441037e+001
0.38860500000000003	5.595596e+001	1.442725e+001
0.38888	3.718379e+001	1.439731e+001
0.38915500000000003	6.365566e+001	1.443197e+001
0.38943	7.036636e+001	1.435237e+001
0.389705	7.218440e+001	1.439048e+001
0.38998	4.990520e+001	1.437511e+001
0.390255	7.741865e+001	1.434875e+001
0.39053000000000004	2.615168e+001	1.438468e+001
0.390805	6.234924e+001	1.440279e+001
0.39108000000000004	6.438716e+001	1.438253e+001
0.391355	5.699205e+001	1.431789e+001
0.39163000000000003	4.935107e+001	1.439944e+001
0.391905	4.279388e+001	1.443980e+001
0.39218000000000003	8.869052e+001	1.446048e+001
0.392455	4.761651e+001	1.437386e+001
0.39273	4.915291e+001	1.435838e+001
0.39300500000000005	5.244190e+001	1.435218e+001
0.39328	5.240398e+001	1.439906e+001
0.39355500000000004	7.122141e+001	1.442672e+001
0.39383	5.962049e+001	1.430584e+001
0.39410500000000004	2.277890e+001	1.442415e+001
0.39438	4.825199e+001	1.438528e+001
0.394655	8.398165e+001	1.440096e+001
0.39493	5.780795e+001	1.433219e+001
0.39520500000000003	3.409633e+001	1.436825e+001
0.39548000000000005	8.118318e+001	1.443222e+001
0.395755	4.453609e+001	1.444033e+001
0.39603000000000005	5.942385e+001	1.438388e+001
0.396305	4.265138e+001	1.436316e+001
0.39658000000000004	5.575046e+001	1.439238e+001
0.396855	5.363303e+001	1.440089e+001
0.39713	5.462722e+001	1.444954e+001
0.397405	3.428777e+001	1.435430e+001
0.39768000000000003	7.489174e+001	1.440862e+001
0.39795500000000006	6.204465e+001	1.453322e+001
0.39823000000000003	3.053792e+001	1.503938e+001
0.39850500000000005	4.747125e+001	1.511671e+001
0.39878	7.373180e+001	1.540924e+001
0.399054	6.891957e+001	1.558099e+001
0.39932900000000005	7.197095e+001	1.578062e+001
0.399604	6.375382e+001	1.583743e+001
0.39987900000000004	5.172324e+001	1.595450e+001
0.40015400000000007	7.435505e+001	1.618481e+001
0.40042900000000003	7.199388e+001	1.622275e+001
0.400704	7.200642e+001	1.638569e+001
0.400979	5.775749e+001	1.649252e+001
0.40125400000000006	3.056942e+001	1.642089e+001
0.401529	4.726575e+001	1.664391e+001
0.40180400000000005	5.004006e+001	1.680574e+001
0.402079	5.209021e+001	1.675031e+001
0.402354	2.690979e+001	1.711655e+001
0.40262900000000007	7.259388e+001	1.721070e+001
0.40290400000000004	5.962569e+001	1.721187e+001
0.403179	8.311407e+001	1.725272e+001
0.403454	6.064281e+001	1.737223e+001
0.403729	5.320826e+001	1.730964e+001
0.40400400000000003	9.623303e+001	1.673327e+001
0.40427900000000005	6.136544e+001	1.639878e+001
0.404554	6.429419e+001	1.620251e+001
0.404829	6.027982e+001	1.599719e+001
0.4051040000000001	7.018930e+001	1.604579e+001
0.40537900000000004	9.668991e+001	1.590842e+001
0.405654	7.485749e+001	1.577829e+001
0.405929	7.035505e+001	1.587907e+001
0.406204	5.321774e+001	1.570419e+001
0.40647900000000003	6.853364e+001	1.568604e+001
0.40675400000000006	4.754954e+001	1.558529e+001
0.40702900000000003	4.747401e+001	1.558178e+001
0.407304	8.437064e+001	1.554480e+001
0.40757899999999997	6.735107e+001	1.554750e+001
0.40785400000000005	2.569694e+001	1.532657e+001
0.408129	6.229297e+001	1.539092e+001
0.408404	4.040153e+001	1.532903e+001
0.408679	4.903609e+001	1.543928e+001
0.40895400000000004	6.848410e+001	1.521257e+001
0.40922900000000006	5.415872e+001	1.520115e+001
0.40950400000000003	5.774557e+001	1.516519e+001
0.409779	7.435994e+001	1.519977e+001
0.410054	4.782783e+001	1.505955e+001
0.41032900000000005	6.552294e+001	1.509804e+001
0.410603	6.505657e+001	1.506895e+001
0.4108780000000001	3.752294e+001	1.502824e+001
0.41115300000000005	8.068746e+001	1.502029e+001
0.411428	5.454893e+001	1.496226e+001
0.411703	4.463639e+001	1.491866e+001
0.41197800000000007	4.382110e+001	1.490972e+001
0.41225300000000004	1.403364e+000	1.488224e+001
0.412528	5.987370e+001	1.479327e+001
0.41280300000000003	5.739327e+001	1.486664e+001
0.413078	5.468624e+001	1.481256e+001
0.4133530000000001	5.137737e+001	1.477581e+001
0.41362800000000005	5.929113e+001	1.472464e+001
0.413903	2.112446e+001	1.466387e+001
0.414178	4.774434e+001	1.474961e+001
0.41445299999999996	6.975321e+001	1.476043e+001
0.41472800000000004	7.507003e+001	1.470410e+001
0.415003	5.666391e+001	1.467366e+001
0.41527800000000004	1.916636e+001	1.470916e+001
0.415553	4.735535e+001	1.471611e+001
0.4158280000000001	3.743180e+001	1.465239e+001
0.41610300000000006	4.662171e+001	1.466491e+001
0.416378	4.687890e+001	1.467442e+001
0.416653	5.659083e+001	1.467998e+001
0.41692799999999997	6.779083e+001	1.473600e+001
0.41720300000000005	5.798807e+001	1.456772e+001
0.417478	7.068746e+001	1.469751e+001
0.41775300000000004	5.037492e+001	1.468195e+001
0.418028	2.807523e+001	1.462803e+001
0.418303	4.680122e+001	1.458846e+001
0.41857800000000006	8.337095e+001	1.460788e+001
0.41885300000000003	6.083303e+001	1.467170e+001
0.419128	7.387064e+001	1.460061e+001
0.41940299999999997	4.711315e+001	1.459412e+001
0.41967800000000005	5.157248e+001	1.459195e+001
0.419953	6.683028e+001	1.458874e+001
0.42022800000000005	6.274037e+001	1.454715e+001
0.420503	5.230061e+001	1.458253e+001
0.420778	6.793853e+001	1.456818e+001
0.42105300000000007	5.960703e+001	1.457278e+001
0.42132800000000004	4.962232e+001	1.451959e+001
0.421603	4.299144e+001	1.457740e+001
0.421878	5.688012e+001	1.448550e+001
0.422152	7.398746e+001	1.450941e+001
0.422427	8.721040e+001	1.457830e+001
0.4227020000000001	3.940581e+001	1.452500e+001
0.42297700000000005	5.397768e+001	1.448250e+001
0.423252	6.654434e+001	1.450781e+001
0.423527	3.401468e+001	1.445166e+001
0.423802	7.286361e+001	1.449605e+001
0.42407700000000004	5.517095e+001	1.442322e+001
0.42435200000000006	5.592416e+001	1.448401e+001
0.42462700000000003	6.166514e+001	1.454264e+001
0.424902	3.688777e+001	1.449765e+001
0.42517699999999997	6.282202e+001	1.447347e+001
0.42545200000000005	6.691621e+001	1.448196e+001
0.425727	5.219358e+001	1.450172e+001
0.426002	6.551682e+001	1.450651e+001
0.426277	6.444832e+001	1.449504e+001
0.42655200000000004	6.135046e+001	1.441608e+001
0.42682700000000007	5.895505e+001	1.440918e+001
0.42710200000000004	4.398532e+001	1.444510e+001
0.427377	3.802110e+001	1.436518e+001
0.427652	6.741162e+001	1.439643e+001
0.42792700000000006	4.035076e+001	1.443683e+001
0.428202	3.934373e+001	1.443570e+001
0.428477	7.554679e+001	1.439398e+001
0.428752	3.472171e+001	1.434029e+001
0.429027	3.472813e+001	1.436096e+001
0.4293020000000001	3.615107e+001	1.438162e+001
0.42957700000000004	4.784801e+001	1.435720e+001
0.429852	5.135138e+001	1.433190e+001
0.430127	4.675933e+001	1.430226e+001
0.43040200000000006	4.583364e+001	1.427883e+001
0.43067700000000003	6.401988e+001	1.434452e+001
0.430952	6.729083e+001	1.436147e+001
0.431227	7.294587e+001	1.433769e+001
0.431502	6.272905e+001	1.436669e+001
0.4317770000000001	5.546483e+001	1.435258e+001
0.43205200000000005	6.025902e+001	1.428854e+001
0.432327	6.810367e+001	1.426568e+001
0.432602	5.386055e+001	1.427168e+001
0.43287699999999996	7.311315e+001	1.433716e+001
0.43315200000000004	6.007768e+001	1.439009e+001
0.433426	3.856850e+001	1.421540e+001
0.43370100000000006	3.793670e+001	1.425410e+001
0.43397600000000003	4.888471e+001	1.431668e+001
0.434251	7.202080e+001	1.432153e+001
0.43452599999999997	4.437034e+001	1.425264e+001
0.43480100000000005	3.217829e+001	1.426475e+001
0.435076	5.353945e+001	1.425611e+001
0.43535100000000004	6.686483e+001	1.426225e+001
0.435626	4.736239e+001	1.427061e+001
0.435901	5.551009e+001	1.418560e+001
0.43617600000000006	7.381223e+001	1.420838e+001
0.43645100000000003	4.739144e+001	1.424721e+001
0.436726	5.798073e+001	1.423967e+001
0.437001	4.027768e+001	1.410624e+001
0.43727600000000005	4.821254e+001	1.409624e+001
0.437551	1.222385e+001	1.411571e+001
0.43782600000000005	5.156300e+001	1.413120e+001
0.438101	4.452385e+001	1.408292e+001
0.438376	5.120367e+001	1.407736e+001
0.43865100000000007	4.972324e+001	1.409843e+001
0.43892600000000004	7.853180e+001	1.407822e+001
0.439201	5.104312e+001	1.405903e+001
0.439476	2.886911e+001	1.403827e+001
0.439751	4.191713e+001	1.407389e+001
0.44002600000000003	3.866881e+001	1.401888e+001
0.44030100000000005	8.659174e+001	1.408213e+001
0.440576	3.421651e+001	1.394770e+001
0.440851	6.975505e+001	1.403027e+001
0.4411260000000001	2.453425e+001	1.404459e+001
0.44140100000000004	5.610031e+001	1.407476e+001
0.441676	4.087890e+001	1.396719e+001
0.441951	4.282141e+001	1.400387e+001
