0.0045	0.0130063526	0.0146369124
0.0046307992	0.0108286496	0.0141263819
0.0047615984	0.0115479623	0.0126443755
0.0048923977	0.0167917041	0.0112341986
0.0050231969	0.0143380588	0.0113554996
0.0051539961	0.0118799868	0.0093868491
0.0052847953	0.0125033776	0.0095460309
0.0054155945	0.0134811925	0.0085130570
0.0055463938	0.0120769779	0.0077329417
0.005677193	0.0111207560	0.0076939967
0.0058079922	0.0142862940	0.0070839997
0.0059387914	0.0095415586	0.0066071322
0.0060695906	0.0107538118	0.0065292318
0.0062003899	0.0121463569	0.0056256411
0.0063311891	0.0122547614	0.0059112723
0.0064619883	0.0139790564	0.0054569092
0.0065927875	0.0119895608	0.0051471960
0.0067235867	0.0138699969	0.0051108486
0.006854386	0.0154783196	0.0046060733
0.0069851852	0.0138344001	0.0046304438
0.0071159844	0.0130097908	0.0045921637
0.0072467836	0.0128922128	0.0042535885
0.0073775828	0.0110363812	0.0041634785
0.0075083821	0.0131410694	0.0039992755
0.0076391813	0.0130496305	0.0038733022
0.0077699805	0.0132082450	0.0039344322
0.0079007797	0.0119110402	0.0035722974
0.0080315789	0.0115783931	0.0037905999
0.0081623782	0.0126737521	0.0035092970
0.0082931774	0.0137161485	0.0033938466
0.0084239766	0.0131592679	0.0034235566
0.0085547758	0.0109406737	0.0033324055
0.008685575	0.0130830772	0.0033073265
0.0088163743	0.0133508459	0.0032055711
0.0089471735	0.0129080038	0.0030286730
0.0090779727	0.0128734736	0.0031216016
0.0092087719	0.0128893246	0.0030047657
0.0093395712	0.0115408973	0.0029546276
0.0094703704	0.0129818095	0.0029791318
0.0096011696	0.0130141079	0.0028158088
0.0097319688	0.0116097791	0.0028516225
0.009862768	0.0122031085	0.0028242498
0.0099935673	0.0122184791	0.0027349409
0.010124366	0.0121945756	0.0027290567
0.010255166	0.0137748246	0.0026109421
0.010385965	0.0110212628	0.0026099648
0.010516764	0.0112867558	0.0026380592
0.010647563	0.0114204435	0.0025190623
0.010778363	0.0114698037	0.0025921167
0.010909162	0.0120007752	0.0024336187
0.011039961	0.0124374797	0.0023990587
0.01117076	0.0129104626	0.0023828568
0.011301559	0.0146533530	0.0023275883
0.011432359	0.0117374364	0.0023270219
0.011563158	0.0113492662	0.0023119125
0.011693957	0.0126910872	0.0022293036
0.011824756	0.0117428364	0.0022934257
0.011955556	0.0122102150	0.0022932946
0.012086355	0.0119154045	0.0022752188
0.012217154	0.0123033499	0.0022875817
0.012347953	0.0126469590	0.0021823582
0.012478752	0.0117774039	0.0022087187
0.012609552	0.0112864126	0.0022041099
0.012740351	0.0116629936	0.0021744026
0.01287115	0.0117605813	0.0021577563
0.013001949	0.0121638675	0.0020795081
0.013132749	0.0120644334	0.0020550154
0.013263548	0.0117528739	0.0020423069
0.013394347	0.0113855652	0.0019972332
0.013525146	0.0115110031	0.0020076339
0.013655945	0.0112963041	0.0019547113
0.013786745	0.0122928918	0.0019338154
0.013917544	0.0105221745	0.0019499177
0.014048343	0.0104903582	0.0019099557
0.014179142	0.0127153728	0.0019191594
0.014309942	0.0123405184	0.0019078085
0.014440741	0.0119202584	0.0018818938
0.01457154	0.0112794266	0.0018691912
0.014702339	0.0123732177	0.0018505622
0.014833138	0.0106471299	0.0018496512
0.014963938	0.0112701952	0.0018442369
0.015094737	0.0113346789	0.0018126325
0.015225536	0.0117559483	0.0018135869
0.015356335	0.0110645496	0.0017957523
0.015487135	0.0111626199	0.0017872610
0.015617934	0.0118379145	0.0017960238
0.015748733	0.0113822413	0.0017611493
0.015879532	0.0115690224	0.0017631820
0.016010331	0.0109302623	0.0017572507
0.016141131	0.0114710864	0.0017383875
0.01627193	0.0118293768	0.0017528545
0.016402729	0.0117347943	0.0017173407
0.016533528	0.0106614614	0.0017164827
0.016664327	0.0113151883	0.0017087124
0.016795127	0.0109401592	0.0017002915
0.016925926	0.0106388502	0.0016966459
0.017056725	0.0106079852	0.0016846786
0.017187524	0.0107337554	0.0016660591
0.017318324	0.0109899914	0.0016711209
0.017449123	0.0112104890	0.0016488483
0.017579922	0.0107400514	0.0016675236
0.017710721	0.0109644334	0.0016581747
0.01784152	0.0114821281	0.0016235297
0.01797232	0.0107732846	0.0016429001
0.018103119	0.0112523861	0.0016118838
0.018233918	0.0116481042	0.0016227442
0.018364717	0.0106769030	0.0016106082
0.018495517	0.0099393498	0.0016029140
0.018626316	0.0110974185	0.0016103792
0.018757115	0.0110248510	0.0015865650
0.018887914	0.0118261954	0.0015735013
0.019018713	0.0102519731	0.0015918590
0.019149513	0.0103490900	0.0015583768
0.019280312	0.0105893663	0.0015689188
0.019411111	0.0112806878	0.0015614410
0.01954191	0.0114556572	0.0015480530
0.01967271	0.0104821354	0.0015597792
0.019803509	0.0099926912	0.0015422674
0.019934308	0.0110820234	0.0015317991
0.020065107	0.0112979961	0.0015301628
0.020195906	0.0106031920	0.0015183665
0.020326706	0.0106157139	0.0015318443
0.020457505	0.0108420754	0.0015080167
0.020588304	0.0108156422	0.0015042587
0.020719103	0.0101400483	0.0015056076
0.020849903	0.0104315417	0.0014764675
0.020980702	0.0111540654	0.0015022527
0.021111501	0.0108970609	0.0014886085
0.0212423	0.0112404321	0.0014668908
0.021373099	0.0101523775	0.0014772287
0.021503899	0.0106401199	0.0014683346
0.021634698	0.0106112237	0.0014524281
0.021765497	0.0107490859	0.0014539590
0.021896296	0.0108477471	0.0014464064
0.022027096	0.0102175500	0.0014568236
0.022157895	0.0102639423	0.0014292730
0.022288694	0.0098554190	0.0014300593
0.022419493	0.0099663265	0.0014311022
0.022550292	0.0108918696	0.0014212564
0.022681092	0.0100671832	0.0014233863
0.022811891	0.0105898157	0.0014139985
0.02294269	0.0098015053	0.0014043984
0.023073489	0.0100938574	0.0014064166
0.023204288	0.0104191453	0.0013917968
0.023335088	0.0100927713	0.0014009111
0.023465887	0.0090801317	0.0013980223
0.023596686	0.0099685160	0.0013830436
0.023727485	0.0096786492	0.0013837800
0.023858285	0.0099369802	0.0013770564
0.023989084	0.0104797477	0.0013793884
0.024119883	0.0096073736	0.0013712895
0.024250682	0.0101282071	0.0013649786
0.024381481	0.0097832629	0.0013595235
0.024512281	0.0098774974	0.0013627585
0.02464308	0.0095890374	0.0013510547
0.024773879	0.0100708141	0.0013510418
0.024904678	0.0099122613	0.0013492787
0.025035478	0.0096819619	0.0013338697
0.025166277	0.0098131643	0.0013364321
0.025297076	0.0101313534	0.0013351355
0.025427875	0.0097934362	0.0013398647
0.025558674	0.0099063199	0.0013215632
0.025689474	0.0098927327	0.0013202527
0.025820273	0.0096585458	0.0013239344
0.025951072	0.0097852537	0.0013148954
0.026081871	0.0097999191	0.0013184068
0.026212671	0.0096980874	0.0013070674
0.02634347	0.0091299150	0.0013054473
0.026474269	0.0092929122	0.0013055000
0.026605068	0.0098281528	0.0012894661
0.026735867	0.0093638177	0.0012988495
0.026866667	0.0090585253	0.0012918578
0.026997466	0.0095436045	0.0012838441
0.027128265	0.0087892745	0.0012805258
0.027259064	0.0094719674	0.0012803321
0.027389864	0.0098432822	0.0012735307
0.027520663	0.0091958840	0.0012784399
0.027651462	0.0094119990	0.0012665943
0.027782261	0.0099230585	0.0012733343
0.02791306	0.0098929274	0.0012652430
0.02804386	0.0091660863	0.0012541334
0.028174659	0.0092022244	0.0012608409
0.028305458	0.0093849325	0.0012540467
0.028436257	0.0096001946	0.0012474341
0.028567057	0.0091900180	0.0012421599
0.028697856	0.0097898301	0.0012398272
0.028828655	0.0096138558	0.0012405263
0.028959454	0.0092599128	0.0012408402
0.029090253	0.0099802044	0.0012353794
0.029221053	0.0093182462	0.0012358944
0.029351852	0.0088286688	0.0012283409
0.029482651	0.0088367872	0.0012266377
0.02961345	0.0091360751	0.0012173991
0.02974425	0.0089925093	0.0012185993
0.029875049	0.0084596431	0.0012139133
0.030005848	0.0091458061	0.0012105508
0.030136647	0.0092089633	0.0012088464
0.030267446	0.0090296412	0.0012155125
0.030398246	0.0088959515	0.0012112043
0.030529045	0.0085167821	0.0012193171
0.030659844	0.0088644684	0.0012071690
0.030790643	0.0086756949	0.0012052965
0.030921442	0.0086656881	0.0012003862
0.031052242	0.0082090397	0.0011931258
0.031183041	0.0083431565	0.0012001176
0.03131384	0.0084335052	0.0011942184
0.031444639	0.0086198384	0.0011853124
0.031575439	0.0084819337	0.0011891710
0.031706238	0.0083720743	0.0011837731
0.031837037	0.0092094819	0.0011813391
0.031967836	0.0088874825	0.0011816388
0.032098635	0.0080886931	0.0011731330
0.032229435	0.0085594185	0.0011831556
0.032360234	0.0085875711	0.0011697314
0.032491033	0.0088640597	0.0011671395
0.032621832	0.0089542406	0.0011691302
0.032752632	0.0084689681	0.0011598775
0.032883431	0.0086145739	0.0011588472
0.03301423	0.0082821442	0.0011533291
0.033145029	0.0084225805	0.0011627320
0.033275828	0.0086361235	0.0011686654
0.033406628	0.0081551340	0.0011677014
0.033537427	0.0083994536	0.0011733191
0.033668226	0.0076741784	0.0011760733
0.033799025	0.0079060190	0.0011751057
0.033929825	0.0082700651	0.0011762420
0.034060624	0.0082537088	0.0011796827
0.034191423	0.0080543111	0.0011762567
0.034322222	0.0079950070	0.0011797155
0.034453021	0.0083784213	0.0011800365
0.034583821	0.0085771468	0.0011803975
0.03471462	0.0083879675	0.0011874694
0.034845419	0.0080723892	0.0011734262
0.034976218	0.0076721738	0.0011751586
0.035107018	0.0083215192	0.0011830393
0.035237817	0.0084474638	0.0011788425
0.035368616	0.0078930592	0.0011811710
0.035499415	0.0076369157	0.0011756079
0.035630214	0.0076984925	0.0011718613
0.035761014	0.0078493075	0.0011884289
0.035891813	0.0082029525	0.0011961329
0.036022612	0.0085479172	0.0012072682
0.036153411	0.0076663436	0.0012122185
0.036284211	0.0078437186	0.0012107325
0.03641501	0.0078482788	0.0012210991
0.036545809	0.0083370278	0.0012192634
0.036676608	0.0074983538	0.0012169157
0.036807407	0.0078678688	0.0012288628
0.036938207	0.0081429622	0.0012215373
0.037069006	0.0076389907	0.0012198463
0.037199805	0.0075836017	0.0012264747
0.037330604	0.0078113989	0.0012195402
0.037461404	0.0081550929	0.0012315411
0.037592203	0.0075715121	0.0012270804
0.037723002	0.0075787409	0.0012265275
0.037853801	0.0079707763	0.0012275050
0.0379846	0.0077328423	0.0012298437
0.0381154	0.0079438322	0.0012116203
0.038246199	0.0076195874	0.0012041857
0.038376998	0.0079449475	0.0011970555
0.038507797	0.0075150757	0.0012004012
0.038638596	0.0077715952	0.0011940583
0.038769396	0.0069576125	0.0011911007
0.038900195	0.0074034860	0.0011895677
0.039030994	0.0075292584	0.0011832906
0.039161793	0.0073554965	0.0011822580
0.039292593	0.0073351997	0.0011776421
0.039423392	0.0078399286	0.0011777129
0.039554191	0.0073439787	0.0011795534
0.03968499	0.0070701391	0.0011751095
0.039815789	0.0073363983	0.0011687172
0.039946589	0.0072230714	0.0011748938
0.040077388	0.0071696227	0.0011652353
0.040208187	0.0073129150	0.0011739999
0.040338986	0.0068521313	0.0011598494
0.040469786	0.0069418134	0.0011685012
0.040600585	0.0072073123	0.0011624124
0.040731384	0.0069360152	0.0011605363
0.040862183	0.0075330922	0.0011585714
0.040992982	0.0068792862	0.0011604002
0.041123782	0.0069985309	0.0011546957
0.041254581	0.0070132986	0.0011598609
0.04138538	0.0074323804	0.0011532781
0.041516179	0.0073073997	0.0011559637
0.041646979	0.0067449063	0.0011486661
0.041777778	0.0063809229	0.0011425096
0.041908577	0.0065798903	0.0011519215
0.042039376	0.0070023591	0.0011471591
0.042170175	0.0070127161	0.0011505247
0.042300975	0.0065488150	0.0011372014
0.042431774	0.0065189362	0.0011412365
0.042562573	0.0065964731	0.0011401503
0.042693372	0.0065491857	0.0011421638
0.042824172	0.0064905076	0.0011359112
0.042954971	0.0067175434	0.0011391228
0.04308577	0.0067241645	0.0011329407
0.043216569	0.0065660151	0.0011366687
0.043347368	0.0064778127	0.0011368525
0.043478168	0.0071490356	0.0011327176
0.043608967	0.0074262258	0.0011368565
0.043739766	0.0067909482	0.0011299030
0.043870565	0.0061787172	0.0011302118
0.044001365	0.0065275509	0.0011297951
0.044132164	0.0065123484	0.0011243530
0.044262963	0.0062030475	0.0011236510
0.044393762	0.0065040710	0.0011256204
0.044524561	0.0062808343	0.0011202140
0.044655361	0.0068444764	0.0011204080
0.04478616	0.0064369691	0.0011206737
0.044916959	0.0068693604	0.0011227316
0.045047758	0.0064342774	0.0011169056
0.045178558	0.0062805438	0.0011133881
0.045309357	0.0063110415	0.0011194295
0.045440156	0.0066783825	0.0011158846
0.045570955	0.0064970833	0.0011180459
0.045701754	0.0069035020	0.0011098055
0.045832554	0.0065355660	0.0011079070
0.045963353	0.0062734758	0.0011086771
0.046094152	0.0062420584	0.0011064372
0.046224951	0.0058382192	0.0011192459
0.04635575	0.0060874630	0.0011361673
0.04648655	0.0065284236	0.0011331666
0.046617349	0.0065257362	0.0011456154
0.046748148	0.0058873559	0.0011477839
0.046878947	0.0060518626	0.0011469211
0.047009747	0.0060600808	0.0011546762
0.047140546	0.0059527200	0.0011553994
0.047271345	0.0057772284	0.0011487309
0.047402144	0.0055070148	0.0011577349
0.047532943	0.0065216064	0.0011603705
0.047663743	0.0066009930	0.0011682806
0.047794542	0.0058495905	0.0011641852
0.047925341	0.0056421490	0.0011565728
0.04805614	0.0062033980	0.0011763079
0.04818694	0.0051954345	0.0011690387
0.048317739	0.0061134786	0.0011719058
0.048448538	0.0055861148	0.0011777122
0.048579337	0.0057941859	0.0011670244
0.048710136	0.0053838674	0.0011778303
0.048840936	0.0051499905	0.0011822237
0.048971735	0.0051991957	0.0011669583
0.049102534	0.0058461288	0.0011865404
0.049233333	0.0063205792	0.0011724172
0.049364133	0.0053983249	0.0011903635
0.049494932	0.0052963789	0.0011904783
0.049625731	0.0050167646	0.0011828348
0.04975653	0.0058979096	0.0011897828
0.049887329	0.0051592362	0.0011836212
0.050018129	0.0061165559	0.0011861906
0.050148928	0.0051581557	0.0011985585
0.050279727	0.0057800931	0.0011811417
0.050410526	0.0058844911	0.0011968779
0.050541326	0.0055921756	0.0011925595
0.050672125	0.0054020713	0.0011833706
0.050802924	0.0058808587	0.0011964562
0.050933723	0.0059348654	0.0011954605
0.051064522	0.0052388306	0.0011940358
0.051195322	0.0055993662	0.0011901717
0.051326121	0.0054509395	0.0011921485
0.05145692	0.0055107345	0.0011962595
0.051587719	0.0054976514	0.0012048801
0.051718519	0.0054463899	0.0011937400
0.051849318	0.0054684236	0.0012010757
0.051980117	0.0056097276	0.0011963212
0.052110916	0.0052893885	0.0011971595
0.052241715	0.0053175958	0.0012035298
0.052372515	0.0050128016	0.0012082440
0.052503314	0.0050829996	0.0012013746
0.052634113	0.0050041025	0.0012013109
0.052764912	0.0051545086	0.0012016081
0.052895712	0.0053458687	0.0012017714
0.053026511	0.0049307488	0.0012082052
0.05315731	0.0054310713	0.0012053426
0.053288109	0.0050554009	0.0012036102
0.053418908	0.0057459498	0.0012070653
0.053549708	0.0047011655	0.0012028264
0.053680507	0.0045610557	0.0012005174
0.053811306	0.0049088196	0.0012083572
0.053942105	0.0047998656	0.0012061137
0.054072904	0.0046192755	0.0012040861
0.054203704	0.0050575130	0.0012085934
0.054334503	0.0044084981	0.0012123048
0.054465302	0.0052034152	0.0012103363
0.054596101	0.0050576946	0.0012075759
0.054726901	0.0052917208	0.0012016287
0.0548577	0.0047893206	0.0012138468
0.054988499	0.0053861342	0.0012104573
0.055119298	0.0043619881	0.0012154905
0.055250097	0.0048170021	0.0012039795
0.055380897	0.0041888670	0.0012120917
0.055511696	0.0048802042	0.0012115070
0.055642495	0.0042954468	0.0012117576
0.055773294	0.0049241558	0.0012234408
0.055904094	0.0046896871	0.0012122904
0.056034893	0.0048460075	0.0012041721
0.056165692	0.0043414590	0.0012146721
0.056296491	0.0051055610	0.0012120097
0.05642729	0.0048984909	0.0012131406
0.05655809	0.0054151329	0.0012205323
0.056688889	0.0051341741	0.0012112521
0.056819688	0.0044415438	0.0012208041
0.056950487	0.0042843025	0.0012097340
0.057081287	0.0043917013	0.0012162133
0.057212086	0.0041719263	0.0012096315
0.057342885	0.0047507662	0.0012053703
0.057473684	0.0047321688	0.0012057569
0.057604483	0.0043862466	0.0012063350
0.057735283	0.0044604770	0.0012078465
0.057866082	0.0047810737	0.0012138932
0.057996881	0.0051221414	0.0011997007
0.05812768	0.0047017271	0.0012036868
0.05825848	0.0047194756	0.0012114227
0.058389279	0.0044380943	0.0012030111
0.058520078	0.0047983040	0.0012131416
0.058650877	0.0049094187	0.0012007389
0.058781676	0.0049509355	0.0012036748
0.058912476	0.0044495219	0.0011966312
0.059043275	0.0044745118	0.0011984986
0.059174074	0.0043595393	0.0011963270
0.059304873	0.0044259144	0.0012013466
0.059435673	0.0049669925	0.0011920771
0.059566472	0.0046743989	0.0011996932
0.059697271	0.0042805787	0.0011895014
0.05982807	0.0046946657	0.0011924643
0.059958869	0.0042982126	0.0011939968
0.060089669	0.0050693425	0.0011844114
0.060220468	0.0043150590	0.0011899866
0.060351267	0.0043530420	0.0011870024
0.060482066	0.0045466759	0.0011828080
0.060612865	0.0051363884	0.0011898877
0.060743665	0.0042044639	0.0011873502
0.060874464	0.0043822128	0.0011834557
0.061005263	0.0042956839	0.0011879556
0.061136062	0.0042962249	0.0011797495
0.061266862	0.0041522529	0.0011937108
0.061397661	0.0040851713	0.0011790122
0.06152846	0.0044548293	0.0011816279
0.061659259	0.0041403112	0.0011803024
0.061790058	0.0044136890	0.0011857256
0.061920858	0.0040837645	0.0011812019
0.062051657	0.0046421100	0.0011798310
0.062182456	0.0038547337	0.0011751461
0.062313255	0.0039189514	0.0011802920
0.062444055	0.0036519873	0.0011699175
0.062574854	0.0041200705	0.0011796453
0.062705653	0.0043705937	0.0011858285
0.062836452	0.0040921725	0.0011661494
0.062967251	0.0038262220	0.0011780321
0.063098051	0.0042231932	0.0011703556
0.06322885	0.0037650288	0.0011790165
0.063359649	0.0037023874	0.0011714609
0.063490448	0.0035036184	0.0011680544
0.063621248	0.0043416589	0.0011769834
0.063752047	0.0045111460	0.0011733641
0.063882846	0.0040325567	0.0011636498
0.064013645	0.0039995470	0.0011787222
0.064144444	0.0038441754	0.0011699452
0.064275244	0.0035962428	0.0011721714
0.064406043	0.0037570576	0.0011671109
0.064536842	0.0039978603	0.0011705045
0.064667641	0.0038992485	0.0011736673
0.064798441	0.0035418539	0.0011662855
0.06492924	0.0037401597	0.0011621452
0.065060039	0.0040590356	0.0011625732
0.065190838	0.0039782675	0.0011653881
0.065321637	0.0036150959	0.0011622557
0.065452437	0.0033970928	0.0011679852
0.065583236	0.0043807302	0.0011557564
0.065714035	0.0034189212	0.0011705760
0.065844834	0.0034572932	0.0011582486
0.065975634	0.0044307453	0.0011607605
0.066106433	0.0041814040	0.0011594988
0.066237232	0.0037159387	0.0011574692
0.066368031	0.0039057771	0.0011584548
0.06649883	0.0036043591	0.0011679019
0.06662963	0.0032350925	0.0011509388
0.066760429	0.0035043196	0.0011581681
0.066891228	0.0034742855	0.0011548877
0.067022027	0.0034969333	0.0011553787
0.067152827	0.0037222721	0.0011575082
0.067283626	0.0033819470	0.0011579408
0.067414425	0.0037371176	0.0011553474
0.067545224	0.0031619312	0.0011569650
0.067676023	0.0040680545	0.0011572847
0.067806823	0.0033583616	0.0011575340
0.067937622	0.0039191523	0.0011527963
0.068068421	0.0033318394	0.0011473044
0.06819922	0.0037604764	0.0011547295
0.068330019	0.0035278493	0.0011473106
0.068460819	0.0030254913	0.0011489376
0.068591618	0.0033263572	0.0011438639
0.068722417	0.0035631917	0.0011504684
0.068853216	0.0029687136	0.0011457907
0.068984016	0.0035827205	0.0011436562
0.069114815	0.0033207852	0.0011472024
0.069245614	0.0033462599	0.0011440782
0.069376413	0.0034669441	0.0011385527
0.069507212	0.0035002826	0.0011486981
0.069638012	0.0036098188	0.0011423881
0.069768811	0.0034724489	0.0011442301
0.06989961	0.0033427542	0.0011427556
0.070030409	0.0036617694	0.0011402315
0.070161209	0.0030534402	0.0011481969
0.070292008	0.0031817256	0.0011347086
0.070422807	0.0031527749	0.0011382674
0.070553606	0.0036026165	0.0011402870
0.070684405	0.0029820182	0.0011355876
0.070815205	0.0033207227	0.0011364030
0.070946004	0.0030807351	0.0011358186
0.071076803	0.0031390821	0.0011313822
0.071207602	0.0033834016	0.0011477782
0.071338402	0.0031590269	0.0011299889
0.071469201	0.0032799619	0.0011361012
0.0716	0.0032558170	0.0011375233
0.071730799	0.0033053868	0.0011324953
0.071861598	0.0033204725	0.0011312686
0.071992398	0.0029411365	0.0011301578
0.072123197	0.0031314833	0.0011329737
0.072253996	0.0033900996	0.0011336635
0.072384795	0.0026130324	0.0011246959
0.072515595	0.0032850184	0.0011307076
0.072646394	0.0034096322	0.0011300950
0.072777193	0.0030924667	0.0011210814
0.072907992	0.0031607293	0.0011338796
0.073038791	0.0023592178	0.0011199597
0.073169591	0.0029973747	0.0011281491
0.07330039	0.0029754990	0.0011265935
0.073431189	0.0031492614	0.0011220942
0.073561988	0.0031963923	0.0011299931
0.073692788	0.0031872186	0.0011206252
0.073823587	0.0032041194	0.0011208804
0.073954386	0.0026006478	0.0011252079
0.074085185	0.0033604893	0.0011126334
0.074215984	0.0029624270	0.0011261820
0.074346784	0.0027460157	0.0011198988
0.074477583	0.0025519488	0.0011166663
0.074608382	0.0027892571	0.0011197402
0.074739181	0.0030823065	0.0011131870
0.074869981	0.0028015568	0.0011184841
0.07500078	0.0028744564	0.0011196672
0.075131579	0.0032529314	0.0011130971
0.075262378	0.0033026155	0.0011132884
0.075393177	0.0028456602	0.0011174904
0.075523977	0.0030359174	0.0011114960
0.075654776	0.0028492936	0.0011150584
0.075785575	0.0026727206	0.0011040939
0.075916374	0.0027046971	0.0011173817
0.076047173	0.0031899590	0.0011123637
0.076177973	0.0032279985	0.0011112730
0.076308772	0.0028873578	0.0011116488
0.076439571	0.0027037968	0.0011077681
0.07657037	0.0033299248	0.0011086298
0.07670117	0.0026696775	0.0011176411
0.076831969	0.0030096190	0.0011072805
0.076962768	0.0026847142	0.0011125999
0.077093567	0.0032954974	0.0011105379
0.077224366	0.0023896620	0.0011015753
0.077355166	0.0032559745	0.0011117570
0.077485965	0.0025714001	0.0011051188
0.077616764	0.0031137652	0.0011094533
0.077747563	0.0025205616	0.0011075341
0.077878363	0.0022662040	0.0011006201
0.078009162	0.0022871823	0.0011045953
0.078139961	0.0027439353	0.0011065019
0.07827076	0.0030746331	0.0010982619
0.078401559	0.0030440677	0.0011072178
0.078532359	0.0027212121	0.0010971585
0.078663158	0.0027194726	0.0011051284
0.078793957	0.0031961548	0.0010982118
0.078924756	0.0024350835	0.0011032984
0.079055556	0.0029588171	0.0011013250
0.079186355	0.0027129412	0.0010974841
0.079317154	0.0030154844	0.0011004886
0.079447953	0.0032863353	0.0011044007
0.079578752	0.0025812452	0.0010967218
0.079709552	0.0031038587	0.0010969453
0.079840351	0.0022369635	0.0010945624
0.07997115	0.0027512942	0.0010948813
0.080101949	0.0024960815	0.0010975475
0.080232749	0.0027726560	0.0010900000
0.080363548	0.0024737302	0.0010968172
0.080494347	0.0027162016	0.0010914667
0.080625146	0.0026393113	0.0010972746
0.080755945	0.0028039101	0.0010911140
0.080886745	0.0024285174	0.0010921177
0.081017544	0.0021854454	0.0010895399
0.081148343	0.0027268950	0.0010958070
0.081279142	0.0026452501	0.0010831782
0.081409942	0.0027011265	0.0010929485
0.081540741	0.0024330740	0.0010886401
0.08167154	0.0028657589	0.0010873683
0.081802339	0.0027279078	0.0010878266
0.081933138	0.0024357945	0.0010866786
0.082063938	0.0027339032	0.0010876358
0.082194737	0.0026247925	0.0010836593
0.082325536	0.0027074530	0.0010882544
0.082456335	0.0020738244	0.0010834565
0.082587135	0.0024361146	0.0010863315
0.082717934	0.0022804834	0.0010822018
0.082848733	0.0021520963	0.0010840459
0.082979532	0.0026129207	0.0010784490
0.083110331	0.0022216018	0.0010872413
0.083241131	0.0027669303	0.0010799065
0.08337193	0.0027532568	0.0010844860
0.083502729	0.0021993944	0.0010812451
0.083633528	0.0023700718	0.0010785992
0.083764327	0.0023708793	0.0010800835
0.083895127	0.0021656603	0.0010811309
0.084025926	0.0021835562	0.0010795540
0.084156725	0.0022859143	0.0010806426
0.084287524	0.0024287618	0.0010741861
0.084418324	0.0018753471	0.0010785263
0.084549123	0.0024603956	0.0010794936
0.084679922	0.0023721333	0.0010747062
0.084810721	0.0024501149	0.0010798725
0.08494152	0.0027854490	0.0010722596
0.08507232	0.0026658202	0.0010745310
0.085203119	0.0025067187	0.0010803657
0.085333918	0.0025391373	0.0010685844
0.085464717	0.0022439111	0.0010766354
0.085595517	0.0020332417	0.0010803828
0.085726316	0.0022761826	0.0010672550
0.085857115	0.0024467304	0.0010764191
0.085987914	0.0019522313	0.0010720854
0.086118713	0.0026064554	0.0010728138
0.086249513	0.0022882332	0.0010689257
0.086380312	0.0026555773	0.0010693150
0.086511111	0.0026065639	0.0010740764
0.08664191	0.0023322528	0.0010704703
0.08677271	0.0023060889	0.0010658968
0.086903509	0.0017400173	0.0010721444
0.087034308	0.0025294285	0.0010618236
0.087165107	0.0026965515	0.0010670092
0.087295906	0.0024103189	0.0010704914
0.087426706	0.0022097962	0.0010606443
0.087557505	0.0021221827	0.0010622369
0.087688304	0.0023730176	0.0010578549
0.087819103	0.0022303125	0.0010694627
0.087949903	0.0025277919	0.0010647298
0.088080702	0.0022154942	0.0010611165
0.088211501	0.0025071414	0.0010644471
0.0883423	0.0024318353	0.0010685499
0.088473099	0.0022461014	0.0010628928
0.088603899	0.0020785771	0.0010607111
0.088734698	0.0021558388	0.0010572183
0.088865497	0.0021522734	0.0010592810
0.088996296	0.0021214394	0.0010641739
0.089127096	0.0026751717	0.0010539006
0.089257895	0.0020524909	0.0010639869
0.089388694	0.0025537596	0.0010554227
0.089519493	0.0022078334	0.0010586373
0.089650292	0.0024990903	0.0010622652
0.089781092	0.0021863300	0.0010516682
0.089911891	0.0020378514	0.0010530164
0.09004269	0.0023159682	0.0010551563
0.090173489	0.0024874487	0.0010532007
0.090304288	0.0020097915	0.0010585410
0.090435088	0.0018688083	0.0010518351
0.090565887	0.0021578981	0.0010549635
0.090696686	0.0023367230	0.0010581467
0.090827485	0.0022288565	0.0010490700
0.090958285	0.0018945617	0.0010552164
0.091089084	0.0019802522	0.0010571831
0.091219883	0.0021164512	0.0010487117
0.091350682	0.0016666780	0.0010506137
0.091481481	0.0019678634	0.0010524902
0.091612281	0.0021286712	0.0010737773
0.09174308	0.0020266709	0.0010875781
0.091873879	0.0016337182	0.0010876668
0.092004678	0.0021082173	0.0010999843
0.092135478	0.0021349275	0.0011063223
0.092266277	0.0019712334	0.0011103028
0.092397076	0.0017718994	0.0011193153
0.092527875	0.0020782663	0.0011155555
0.092658674	0.0016897250	0.0011219252
0.092789474	0.0021731176	0.0011235412
0.092920273	0.0019056824	0.0010990124
0.093051072	0.0020701055	0.0010901546
0.093181871	0.0024436948	0.0010812941
0.093312671	0.0018633417	0.0010852867
0.09344347	0.0018721749	0.0010842145
0.093574269	0.0021046150	0.0010768632
0.093705068	0.0019081642	0.0010801617
0.093835867	0.0020502985	0.0010707695
0.093966667	0.0018664315	0.0010720646
0.094097466	0.0016439236	0.0010734286
0.094228265	0.0023229847	0.0010623675
0.094359064	0.0017752901	0.0010671950
0.094489864	0.0020497343	0.0010659053
0.094620663	0.0018152753	0.0010658061
0.094751462	0.0017454043	0.0010631227
0.094882261	0.0024843105	0.0010598349
0.09501306	0.0021370588	0.0010618686
0.09514386	0.0021108557	0.0010641841
0.095274659	0.0016295819	0.0010550433
0.095405458	0.0018869388	0.0010616326
0.095536257	0.0022422474	0.0010525726
0.095667057	0.0020420448	0.0010560488
0.095797856	0.0023953073	0.0010561893
0.095928655	0.0016640688	0.0010511178
0.096059454	0.0013175511	0.0010533323
0.096190253	0.0022171825	0.0010507077
0.096321053	0.0018878401	0.0010535567
0.096451852	0.0022125388	0.0010516473
0.096582651	0.0023220850	0.0010507651
0.09671345	0.0022545693	0.0010513927
0.09684425	0.0019755717	0.0010520141
0.096975049	0.0018630847	0.0010453498
0.097105848	0.0020882936	0.0010502978
0.097236647	0.0019690036	0.0010467013
0.097367446	0.0017468892	0.0010483519
0.097498246	0.0019448482	0.0010443888
0.097629045	0.0016307080	0.0010410659
0.097759844	0.0017378281	0.0010455867
0.097890643	0.0017314582	0.0010403163
0.098021442	0.0021188920	0.0010379638
0.098152242	0.0022985789	0.0010429154
0.098283041	0.0021437701	0.0010307691
0.09841384	0.0018184544	0.0010314938
0.098544639	0.0017749782	0.0010315575
0.098675439	0.0013813733	0.0010283459
0.098806238	0.0017983480	0.0010301271
0.098937037	0.0020201466	0.0010212415
0.099067836	0.0017649981	0.0010236704
0.099198635	0.0019297638	0.0010328147
0.099329435	0.0015922173	0.0010219180
0.099460234	0.0014074847	0.0010307385
0.099591033	0.0018244071	0.0010266275
0.099721832	0.0015080331	0.0010215033
0.099852632	0.0015652378	0.0010299683
0.099983431	0.0016376277	0.0010227946
0.10011423	0.0015506099	0.0010288121
0.10024503	0.0020622843	0.0010286100
0.10037583	0.0018907186	0.0010189686
0.10050663	0.0017869169	0.0010293152
0.10063743	0.0013516480	0.0010238455
0.10076823	0.0018005956	0.0010214620
0.10089903	0.0017790471	0.0010273037
0.10102982	0.0016160647	0.0010174118
0.10116062	0.0016208511	0.0010241312
0.10129142	0.0017436248	0.0010248425
0.10142222	0.0019892553	0.0010183221
0.10155302	0.0016549247	0.0010262893
0.10168382	0.0014825842	0.0010129995
0.10181462	0.0019512411	0.0010191841
0.10194542	0.0018618428	0.0010215213
0.10207622	0.0016540904	0.0010136177
0.10220702	0.0008800862	0.0010208230
0.10233782	0.0018926268	0.0010173542
0.10246862	0.0019153680	0.0010180628
0.10259942	0.0014378971	0.0010231127
0.10273021	0.0017113972	0.0010119687
0.10286101	0.0021480892	0.0010170899
0.10299181	0.0015272225	0.0010140781
0.10312261	0.0016044672	0.0010116419
0.10325341	0.0017371434	0.0010188542
0.10338421	0.0020474896	0.0010106368
0.10351501	0.0018955156	0.0010123549
0.10364581	0.0017367406	0.0010163430
0.10377661	0.0016743739	0.0010065845
0.10390741	0.0016121183	0.0010129340
0.10403821	0.0014904382	0.0010139980
0.10416901	0.0018442333	0.0010047888
0.10429981	0.0015579386	0.0010115540
0.1044306	0.0015959101	0.0010053043
0.1045614	0.0014519140	0.0010114819
0.1046922	0.0018469027	0.0010092885
0.104823	0.0016125211	0.0010070617
0.1049538	0.0015420148	0.0010089204
0.1050846	0.0016817916	0.0010061286
0.1052154	0.0014411135	0.0010070570
0.1053462	0.0016031218	0.0010112063
0.105477	0.0016613416	0.0010040243
0.1056078	0.0012640256	0.0010049982
0.1057386	0.0018074031	0.0010051399
0.1058694	0.0014819541	0.0010066072
0.10600019	0.0015884025	0.0010099652
0.10613099	0.0015408784	0.0010051492
0.10626179	0.0015029084	0.0010040464
0.10639259	0.0020177221	0.0010040347
0.10652339	0.0015584344	0.0010006661
0.10665419	0.0018662556	0.0010027196
0.10678499	0.0017674913	0.0010098382
0.10691579	0.0012187699	0.0010242625
0.10704659	0.0019124524	0.0010394095
0.10717739	0.0012531649	0.0010349303
0.10730819	0.0017318265	0.0010472711
0.10743899	0.0014908878	0.0010522919
0.10756979	0.0013247700	0.0010558744
0.10770058	0.0016881731	0.0010628875
0.10783138	0.0014757715	0.0010609288
0.10796218	0.0015549159	0.0010673557
0.10809298	0.0014068843	0.0010744397
0.10822378	0.0011105789	0.0010748619
0.10835458	0.0016008606	0.0010834115
0.10848538	0.0018187048	0.0010794584
0.10861618	0.0017391644	0.0010832636
0.10874698	0.0017364545	0.0010980165
0.10887778	0.0019048628	0.0010848031
0.10900858	0.0014494538	0.0011029344
0.10913938	0.0010115372	0.0010996428
0.10927018	0.0015325704	0.0010961681
0.10940097	0.0014891475	0.0011106229
0.10953177	0.0011454582	0.0011059302
0.10966257	0.0017233924	0.0011171784
0.10979337	0.0011377226	0.0011139194
0.10992417	0.0012656874	0.0011067154
0.11005497	0.0010944761	0.0011176486
0.11018577	0.0014105756	0.0011212666
0.11031657	0.0010125603	0.0011249875
0.11044737	0.0016781923	0.0011320289
0.11057817	0.0016407476	0.0011207482
0.11070897	0.0012041079	0.0011306468
0.11083977	0.0013567539	0.0011372944
0.11097057	0.0016648310	0.0011368447
0.11110136	0.0014617372	0.0011443515
0.11123216	0.0011653052	0.0011311294
0.11136296	0.0012496515	0.0011428610
0.11149376	0.0016394906	0.0011462404
0.11162456	0.0014427854	0.0011459827
0.11175536	0.0013071782	0.0011252356
0.11188616	0.0011194764	0.0011039892
0.11201696	0.0012268914	0.0010972267
0.11214776	0.0013584610	0.0010989365
0.11227856	0.0011884910	0.0010854412
0.11240936	0.0012314046	0.0010931546
0.11254016	0.0014250281	0.0010803921
0.11267096	0.0016025345	0.0010773456
0.11280175	0.0016469423	0.0010780028
0.11293255	0.0014365009	0.0010710353
0.11306335	0.0012017155	0.0010678139
0.11319415	0.0013363233	0.0010704262
0.11332495	0.0011902680	0.0010525351
0.11345575	0.0014794381	0.0010653158
0.11358655	0.0017126921	0.0010564949
0.11371735	0.0016609471	0.0010562063
0.11384815	0.0013284062	0.0010608574
0.11397895	0.0014475937	0.0010504903
0.11410975	0.0008799502	0.0010547890
0.11424055	0.0016058824	0.0010498560
0.11437135	0.0013193006	0.0010483183
0.11450214	0.0015480287	0.0010527098
0.11463294	0.0011909296	0.0010465556
0.11476374	0.0012984916	0.0010386007
0.11489454	0.0012253602	0.0010455212
0.11502534	0.0013536450	0.0010382399
0.11515614	0.0013544821	0.0010432224
0.11528694	0.0011799932	0.0010352771
0.11541774	0.0014010093	0.0010335953
0.11554854	0.0011244015	0.0010349537
0.11567934	0.0013336034	0.0010320594
0.11581014	0.0011780609	0.0010335652
0.11594094	0.0009062780	0.0010354015
0.11607173	0.0012174189	0.0010259647
0.11620253	0.0016113316	0.0010310428
0.11633333	0.0014017946	0.0010241732
0.11646413	0.0011963498	0.0010302063
0.11659493	0.0014231589	0.0010279558
0.11672573	0.0013389899	0.0010192699
0.11685653	0.0012632812	0.0010201700
0.11698733	0.0016564550	0.0010169564
0.11711813	0.0010807390	0.0010228759
0.11724893	0.0007906897	0.0010174725
0.11737973	0.0014998602	0.0010075573
0.11751053	0.0015591024	0.0010120719
0.11764133	0.0014176954	0.0010123307
0.11777212	0.0013330876	0.0010067280
0.11790292	0.0013137503	0.0010129898
0.11803372	0.0008680945	0.0010037292
0.11816452	0.0010511458	0.0010034680
0.11829532	0.0012648371	0.0010049597
0.11842612	0.0011548670	0.0009968726
0.11855692	0.0012181986	0.0010019790
0.11868772	0.0013510603	0.0010000798
0.11881852	0.0012088913	0.0009984284
0.11894932	0.0016911685	0.0009987290
0.11908012	0.0014714531	0.0009942298
0.11921092	0.0013200647	0.0009934401
0.11934172	0.0011220173	0.0009979967
0.11947251	0.0013161326	0.0009891212
0.11960331	0.0015053431	0.0009949863
0.11973411	0.0011855346	0.0009868442
0.11986491	0.0011271221	0.0009897512
0.11999571	0.0011353463	0.0009842472
0.12012651	0.0010410063	0.0009818190
0.12025731	0.0011061022	0.0009861190
0.12038811	0.0012951197	0.0009801534
0.12051891	0.0013719952	0.0009834321
0.12064971	0.0016625754	0.0009845416
0.12078051	0.0012733212	0.0009737570
0.12091131	0.0011239536	0.0009759742
0.12104211	0.0011921740	0.0009762978
0.1211729	0.0011627096	0.0009757613
0.1213037	0.0014350053	0.0009774840
0.1214345	0.0016266448	0.0009737064
0.1215653	0.0016186596	0.0009743395
0.1216961	0.0014213975	0.0009756129
0.1218269	0.0012409466	0.0009687118
0.1219577	0.0013699911	0.0009730236
0.1220885	0.0011265968	0.0009733451
0.1222193	0.0011078581	0.0009700120
0.1223501	0.0014665643	0.0009756976
0.1224809	0.0007979081	0.0009675519
0.1226117	0.0010866335	0.0009721751
0.1227425	0.0009609442	0.0009675569
0.12287329	0.0009790180	0.0009662256
0.12300409	0.0011217265	0.0009701183
0.12313489	0.0011978699	0.0009689311
0.12326569	0.0015499566	0.0009686615
0.12339649	0.0010936473	0.0009700990
0.12352729	0.0013213491	0.0009671242
0.12365809	0.0011811164	0.0009659339
0.12378889	0.0012818564	0.0009691471
0.12391969	0.0009798224	0.0009639986
0.12405049	0.0009085189	0.0009668873
0.12418129	0.0014537903	0.0009630092
0.12431209	0.0011748918	0.0009666171
0.12444288	0.0014484975	0.0009637037
0.12457368	0.0011033642	0.0009619931
0.12470448	0.0013807076	0.0009651663
0.12483528	0.0008140209	0.0009617102
0.12496608	0.0011526971	0.0009623065
0.12509688	0.0010729877	0.0009630321
0.12522768	0.0008668885	0.0009580377
0.12535848	0.0011340882	0.0009612450
0.12548928	0.0012434345	0.0009614217
0.12562008	0.0014187950	0.0009584862
0.12575088	0.0016139400	0.0009625401
0.12588168	0.0009879294	0.0009548413
0.12601248	0.0012944914	0.0009613107
0.12614327	0.0010725260	0.0009606452
0.12627407	0.0010634478	0.0009556454
0.12640487	0.0013513082	0.0009579872
0.12653567	0.0013878545	0.0009559472
0.12666647	0.0009345337	0.0009574463
0.12679727	0.0012444261	0.0009597420
0.12692807	0.0011666092	0.0009505873
0.12705887	0.0008345679	0.0009559791
0.12718967	0.0008003787	0.0009496685
0.12732047	0.0013745582	0.0009515477
0.12745127	0.0010208068	0.0009513409
0.12758207	0.0005242402	0.0009500112
0.12771287	0.0011268305	0.0009492940
0.12784366	0.0011048666	0.0009511807
0.12797446	0.0013110168	0.0009515886
0.12810526	0.0007060243	0.0009506287
0.12823606	0.0007089495	0.0009479974
0.12836686	0.0010883854	0.0009483278
0.12849766	0.0012060141	0.0009514585
0.12862846	0.0010237779	0.0009452663
0.12875926	0.0012364049	0.0009472435
0.12889006	0.0016393872	0.0009503067
0.12902086	0.0009437713	0.0009466386
0.12915166	0.0011875063	0.0009475710
0.12928246	0.0010255939	0.0009445958
0.12941326	0.0009943361	0.0009453450
0.12954405	0.0011717641	0.0009453285
0.12967485	0.0007125023	0.0009447424
0.12980565	0.0008323568	0.0009451985
0.12993645	0.0007963731	0.0009434551
0.13006725	0.0010344809	0.0009451144
0.13019805	0.0010082597	0.0009480786
0.13032885	0.0010607783	0.0009418898
0.13045965	0.0014352612	0.0009425578
0.13059045	0.0010586181	0.0009442307
0.13072125	0.0013258140	0.0009432700
0.13085205	0.0010508934	0.0009454616
0.13098285	0.0007775750	0.0009415422
0.13111365	0.0013139192	0.0009425592
0.13124444	0.0010112033	0.0009416471
0.13137524	0.0010048852	0.0009408535
0.13150604	0.0015094762	0.0009401458
0.13163684	0.0012951513	0.0009437463
0.13176764	0.0008245795	0.0009376486
0.13189844	0.0011812247	0.0009414485
0.13202924	0.0009548642	0.0009398337
0.13216004	0.0009382638	0.0009389079
0.13229084	0.0011266653	0.0009370647
0.13242164	0.0008841111	0.0009369303
0.13255244	0.0013510131	0.0009381748
0.13268324	0.0011592846	0.0009343283
0.13281404	0.0009424298	0.0009392649
0.13294483	0.0010306222	0.0009355187
0.13307563	0.0009004108	0.0009360099
0.13320643	0.0008343079	0.0009360805
0.13333723	0.0014290053	0.0009353929
0.13346803	0.0008830562	0.0009357452
0.13359883	0.0010654714	0.0009403449
0.13372963	0.0012313996	0.0009297220
0.13386043	0.0008253372	0.0009323232
0.13399123	0.0007792897	0.0009304482
0.13412203	0.0013621883	0.0009341065
0.13425283	0.0009659609	0.0009353979
0.13438363	0.0011765821	0.0009300687
0.13451442	0.0013826981	0.0009343617
0.13464522	0.0009128573	0.0009304594
0.13477602	0.0011312818	0.0009261211
0.13490682	0.0011258803	0.0009340917
0.13503762	0.0016308949	0.0009273417
0.13516842	0.0009579670	0.0009279264
0.13529922	0.0013699535	0.0009300116
0.13543002	0.0008943615	0.0009255030
0.13556082	0.0012498689	0.0009323028
0.13569162	0.0011013843	0.0009284262
0.13582242	0.0012529834	0.0009277008
0.13595322	0.0009788047	0.0009261832
0.13608402	0.0008735741	0.0009282736
0.13621481	0.0009917640	0.0009273753
0.13634561	0.0012175868	0.0009249630
0.13647641	0.0011242000	0.0009226843
0.13660721	0.0008874459	0.0009262540
0.13673801	0.0011187562	0.0009221204
0.13686881	0.0009226009	0.0009265358
0.13699961	0.0007446968	0.0009313891
0.13713041	0.0012431721	0.0009191534
0.13726121	0.0008342353	0.0009274827
0.13739201	0.0011077548	0.0009223678
0.13752281	0.0011674177	0.0009254841
0.13765361	0.0007682699	0.0009256864
0.13778441	0.0012114846	0.0009210358
0.1379152	0.0011186730	0.0009232202
0.138046	0.0006472481	0.0009185469
0.1381768	0.0010585998	0.0009176345
0.1383076	0.0013660835	0.0009228937
0.1384384	0.0009933397	0.0009185863
0.1385692	0.0012234991	0.0009241709
0.1387	0.0010367762	0.0009229869
0.1388308	0.0008441306	0.0009145781
0.1389616	0.0006733385	0.0009242020
0.1390924	0.0009371036	0.0009152673
0.1392232	0.0008537249	0.0009191488
0.139354	0.0010466961	0.0009180803
0.1394848	0.0014034069	0.0009163965
0.13961559	0.0010907988	0.0009149824
0.13974639	0.0010844809	0.0009203901
0.13987719	0.0009967253	0.0009143134
0.14000799	0.0005648842	0.0009197067
0.14013879	0.0007138475	0.0009134557
0.14026959	0.0008391673	0.0009164574
0.14040039	0.0009562734	0.0009175244
0.14053119	0.0007977622	0.0009127970
0.14066199	0.0009996468	0.0009168430
0.14079279	0.0004986596	0.0009120800
0.14092359	0.0008500789	0.0009140311
0.14105439	0.0006698372	0.0009153258
0.14118519	0.0006995077	0.0009102335
0.14131598	0.0008318467	0.0009136585
0.14144678	0.0007733491	0.0009081202
0.14157758	0.0008667110	0.0009053995
0.14170838	0.0008532857	0.0009137363
0.14183918	0.0010137491	0.0009066746
0.14196998	0.0007812474	0.0009068334
0.14210078	0.0010086259	0.0009080222
0.14223158	0.0009165366	0.0009079498
0.14236238	0.0009873467	0.0009084309
0.14249318	0.0009624427	0.0009071837
0.14262398	0.0010773829	0.0009078568
0.14275478	0.0006564730	0.0009098570
0.14288558	0.0008958165	0.0009006480
0.14301637	0.0008582107	0.0009078442
0.14314717	0.0007493920	0.0009089440
0.14327797	0.0007780068	0.0009036035
0.14340877	0.0007203742	0.0009067287
0.14353957	0.0010371109	0.0009013644
0.14367037	0.0012800766	0.0009074820
0.14380117	0.0009685584	0.0009046498
0.14393197	0.0015784602	0.0009019271
0.14406277	0.0008799174	0.0009019188
0.14419357	0.0006193609	0.0009010198
0.14432437	0.0008190872	0.0008997733
0.14445517	0.0006353155	0.0009047129
0.14458596	0.0009714728	0.0009001407
0.14471676	0.0010477593	0.0008993236
0.14484756	0.0011998045	0.0009014890
0.14497836	0.0006311140	0.0009019039
0.14510916	0.0012465906	0.0009033355
0.14523996	0.0007783413	0.0009000778
0.14537076	0.0009851200	0.0009047439
0.14550156	0.0011717085	0.0009003837
0.14563236	0.0009474649	0.0008991500
0.14576316	0.0011034710	0.0009037541
0.14589396	0.0005615572	0.0009042718
0.14602476	0.0007536376	0.0008994092
0.14615556	0.0008430930	0.0009020537
0.14628635	0.0008100638	0.0008965568
0.14641715	0.0006021475	0.0009024491
0.14654795	0.0007473056	0.0009015978
0.14667875	0.0010953977	0.0008961298
0.14680955	0.0008845977	0.0009007711
0.14694035	0.0011654313	0.0008939186
0.14707115	0.0006558673	0.0008992171
0.14720195	0.0010113364	0.0009027686
0.14733275	0.0011216035	0.0008977816
0.14746355	0.0005628709	0.0009022306
0.14759435	0.0008264937	0.0008975178
0.14772515	0.0011196575	0.0008967612
0.14785595	0.0007497896	0.0009004942
0.14798674	0.0010017274	0.0008949160
0.14811754	0.0008528875	0.0008994940
0.14824834	0.0007987962	0.0008928259
0.14837914	0.0007541635	0.0008956567
0.14850994	0.0012367754	0.0008972088
0.14864074	0.0011316210	0.0008961481
0.14877154	0.0008350665	0.0008964193
0.14890234	0.0009963774	0.0008968944
0.14903314	0.0006111093	0.0008906359
0.14916394	0.0010069215	0.0008962273
0.14929474	0.0006463530	0.0008939646
0.14942554	0.0010138981	0.0008950340
0.14955634	0.0005878098	0.0008927782
0.14968713	0.0011007959	0.0008869691
0.14981793	0.0009912458	0.0008968223
0.14994873	0.0009810951	0.0008934302
0.15007953	0.0007673331	0.0008934192
0.15021033	0.0012134729	0.0008926471
0.15034113	0.0008138759	0.0008906217
0.15047193	0.0009610325	0.0008877676
0.15060273	0.0007636262	0.0008972053
0.15073353	0.0008223563	0.0008863965
0.15086433	0.0006585949	0.0008910956
0.15099513	0.0007097551	0.0008880633
0.15112593	0.0006654514	0.0008921685
0.15125673	0.0003968120	0.0008895685
0.15138752	0.0005598565	0.0008904841
0.15151832	0.0008563897	0.0008904704
0.15164912	0.0010777080	0.0008915738
0.15177992	0.0008736513	0.0008857212
0.15191072	0.0005752296	0.0008875241
0.15204152	0.0008058666	0.0008887649
0.15217232	0.0007668986	0.0008862778
0.15230312	0.0010305235	0.0008895129
0.15243392	0.0012627722	0.0008839586
0.15256472	0.0008775461	0.0008854601
0.15269552	0.0009211170	0.0008875495
0.15282632	0.0006922503	0.0008864381
0.15295712	0.0008546469	0.0008853475
0.15308791	0.0011730204	0.0008851285
0.15321871	0.0005223650	0.0008831005
0.15334951	0.0006789471	0.0008842007
0.15348031	0.0003308936	0.0008829302
0.15361111	0.0004753534	0.0008855239
0.15374191	0.0007222749	0.0008824192
0.15387271	0.0007309760	0.0008813350
0.15400351	0.0006347508	0.0008851326
0.15413431	0.0010426092	0.0008826107
0.15426511	0.0011647441	0.0008843343
0.15439591	0.0004951805	0.0008817108
0.15452671	0.0005716125	0.0008818698
0.1546575	0.0008009712	0.0008790599
0.1547883	0.0009455867	0.0008834513
0.1549191	0.0005540019	0.0008822467
0.1550499	0.0006174399	0.0008818623
0.1551807	0.0006479151	0.0008803574
0.1553115	0.0007651986	0.0008810626
0.1554423	0.0007255431	0.0008796615
0.1555731	0.0006214064	0.0008779599
0.1557039	0.0006884021	0.0008775553
0.1558347	0.0006820009	0.0008786026
0.1559655	0.0004213082	0.0008753472
0.1560963	0.0007419058	0.0008762318
0.1562271	0.0005586231	0.0008789344
0.15635789	0.0006505640	0.0008779757
0.15648869	0.0009847813	0.0008744346
0.15661949	0.0010224501	0.0008743970
0.15675029	0.0008570255	0.0008795139
0.15688109	0.0006607709	0.0008745313
0.15701189	0.0006306395	0.0008783951
0.15714269	0.0007379016	0.0008736401
0.15727349	0.0008765246	0.0008749972
0.15740429	0.0006557021	0.0008756981
0.15753509	0.0007836707	0.0008729058
0.15766589	0.0005145485	0.0008756337
0.15779669	0.0008270012	0.0008721263
0.15792749	0.0009452025	0.0008726997
0.15805828	0.0006617299	0.0008732189
0.15818908	0.0008386005	0.0008721865
0.15831988	0.0004292824	0.0008742207
0.15845068	0.0005343815	0.0008722395
0.15858148	0.0006287884	0.0008709922
0.15871228	0.0007113585	0.0008708239
0.15884308	0.0008585832	0.0008714185
0.15897388	0.0006371583	0.0008714199
0.15910468	0.0009698350	0.0008720768
0.15923548	0.0009837946	0.0008685288
0.15936628	0.0009796159	0.0008709261
0.15949708	0.0007852832	0.0008707056
0.15962788	0.0008520413	0.0008717872
0.15975867	0.0009217913	0.0008719948
0.15988947	0.0007013764	0.0008684629
0.16002027	0.0007501977	0.0008692229
0.16015107	0.0010896540	0.0008682651
0.16028187	0.0005280524	0.0008684554
0.16041267	0.0006765502	0.0008733656
0.16054347	0.0006433223	0.0008644166
0.16067427	0.0006821144	0.0008671319
0.16080507	0.0008021620	0.0008699039
0.16093587	0.0011582013	0.0008677616
0.16106667	0.0007492846	0.0008693222
0.16119747	0.0004173134	0.0008634001
0.16132827	0.0006998500	0.0008667917
0.16145906	0.0010148262	0.0008681483
0.16158986	0.0006310399	0.0008611533
0.16172066	0.0004222656	0.0008645289
0.16185146	0.0006769146	0.0008658770
0.16198226	0.0003317490	0.0008624956
0.16211306	0.0008447171	0.0008643645
0.16224386	0.0005972450	0.0008600069
0.16237466	0.0004578347	0.0008633292
0.16250546	0.0004663621	0.0008643329
0.16263626	0.0004020777	0.0008589858
0.16276706	0.0004951187	0.0008628980
0.16289786	0.0003706002	0.0008586399
0.16302865	0.0004579753	0.0008623027
0.16315945	0.0002239526	0.0008645921
0.16329025	0.0006769433	0.0008576042
0.16342105	0.0005608213	0.0008624899
0.16355185	0.0006241890	0.0008601061
0.16368265	0.0008983527	0.0008588920
0.16381345	0.0007472242	0.0008631475
0.16394425	0.0005063287	0.0008577837
0.16407505	0.0004140423	0.0008595901
0.16420585	0.0003826863	0.0008629217
0.16433665	0.0005313763	0.0008547179
0.16446745	0.0003168341	0.0008589027
0.16459825	0.0008957080	0.0008569084
0.16472904	0.0010499919	0.0008573610
0.16485984	0.0005472670	0.0008586665
0.16499064	0.0005566571	0.0008545116
0.16512144	0.0006921854	0.0008574741
0.16525224	0.0005636297	0.0008556461
0.16538304	0.0002575584	0.0008547584
0.16551384	0.0006085277	0.0008612956
0.16564464	0.0006918323	0.0008519903
0.16577544	0.0005487646	0.0008566377
0.16590624	0.0006570939	0.0008565256
0.16603704	0.0008430788	0.0008536677
0.16616784	0.0003233059	0.0008569921
0.16629864	0.0007494719	0.0008543123
0.16642943	0.0005946746	0.0008514672
0.16656023	0.0009868788	0.0008578775
0.16669103	0.0003498209	0.0008511802
0.16682183	0.0006766759	0.0008601426
0.16695263	0.0009163484	0.0008549287
0.16708343	0.0006203910	0.0008494640
0.16721423	0.0004935930	0.0008571087
0.16734503	0.0004175734	0.0008509639
0.16747583	0.0007093486	0.0008547096
0.16760663	0.0008240323	0.0008525496
0.16773743	0.0003212125	0.0008493402
0.16786823	0.0006637541	0.0008537177
0.16799903	0.0008490490	0.0008514373
0.16812982	0.0002987279	0.0008499491
0.16826062	0.0010150470	0.0008576157
0.16839142	0.0007447255	0.0008501312
0.16852222	0.0004476580	0.0008479466
0.16865302	0.0006498375	0.0008508460
0.16878382	0.0007851266	0.0008471650
0.16891462	0.0003143196	0.0008509679
0.16904542	0.0006791019	0.0008471462
0.16917622	0.0003310069	0.0008510308
0.16930702	0.0006231403	0.0008494730
0.16943782	0.0006481122	0.0008444668
0.16956862	0.0005882324	0.0008503888
0.16969942	0.0007876579	0.0008470064
0.16983021	0.0006425353	0.0008481805
0.16996101	0.0004173538	0.0008479795
0.17009181	0.0003893513	0.0008427417
0.17022261	0.0004650639	0.0008481013
0.17035341	0.0006297946	0.0008464033
0.17048421	0.0006195064	0.0008452790
0.17061501	0.0005695623	0.0008454839
0.17074581	0.0003256756	0.0008423985
0.17087661	0.0005831438	0.0008455844
0.17100741	0.0003516326	0.0008486489
0.17113821	0.0003656297	0.0008444747
0.17126901	0.0007052558	0.0008444203
0.17139981	0.0007344754	0.0008396538
0.1715306	0.0006721085	0.0008430967
0.1716614	0.0003862444	0.0008502532
0.1717922	0.0005812934	0.0008400853
0.171923	0.0006407328	0.0008463344
0.1720538	0.0006169870	0.0008421745
0.1721846	0.0003320622	0.0008432161
0.1723154	0.0008082254	0.0008431321
0.1724462	0.0005054176	0.0008408639
0.172577	0.0006127797	0.0008444546
0.1727078	0.0006319460	0.0008434966
0.1728386	-0.0001345838	0.0008392012
0.1729694	0.0003468288	0.0008426122
0.17310019	0.0006454664	0.0008411233
0.17323099	0.0007358889	0.0008402538
0.17336179	0.0006912385	0.0008411450
0.17349259	0.0009907704	0.0008355490
0.17362339	0.0001992051	0.0008414706
0.17375419	0.0007256670	0.0008360069
0.17388499	0.0004978415	0.0008400875
0.17401579	0.0006358001	0.0008364190
0.17414659	0.0005120006	0.0008329379
0.17427739	0.0002957641	0.0008394564
0.17440819	0.0005111802	0.0008384016
0.17453899	0.0004657823	0.0008342780
0.17466979	0.0008019004	0.0008386849
0.17480058	0.0008263699	0.0008332176
0.17493138	0.0005838231	0.0008354918
0.17506218	0.0006061154	0.0008386642
0.17519298	0.0007015055	0.0008342189
0.17532378	0.0006331024	0.0008371686
0.17545458	0.0006690847	0.0008320153
0.17558538	0.0004999489	0.0008334762
0.17571618	0.0003035484	0.0008367942
0.17584698	0.0007316409	0.0008355625
0.17597778	0.0003743585	0.0008335876
0.17610858	0.0006662214	0.0008387011
0.17623938	0.0006189589	0.0008279265
0.17637018	0.0004079658	0.0008358414
0.17650097	0.0007702379	0.0008312669
0.17663177	0.0007204645	0.0008318118
0.17676257	0.0003201398	0.0008362733
0.17689337	0.0008708271	0.0008259107
0.17702417	0.0003944939	0.0008340695
0.17715497	0.0006308652	0.0008334487
0.17728577	0.0007323789	0.0008320479
0.17741657	0.0005678790	0.0008351291
0.17754737	0.0005632148	0.0008244792
0.17767817	0.0008010161	0.0008275892
0.17780897	0.0004105915	0.0008338170
0.17793977	0.0005034703	0.0008294787
0.17807057	0.0006299942	0.0008329538
0.17820136	0.0008242722	0.0008258432
0.17833216	0.0005499210	0.0008289592
0.17846296	0.0003065300	0.0008311620
0.17859376	0.0007490803	0.0008284359
0.17872456	0.0010506088	0.0008303589
0.17885536	0.0004589435	0.0008250919
0.17898616	0.0005960778	0.0008233130
0.17911696	0.0007808081	0.0008289228
0.17924776	0.0005264511	0.0008250716
0.17937856	0.0006387966	0.0008284402
0.17950936	0.0005302636	0.0008278558
0.17964016	0.0003174267	0.0008226964
0.17977096	0.0005750774	0.0008297654
0.17990175	0.0004543893	0.0008247169
0.18003255	0.0005894594	0.0008308347
0.18016335	0.0008558682	0.0008270464
0.18029415	0.0008895365	0.0008201259
0.18042495	0.0007725518	0.0008210764
0.18055575	0.0006742921	0.0008368356
0.18068655	0.0007258898	0.0008440257
0.18081735	0.0001183845	0.0008542994
0.18094815	0.0004764380	0.0008517512
0.18107895	0.0006810684	0.0008607618
0.18120975	0.0006174416	0.0008652630
0.18134055	0.0004722490	0.0008650655
0.18147135	0.0004133178	0.0008735321
0.18160214	0.0005399131	0.0008715328
0.18173294	0.0004380723	0.0008758951
0.18186374	0.0004685766	0.0008806770
0.18199454	0.0004105313	0.0008798693
0.18212534	0.0007026147	0.0008866806
0.18225614	0.0002737861	0.0008869566
0.18238694	0.0010720434	0.0008890635
0.18251774	0.0006160323	0.0008953340
0.18264854	0.0005980538	0.0008906355
0.18277934	0.0003406459	0.0008994855
0.18291014	0.0008509419	0.0008978409
0.18304094	0.0006239765	0.0008982200
0.18317173	0.0005947114	0.0009032229
0.18330253	0.0006374272	0.0009025633
0.18343333	0.0006389897	0.0009095978
0.18356413	0.0005888882	0.0009140406
0.18369493	0.0007417443	0.0009064137
0.18382573	0.0005362149	0.0009159359
0.18395653	0.0003056524	0.0009123657
0.18408733	0.0004465258	0.0009146904
0.18421813	0.0003945971	0.0009210986
0.18434893	0.0004005199	0.0009149292
0.18447973	0.0004842738	0.0009209065
0.18461053	0.0004425080	0.0009237063
0.18474133	0.0002859952	0.0009233967
0.18487212	0.0006673064	0.0009265744
0.18500292	0.0005769836	0.0009260021
0.18513372	0.0001141615	0.0009301981
0.18526452	0.0003015036	0.0009315745
0.18539532	0.0008472745	0.0009280167
0.18552612	0.0001385612	0.0009144148
0.18565692	0.0009332873	0.0008979328
0.18578772	0.0003020425	0.0008969012
0.18591852	0.0006576191	0.0008979544
0.18604932	0.0006935094	0.0008896826
0.18618012	0.0003582113	0.0008892847
0.18631092	0.0006156407	0.0008846444
0.18644172	0.0003632605	0.0008836040
0.18657251	0.0010712672	0.0008799543
0.18670331	0.0005339265	0.0008748910
0.18683411	0.0005875748	0.0008749657
0.18696491	0.0003577400	0.0008739863
0.18709571	0.0002354073	0.0008638390
0.18722651	0.0005539965	0.0008679123
0.18735731	0.0008051267	0.0008636608
0.18748811	0.0004317797	0.0008609478
0.18761891	0.0000309743	0.0008641821
0.18774971	0.0006964365	0.0008564479
0.18788051	0.0006642865	0.0008586778
0.18801131	0.0002258395	0.0008521137
0.18814211	0.0005610141	0.0008546363
0.1882729	0.0004568731	0.0008542184
0.1884037	0.0006745959	0.0008492277
0.1885345	0.0005899448	0.0008504381
0.1886653	0.0001731451	0.0008505185
0.1887961	0.0003863458	0.0008424497
0.1889269	0.0005552363	0.0008463717
0.1890577	0.0002894742	0.0008429216
0.1891885	0.0008318533	0.0008416312
0.1893193	0.0003816741	0.0008425310
0.1894501	0.0005660332	0.0008382182
0.1895809	0.0007242435	0.0008375903
0.1897117	0.0006409077	0.0008356688
0.1898425	0.0002774175	0.0008353898
0.18997329	0.0003776263	0.0008371280
0.19010409	0.0003072428	0.0008328960
0.19023489	0.0004289168	0.0008345050
0.19036569	0.0008967646	0.0008308911
0.19049649	0.0003841549	0.0008266325
0.19062729	0.0004594292	0.0008283302
0.19075809	0.0003596392	0.0008268560
0.19088889	0.0002988697	0.0008281557
0.19101969	0.0005679960	0.0008270885
0.19115049	0.0005666203	0.0008195976
0.19128129	0.0004354662	0.0008305102
0.19141209	0.0004055299	0.0008217885
0.19154288	0.0003030987	0.0008213199
0.19167368	0.0007323126	0.0008256048
0.19180448	0.0005613871	0.0008193078
0.19193528	0.0002804752	0.0008244354
0.19206608	0.0007793619	0.0008251338
0.19219688	0.0004969587	0.0008207854
0.19232768	0.0004299807	0.0008222623
0.19245848	0.0004391638	0.0008198644
0.19258928	0.0003311914	0.0008186853
0.19272008	0.0003554789	0.0008209204
0.19285088	0.0004644603	0.0008159205
0.19298168	0.0008448668	0.0008207581
0.19311248	0.0002310483	0.0008161040
0.19324327	0.0002214470	0.0008181330
0.19337407	0.0003205956	0.0008196817
0.19350487	0.0003491168	0.0008162044
0.19363567	-0.0001412730	0.0008178175
0.19376647	0.0008170711	0.0008187986
0.19389727	0.0003010707	0.0008142866
0.19402807	0.0003961472	0.0008188255
0.19415887	0.0006136203	0.0008157420
0.19428967	0.0005069734	0.0008148998
0.19442047	0.0003814006	0.0008159498
0.19455127	0.0005008362	0.0008129636
0.19468207	0.0006039201	0.0008168564
0.19481287	0.0004323192	0.0008143643
0.19494366	0.0005092776	0.0008116267
0.19507446	0.0006499277	0.0008153783
0.19520526	0.0003731266	0.0008114535
0.19533606	0.0001328998	0.0008151868
0.19546686	0.0001465362	0.0008116758
0.19559766	0.0005390339	0.0008112566
0.19572846	0.0001581031	0.0008147053
0.19585926	0.0003513772	0.0008079305
0.19599006	0.0005390335	0.0008119147
0.19612086	0.0005655437	0.0008147581
0.19625166	0.0005061835	0.0008064614
0.19638246	0.0003931731	0.0008102391
0.19651326	0.0001041722	0.0008071032
0.19664405	0.0004930641	0.0008083098
0.19677485	0.0008388114	0.0008102354
0.19690565	0.0003944188	0.0008083723
0.19703645	0.0002659645	0.0008076928
0.19716725	0.0001804003	0.0008053925
0.19729805	0.0003721055	0.0008076186
0.19742885	0.0000043461	0.0008086591
0.19755965	0.0004028783	0.0008069506
0.19769045	0.0006087793	0.0008050753
0.19782125	0.0007206431	0.0008070613
0.19795205	0.0004903660	0.0008033370
0.19808285	0.0003819452	0.0008072841
0.19821365	0.0005786557	0.0008061831
0.19834444	0.0005713854	0.0008058223
0.19847524	0.0007995045	0.0008055435
0.19860604	0.0004112740	0.0008030531
0.19873684	0.0003091818	0.0008091206
0.19886764	0.0002635679	0.0008074425
0.19899844	0.0000511373	0.0008017623
0.19912924	0.0004560508	0.0008044074
0.19926004	0.0005060242	0.0008017683
0.19939084	0.0003220236	0.0008028060
0.19952164	0.0005416355	0.0008062809
0.19965244	0.0003516916	0.0008010976
0.19978324	0.0007806174	0.0008067772
0.19991404	0.0002755263	0.0007984773
0.20004483	0.0002838382	0.0008006430
0.20017563	0.0002840540	0.0008045291
0.20030643	0.0005865106	0.0008010986
0.20043723	0.0005788578	0.0007993363
0.20056803	0.0003112871	0.0008006421
0.20069883	0.0004612749	0.0008021770
0.20082963	0.0000293713	0.0008005476
0.20096043	0.0005935188	0.0008025666
0.20109123	0.0006497399	0.0008017795
0.20122203	0.0006501840	0.0007990949
0.20135283	0.0003510370	0.0007961467
0.20148363	0.0003193345	0.0008008128
0.20161442	0.0007649887	0.0007984877
0.20174522	0.0002200889	0.0007995187
0.20187602	0.0003399461	0.0007992162
0.20200682	0.0001458545	0.0007978905
0.20213762	0.0003543048	0.0007976578
0.20226842	0.0000183652	0.0007958050
0.20239922	0.0006204853	0.0007959592
0.20253002	-0.0000015608	0.0007999762
0.20266082	0.0003161294	0.0007924552
0.20279162	0.0006043887	0.0007946431
0.20292242	0.0006942945	0.0007965106
0.20305322	0.0005010935	0.0007915208
0.20318402	0.0002491240	0.0007929438
0.20331481	0.0003914286	0.0007930075
0.20344561	0.0004349152	0.0007955978
0.20357641	0.0006578778	0.0007945059
0.20370721	0.0005269220	0.0007935731
0.20383801	0.0001897482	0.0007942997
0.20396881	0.0004680396	0.0007908292
0.20409961	0.0003878170	0.0007894245
0.20423041	0.0001479639	0.0007952832
0.20436121	0.0002775820	0.0007898256
0.20449201	0.0006351772	0.0007945625
0.20462281	0.0007568520	0.0007900905
0.20475361	0.0007294341	0.0007916236
0.20488441	0.0005171394	0.0007920554
0.2050152	0.0006496637	0.0007905719
0.205146	0.0004740102	0.0007924321
0.2052768	0.0002854086	0.0007906275
0.2054076	0.0003419470	0.0007879542
0.2055384	0.0004234313	0.0007895592
0.2056692	0.0003064575	0.0007878875
0.2058	0.0003267733	0.0007898624
0.2059308	0.0006941588	0.0007893702
0.2060616	0.0002643643	0.0007870035
0.2061924	0.0007006574	0.0007915792
0.2063232	0.0003798755	0.0007911224
0.206454	0.0001722012	0.0007888077
0.2065848	0.0003606438	0.0007883835
0.20671559	0.0004783493	0.0007868507
0.20684639	0.0007377599	0.0007867610
0.20697719	0.0002963896	0.0007900835
0.20710799	0.0003009062	0.0007851408
0.20723879	0.0003950216	0.0007918477
0.20736959	0.0003926640	0.0007879406
0.20750039	0.0004295695	0.0007876207
0.20763119	0.0004736439	0.0007914604
0.20776199	0.0002101201	0.0007863362
0.20789279	0.0005054329	0.0007875361
0.20802359	0.0005674363	0.0007861457
0.20815439	0.0006483531	0.0007855866
0.20828519	0.0005188359	0.0007885775
0.20841598	0.0005053262	0.0007846943
0.20854678	0.0002630457	0.0007879262
0.20867758	0.0003039506	0.0007862472
0.20880838	0.0003799159	0.0007811926
0.20893918	0.0008530836	0.0008049028
0.20906998	0.0008004034	0.0007834148
0.20920078	0.0003428898	0.0007856366
0.20933158	0.0005023334	0.0007825247
0.20946238	0.0005490316	0.0007810042
0.20959318	0.0002516604	0.0007861342
0.20972398	0.0001621313	0.0007830142
0.20985478	0.0000237427	0.0007838489
0.20998558	0.0004062432	0.0007835462
0.21011637	-0.0000144274	0.0007830645
0.21024717	0.0002928459	0.0007813597
0.21037797	0.0004706617	0.0007855706
0.21050877	0.0000374565	0.0007778206
0.21063957	0.0003810990	0.0007845177
0.21077037	0.0000018475	0.0007808315
0.21090117	0.0002918910	0.0007805786
0.21103197	0.0001397102	0.0007821691
0.21116277	0.0003959542	0.0007793080
0.21129357	0.0003872108	0.0007808788
0.21142437	0.0003946449	0.0007795365
0.21155517	0.0002889405	0.0007800024
0.21168596	0.0000843203	0.0007819509
0.21181676	0.0002780245	0.0007792875
0.21194756	0.0002627386	0.0007811142
0.21207836	0.0002828295	0.0007824222
0.21220916	0.0006469149	0.0007760441
0.21233996	0.0005365804	0.0007801601
0.21247076	0.0003958963	0.0007783910
0.21260156	0.0006648289	0.0007784087
0.21273236	0.0004336242	0.0007815626
0.21286316	0.0006794985	0.0007759342
0.21299396	0.0004535536	0.0007778348
0.21312476	0.0003282382	0.0007777443
0.21325556	0.0006374572	0.0007780266
0.21338635	-0.0001688119	0.0007793286
0.21351715	0.0005152903	0.0007771698
0.21364795	0.0004586359	0.0007778512
0.21377875	0.0000703248	0.0007745291
0.21390955	0.0004081189	0.0007768325
0.21404035	0.0005861971	0.0007772013
0.21417115	0.0004273662	0.0007756419
0.21430195	0.0003909119	0.0007765657
0.21443275	0.0003691810	0.0007757126
0.21456355	0.0001447222	0.0007739344
0.21469435	0.0001140617	0.0007766540
0.21482515	0.0004686192	0.0007746626
0.21495595	0.0002249339	0.0007752165
0.21508674	0.0005766837	0.0007750270
0.21521754	0.0007032137	0.0007727356
0.21534834	0.0004055661	0.0007750797
0.21547914	-0.0002847725	0.0007714429
0.21560994	0.0004310309	0.0007748159
0.21574074	0.0002902313	0.0007744584
0.21587154	-0.0000217543	0.0007739966
0.21600234	0.0005243887	0.0007730833
0.21613314	0.0002881227	0.0007743475
0.21626394	0.0001908904	0.0007699130
0.21639474	0.0001108560	0.0007725076
0.21652554	0.0001449714	0.0007707161
0.21665634	0.0001078304	0.0007715124
0.21678713	0.0003237270	0.0007709625
0.21691793	0.0003959529	0.0007686494
0.21704873	0.0005022194	0.0007729867
0.21717953	0.0003596558	0.0007702128
0.21731033	0.0001891480	0.0007701999
0.21744113	0.0004039410	0.0007709564
0.21757193	0.0004223878	0.0007694579
0.21770273	0.0004219890	0.0007684312
0.21783353	0.0006315516	0.0007722641
0.21796433	0.0006618091	0.0007670620
0.21809513	0.0004530492	0.0007680660
0.21822593	0.0004838294	0.0007687795
0.21835673	0.0004924898	0.0007720319
0.21848752	0.0003694305	0.0007710060
0.21861832	0.0001179599	0.0007672750
0.21874912	0.0005510705	0.0007664854
0.21887992	0.0001926560	0.0007698489
0.21901072	0.0003783072	0.0007700052
0.21914152	0.0001812035	0.0007686726
0.21927232	0.0002567201	0.0007654855
0.21940312	0.0001976172	0.0007697779
0.21953392	0.0006703185	0.0007684145
0.21966472	0.0004500388	0.0007628709
0.21979552	0.0000363945	0.0007661488
0.21992632	0.0006694586	0.0007641204
0.22005712	0.0008627834	0.0007639357
0.22018791	0.0005345932	0.0007650346
0.22031871	0.0005199489	0.0007642513
0.22044951	0.0004161762	0.0007665587
0.22058031	0.0004647639	0.0007631506
0.22071111	0.0002474810	0.0007615498
0.22084191	0.0005362552	0.0007668120
0.22097271	0.0004825398	0.0007604029
0.22110351	0.0004983084	0.0007665540
0.22123431	0.0000610105	0.0007644522
0.22136511	0.0004141480	0.0007604782
0.22149591	0.0006710742	0.0007639461
0.22162671	0.0004194943	0.0007642465
0.2217575	0.0003298149	0.0007649459
0.2218883	0.0006422344	0.0007649184
0.2220191	0.0004357996	0.0007593905
0.2221499	0.0003363791	0.0007605985
0.2222807	0.0004586708	0.0007632400
0.2224115	0.0002258569	0.0007600274
0.2225423	0.0001449437	0.0007642201
0.2226731	0.0006139179	0.0007604212
0.2228039	0.0002991484	0.0007611841
0.2229347	0.0003726142	0.0007607873
0.2230655	0.0003827879	0.0007596290
0.2231963	0.0003266464	0.0007637863
0.2233271	0.0003498903	0.0007577886
0.22345789	0.0002308913	0.0007592971
0.22358869	0.0001460881	0.0007619147
0.22371949	0.0002868041	0.0007576207
0.22385029	0.0001623262	0.0007623686
0.22398109	0.0000977394	0.0007610456
0.22411189	0.0000435171	0.0007550803
0.22424269	0.0005304097	0.0007606550
0.22437349	0.0003429807	0.0007576853
0.22450429	0.0004387163	0.0007618919
0.22463509	0.0001129703	0.0007597127
0.22476589	0.0002798832	0.0007551453
0.22489669	-0.0002925424	0.0007609573
0.22502749	0.0001080185	0.0007573651
0.22515828	0.0002854832	0.0007596705
0.22528908	0.0002207974	0.0007608885
0.22541988	0.0002070093	0.0007539665
0.22555068	0.0006016469	0.0007575014
0.22568148	0.0001998851	0.0007557876
0.22581228	0.0006433503	0.0007562441
0.22594308	0.0000886020	0.0007589175
0.22607388	0.0005226935	0.0007533887
0.22620468	0.0002926957	0.0007567477
0.22633548	0.0001927416	0.0007566979
0.22646628	0.0005823025	0.0007545279
0.22659708	0.0004183391	0.0007588168
0.22672788	0.0000394742	0.0007515833
0.22685867	0.0001958876	0.0007550163
0.22698947	0.0005937757	0.0007563448
0.22712027	0.0002434163	0.0007538372
0.22725107	-0.0000145990	0.0007564807
0.22738187	0.0003723719	0.0007552045
0.22751267	0.0006107579	0.0007515903
0.22764347	0.0002127869	0.0007577333
0.22777427	0.0002899521	0.0007513905
0.22790507	0.0003739520	0.0007541614
0.22803587	0.0007372139	0.0007540927
0.22816667	0.0003758299	0.0007512315
0.22829747	0.0004995522	0.0007549010
0.22842827	0.0005266929	0.0007503222
0.22855906	0.0004457404	0.0007530985
0.22868986	0.0001207442	0.0007533793
0.22882066	0.0004902332	0.0007511312
0.22895146	0.0000913687	0.0007526631
0.22908226	0.0000252966	0.0007513227
0.22921306	0.0003244376	0.0007520501
0.22934386	0.0002643319	0.0007552244
0.22947466	0.0003114186	0.0007493687
0.22960546	0.0004790714	0.0007526234
0.22973626	0.0006960302	0.0007498908
0.22986706	0.0001337305	0.0007497612
0.22999786	0.0001182613	0.0007509393
0.23012865	0.0003273842	0.0007614490
0.23025945	0.0004342398	0.0007713034
0.23039025	0.0000894199	0.0007731990
0.23052105	0.0001497184	0.0007786689
0.23065185	0.0000660504	0.0007848281
0.23078265	0.0003514429	0.0007825688
0.23091345	0.0004667540	0.0007875565
0.23104425	0.0003143196	0.0007931279
0.23117505	0.0004701959	0.0007906548
0.23130585	0.0002916454	0.0007992915
0.23143665	0.0002250911	0.0007968506
0.23156745	0.0002897230	0.0008002295
0.23169825	0.0000993892	0.0008033047
0.23182904	0.0004610720	0.0007998803
0.23195984	0.0000467241	0.0008094070
0.23209064	0.0002521486	0.0008087744
0.23222144	0.0003687165	0.0008075883
0.23235224	0.0003425978	0.0008144205
0.23248304	0.0004779150	0.0008112109
0.23261384	0.0002935180	0.0008173382
0.23274464	0.0005497127	0.0008158614
0.23287544	0.0001181758	0.0008108000
0.23300624	0.0002242894	0.0008153087
0.23313704	0.0004419113	0.0008138769
0.23326784	0.0003284310	0.0008164794
0.23339864	0.0003160560	0.0008185324
0.23352943	0.0003138914	0.0008114521
0.23366023	0.0003934767	0.0008192775
0.23379103	0.0000905419	0.0008165986
0.23392183	0.0005208653	0.0008219260
0.23405263	0.0005588199	0.0008203725
0.23418343	0.0004623150	0.0008154453
0.23431423	0.0002844569	0.0008214916
0.23444503	0.0004267209	0.0008206007
0.23457583	0.0001002651	0.0008201179
0.23470663	-0.0001469814	0.0008216721
0.23483743	0.0000919803	0.0008198877
0.23496823	0.0002935765	0.0008238029
0.23509903	-0.0000403088	0.0008230472
0.23522982	0.0002608744	0.0008201436
0.23536062	0.0003241931	0.0008260291
0.23549142	0.0006009286	0.0008235918
0.23562222	0.0002031691	0.0008276921
0.23575302	0.0002646175	0.0008301475
0.23588382	0.0003756341	0.0008220581
0.23601462	0.0004152971	0.0008282024
0.23614542	0.0001313617	0.0008290621
0.23627622	0.0008547784	0.0008272351
0.23640702	0.0005771424	0.0008314292
0.23653782	0.0005677529	0.0008240856
0.23666862	0.0002516317	0.0008329790
0.23679942	0.0000609850	0.0008312230
0.23693021	0.0005525375	0.0008267215
0.23706101	0.0004528229	0.0008320267
0.23719181	0.0001937994	0.0008292025
0.23732261	0.0006375380	0.0008296521
0.23745341	0.0007258781	0.0008346284
0.23758421	0.0003391204	0.0008280314
0.23771501	0.0001819973	0.0008332341
0.23784581	0.0000181684	0.0008317784
0.23797661	0.0003590108	0.0008302409
0.23810741	0.0001719663	0.0008370241
0.23823821	0.0005146721	0.0008308371
0.23836901	0.0001971414	0.0008357053
0.23849981	0.0003603149	0.0008379045
0.2386306	0.0002451749	0.0008299505
0.2387614	0.0000404528	0.0008369752
0.2388922	0.0004155949	0.0008319925
0.239023	0.0003837110	0.0008367398
0.2391538	0.0005224460	0.0008384308
0.2392846	0.0003361270	0.0008348444
0.2394154	0.0002488814	0.0008373788
0.2395462	0.0004213585	0.0008360172
0.239677	0.0006822836	0.0008394162
0.2398078	0.0000893070	0.0008403383
0.2399386	0.0004736461	0.0008347736
0.2400694	0.0005196106	0.0008389484
0.24020019	0.0001385597	0.0008373538
0.24033099	-0.0000658324	0.0008381145
0.24046179	0.0001546141	0.0008445982
0.24059259	0.0003053719	0.0008356311
0.24072339	0.0001530594	0.0008423152
0.24085419	0.0002753066	0.0008404584
0.24098499	0.0003780902	0.0008383930
0.24111579	0.0002240238	0.0008419091
0.24124659	0.0001445862	0.0008419922
0.24137739	-0.0000573994	0.0008388098
0.24150819	0.0003583429	0.0008456209
0.24163899	0.0001280024	0.0008379520
0.24176979	0.0003069538	0.0008432714
0.24190058	0.0001671701	0.0008441538
0.24203138	0.0001580850	0.0008394235
0.24216218	0.0004839421	0.0008455577
0.24229298	0.0003600874	0.0008397118
0.24242378	0.0001637499	0.0008483768
0.24255458	0.0003099195	0.0008472294
0.24268538	0.0003175923	0.0008429006
0.24281618	0.0003620993	0.0008466125
0.24294698	0.0001907800	0.0008483340
0.24307778	-0.0001586406	0.0008430212
0.24320858	0.0001300247	0.0008481151
0.24333938	0.0004675884	0.0008415626
0.24347018	0.0001645851	0.0008451836
0.24360097	0.0001686695	0.0008462124
0.24373177	0.0000698876	0.0008451861
0.24386257	0.0006685276	0.0008517863
0.24399337	0.0003772964	0.0008426544
0.24412417	0.0006222495	0.0008484382
0.24425497	0.0001452082	0.0008487218
0.24438577	0.0003587731	0.0008527065
0.24451657	0.0004850397	0.0008463305
0.24464737	0.0003609488	0.0008491125
0.24477817	0.0000379285	0.0008466857
0.24490897	0.0002282856	0.0008531925
0.24503977	0.0004988204	0.0008420864
0.24517057	0.0001831712	0.0008519620
0.24530136	0.0002140877	0.0008500864
0.24543216	0.0004081984	0.0008485665
0.24556296	0.0006056138	0.0008525008
0.24569376	0.0004478539	0.0008494369
0.24582456	0.0002928913	0.0008538330
0.24595536	0.0002497211	0.0008494771
0.24608616	0.0002295170	0.0008520964
0.24621696	0.0004593945	0.0008522052
0.24634776	0.0002164589	0.0008486549
0.24647856	0.0003134806	0.0008527338
0.24660936	0.0001493708	0.0008583478
0.24674016	0.0001300668	0.0008491648
0.24687096	0.0006162593	0.0008555995
0.24700175	0.0000963966	0.0008505345
0.24713255	0.0001280894	0.0008533363
0.24726335	0.0001456269	0.0008540480
0.24739415	0.0001106364	0.0008513272
0.24752495	0.0004195379	0.0008570041
0.24765575	0.0005032454	0.0008534231
0.24778655	0.0003629540	0.0008506062
0.24791735	-0.0000813533	0.0008560802
0.24804815	0.0004825082	0.0008562616
0.24817895	-0.0000411544	0.0008553138
0.24830975	0.0001137159	0.0008562704
0.24844055	0.0003731883	0.0008532555
0.24857135	0.0004925185	0.0008587810
0.24870214	0.0002398192	0.0008563301
0.24883294	0.0001578624	0.0008569462
0.24896374	0.0001819774	0.0008583217
0.24909454	0.0004105951	0.0008520107
0.24922534	-0.0001608377	0.0008625554
0.24935614	0.0004417461	0.0008558003
0.24948694	0.0001373090	0.0008572037
0.24961774	0.0002846911	0.0008556290
0.24974854	0.0002870894	0.0008561435
0.24987934	0.0003009953	0.0008576665
0.25001014	0.0003652155	0.0008607584
0.25014094	0.0002769237	0.0008558508
0.25027173	-0.0000644789	0.0008611154
0.25040253	0.0001894406	0.0008554920
0.25053333	0.0001292033	0.0008598289
0.25066413	0.0004086760	0.0008598341
0.25079493	0.0004830665	0.0008572009
0.25092573	-0.0000558530	0.0008586599
0.25105653	0.0006094377	0.0008549818
0.25118733	0.0004081691	0.0008609464
0.25131813	0.0006073492	0.0008637108
0.25144893	0.0006054403	0.0008579761
0.25157973	0.0003242162	0.0008587039
0.25171053	-0.0000156708	0.0008582435
0.25184133	0.0002950144	0.0008592781
0.25197212	0.0000785188	0.0008629213
0.25210292	0.0005750629	0.0008599057
0.25223372	0.0004124029	0.0008653019
0.25236452	0.0005074646	0.0008643676
0.25249532	0.0004727683	0.0008553901
0.25262612	0.0003195057	0.0008646137
0.25275692	0.0001246250	0.0008608431
0.25288772	0.0001703171	0.0008643276
0.25301852	-0.0001318350	0.0008673625
0.25314932	0.0005873547	0.0008568044
0.25328012	0.0001069869	0.0008644249
0.25341092	0.0006753108	0.0008615471
0.25354172	-0.0000446317	0.0008604144
0.25367251	0.0001706628	0.0008669854
0.25380331	-0.0000916956	0.0008598984
0.25393411	-0.0000142565	0.0008626681
0.25406491	0.0002692723	0.0008622266
0.25419571	0.0000853416	0.0008629420
0.25432651	0.0006968405	0.0008853660
0.25445731	0.0004974542	0.0008888678
0.25458811	0.0001857735	0.0009002941
0.25471891	0.0001331278	0.0009117971
0.25484971	0.0005653429	0.0009086457
0.25498051	0.0003426388	0.0009195594
0.25511131	0.0006639829	0.0009233927
0.25524211	0.0003931081	0.0009286580
0.2553729	0.0003518806	0.0009329465
0.2555037	0.0001339567	0.0009349298
0.2556345	0.0002258596	0.0009428339
0.2557653	0.0004117458	0.0009449396
0.2558961	0.0000918350	0.0009437469
0.2560269	0.0001226811	0.0009564893
0.2561577	0.0004133897	0.0009548399
0.2562885	0.0006368967	0.0009619175
0.2564193	0.0003996859	0.0009655278
0.2565501	0.0005816193	0.0009643454
0.2566809	0.0004707887	0.0009732376
0.2568117	-0.0002095228	0.0009749777
0.2569425	0.0004433478	0.0009778356
0.25707329	0.0001183825	0.0009857010
0.25720409	0.0006844144	0.0009886057
0.25733489	-0.0001051552	0.0009918100
0.25746569	0.0005308109	0.0010009351
0.25759649	0.0002191826	0.0009965425
0.25772729	0.0000411375	0.0010033594
0.25785809	0.0003205146	0.0010032073
0.25798889	0.0001815358	0.0010071612
0.25811969	0.0002110829	0.0010149923
0.25825049	0.0005277591	0.0010170041
0.25838129	0.0006000036	0.0010175741
0.25851209	0.0004925252	0.0010268557
0.25864288	0.0004524441	0.0010198437
0.25877368	-0.0001269014	0.0010222688
0.25890448	0.0004850206	0.0010320866
0.25903528	0.0003774880	0.0010296903
0.25916608	-0.0000208405	0.0010338109
0.25929688	-0.0002036769	0.0010311963
0.25942768	0.0001786377	0.0010355074
0.25955848	0.0003436455	0.0010382381
0.25968928	0.0001456755	0.0010346927
0.25982008	0.0003648562	0.0010421835
0.25995088	0.0004201352	0.0010430944
0.26008168	0.0005485204	0.0010428133
0.26021248	0.0004767603	0.0010457152
0.26034327	-0.0000156086	0.0010526682
0.26047407	0.0002339073	0.0010506823
0.26060487	0.0002982822	0.0010507590
0.26073567	0.0001722735	0.0010468919
0.26086647	-0.0002693008	0.0010585528
0.26099727	-0.0001661779	0.0010516135
0.26112807	0.0003878688	0.0010619919
0.26125887	0.0005957616	0.0010558232
0.26138967	-0.0000209813	0.0010642791
0.26152047	0.0003535193	0.0010581970
0.26165127	0.0004376693	0.0010649221
0.26178207	-0.0000064506	0.0010649090
0.26191287	0.0004780836	0.0010688720
0.26204366	0.0009149121	0.0010716237
0.26217446	0.0003664608	0.0010697987
0.26230526	0.0001213619	0.0010719656
0.26243606	0.0000330358	0.0010765754
0.26256686	0.0002503813	0.0010733494
0.26269766	-0.0001011485	0.0010753085
0.26282846	-0.0000248150	0.0010878342
0.26295926	0.0003114282	0.0010692479
0.26309006	0.0003818968	0.0010851820
0.26322086	0.0005444706	0.0010866481
0.26335166	-0.0000230975	0.0010877911
0.26348246	0.0004179882	0.0010839450
0.26361326	-0.0000013884	0.0010827474
0.26374405	-0.0000427409	0.0010992747
0.26387485	0.0001651503	0.0010943639
0.26400565	0.0003068257	0.0010957461
0.26413645	0.0003346833	0.0010919296
0.26426725	0.0005315069	0.0010926345
0.26439805	0.0003717995	0.0010975052
0.26452885	0.0001417690	0.0011042616
0.26465965	-0.0000146468	0.0010947862
0.26479045	0.0006350904	0.0011084938
0.26492125	0.0007059368	0.0010927294
0.26505205	0.0000732355	0.0011128893
0.26518285	0.0003021430	0.0011176949
0.26531365	0.0001681974	0.0011013691
0.26544444	0.0005049030	0.0011174976
0.26557524	0.0001571293	0.0011102568
0.26570604	0.0003463388	0.0011147495
0.26583684	0.0000381408	0.0011229365
0.26596764	0.0000115021	0.0011165308
0.26609844	0.0007408948	0.0011259752
0.26622924	0.0003444471	0.0011220931
0.26636004	0.0005141001	0.0011139725
0.26649084	0.0000044202	0.0011319942
0.26662164	-0.0002943347	0.0011213749
0.26675244	0.0003211992	0.0011340220
0.26688324	0.0001392910	0.0011315746
0.26701404	0.0004541701	0.0011255845
0.26714483	0.0004273711	0.0011377658
0.26727563	-0.0000599125	0.0011285874
0.26740643	0.0000528357	0.0011443746
0.26753723	0.0000208102	0.0011411353
0.26766803	0.0000089876	0.0011309028
0.26779883	0.0008128564	0.0011438171
0.26792963	-0.0001788174	0.0011480725
0.26806043	0.0003615677	0.0011385854
0.26819123	0.0005251589	0.0011547506
0.26832203	0.0003472785	0.0011400203
0.26845283	0.0006433955	0.0011485096
0.26858363	0.0002685743	0.0011533001
0.26871442	0.0004283174	0.0011479965
0.26884522	0.0001379253	0.0011570193
0.26897602	0.0002460345	0.0011448112
0.26910682	0.0007288424	0.0011579050
0.26923762	0.0001081848	0.0011652347
0.26936842	0.0005705980	0.0011535193
0.26949922	0.0002805101	0.0011636607
0.26963002	0.0004541598	0.0011630662
0.26976082	0.0007586358	0.0011593946
0.26989162	0.0006630535	0.0011735446
0.27002242	0.0002048693	0.0011590818
0.27015322	0.0002959660	0.0011780765
0.27028402	0.0006153813	0.0011706778
0.27041481	0.0002185850	0.0011610672
0.27054561	-0.0003082466	0.0011764386
0.27067641	-0.0001114048	0.0011734562
0.27080721	-0.0002442855	0.0011746838
0.27093801	-0.0002299117	0.0011774506
0.27106881	0.0002971525	0.0011638814
0.27119961	0.0004792482	0.0011788165
0.27133041	0.0000032585	0.0011821724
0.27146121	0.0005167466	0.0011791355
0.27159201	0.0003895148	0.0011937519
0.27172281	0.0004849284	0.0011703109
0.27185361	0.0001443667	0.0011911697
0.27198441	0.0001893165	0.0011930398
0.2721152	0.0002521231	0.0011883846
0.272246	-0.0000758301	0.0011969864
0.2723768	0.0006755109	0.0011852358
0.2725076	-0.0000079956	0.0011926373
0.2726384	0.0005899713	0.0012066912
0.2727692	0.0001694158	0.0011902221
0.2729	0.0001835858	0.0012067028
0.2730308	0.0002914021	0.0011976116
0.2731616	-0.0001044337	0.0011967277
0.2732924	0.0006886359	0.0012125853
0.2734232	0.0005336093	0.0011932794
0.273554	0.0004133273	0.0012169321
0.2736848	0.0001112333	0.0012033785
0.27381559	0.0000448538	0.0012032751
0.27394639	0.0002462109	0.0012213384
0.27407719	0.0008794005	0.0012059323
0.27420799	0.0001437290	0.0012196230
0.27433879	0.0000225646	0.0012273346
0.27446959	0.0003132880	0.0012092279
0.27460039	0.0006941330	0.0012231228
0.27473119	0.0000113736	0.0012207703
0.27486199	0.0002212532	0.0012248401
0.27499279	0.0001012593	0.0012317976
0.27512359	0.0007689356	0.0012137673
0.27525439	-0.0002363959	0.0012336031
0.27538519	-0.0001615179	0.0012302620
0.27551598	-0.0000289990	0.0012268761
0.27564678	0.0006163004	0.0012476897
0.27577758	0.0003523896	0.0012239906
0.27590838	-0.0000241486	0.0012399370
0.27603918	-0.0000021234	0.0012400367
0.27616998	0.0006929527	0.0012378390
0.27630078	-0.0002365432	0.0012479978
0.27643158	0.0001465962	0.0012382989
0.27656238	-0.0000333207	0.0012476329
0.27669318	0.0002444875	0.0012535182
0.27682398	0.0001595188	0.0012379990
0.27695478	0.0007943599	0.0012562695
0.27708558	0.0000255426	0.0012492723
0.27721637	0.0007762777	0.0012503741
0.27734717	0.0004087761	0.0012647035
0.27747797	0.0000754785	0.0012485277
0.27760877	0.0002696444	0.0012658017
0.27773957	0.0003004507	0.0012671794
0.27787037	0.0003149184	0.0012554176
0.27800117	0.0005516343	0.0012755582
0.27813197	-0.0000767159	0.0012573881
0.27826277	0.0000166498	0.0012720352
0.27839357	0.0006750413	0.0012801779
0.27852437	0.0005130732	0.0012656714
0.27865517	0.0003449117	0.0012714511
0.27878596	0.0002009053	0.0012759374
0.27891676	-0.0004559295	0.0012786658
0.27904756	0.0000366945	0.0012928355
0.27917836	0.0005424821	0.0012724583
0.27930916	0.0004333638	0.0012840898
0.27943996	0.0001209418	0.0012806966
0.27957076	0.0002598838	0.0012851482
0.27970156	0.0001579329	0.0013026957
0.27983236	0.0001622641	0.0012762200
0.27996316	0.0005502585	0.0012897780
0.28009396	0.0001209944	0.0012923882
0.28022476	0.0006047808	0.0012971086
0.28035556	0.0004195882	0.0012987527
0.28048635	0.0004083562	0.0012931299
0.28061715	0.0004524097	0.0013006451
0.28074795	-0.0001003796	0.0013210071
0.28087875	0.0000203716	0.0012890933
0.28100955	-0.0002473417	0.0013114548
0.28114035	0.0001202157	0.0013106160
0.28127115	0.0001205061	0.0013030563
0.28140195	0.0003936804	0.0013162835
0.28153275	0.0000242545	0.0012982116
0.28166355	0.0002034002	0.0013263403
0.28179435	-0.0000301769	0.0013125224
0.28192515	0.0003905377	0.0013210508
0.28205595	0.0001661243	0.0013278487
0.28218674	0.0003081253	0.0013115638
0.28231754	0.0002263271	0.0013260827
0.28244834	0.0001856790	0.0013351819
0.28257914	0.0003126652	0.0013299639
0.28270994	0.0000522788	0.0013280851
0.28284074	0.0006408294	0.0013175569
0.28297154	0.0001225705	0.0013443424
0.28310234	-0.0002711042	0.0013443249
0.28323314	-0.0000027214	0.0013206263
0.28336394	0.0008413070	0.0013417919
0.28349474	0.0007808120	0.0013414572
0.28362554	0.0004785231	0.0013424239
0.28375634	0.0003192217	0.0013553462
0.28388713	0.0002532063	0.0013456771
0.28401793	0.0000839218	0.0013537044
0.28414873	0.0001374099	0.0013480706
0.28427953	-0.0002140228	0.0013475200
0.28441033	0.0003305744	0.0013729411
0.28454113	0.0001782823	0.0013418419
0.28467193	0.0001141636	0.0013643106
0.28480273	0.0003590551	0.0013645906
0.28493353	0.0004648810	0.0013469826
0.28506433	0.0002881579	0.0013737776
0.28519513	0.0009308528	0.0013664167
0.28532593	0.0003596444	0.0013799892
0.28545673	0.0006947916	0.0013814056
0.28558752	0.0004757544	0.0013583122
0.28571832	0.0000749047	0.0013814628
0.28584912	0.0004321359	0.0013805839
0.28597992	-0.0001219376	0.0013730341
0.28611072	-0.0003338157	0.0014039160
0.28624152	0.0001118602	0.0013666569
0.28637232	-0.0000837725	0.0013915016
0.28650312	0.0000985598	0.0013898389
0.28663392	0.0002562159	0.0013948105
0.28676472	0.0004092178	0.0013976981
0.28689552	0.0000869114	0.0013820939
0.28702632	0.0003097929	0.0013998010
0.28715712	0.0001601002	0.0014106362
0.28728791	0.0002937623	0.0013776063
0.28741871	0.0000848156	0.0014156337
0.28754951	0.0005980744	0.0013980057
0.28768031	0.0005501745	0.0014034822
0.28781111	0.0005653072	0.0014142807
0.28794191	-0.0002063502	0.0013998701
0.28807271	0.0001652139	0.0014324165
0.28820351	-0.0001119464	0.0014077019
0.28833431	0.0008237652	0.0014190704
0.28846511	-0.0001578336	0.0014310130
0.28859591	0.0003257857	0.0014075580
0.28872671	0.0001093854	0.0014221731
0.2888575	0.0005040285	0.0014531843
0.2889883	0.0004766886	0.0014228560
0.2891191	0.0002202865	0.0014382226
0.2892499	0.0005426246	0.0014176240
0.2893807	0.0002088089	0.0014328625
0.2895115	-0.0000128791	0.0014583318
0.2896423	0.0003012169	0.0014181193
0.2897731	-0.0001801855	0.0014518286
0.2899039	0.0005616361	0.0014380631
0.2900347	0.0006023369	0.0014509747
0.2901655	-0.0001980039	0.0014574223
0.2902963	-0.0003240595	0.0014331366
0.2904271	0.0000581495	0.0014619037
0.29055789	0.0000347617	0.0014519830
0.29068869	0.0006161961	0.0014499849
0.29081949	-0.0002714809	0.0014721185
0.29095029	0.0004691203	0.0014470893
0.29108109	-0.0005597432	0.0014636818
0.29121189	-0.0002258169	0.0014820848
0.29134269	0.0002696845	0.0014491323
0.29147349	0.0005944741	0.0014811155
0.29160429	0.0001322837	0.0014581531
0.29173509	-0.0002316757	0.0014864757
0.29186589	-0.0001956334	0.0014889964
0.29199669	0.0005867332	0.0014667283
0.29212749	0.0005228083	0.0014935527
0.29225828	0.0004365353	0.0014721503
0.29238908	-0.0004664825	0.0014867637
0.29251988	0.0002630380	0.0015000117
0.29265068	-0.0000878383	0.0014780798
0.29278148	0.0010560993	0.0014981188
0.29291228	0.0004521856	0.0014911090
0.29304308	-0.0003128069	0.0014784882
0.29317388	-0.0000631572	0.0015037291
0.29330468	0.0002136938	0.0014741040
0.29343548	0.0001258697	0.0015056046
0.29356628	0.0003029832	0.0015091345
0.29369708	0.0004576375	0.0014766028
0.29382788	0.0000921527	0.0015042694
0.29395867	-0.0000168898	0.0014836500
0.29408947	0.0001241993	0.0014935599
0.29422027	-0.0002559371	0.0015096279
0.29435107	0.0002559873	0.0014749476
0.29448187	0.0004149286	0.0015057796
0.29461267	-0.0002418649	0.0014953955
0.29474347	0.0000181575	0.0014930670
0.29487427	0.0007861703	0.0015196814
0.29500507	0.0005720353	0.0014741980
0.29513587	0.0006818578	0.0015077601
0.29526667	0.0002632368	0.0015040908
0.29539747	0.0001775552	0.0014929399
0.29552827	0.0001751281	0.0015095082
0.29565906	-0.0003139967	0.0014873085
0.29578986	-0.0005866771	0.0015149603
0.29592066	0.0000455393	0.0015216040
0.29605146	0.0002393714	0.0014919151
0.29618226	0.0004650983	0.0015328837
0.29631306	0.0000463845	0.0015029700
0.29644386	0.0002025565	0.0015172678
0.29657466	-0.0004468265	0.0015415169
0.29670546	-0.0000737973	0.0014976377
0.29683626	-0.0001918006	0.0015351817
0.29696706	0.0003432360	0.0015209441
0.29709786	0.0002559782	0.0015249715
0.29722865	0.0004121182	0.0015355272
0.29735945	0.0003557771	0.0015288928
0.29749025	0.0001318838	0.0015470433
0.29762105	0.0002665956	0.0015546764
0.29775185	0.0005041896	0.0015217166
0.29788265	-0.0000430390	0.0015621729
0.29801345	0.0000206447	0.0015290070
0.29814425	0.0004224033	0.0015564553
0.29827505	0.0001309947	0.0015691605
0.29840585	-0.0001452056	0.0015325446
0.29853665	0.0002302294	0.0015676307
0.29866745	0.0003337059	0.0015513559
0.29879825	0.0000600245	0.0015730813
0.29892904	0.0003681987	0.0015822383
0.29905984	0.0006887958	0.0015470280
0.29919064	-0.0005696324	0.0015775386
0.29932144	-0.0001276525	0.0015864120
0.29945224	0.0002093467	0.0015575688
0.29958304	0.0009119333	0.0016008464
0.29971384	0.0002479120	0.0015562923
0.29984464	0.0001157127	0.0015894614
0.29997544	-0.0005043562	0.0016087399
0.30010624	-0.0000638004	0.0015649319
0.30023704	-0.0000270136	0.0016076156
0.30036784	0.0002997778	0.0015830539
0.30049864	0.0007178526	0.0015966419
0.30062943	0.0003887090	0.0016198475
0.30076023	0.0002578494	0.0015799033
0.30089103	0.0004378426	0.0016105047
0.30102183	0.0001242942	0.0016088526
0.30115263	-0.0001444234	0.0016116572
0.30128343	-0.0001735845	0.0016470641
0.30141423	0.0010025374	0.0015838360
0.30154503	-0.0000942687	0.0016407830
0.30167583	-0.0000558864	0.0016258145
0.30180663	0.0006031612	0.0016220412
0.30193743	0.0000913620	0.0016419399
0.30206823	0.0000326007	0.0016183699
0.30219903	-0.0002660665	0.0016426908
0.30232982	-0.0002140074	0.0016486604
0.30246062	0.0001900588	0.0016192183
0.30259142	0.0001514680	0.0016596230
0.30272222	-0.0000419646	0.0016467859
0.30285302	0.0003156841	0.0016453028
0.30298382	0.0002672128	0.0016708806
0.30311462	0.0002150861	0.0016326247
0.30324542	0.0002907661	0.0016737066
0.30337622	0.0006525899	0.0016455748
0.30350702	0.0004088333	0.0016687461
0.30363782	0.0000038455	0.0016865089
0.30376862	-0.0004364294	0.0016450335
0.30389942	-0.0002418941	0.0016878514
0.30403021	-0.0004192286	0.0016898174
0.30416101	0.0002264499	0.0016739746
0.30429181	-0.0004388975	0.0016960632
0.30442261	-0.0001587253	0.0016874521
0.30455341	0.0006026956	0.0016921258
0.30468421	0.0001261389	0.0017225039
0.30481501	0.0002842909	0.0016606304
0.30494581	0.0003601198	0.0017200500
0.30507661	0.0001166144	0.0016887224
0.30520741	-0.0004532401	0.0017061830
0.30533821	0.0001089034	0.0017301127
0.30546901	0.0002298280	0.0016945685
0.30559981	0.0005729423	0.0017310258
0.3057306	0.0004658940	0.0017227845
0.3058614	0.0004316548	0.0017215508
0.3059922	0.0001805465	0.0017353828
0.306123	-0.0004187785	0.0017117924
0.3062538	0.0005173806	0.0017368292
0.3063846	0.0003514420	0.0017504756
0.3065154	0.0006885588	0.0017027677
0.3066462	0.0005505779	0.0017755324
0.306777	0.0006277307	0.0017267171
0.3069078	0.0004493382	0.0017718175
0.3070386	0.0003937148	0.0017815797
0.3071694	-0.0006010057	0.0017246312
0.30730019	0.0000266519	0.0017786080
0.30743099	0.0003557906	0.0017553232
0.30756179	0.0002295133	0.0017714958
0.30769259	-0.0001960900	0.0018006396
0.30782339	0.0000847818	0.0017526864
0.30795419	0.0000562872	0.0017842983
0.30808499	0.0002085951	0.0017776703
0.30821579	0.0000311597	0.0017945972
0.30834659	0.0005314354	0.0018030127
0.30847739	0.0001078726	0.0017717291
0.30860819	0.0000403144	0.0018067078
0.30873899	0.0007241681	0.0018308931
0.30886979	0.0001096748	0.0017603067
0.30900058	-0.0009291068	0.0018303846
0.30913138	-0.0001115712	0.0017973649
0.30926218	0.0005489086	0.0018072175
0.30939298	0.0006028063	0.0018494418
0.30952378	0.0007171552	0.0017814178
0.30965458	0.0005295129	0.0018609685
0.30978538	0.0007559436	0.0018165783
0.30991618	-0.0002957794	0.0018194417
0.31004698	0.0004225404	0.0018749714
0.31017778	0.0002617145	0.0018063840
0.31030858	-0.0003367492	0.0018614475
0.31043938	-0.0007740459	0.0018523646
0.31057018	0.0002030387	0.0018451817
0.31070097	0.0002221134	0.0018782762
0.31083177	0.0002284993	0.0018469163
0.31096257	-0.0007297466	0.0018858304
0.31109337	-0.0002859084	0.0019062768
0.31122417	-0.0001732121	0.0018239049
0.31135497	-0.0003027313	0.0018943531
0.31148577	0.0004038718	0.0018657870
0.31161657	0.0003472553	0.0018849903
0.31174737	0.0000667311	0.0019278561
0.31187817	0.0002136883	0.0018639926
0.31200897	-0.0000033173	0.0019185824
0.31213977	0.0003079690	0.0018899833
0.31227057	0.0010202502	0.0019018309
0.31240136	0.0001981226	0.0019569938
0.31253216	0.0004261552	0.0018732466
0.31266296	0.0001166119	0.0019441002
0.31279376	-0.0000420485	0.0019372062
0.31292456	0.0004992733	0.0019134380
0.31305536	0.0000852679	0.0019622262
0.31318616	0.0002150176	0.0019097845
0.31331696	-0.0001189390	0.0019678692
0.31344776	0.0005534795	0.0019833643
0.31357856	-0.0000124667	0.0019076688
0.31370936	0.0003762901	0.0019851854
0.31384016	-0.0001927518	0.0019367973
0.31397096	0.0000697524	0.0019610556
0.31410175	-0.0008170809	0.0020139822
0.31423255	0.0003198738	0.0019318976
0.31436335	-0.0003256163	0.0019971113
0.31449415	-0.0001862947	0.0019848118
0.31462495	0.0006141037	0.0019812737
0.31475575	-0.0002589187	0.0020475839
0.31488655	-0.0003358990	0.0019618630
0.31501735	0.0005384164	0.0020228292
0.31514815	-0.0004170457	0.0020416709
0.31527895	-0.0002214577	0.0019853952
0.31540975	-0.0005421943	0.0020574705
0.31554055	0.0009557594	0.0019908292
0.31567135	0.0002700621	0.0020439014
0.31580214	0.0000982614	0.0020664904
0.31593294	0.0004454694	0.0019877068
0.31606374	0.0003395022	0.0020910254
0.31619454	0.0001541711	0.0020316303
0.31632534	-0.0002441529	0.0020532122
0.31645614	-0.0001750622	0.0021078084
0.31658694	-0.0002727278	0.0020396419
0.31671774	0.0008674823	0.0020888483
0.31684854	0.0008945230	0.0020603329
0.31697934	0.0005022154	0.0020853208
0.31711014	0.0004107574	0.0021169364
0.31724094	-0.0004753511	0.0020543308
0.31737173	0.0004778753	0.0021247606
0.31750253	-0.0002511283	0.0021635426
0.31763333	0.0002666774	0.0020791206
0.31776413	0.0004153546	0.0021620498
0.31789493	0.0009839452	0.0021116399
0.31802573	0.0013098053	0.0021353463
0.31815653	-0.0003589363	0.0021961290
0.31828733	0.0000948319	0.0020884793
0.31841813	-0.0002830410	0.0021833614
0.31854893	0.0003781237	0.0021406247
0.31867973	-0.0000003414	0.0021611081
0.31881053	-0.0004714764	0.0022263434
0.31894133	-0.0000635365	0.0021284223
0.31907212	0.0001995646	0.0022257196
0.31920292	0.0004501592	0.0021901787
0.31933372	0.0005464323	0.0021870333
0.31946452	0.0007104185	0.0022618411
0.31959532	0.0007062246	0.0021693694
0.31972612	0.0004320817	0.0022382218
0.31985692	-0.0000771774	0.0022622373
0.31998772	-0.0002279864	0.0021711662
0.32011852	0.0001124833	0.0022889190
0.32024932	0.0008409401	0.0021989500
0.32038012	0.0001530375	0.0022463737
0.32051092	0.0008444366	0.0023362641
0.32064172	0.0013165418	0.0022006353
0.32077251	-0.0008608828	0.0023194887
0.32090331	-0.0004049293	0.0022499682
0.32103411	-0.0000742798	0.0023045016
0.32116491	0.0004812156	0.0023671279
0.32129571	0.0003321585	0.0022297550
0.32142651	0.0000264641	0.0023514900
0.32155731	0.0006195977	0.0022957767
0.32168811	-0.0000508117	0.0023102295
0.32181891	-0.0016401023	0.0023781637
0.32194971	-0.0001819871	0.0022860084
0.32208051	0.0003633654	0.0023777104
0.32221131	0.0003105411	0.0023729964
0.32234211	0.0000490073	0.0023129580
0.3224729	0.0003660524	0.0024077137
0.3226037	0.0001305181	0.0023354859
0.3227345	0.0014521408	0.0023904056
0.3228653	0.0000764159	0.0024312381
0.3229961	0.0007699218	0.0023507471
0.3231269	-0.0006479733	0.0024392147
0.3232577	-0.0006639038	0.0023790615
0.3233885	0.0004420586	0.0024350978
0.3235193	-0.0001857884	0.0025000327
0.3236501	0.0013193064	0.0023819948
0.3237809	-0.0001703002	0.0024791090
0.3239117	-0.0002278794	0.0024607073
0.3240425	0.0003466642	0.0024576029
0.32417329	-0.0009980956	0.0025126095
0.32430409	0.0005852122	0.0024463565
0.32443489	0.0010184614	0.0025385881
0.32456569	-0.0002696445	0.0025393255
0.32469649	-0.0000813311	0.0024753594
0.32482729	0.0009878811	0.0025784594
0.32495809	0.0004103320	0.0025299097
0.32508889	-0.0001790867	0.0025303138
0.32521969	-0.0005277121	0.0025932115
0.32535049	-0.0002330912	0.0025385849
0.32548129	0.0003068173	0.0025825623
0.32561209	-0.0002421235	0.0025732131
0.32574288	0.0002582467	0.0025736567
0.32587368	0.0004312879	0.0026502695
0.32600448	-0.0006211932	0.0025795239
0.32613528	0.0013661941	0.0026399651
0.32626608	0.0004488238	0.0026492033
0.32639688	0.0000393283	0.0026004904
0.32652768	-0.0000677806	0.0026745056
0.32665848	-0.0001933835	0.0026505587
0.32678928	0.0003122477	0.0026802801
0.32692008	-0.0004012128	0.0027259991
0.32705088	-0.0006481353	0.0026716763
0.32718168	0.0006080856	0.0027201653
0.32731248	0.0004256611	0.0027530192
0.32744327	-0.0005339383	0.0027070663
0.32757407	-0.0001953325	0.0027697557
0.32770487	-0.0003074746	0.0027607327
0.32783567	-0.0001208344	0.0027672349
0.32796647	0.0008988946	0.0028091829
0.32809727	0.0010144102	0.0027842731
0.32822807	-0.0006200825	0.0027979489
0.32835887	-0.0000317359	0.0028429318
0.32848967	0.0006711786	0.0028092966
0.32862047	-0.0003267624	0.0028510356
0.32875127	-0.0002593661	0.0028586413
0.32888207	0.0000885573	0.0028868003
0.32901287	-0.0010099399	0.0029379534
0.32914366	0.0005777021	0.0028552753
0.32927446	0.0011774340	0.0029477748
0.32940526	-0.0020614905	0.0029395562
0.32953606	0.0001030993	0.0029286178
0.32966686	0.0003345139	0.0029822024
0.32979766	-0.0005864526	0.0030110365
0.32992846	-0.0004791541	0.0029956719
0.33005926	0.0008220205	0.0030660816
0.33019006	0.0007300778	0.0029951866
0.33032086	-0.0004787806	0.0030532119
0.33045166	-0.0002279479	0.0031022983
0.33058246	0.0005691786	0.0030759588
0.33071326	0.0003010049	0.0030926280
0.33084405	0.0012596170	0.0031398748
0.33097485	-0.0009294268	0.0031136839
0.33110565	-0.0003686565	0.0031712583
0.33123645	0.0011902345	0.0031522739
0.33136725	0.0022120211	0.0031917917
0.33149805	-0.0000390202	0.0032247173
0.33162885	-0.0004442530	0.0032096630
0.33175965	0.0005501221	0.0032542850
0.33189045	-0.0003291640	0.0032899200
0.33202125	0.0012594773	0.0032702494
0.33215205	-0.0000626844	0.0032775460
0.33228285	-0.0010300339	0.0033666317
0.33241365	0.0003299492	0.0033139081
0.33254444	0.0004440502	0.0034195946
0.33267524	-0.0003116549	0.0033872638
0.33280604	-0.0003296524	0.0033801255
0.33293684	0.0007728770	0.0035012677
0.33306764	0.0005108570	0.0034477841
0.33319844	0.0004767092	0.0035201589
0.33332924	-0.0011029474	0.0034911180
0.33346004	0.0016397195	0.0035448205
0.33359084	0.0001280686	0.0035655272
0.33372164	0.0013118406	0.0036355222
0.33385244	-0.0007391682	0.0035753456
0.33398324	-0.0000464550	0.0036300591
0.33411404	0.0018180681	0.0036999460
0.33424483	-0.0005036340	0.0036457960
0.33437563	0.0006938211	0.0037278064
0.33450643	-0.0001779281	0.0037644415
0.33463723	-0.0000748393	0.0037860748
0.33476803	0.0011797209	0.0038258747
0.33489883	0.0002774294	0.0038419582
0.33502963	-0.0008875410	0.0038827077
0.33516043	-0.0020537139	0.0039128157
0.33529123	0.0008214546	0.0039678814
0.33542203	0.0014371573	0.0039330518
0.33555283	-0.0022535650	0.0040348973
0.33568363	0.0006237199	0.0041343267
0.33581442	-0.0000595216	0.0040907033
0.33594522	0.0011777960	0.0041371603
0.33607602	-0.0001827945	0.0041523226
0.33620682	-0.0001219605	0.0041981659
0.33633762	-0.0000800647	0.0042823806
0.33646842	0.0007797947	0.0043233955
0.33659922	0.0001466556	0.0043000925
0.33673002	0.0000391634	0.0044863619
0.33686082	0.0003322341	0.0044568779
0.33699162	0.0019097972	0.0045088341
0.33712242	0.0001317530	0.0046299594
0.33725322	0.0007912751	0.0045003872
0.33738402	0.0011488633	0.0047539853
0.33751481	-0.0001078438	0.0047603661
0.33764561	-0.0009599556	0.0047583712
0.33777641	0.0005758751	0.0047912452
0.33790721	0.0000658621	0.0050247723
0.33803801	0.0023731051	0.0049001460
0.33816881	0.0009636351	0.0051002521
0.33829961	0.0001397800	0.0051436964
0.33843041	0.0014741256	0.0051262568
0.33856121	-0.0007268674	0.0052824552
0.33869201	-0.0005084067	0.0055633850
0.33882281	0.0015110955	0.0053806121
0.33895361	-0.0002110743	0.0055973108
0.33908441	0.0018595824	0.0057321135
0.3392152	0.0009652250	0.0056401363
0.339346	0.0011307440	0.0057940330
0.3394768	0.0026071924	0.0062465280
0.3396076	0.0001549851	0.0059692182
0.3397384	-0.0027172204	0.0063624127
0.3398692	-0.0006645745	0.0064576394
0.34	-0.0003105553	0.0064671215
