0.0047473	0.0068928	0.00025344
0.0050351	0.0069965	0.00021118
0.0053228	0.006937	0.00019964
0.0056105	0.0070483	0.0001789
0.0058982	0.0072123	0.00017403
0.0061859	0.0069264	0.00016021
0.0064736	0.0068982	0.00015386
0.0067614	0.0071554	0.00014877
0.0070491	0.0074594	0.0001427
0.0073368	0.0070572	0.000138
0.0076245	0.0067513	0.00013582
0.0079122	0.0068449	0.00013517
0.0082	0.0072445	0.00013442
0.0084877	0.0071602	0.00013298
0.0087754	0.0067636	0.0001306
0.0090631	0.0071591	0.00012796
0.0093508	0.0069948	0.00012648
0.0096385	0.0069816	0.00012612
0.0099263	0.006857	0.00012354
0.010214	0.0071205	0.00012205
0.010502	0.007416	0.00011914
0.010789	0.0071826	0.00011955
0.011077	0.0072105	0.0001179
0.011365	0.0068474	0.00011444
0.011653	0.0068917	0.00011503
0.01194	0.0067325	0.00011408
0.012228	0.0073496	0.00011247
0.012516	0.0070761	0.00011124
0.012803	0.0068448	0.00010897
0.013091	0.0066848	0.00011017
0.013379	0.0068194	0.00010626
0.013667	0.0069325	0.00010755
0.013954	0.0069028	0.00010531
0.014242	0.006708	0.00010511
0.01453	0.0069437	0.00010201
0.014817	0.0068454	9.5243e-05
0.015105	0.0067035	9.4843e-05
0.015393	0.006767	9.2418e-05
0.015681	0.0067748	9.095e-05
0.015968	0.0069443	8.9077e-05
0.016256	0.0067076	8.6394e-05
0.016544	0.0067621	8.6686e-05
0.016831	0.0067604	8.4549e-05
0.017119	0.0068235	8.3328e-05
0.017407	0.0067423	8.2567e-05
0.017695	0.0068494	8.0992e-05
0.017982	0.0065578	8.0814e-05
0.01827	0.0069343	7.8995e-05
0.018558	0.0066248	7.7976e-05
0.018846	0.0066858	7.7567e-05
0.019133	0.0067122	7.6278e-05
0.019421	0.0067355	7.6755e-05
0.019709	0.0066946	7.4638e-05
0.019996	0.0066571	7.4806e-05
0.020284	0.0066663	7.2817e-05
0.020572	0.006487	7.3111e-05
0.02086	0.0064817	7.2087e-05
0.021147	0.0066136	7.1386e-05
0.021435	0.0065709	7.1154e-05
0.021723	0.0064955	7.0337e-05
0.02201	0.0062751	6.9688e-05
0.022298	0.0065045	6.8742e-05
0.022586	0.0064181	6.8713e-05
0.022874	0.0062776	6.8097e-05
0.023161	0.0061204	6.7704e-05
0.023449	0.0061702	6.673e-05
0.023737	0.0062251	6.5849e-05
0.024024	0.0062598	6.5955e-05
0.024312	0.0062558	6.5387e-05
0.0246	0.006269	6.4586e-05
0.024888	0.0063162	6.4685e-05
0.025175	0.0060857	6.3991e-05
0.025463	0.0060878	6.3747e-05
0.025751	0.0062946	6.2975e-05
0.026038	0.0060548	6.2391e-05
0.026326	0.0059428	6.2973e-05
0.026614	0.0062051	6.1444e-05
0.026902	0.0060567	6.1382e-05
0.027189	0.0060594	6.0684e-05
0.027477	0.0059852	6.0681e-05
0.027765	0.0058911	6.0369e-05
0.028052	0.0061342	5.978e-05
0.02834	0.0060532	5.9545e-05
0.028628	0.0060834	5.8856e-05
0.028916	0.0058876	5.9956e-05
0.029203	0.0058342	6.0707e-05
0.029491	0.0060135	6.019e-05
0.029779	0.0058146	6.0739e-05
0.030067	0.0057404	6.0856e-05
0.030354	0.0057911	6.0148e-05
0.030642	0.0059026	6.0663e-05
0.03093	0.0057287	5.8922e-05
0.031217	0.0056454	6.0221e-05
0.031505	0.0055788	5.965e-05
0.031793	0.0056724	5.9446e-05
0.032081	0.0057091	5.9163e-05
0.032368	0.0056244	5.8656e-05
0.032656	0.0057265	5.9239e-05
0.032944	0.0056902	5.8714e-05
0.033231	0.0056805	5.8494e-05
0.033519	0.0055912	5.857e-05
0.033807	0.0054397	5.8598e-05
0.034095	0.0055966	5.8437e-05
0.034382	0.0056176	5.7864e-05
0.03467	0.0055055	5.8054e-05
0.034958	0.005478	5.8107e-05
0.035245	0.0053606	5.774e-05
0.035533	0.0053127	5.8134e-05
0.035821	0.0054701	5.7134e-05
0.036109	0.0054622	5.7493e-05
0.036396	0.0053152	5.7344e-05
0.036684	0.0053195	5.7478e-05
0.036972	0.0052517	5.6781e-05
0.037259	0.00512	5.6668e-05
0.037547	0.0052573	5.6832e-05
0.037835	0.0050472	5.6494e-05
0.038123	0.0052535	5.6299e-05
0.03841	0.0051697	5.5837e-05
0.038698	0.0053011	5.5766e-05
0.038986	0.0053482	5.5761e-05
0.039273	0.0050221	5.5749e-05
0.039561	0.0051023	5.5194e-05
0.039849	0.0050812	5.5209e-05
0.040137	0.0050569	5.482e-05
0.040424	0.0049987	5.5433e-05
0.040712	0.0049938	5.4193e-05
0.041	0.0050169	5.4876e-05
0.041287	0.0048922	5.4342e-05
0.041575	0.0048386	5.432e-05
0.041863	0.0047376	5.4103e-05
0.042151	0.0046623	5.3915e-05
0.042438	0.0049336	5.3738e-05
0.042726	0.0048177	5.3537e-05
0.043014	0.0046628	5.3345e-05
0.043302	0.0046869	5.34e-05
0.043589	0.0047404	5.2939e-05
0.043877	0.0047967	5.2849e-05
0.044165	0.0047161	5.298e-05
0.044452	0.0045623	5.2572e-05
0.04474	0.004524	5.2611e-05
0.045028	0.0047585	5.2144e-05
0.045316	0.0045554	5.2687e-05
0.045603	0.0045245	5.1762e-05
0.045891	0.0043852	5.2127e-05
0.046179	0.0044709	5.1877e-05
0.046466	0.0045051	5.198e-05
0.046754	0.0044369	5.2657e-05
0.047042	0.004403	5.2957e-05
0.04733	0.0043786	5.4074e-05
0.047617	0.0045333	5.3567e-05
0.047905	0.0044147	5.4547e-05
0.048193	0.0043087	5.4469e-05
0.04848	0.0043983	5.4544e-05
0.048768	0.0042511	5.5318e-05
0.049056	0.0041321	5.4978e-05
0.049344	0.004161	5.5192e-05
0.049631	0.0043575	5.5612e-05
0.049919	0.0041754	5.5129e-05
0.050207	0.0042418	5.6507e-05
0.050494	0.0041698	5.5254e-05
0.050782	0.0042506	5.6172e-05
0.05107	0.00408	5.5897e-05
0.051358	0.0041781	5.5838e-05
0.051645	0.0041533	5.6598e-05
0.051933	0.0039831	5.6097e-05
0.052221	0.0040716	5.6833e-05
0.052508	0.0040506	5.6293e-05
0.052796	0.0040868	5.6816e-05
0.053084	0.0040054	5.6425e-05
0.053372	0.004019	5.6529e-05
0.053659	0.0038793	5.7439e-05
0.053947	0.0039756	5.6581e-05
0.054235	0.0040125	5.7129e-05
0.054523	0.0038848	5.6802e-05
0.05481	0.003853	5.6685e-05
0.055098	0.003842	5.7484e-05
0.055386	0.0038376	5.681e-05
0.055673	0.0037515	5.7151e-05
0.055961	0.003693	5.6737e-05
0.056249	0.0036651	5.6547e-05
0.056537	0.0036055	5.736e-05
0.056824	0.0036058	5.627e-05
0.057112	0.0037199	5.6924e-05
0.0574	0.0036519	5.645e-05
0.057687	0.0035778	5.6685e-05
0.057975	0.0035829	5.6584e-05
0.058263	0.0035997	5.6133e-05
0.058551	0.0036529	5.6554e-05
0.058838	0.003499	5.6093e-05
0.059126	0.0033538	5.684e-05
0.059414	0.0036314	5.6107e-05
0.059701	0.003478	5.5807e-05
0.059989	0.0034869	5.6078e-05
0.060277	0.003324	5.5997e-05
0.060565	0.0034434	5.605e-05
0.060852	0.0033273	5.5995e-05
0.06114	0.0034897	5.5837e-05
0.061428	0.0033345	5.5811e-05
0.061715	0.0033715	5.5501e-05
0.062003	0.0033125	5.5906e-05
0.062291	0.0031938	5.5525e-05
0.062579	0.0033395	5.578e-05
0.062866	0.0033255	5.5439e-05
0.063154	0.0031634	5.4933e-05
0.063442	0.0033081	5.5913e-05
0.063729	0.0032449	5.4929e-05
0.064017	0.0032096	5.5391e-05
0.064305	0.0032028	5.5141e-05
0.064593	0.0032917	5.4895e-05
0.06488	0.0031126	5.5173e-05
0.065168	0.0032513	5.4876e-05
0.065456	0.0031355	5.4891e-05
0.065744	0.0031475	5.4691e-05
0.066031	0.0030393	5.4697e-05
0.066319	0.0030491	5.5441e-05
0.066607	0.0029188	5.4287e-05
0.066894	0.0029381	5.4749e-05
0.067182	0.0029938	5.4628e-05
0.06747	0.0029797	5.4413e-05
0.067758	0.0028975	5.4784e-05
0.068045	0.0028496	5.396e-05
0.068333	0.0028871	5.4427e-05
0.068621	0.002836	5.4945e-05
0.068908	0.0028776	5.6154e-05
0.069196	0.0027716	5.7425e-05
0.069484	0.0028074	5.7179e-05
0.069772	0.0028712	5.8507e-05
0.070059	0.002734	5.9294e-05
0.070347	0.0027982	5.877e-05
0.070635	0.0029025	5.9731e-05
0.070922	0.0026599	6.0015e-05
0.07121	0.0028132	6.0877e-05
0.071498	0.0029448	6.0525e-05
0.071786	0.0026702	6.1258e-05
0.072073	0.0027116	6.1165e-05
0.072361	0.0027291	6.2346e-05
0.072649	0.0027137	6.2434e-05
0.072936	0.0027627	6.161e-05
0.073224	0.0027284	6.3134e-05
0.073512	0.002632	6.3014e-05
0.0738	0.0027729	6.4265e-05
0.074087	0.0027273	6.3638e-05
0.074375	0.0026437	6.3126e-05
0.074663	0.0024634	6.4358e-05
0.07495	0.0025244	6.4624e-05
0.075238	0.0025069	6.4495e-05
0.075526	0.0026877	6.3007e-05
0.075814	0.0024353	6.1332e-05
0.076101	0.0024404	6.0741e-05
0.076389	0.0024934	5.9283e-05
0.076677	0.0025778	5.8768e-05
0.076964	0.0024966	5.8092e-05
0.077252	0.0023082	5.8004e-05
0.07754	0.0023298	5.7777e-05
0.077828	0.0025138	5.6718e-05
0.078115	0.0023073	5.6626e-05
0.078403	0.0023787	5.6318e-05
0.078691	0.0023401	5.5952e-05
0.078979	0.0023872	5.5709e-05
0.079266	0.0024186	5.4953e-05
0.079554	0.0023784	5.522e-05
0.079842	0.0024112	5.4777e-05
0.080129	0.0024796	5.4358e-05
0.080417	0.002222	5.4189e-05
0.080705	0.0022808	5.3799e-05
0.080993	0.0023174	5.4606e-05
0.08128	0.0021841	5.3459e-05
0.081568	0.0022228	5.3901e-05
0.081856	0.0021579	5.3198e-05
0.082143	0.002142	5.3534e-05
0.082431	0.0022253	5.3905e-05
0.082719	0.0023154	5.2838e-05
0.083007	0.0023002	5.3453e-05
0.083294	0.0021937	5.31e-05
0.083582	0.0020925	5.3272e-05
0.08387	0.0021362	5.3046e-05
0.084157	0.0021863	5.2466e-05
0.084445	0.0021115	5.3136e-05
0.084733	0.0022435	5.2752e-05
0.085021	0.0021968	5.2663e-05
0.085308	0.0020824	5.2595e-05
0.085596	0.0021461	5.2423e-05
0.085884	0.0020825	5.2785e-05
0.086171	0.0020447	5.237e-05
0.086459	0.0019601	5.2454e-05
0.086747	0.0020915	5.2105e-05
0.087035	0.0020556	5.2297e-05
0.087322	0.0020436	5.2279e-05
0.08761	0.0020476	5.1504e-05
0.087898	0.0021161	5.2026e-05
0.088185	0.0021127	5.1966e-05
0.088473	0.00205	5.1913e-05
0.088761	0.0020514	5.1678e-05
0.089049	0.0020341	5.1302e-05
0.089336	0.0020636	5.1826e-05
0.089624	0.0021437	5.1448e-05
0.089912	0.0019752	5.1875e-05
0.0902	0.0019451	5.1063e-05
0.090487	0.001816	5.1296e-05
0.090775	0.0019356	5.172e-05
0.091063	0.0019612	5.1029e-05
0.09135	0.0018605	5.1191e-05
0.091638	0.0019071	5.1084e-05
0.091926	0.0019701	5.1129e-05
0.092214	0.0017134	5.1244e-05
0.092501	0.0019024	5.0531e-05
0.092789	0.0017592	5.0945e-05
0.093077	0.0018264	5.0652e-05
0.093364	0.0019011	5.1155e-05
0.093652	0.0018064	5.0755e-05
0.09394	0.0018409	5.0436e-05
0.094228	0.0019285	5.0427e-05
0.094515	0.0018939	5.0239e-05
0.094803	0.0018559	5.0703e-05
0.095091	0.0017949	4.9943e-05
0.095378	0.0018444	5.0627e-05
0.095666	0.001754	5.0367e-05
0.095954	0.0017156	5.0129e-05
0.096242	0.0017005	5.0188e-05
0.096529	0.0016277	4.9815e-05
0.096817	0.0017523	5.0375e-05
0.097105	0.0017483	5.0164e-05
0.097392	0.0017304	4.9636e-05
0.09768	0.0018339	4.9758e-05
0.097968	0.0016892	4.9733e-05
0.098256	0.0018368	5.002e-05
0.098543	0.0016896	4.9792e-05
0.098831	0.0017331	4.9393e-05
0.099119	0.0016846	4.995e-05
0.099406	0.0017237	4.928e-05
0.099694	0.0016699	4.9688e-05
0.099982	0.0016329	4.9226e-05
0.10027	0.0016344	4.9362e-05
0.10056	0.0017424	4.936e-05
0.10085	0.0015119	4.9429e-05
0.10113	0.0015567	4.9152e-05
0.10142	0.0015585	4.9034e-05
0.10171	0.0015856	4.906e-05
0.102	0.0016375	4.9136e-05
0.10228	0.0015524	4.8852e-05
0.10257	0.0015316	4.9079e-05
0.10286	0.0014934	4.8921e-05
0.10315	0.0015997	4.878e-05
0.10343	0.0014247	4.9112e-05
0.10372	0.0014395	4.8374e-05
0.10401	0.0015622	4.8751e-05
0.1043	0.0015006	4.865e-05
0.10459	0.0017115	4.8807e-05
0.10487	0.001577	4.8509e-05
0.10516	0.0015579	4.8196e-05
0.10545	0.0013553	4.8662e-05
0.10574	0.0014065	4.8582e-05
0.10602	0.0016061	4.835e-05
0.10631	0.0014706	4.8276e-05
0.1066	0.0016125	4.7951e-05
0.10689	0.0014425	4.8362e-05
0.10717	0.0015733	4.8012e-05
0.10746	0.001389	4.7863e-05
0.10775	0.0013729	4.8216e-05
0.10804	0.0015837	4.7939e-05
0.10833	0.0014886	4.7798e-05
0.10861	0.0014903	4.8023e-05
0.1089	0.0014246	4.771e-05
0.10919	0.0015269	4.7626e-05
0.10948	0.0013592	4.7795e-05
0.10976	0.0013186	4.939e-05
0.11005	0.0014751	4.9635e-05
0.11034	0.0013848	4.9959e-05
0.11063	0.0013451	5.0027e-05
0.11092	0.0013736	5.0518e-05
0.1112	0.0013881	5.0688e-05
0.11149	0.0013411	5.1552e-05
0.11178	0.0015504	5.1848e-05
0.11207	0.0013986	5.2131e-05
0.11235	0.001416	5.2187e-05
0.11264	0.001327	5.2101e-05
0.11293	0.0013213	5.3085e-05
0.11322	0.0013155	5.3369e-05
0.1135	0.0014325	5.3508e-05
0.11379	0.0013513	5.1591e-05
0.11408	0.0013725	5.1285e-05
0.11437	0.0014582	5.1462e-05
0.11466	0.0013629	5.0686e-05
0.11494	0.001453	5.0612e-05
0.11523	0.0013885	5.0713e-05
0.11552	0.001263	4.996e-05
0.11581	0.0014187	5.0319e-05
0.11609	0.0012687	4.923e-05
0.11638	0.0012478	5.0046e-05
0.11667	0.0012051	4.9571e-05
0.11696	0.0012882	4.963e-05
0.11724	0.0012127	4.9501e-05
0.11753	0.0013276	4.8532e-05
0.11782	0.0011616	4.9449e-05
0.11811	0.0012755	4.9031e-05
0.1184	0.0014146	4.8649e-05
0.11868	0.0012375	4.8899e-05
0.11897	0.0010951	4.8268e-05
0.11926	0.0012363	4.8648e-05
0.11955	0.0011985	4.8146e-05
0.11983	0.0012277	4.7979e-05
0.12012	0.0011597	4.8269e-05
0.12041	0.0012805	4.7524e-05
0.1207	0.0012128	4.8064e-05
0.12099	0.001131	4.7003e-05
0.12127	0.0012349	4.7284e-05
0.12156	0.0012361	4.7169e-05
0.12185	0.0010625	4.717e-05
0.12214	0.0012485	4.7076e-05
0.12242	0.0011708	4.6409e-05
0.12271	0.001125	4.6783e-05
0.123	0.0012402	4.6547e-05
0.12329	0.0011451	4.6471e-05
0.12357	0.0010627	4.6624e-05
0.12386	0.001024	4.6416e-05
0.12415	0.0011498	4.6478e-05
0.12444	0.0011937	4.6139e-05
0.12473	0.0011945	4.5959e-05
0.12501	0.0011088	4.6352e-05
0.1253	0.0011778	4.5964e-05
0.12559	0.0011193	4.6318e-05
0.12588	0.0012014	4.5881e-05
0.12616	0.0011381	4.6031e-05
0.12645	0.0011869	4.5867e-05
0.12674	0.0011718	4.6064e-05
0.12703	0.0011202	4.573e-05
0.12732	0.0011484	4.5551e-05
0.1276	0.0010193	4.6089e-05
0.12789	0.0011135	4.5835e-05
0.12818	0.0010908	4.5733e-05
0.12847	0.0010346	4.5459e-05
0.12875	0.00098898	4.5505e-05
0.12904	0.0011169	4.5661e-05
0.12933	0.0011665	4.5393e-05
0.12962	0.0010608	4.532e-05
0.1299	0.0010728	4.6549e-05
0.13019	0.0010474	4.7622e-05
0.13048	0.001083	4.794e-05
0.13077	0.00096446	4.7744e-05
0.13106	0.0011115	4.8489e-05
0.13134	0.001059	4.895e-05
0.13163	0.00098624	4.9431e-05
0.13192	0.0011642	4.9379e-05
0.13221	0.00099652	4.9056e-05
0.13249	0.0011414	4.9794e-05
0.13278	0.0011411	5.005e-05
0.13307	0.00093421	5.0359e-05
0.13336	0.0011043	5.0071e-05
0.13364	0.00095197	5.0165e-05
0.13393	0.001054	5.1145e-05
0.13422	0.0010631	5.0172e-05
0.13451	0.0010385	5.0988e-05
0.1348	0.00098116	5.1034e-05
0.13508	0.0010229	5.1589e-05
0.13537	0.0010423	5.1605e-05
0.13566	0.00093014	5.089e-05
0.13595	0.00097947	5.1769e-05
0.13623	0.0009651	5.1777e-05
0.13652	0.00097584	5.2268e-05
0.13681	0.00093704	5.024e-05
0.1371	0.0010689	4.8566e-05
0.13739	0.00099844	4.8773e-05
0.13767	0.00093163	4.7782e-05
0.13796	0.00093855	4.7575e-05
0.13825	0.0010413	4.7173e-05
0.13854	0.0010117	4.6777e-05
0.13882	0.0010423	4.719e-05
0.13911	0.00090365	4.6104e-05
0.1394	0.0010617	4.5944e-05
0.13969	0.00092171	4.585e-05
0.13997	0.001018	4.5891e-05
0.14026	0.0010276	4.6054e-05
0.14055	0.0010063	4.5231e-05
0.14084	0.00097641	4.5623e-05
0.14113	0.00091974	4.5614e-05
0.14141	0.00086255	4.5502e-05
0.1417	0.0008552	4.5543e-05
0.14199	0.00086586	4.493e-05
0.14228	0.00081985	4.554e-05
0.14256	0.00091328	4.5122e-05
0.14285	0.00088604	4.4987e-05
0.14314	0.00091443	4.4887e-05
0.14343	0.00085508	4.4978e-05
0.14372	0.00088814	4.5102e-05
0.144	0.00091122	4.492e-05
0.14429	0.0008308	4.4599e-05
0.14458	0.00085622	4.467e-05
0.14487	0.00090279	4.4421e-05
0.14515	0.0010134	4.491e-05
0.14544	0.00085937	4.4417e-05
0.14573	0.0008861	4.4556e-05
0.14602	0.00088649	4.4328e-05
0.1463	0.00090385	4.4454e-05
0.14659	0.00093317	4.4323e-05
0.14688	0.00098449	4.4113e-05
0.14717	0.00084672	4.4376e-05
0.14746	0.00081373	4.4137e-05
0.14774	0.00083981	4.4282e-05
0.14803	0.00089017	4.3783e-05
0.14832	0.00087417	4.4294e-05
0.14861	0.00088889	4.3886e-05
0.14889	0.00083845	4.3787e-05
0.14918	0.00088521	4.3936e-05
0.14947	0.00088789	4.3661e-05
0.14976	0.00087543	4.4011e-05
0.15004	0.00094986	4.3848e-05
0.15033	0.00078283	4.3381e-05
0.15062	0.00082164	4.3859e-05
0.15091	0.00082969	4.3496e-05
0.1512	0.00082345	4.3791e-05
0.15148	0.00090908	4.3392e-05
0.15177	0.0008384	4.3375e-05
0.15206	0.0007628	4.3728e-05
0.15235	0.00091518	4.3032e-05
0.15263	0.0008702	4.3548e-05
0.15292	0.00082411	4.3112e-05
0.15321	0.00089314	4.3257e-05
0.1535	0.00088269	4.3357e-05
0.15379	0.00072583	4.3102e-05
0.15407	0.00085977	4.3079e-05
0.15436	0.00074302	4.2971e-05
0.15465	0.00074353	4.306e-05
0.15494	0.00083406	4.3021e-05
0.15522	0.0008519	4.2749e-05
0.15551	0.00083702	4.2986e-05
0.1558	0.00080341	4.2812e-05
0.15609	0.00085013	4.2868e-05
0.15637	0.00081947	4.2851e-05
0.15666	0.00070404	4.2572e-05
0.15695	0.00076343	4.2813e-05
0.15724	0.00073453	4.2698e-05
0.15753	0.00069314	4.2657e-05
0.15781	0.00076234	4.2643e-05
0.1581	0.00080377	4.2502e-05
0.15839	0.00072143	4.2752e-05
0.15868	0.00076011	4.2369e-05
0.15896	0.00084092	4.2414e-05
0.15925	0.00074329	4.2218e-05
0.15954	0.0008147	4.2488e-05
0.15983	0.00084132	4.2344e-05
0.16011	0.00068535	4.221e-05
0.1604	0.00082458	4.246e-05
0.16069	0.00079122	4.1973e-05
0.16098	0.00071121	4.2324e-05
0.16127	0.00066764	4.2098e-05
0.16155	0.00082607	4.2148e-05
0.16184	0.00070306	4.2193e-05
0.16213	0.00079361	4.1838e-05
0.16242	0.00075286	4.2121e-05
0.1627	0.00072465	4.1734e-05
0.16299	0.00069118	4.1973e-05
0.16328	0.00069697	4.2004e-05
0.16357	0.00063348	4.1841e-05
0.16386	0.00071875	4.1842e-05
0.16414	0.0007966	4.1601e-05
0.16443	0.00071809	4.1952e-05
0.16472	0.00068639	4.1672e-05
0.16501	0.00081179	4.1609e-05
0.16529	0.00076546	4.1729e-05
0.16558	0.00071226	4.1578e-05
0.16587	0.00064425	4.1821e-05
0.16616	0.000798	4.1226e-05
0.16644	0.00072312	4.1472e-05
0.16673	0.00078643	4.1685e-05
0.16702	0.0007359	4.1374e-05
0.16731	0.00075118	4.154e-05
0.1676	0.00073635	4.1195e-05
0.16788	0.00061162	4.141e-05
0.16817	0.00070222	4.1345e-05
0.16846	0.00068539	4.1364e-05
0.16875	0.00074049	4.1273e-05
0.16903	0.00070749	4.099e-05
0.16932	0.00075922	4.131e-05
0.16961	0.0006612	4.1202e-05
0.1699	0.00077609	4.0914e-05
0.17019	0.00066398	4.1146e-05
0.17047	0.0005715	4.0727e-05
0.17076	0.00075572	4.114e-05
0.17105	0.00074188	4.0703e-05
0.17134	0.00065637	4.0652e-05
0.17162	0.00064258	4.073e-05
0.17191	0.00067604	4.0592e-05
0.1722	0.00072918	4.0739e-05
0.17249	0.00065139	4.0272e-05
0.17277	0.00069882	4.0468e-05
0.17306	0.00057598	4.0484e-05
0.17335	0.00064279	4.0497e-05
0.17364	0.00072147	4.0303e-05
0.17393	0.00077653	4.0009e-05
0.17421	0.0006932	4.0463e-05
0.1745	0.00066728	4.0438e-05
0.17479	0.00061481	4.0097e-05
0.17508	0.00061005	4.037e-05
0.17536	0.00065005	4.01e-05
0.17565	0.00061588	4.0392e-05
0.17594	0.00072254	4.0063e-05
0.17623	0.00065687	4.0137e-05
0.17651	0.00056662	4.0312e-05
0.1768	0.00070315	4.0341e-05
0.17709	0.0006415	4.043e-05
0.17738	0.00056168	4.0061e-05
0.17767	0.00080339	4.0205e-05
0.17795	0.00062391	4.0274e-05
0.17824	0.00058092	4.0336e-05
0.17853	0.00065053	4.0289e-05
0.17882	0.00059152	3.9881e-05
0.1791	0.00061332	4.0187e-05
0.17939	0.00064471	4.0114e-05
0.17968	0.00059164	4.0313e-05
0.17997	0.00065295	3.9785e-05
0.18026	0.00066163	4.0062e-05
0.18054	0.00063433	4.0037e-05
0.18083	0.00058215	3.9762e-05
0.18112	0.00063079	3.9997e-05
0.18141	0.0006423	3.9879e-05
0.18169	0.00049448	4.0107e-05
0.18198	0.00063534	3.9923e-05
0.18227	0.00067998	3.945e-05
0.18256	0.0006296	3.9886e-05
0.18284	0.00059094	3.97e-05
0.18313	0.00062886	3.992e-05
0.18342	0.00057707	3.9714e-05
0.18371	0.00062667	3.9516e-05
0.184	0.00067708	3.9848e-05
0.18428	0.00066852	3.9451e-05
0.18457	0.00056321	3.9556e-05
0.18486	0.00064474	3.9481e-05
0.18515	0.00055911	3.953e-05
0.18543	0.00065044	3.9736e-05
0.18572	0.00063939	3.9373e-05
0.18601	0.00065561	3.9293e-05
0.1863	0.00059633	3.9564e-05
0.18658	0.00056064	3.9451e-05
0.18687	0.0006375	3.959e-05
0.18716	0.00063127	3.9066e-05
0.18745	0.00046007	3.9288e-05
0.18774	0.00055068	3.9381e-05
0.18802	0.00061203	3.9134e-05
0.18831	0.00057333	3.9308e-05
0.1886	0.00064825	3.9148e-05
0.18889	0.00060292	3.9265e-05
0.18917	0.00072302	3.9146e-05
0.18946	0.00055698	3.8866e-05
0.18975	0.00060569	3.9212e-05
0.19004	0.00046828	3.9043e-05
0.19033	0.00055537	3.9216e-05
0.19061	0.00058433	3.9067e-05
0.1909	0.00061875	3.9802e-05
0.19119	0.00048473	4.083e-05
0.19148	0.00054408	4.0965e-05
0.19176	0.00061737	4.1518e-05
0.19205	0.00056039	4.1584e-05
0.19234	0.00061047	4.1858e-05
0.19263	0.0004809	4.2369e-05
0.19291	0.00066581	4.258e-05
0.1932	0.000611	4.2439e-05
0.19349	0.00052732	4.2869e-05
0.19378	0.0006231	4.2779e-05
0.19407	0.00052698	4.2985e-05
0.19435	0.00051284	4.2911e-05
0.19464	0.00051924	4.2807e-05
0.19493	0.00057982	4.3234e-05
0.19522	0.00064754	4.3227e-05
0.1955	0.00060436	4.3267e-05
0.19579	0.00053351	4.3224e-05
0.19608	0.00059891	4.3168e-05
0.19637	0.00067824	4.3775e-05
0.19666	0.00053866	4.3273e-05
0.19694	0.00061927	4.3445e-05
0.19723	0.00044828	4.3756e-05
0.19752	0.00060788	4.3515e-05
0.19781	0.00056125	4.2629e-05
0.19809	0.00060359	4.1207e-05
0.19838	0.00042023	4.1445e-05
0.19867	0.00059388	4.1033e-05
0.19896	0.00039978	4.0453e-05
0.19924	0.00048839	4.0454e-05
0.19953	0.00050203	3.9912e-05
0.19982	0.00057888	4.0008e-05
0.20011	0.00052251	4.0036e-05
0.2004	0.00058611	3.9613e-05
0.20068	0.00052406	3.9755e-05
0.20097	0.0004627	3.9512e-05
0.20126	0.00050436	3.996e-05
0.20155	0.00050139	3.9428e-05
0.20183	0.00047936	3.9373e-05
0.20212	0.00051487	3.9601e-05
0.20241	0.00052907	3.9152e-05
0.2027	0.00051054	3.948e-05
0.20298	0.00057491	3.9021e-05
0.20327	0.00042572	3.9306e-05
0.20356	0.00055568	3.9457e-05
0.20385	0.00055655	3.8898e-05
0.20414	0.00051913	3.9163e-05
0.20442	0.00058146	3.8831e-05
0.20471	0.00047763	3.9038e-05
0.205	0.00056783	3.9118e-05
0.20529	0.00049724	3.8774e-05
0.20557	0.00047536	3.8846e-05
0.20586	0.00053052	3.8695e-05
0.20615	0.00057501	3.8898e-05
0.20644	0.00050812	3.8733e-05
0.20673	0.00047479	3.8585e-05
0.20701	0.00048694	3.8944e-05
0.2073	0.0004909	3.8467e-05
0.20759	0.00049628	3.8763e-05
0.20788	0.00052647	3.8404e-05
0.20816	0.00047814	3.8482e-05
0.20845	0.00049504	3.8711e-05
0.20874	0.00058086	3.8389e-05
0.20903	0.00052293	3.8284e-05
0.20931	0.00051087	3.8249e-05
0.2096	0.00052993	3.85e-05
0.20989	0.00041485	3.8375e-05
0.21018	0.00049447	3.8443e-05
0.21047	0.00051812	3.8101e-05
0.21075	0.00040996	3.8146e-05
0.21104	0.00045998	3.8295e-05
0.21133	0.00035063	3.8098e-05
0.21162	0.00037951	3.824e-05
0.2119	0.00059529	3.8241e-05
0.21219	0.00051388	3.8009e-05
0.21248	0.000529	3.801e-05
0.21277	0.00044798	3.7814e-05
0.21305	0.00054275	3.8135e-05
0.21334	0.00041218	3.7975e-05
0.21363	0.00049849	3.7903e-05
0.21392	0.00049091	3.8076e-05
0.21421	0.00044221	3.7673e-05
0.21449	0.00046897	3.8042e-05
0.21478	0.00045943	3.7793e-05
0.21507	0.00044639	3.7753e-05
0.21536	0.00054557	3.7973e-05
0.21564	0.00045245	3.745e-05
0.21593	0.00048495	3.7943e-05
0.21622	0.00037767	3.7436e-05
0.21651	0.0004756	3.7606e-05
0.2168	0.00041999	3.781e-05
0.21708	0.00039768	3.7537e-05
0.21737	0.00053496	3.7653e-05
0.21766	0.00048546	3.735e-05
0.21795	0.00046716	3.7618e-05
0.21823	0.00037655	3.7451e-05
0.21852	0.00035166	3.7504e-05
0.21881	0.00032227	3.7663e-05
0.2191	0.00034603	3.7257e-05
0.21938	0.00049296	3.7426e-05
0.21967	0.00036776	3.7439e-05
0.21996	0.00046051	3.7216e-05
0.22025	0.00039858	3.7281e-05
0.22054	0.00045873	3.7233e-05
0.22082	0.00049462	3.7295e-05
0.22111	0.00040299	3.7083e-05
0.2214	0.00051494	3.6902e-05
0.22169	0.00045612	3.6979e-05
0.22197	0.00052858	3.6979e-05
0.22226	0.0004445	3.6961e-05
0.22255	0.00052791	3.6597e-05
0.22284	0.00044202	3.6866e-05
0.22313	0.00047632	3.6832e-05
0.22341	0.00045968	3.6922e-05
0.2237	0.00038031	3.6822e-05
0.22399	0.00052433	3.6662e-05
0.22428	0.00051368	3.6809e-05
0.22456	0.00039035	3.6647e-05
0.22485	0.00045892	3.6716e-05
0.22514	0.00034178	3.6612e-05
0.22543	0.0004351	3.6711e-05
0.22571	0.00042664	3.6847e-05
0.226	0.00039323	3.6454e-05
0.22629	0.00042213	3.6591e-05
0.22658	0.00036766	3.6534e-05
0.22687	0.00044222	3.6823e-05
0.22715	0.00040739	3.6791e-05
0.22744	0.00038695	3.6327e-05
0.22773	0.00042826	3.6931e-05
0.22802	0.00043578	3.6448e-05
0.2283	0.00045393	3.6752e-05
0.22859	0.00046375	3.639e-05
0.22888	0.0004578	3.6458e-05
0.22917	0.00050865	3.6833e-05
0.22945	0.00038506	3.6408e-05
0.22974	0.00048559	3.6504e-05
0.23003	0.00051899	3.6395e-05
0.23032	0.00040721	3.6423e-05
0.23061	0.00034668	3.677e-05
0.23089	0.00040169	3.6174e-05
0.23118	0.00041392	3.6539e-05
0.23147	0.00049049	3.6105e-05
0.23176	0.00042455	3.6545e-05
0.23204	0.00037528	3.6388e-05
0.23233	0.00038668	3.601e-05
0.23262	0.00044025	3.6496e-05
0.23291	0.00036212	3.6152e-05
0.2332	0.00047657	3.6272e-05
0.23348	0.00035102	3.6082e-05
0.23377	0.00043401	3.6019e-05
0.23406	0.00043765	3.6458e-05
0.23435	0.00048152	3.5905e-05
0.23463	0.00040848	3.6122e-05
0.23492	0.00047284	3.6095e-05
0.23521	0.00039975	3.6066e-05
0.2355	0.00039925	3.6304e-05
0.23578	0.0003678	3.5752e-05
0.23607	0.00036053	3.6156e-05
0.23636	0.00045602	3.5902e-05
0.23665	0.00031226	3.6166e-05
0.23694	0.00037738	3.5942e-05
0.23722	0.00043197	3.5838e-05
0.23751	0.00044003	3.6069e-05
0.2378	0.00035981	3.5834e-05
0.23809	0.00043999	3.6071e-05
0.23837	0.00037229	3.5742e-05
0.23866	0.00039715	3.5775e-05
0.23895	0.00043849	3.6095e-05
0.23924	0.0004011	3.5561e-05
0.23953	0.00036585	3.5963e-05
0.23981	0.00036418	3.5632e-05
0.2401	0.00036695	3.5898e-05
0.24039	0.00042565	3.5836e-05
0.24068	0.00038327	3.5465e-05
0.24096	0.00038285	3.5886e-05
0.24125	0.00044416	3.5506e-05
0.24154	0.00040692	3.58e-05
0.24183	0.00036978	3.5659e-05
0.24211	0.0004211	3.5511e-05
0.2424	0.00037083	3.5795e-05
0.24269	0.00045669	3.5349e-05
0.24298	0.0004395	3.5623e-05
0.24327	0.00031	3.5474e-05
0.24355	0.00046387	3.5516e-05
0.24384	0.00041539	3.5587e-05
0.24413	0.00051439	3.5409e-05
0.24442	0.000384	3.5443e-05
0.2447	0.00045996	3.5296e-05
0.24499	0.00046814	3.5473e-05
0.24528	0.00041097	3.5537e-05
0.24557	0.0003599	3.5167e-05
0.24585	0.00032707	3.5413e-05
0.24614	0.00039954	3.5209e-05
0.24643	0.00043296	3.545e-05
0.24672	0.00037311	3.5267e-05
0.24701	0.00036036	3.5214e-05
0.24729	0.00039076	3.5306e-05
0.24758	0.00045575	3.5111e-05
0.24787	0.00035915	3.5307e-05
0.24816	0.00030331	3.5004e-05
0.24844	0.00040138	3.5263e-05
0.24873	0.00033819	3.5175e-05
0.24902	0.00037513	3.5212e-05
0.24931	0.00032717	3.5067e-05
0.2496	0.00042665	3.4907e-05
0.24988	0.0003672	3.5221e-05
0.25017	0.0004118	3.501e-05
0.25046	0.00039322	3.5037e-05
0.25075	0.00040464	3.5077e-05
0.25103	0.00034797	3.4924e-05
0.25132	0.0002965	3.5137e-05
0.25161	0.00043614	3.4729e-05
0.2519	0.0003635	3.6704e-05
0.25218	0.0003067	3.7488e-05
0.25247	0.00030855	3.8369e-05
0.25276	0.00036412	3.8986e-05
0.25305	0.00033195	3.941e-05
0.25334	0.00031322	4.0429e-05
0.25362	0.00033189	4.0605e-05
0.25391	0.00040819	4.105e-05
0.2542	0.00037819	4.1605e-05
0.25449	0.00034979	4.1554e-05
0.25477	0.00031668	4.2394e-05
0.25506	0.00033212	4.2352e-05
0.25535	0.00035057	4.2828e-05
0.25564	0.00031144	4.3626e-05
0.25592	0.00039229	4.3595e-05
0.25621	0.00037319	4.3928e-05
0.2565	0.00026756	4.3748e-05
0.25679	0.00047011	4.424e-05
0.25708	0.00039069	4.4563e-05
0.25736	0.00041129	4.4803e-05
0.25765	0.00030455	4.5231e-05
0.25794	0.00023895	4.4712e-05
0.25823	0.00035726	4.5551e-05
0.25851	0.00045321	4.5389e-05
0.2588	0.00033794	4.5424e-05
0.25909	0.00042671	4.5927e-05
0.25938	0.00036459	4.6175e-05
0.25967	0.00031605	4.6274e-05
0.25995	0.00039021	4.6021e-05
0.26024	0.00025496	4.6505e-05
0.26053	0.00033194	4.6772e-05
0.26082	0.00043266	4.7125e-05
0.2611	0.00040359	4.7087e-05
0.26139	0.00035945	4.6678e-05
0.26168	0.00036698	4.7243e-05
0.26197	0.00029302	4.6974e-05
0.26225	0.00029682	4.7423e-05
0.26254	0.00039284	4.7384e-05
0.26283	0.00045362	4.7173e-05
0.26312	0.00031785	4.7919e-05
0.26341	0.00042265	4.7445e-05
0.26369	0.00046481	4.7942e-05
0.26398	0.00032625	4.7713e-05
0.26427	0.00038652	4.8527e-05
0.26456	0.00028327	4.8943e-05
0.26484	0.00033072	4.7714e-05
0.26513	0.00028289	4.908e-05
0.26542	0.00034927	4.8451e-05
0.26571	0.00040178	4.9519e-05
0.266	0.00045233	4.9357e-05
0.26628	0.00026603	4.8602e-05
0.26657	0.00038354	5.0005e-05
0.26686	0.00030983	4.9533e-05
0.26715	0.0002771	4.9947e-05
0.26743	0.0004128	4.9529e-05
0.26772	0.00039638	5.0187e-05
0.26801	0.00037801	5.0718e-05
0.2683	0.00028646	5.0229e-05
0.26858	0.00034095	5.0477e-05
0.26887	0.0003612	5.0635e-05
0.26916	0.00042482	5.1077e-05
0.26945	0.00029653	5.1708e-05
0.26974	0.00033257	5.0532e-05
0.27002	0.00044124	5.1444e-05
0.27031	0.00031144	5.1464e-05
0.2706	0.00045826	5.1983e-05
0.27089	0.00031414	5.1413e-05
0.27117	0.00041518	5.1778e-05
0.27146	0.00038163	5.243e-05
0.27175	0.00042595	5.2505e-05
0.27204	0.00030582	5.2189e-05
0.27232	0.00032053	5.2292e-05
0.27261	0.00027648	5.3023e-05
0.2729	0.00033462	5.3304e-05
0.27319	0.00037812	5.3356e-05
0.27348	0.00023656	5.2671e-05
0.27376	0.00035232	5.3484e-05
0.27405	0.00026714	5.3812e-05
0.27434	0.00025152	5.3825e-05
0.27463	0.00030784	5.367e-05
0.27491	0.00039389	5.4089e-05
0.2752	0.00025356	5.4034e-05
0.27549	0.00032095	5.4191e-05
0.27578	0.00043079	5.3596e-05
0.27607	0.00030723	5.4188e-05
0.27635	0.0002429	5.4416e-05
0.27664	0.00041528	5.4556e-05
0.27693	0.00036203	5.4354e-05
0.27722	0.00036345	5.4235e-05
0.2775	0.00022552	5.5138e-05
0.27779	0.00033742	5.5434e-05
0.27808	0.00035326	5.4888e-05
0.27837	0.00020765	5.5596e-05
0.27865	0.00029618	5.5118e-05
0.27894	0.00045684	5.619e-05
0.27923	0.00029418	5.5708e-05
0.27952	0.00012904	5.571e-05
0.27981	0.00039805	5.684e-05
0.28009	0.00045156	5.5849e-05
0.28038	0.00024444	5.6826e-05
0.28067	0.00024208	5.6342e-05
0.28096	0.00031434	5.6786e-05
0.28124	0.00040068	5.7555e-05
0.28153	0.0002719	5.6829e-05
0.28182	0.00032138	5.7888e-05
0.28211	0.00035534	5.7101e-05
0.28239	0.00029978	5.7788e-05
0.28268	0.0002202	5.7874e-05
0.28297	0.00035533	5.8256e-05
0.28326	0.00030686	5.8523e-05
0.28355	0.00026473	5.7841e-05
0.28383	0.00018959	5.8495e-05
0.28412	0.00032816	5.7799e-05
0.28441	0.00027531	5.8707e-05
0.2847	0.00030111	5.8556e-05
0.28498	0.00027735	5.8046e-05
0.28527	0.00031017	5.8876e-05
0.28556	0.00035623	5.7802e-05
0.28585	0.0003854	5.89e-05
0.28614	0.00028344	5.8357e-05
0.28642	0.00026084	5.8591e-05
0.28671	0.0002601	5.9439e-05
0.287	0.00029157	5.8285e-05
0.28729	0.00041571	5.9707e-05
0.28757	0.00031875	5.8738e-05
0.28786	0.00028701	5.9685e-05
0.28815	0.0003785	5.9928e-05
0.28844	0.00031886	5.9209e-05
0.28872	0.00023336	6.0944e-05
0.28901	0.00037125	5.9438e-05
0.2893	0.00031779	6.0819e-05
0.28959	0.00030718	6.0516e-05
0.28988	0.00013721	6.0457e-05
0.29016	0.00017486	6.2037e-05
0.29045	0.00030565	6.0357e-05
0.29074	0.00043609	6.1888e-05
0.29103	0.00031511	6.1082e-05
0.29131	0.0002532	6.1418e-05
0.2916	0.00026946	6.2795e-05
0.29189	0.0002514	6.0874e-05
0.29218	0.00027178	6.3082e-05
0.29247	0.00025061	6.2164e-05
0.29275	0.00029098	6.2559e-05
0.29304	0.00030921	6.2991e-05
0.29333	0.00029296	6.2597e-05
0.29362	0.00028987	6.3906e-05
0.2939	0.00026864	6.303e-05
0.29419	0.00031553	6.3729e-05
0.29448	0.00034017	6.353e-05
0.29477	0.00029395	6.3731e-05
0.29505	0.00021454	6.499e-05
0.29534	0.00034386	6.3622e-05
0.29563	0.0001574	6.4878e-05
0.29592	0.00027106	6.4229e-05
0.29621	0.00038998	6.5023e-05
0.29649	0.00029485	6.5155e-05
0.29678	0.00025835	6.5202e-05
0.29707	0.00039563	6.6099e-05
0.29736	0.00012864	6.4842e-05
0.29764	0.00022188	6.6828e-05
0.29793	0.00025911	6.5235e-05
0.29822	0.00028319	6.7035e-05
0.29851	0.00040856	6.7173e-05
0.29879	0.00029174	6.5728e-05
0.29908	0.0003057	6.817e-05
0.29937	0.00026389	6.6046e-05
0.29966	0.00017132	6.8287e-05
0.29995	0.00031144	6.7544e-05
0.30023	0.00037346	6.7727e-05
0.30052	0.00017554	6.9422e-05
0.30081	0.0002629	6.7212e-05
0.3011	0.00021399	6.8823e-05
0.30138	0.00035851	6.8864e-05
0.30167	0.00026629	6.8681e-05
0.30196	9.3136e-05	7.1053e-05
0.30225	0.00028787	6.8488e-05
0.30254	0.00046628	7.0305e-05
0.30282	0.00050119	6.9202e-05
0.30311	0.00038774	7.0376e-05
0.3034	0.00027681	7.0679e-05
0.30369	0.00047001	7.0373e-05
0.30397	0.00034987	7.2326e-05
0.30426	0.00022157	7.0361e-05
0.30455	0.00016531	7.1968e-05
0.30484	0.00015979	7.1577e-05
0.30512	9.707e-05	7.2328e-05
0.30541	0.00046557	7.3557e-05
0.3057	0.00024817	7.1336e-05
0.30599	0.00010869	7.3611e-05
0.30628	0.00042637	7.1938e-05
0.30656	0.00027554	7.3653e-05
0.30685	0.00014937	7.3825e-05
0.30714	0.00027667	7.3818e-05
0.30743	0.00027581	7.5006e-05
0.30771	0.00032437	7.3206e-05
0.308	0.00054574	7.5496e-05
0.30829	0.00022905	7.4012e-05
0.30858	0.000244	7.5576e-05
0.30887	0.0002717	7.7281e-05
0.30915	0.00023513	7.4279e-05
0.30944	0.00019569	7.7133e-05
0.30973	6.6903e-05	7.5695e-05
0.31002	0.00031438	7.6909e-05
0.3103	0.00046338	7.746e-05
0.31059	0.00024296	7.7258e-05
0.31088	0.00016518	7.919e-05
0.31117	0.00023219	7.6639e-05
0.31145	0.00037795	7.9003e-05
0.31174	0.00034712	7.8146e-05
0.31203	0.00029914	7.9257e-05
0.31232	0.00012587	8.0982e-05
0.31261	0.0001601	7.7755e-05
0.31289	0.00029948	8.1057e-05
0.31318	0.00021018	7.9092e-05
0.31347	0.00031884	8.1218e-05
0.31376	0.00034224	8.0942e-05
0.31404	0.00027478	8.0726e-05
0.31433	0.00019287	8.3508e-05
0.31462	0.0002885	7.9774e-05
0.31491	0.00026184	8.3107e-05
0.31519	0.00019396	8.2649e-05
0.31548	0.00052264	8.3005e-05
0.31577	0.00040139	8.5134e-05
0.31606	0.0003307	8.1411e-05
0.31635	0.00026054	8.4694e-05
0.31663	0.00035101	8.2025e-05
0.31692	0.00053886	8.3894e-05
0.31721	0.00036826	8.2931e-05
0.3175	0.00025302	8.3464e-05
0.31778	0.00022302	8.5237e-05
0.31807	7.4605e-06	8.1569e-05
0.31836	0.00034337	8.4798e-05
0.31865	0.0003283	8.2968e-05
0.31894	0.00042838	8.3912e-05
0.31922	8.9876e-05	8.5654e-05
0.31951	0.00017453	8.1163e-05
0.3198	0.00012125	8.5017e-05
0.32009	0.00014747	8.3707e-05
0.32037	0.00031588	8.474e-05
0.32066	0.00035089	8.4781e-05
0.32095	0.0003662	8.4872e-05
0.32124	0.00027638	8.7294e-05
0.32152	0.00020623	8.4173e-05
0.32181	0.00039206	8.7659e-05
0.3221	0.00019245	8.575e-05
0.32239	0.00039187	8.7471e-05
0.32268	0.00014821	9.0217e-05
0.32296	0.0003552	8.5128e-05
0.32325	0.00021078	9.0221e-05
0.32354	0.00044322	8.7475e-05
0.32383	-4.652e-05	9.0312e-05
0.32411	0.00036376	8.9254e-05
0.3244	1.8564e-05	8.9429e-05
0.32469	0.00043757	9.2962e-05
0.32498	0.00040795	8.877e-05
0.32526	0.0002246	9.3369e-05
0.32555	0.00042658	9.0656e-05
0.32584	0.00017733	9.2699e-05
0.32613	0.00018126	9.6119e-05
0.32642	0.00039465	9.0217e-05
0.3267	0.00016705	9.6673e-05
0.32699	0.00026216	9.192e-05
0.32728	0.00013157	9.6619e-05
0.32757	0.00017106	9.5964e-05
0.32785	0.0003207	9.4886e-05
0.32814	0.00017928	9.9503e-05
0.32843	0.00044677	9.468e-05
0.32872	4.8441e-05	9.8893e-05
0.32901	0.00020723	9.6522e-05
0.32929	-2.0582e-05	9.9368e-05
0.32958	0.00037221	0.00010355
0.32987	0.00037192	9.5272e-05
0.33016	3.1406e-05	0.00010439
0.33044	0.00016527	9.8278e-05
0.33073	0.00020338	0.00010296
0.33102	0.0001622	0.00010189
0.33131	0.00034324	0.00010258
0.33159	-4.2455e-05	0.00010767
0.33188	0.00020434	0.00010037
0.33217	0.00022331	0.00010755
0.33246	0.00019533	0.00010339
0.33275	0.00011605	0.00010724
0.33303	0.00019535	0.00010888
0.33332	0.00044777	0.0001043
0.33361	0.00020218	0.00011202
0.3339	0.00012219	0.00010651
0.33418	0.0004973	0.00011123
0.33447	0.00024081	0.00011101
0.33476	0.0004197	0.00011092
0.33505	0.0001354	0.00011761
0.33534	0.0002147	0.00010739
0.33562	0.0003497	0.00011815
0.33591	0.00036431	0.00011161
0.3362	0.00033125	0.00011775
0.33649	0.00036701	0.0001196
0.33677	0.00035876	0.00011425
0.33706	0.00019631	0.00012196
0.33735	9.1448e-05	0.0001154
0.33764	9.4265e-05	0.00012401
0.33792	0.0003189	0.00011977
0.33821	1.7527e-05	0.00012163
0.3385	0.00016268	0.00013142
0.33879	-0.0002648	0.00011722
0.33908	0.00042358	0.00013112
0.33936	5.5733e-05	0.00012247
0.33965	0.0001408	0.0001298
0.33994	4.311e-05	0.00013333
0.34023	-0.00011267	0.00012686
0.34051	0.00045737	0.00013772
0.3408	0.00039269	0.00012575
0.34109	0.00040444	0.00013885
0.34138	0.00017833	0.00013418
0.34166	0.00042773	0.00013538
0.34195	0.00010011	0.00015112
0.34224	0.00053492	0.00012827
0.34253	0.00025131	0.00015199
0.34282	-6.7154e-05	0.00013578
0.3431	0.00029072	0.00015043
0.34339	0.00013155	0.0001496
0.34368	0.00031205	0.00014447
0.34397	0.00020403	0.00015942
0.34425	7.4696e-05	0.00014375
0.34454	0.00053881	0.00015928
0.34483	0.00034378	0.00015276
0.34512	0.00030969	0.00015913
0.34541	0.00071005	0.00017495
0.34569	9.8057e-05	0.00014928
0.34598	-0.00020821	0.00017508
0.34627	-5.1821e-06	0.00016189
0.34656	-1.9586e-05	0.00017098
0.34684	-0.00016181	0.00018234
0.34713	0.00027401	0.00016402
0.34742	9.4041e-05	0.00020986
0.34771	0.00038926	0.00016172
0.34799	0.00069083	0.00020479
0.34828	0.00026868	0.0001787
0.34857	-6.4219e-05	0.00019672
0.34886	0.00033262	0.00023622
0.34915	0.00023223	0.00017075
0.34943	0.0003737	0.00024692
0.34972	0.00025603	0.00018221
0.35001	1.6479e-05	0.00025047
0.3503	0.00052844	0.00021407
0.35058	0.00054671	0.00022574
0.35087	-5.9012e-05	0.00028201
0.35116	0.00011639	0.00020552
0.35145	0.00023365	0.00030019
0.35173	-0.00022011	0.00022113
0.35202	-0.00011845	0.0003247
0.35231	9.2729e-05	0.00033347
0.3526	-1.5681e-06	0.00024818
