0.0063258	6.976e-06	2.0459e-06
0.0066133	6.1089e-06	1.9427e-06
0.0069008	4.8497e-06	1.5063e-06
0.0071884	5.4903e-06	1.2386e-06
0.0074759	6.2835e-06	9.9981e-07
0.0077634	5.985e-06	8.6375e-07
0.008051	4.6836e-06	7.4315e-07
0.0083385	6.2878e-06	6.8329e-07
0.008626	5.9478e-06	6.6768e-07
0.0089136	7.342e-06	6.0643e-07
0.0092011	5.5052e-06	5.9824e-07
0.0094887	6.9898e-06	5.811e-07
0.0097762	5.4529e-06	5.5207e-07
0.010064	7.0915e-06	5.5643e-07
0.010351	6.3049e-06	5.235e-07
0.010639	7.1943e-06	5.2314e-07
0.010926	6.0195e-06	5.0953e-07
0.011214	5.9756e-06	5.0552e-07
0.011501	5.5853e-06	5.2076e-07
0.011789	6.5717e-06	5.0019e-07
0.012076	6.7599e-06	5.1655e-07
0.012364	6.1323e-06	5.0043e-07
0.012652	5.7226e-06	5.0797e-07
0.012939	6.8709e-06	4.9253e-07
0.013227	6.6462e-06	4.9121e-07
0.013514	5.9343e-06	4.9024e-07
0.013802	5.2784e-06	4.7952e-07
0.014089	6.7104e-06	4.8544e-07
0.014377	5.7963e-06	4.8108e-07
0.014664	6.4484e-06	4.6149e-07
0.014952	5.8374e-06	4.8135e-07
0.015239	6.8542e-06	4.8491e-07
0.015527	6.0848e-06	4.948e-07
0.015814	5.5395e-06	5.0621e-07
0.016102	5.6209e-06	4.9624e-07
0.016389	7.1042e-06	4.673e-07
0.016677	5.705e-06	4.4161e-07
0.016965	6.8226e-06	4.5793e-07
0.017252	5.6939e-06	4.5202e-07
0.01754	5.9867e-06	4.4708e-07
0.017827	6.2172e-06	4.368e-07
0.018115	6.2942e-06	4.3233e-07
0.018402	5.5244e-06	4.4002e-07
0.01869	6.0178e-06	4.2167e-07
0.018977	5.3349e-06	4.1998e-07
0.019265	6.2397e-06	4.1847e-07
0.019552	5.5939e-06	4.0966e-07
0.01984	5.9134e-06	3.9739e-07
0.020127	5.7656e-06	3.8472e-07
0.020415	6.5641e-06	3.9534e-07
0.020702	5.6056e-06	3.9321e-07
0.02099	6.0218e-06	3.8872e-07
0.021278	6.1895e-06	3.804e-07
0.021565	6.0822e-06	3.7216e-07
0.021853	5.4261e-06	3.7816e-07
0.02214	5.8008e-06	3.7501e-07
0.022428	5.8933e-06	3.748e-07
0.022715	5.5654e-06	3.6689e-07
0.023003	5.2598e-06	3.7107e-07
0.02329	6.1946e-06	3.6852e-07
0.023578	6.141e-06	3.5893e-07
0.023865	5.5621e-06	3.6329e-07
0.024153	5.4743e-06	3.6087e-07
0.02444	6.1263e-06	3.6021e-07
0.024728	5.4099e-06	3.5595e-07
0.025015	5.7724e-06	3.4684e-07
0.025303	6.21e-06	3.5024e-07
0.02559	5.7174e-06	3.488e-07
0.025878	5.4062e-06	3.5031e-07
0.026166	6.0467e-06	3.5071e-07
0.026453	6.044e-06	3.3925e-07
0.026741	5.6926e-06	3.4594e-07
0.027028	5.6148e-06	3.3906e-07
0.027316	5.5055e-06	3.4165e-07
0.027603	5.6334e-06	3.4325e-07
0.027891	5.3341e-06	3.3881e-07
0.028178	5.6188e-06	3.426e-07
0.028466	5.7586e-06	3.3033e-07
0.028753	5.6427e-06	3.353e-07
0.029041	5.4671e-06	3.3331e-07
0.029328	5.3069e-06	3.3399e-07
0.029616	5.5227e-06	3.3537e-07
0.029903	5.5057e-06	3.2186e-07
0.030191	5.5949e-06	3.3233e-07
0.030478	4.8484e-06	3.2815e-07
0.030766	5.3139e-06	3.2381e-07
0.031053	4.9752e-06	3.2719e-07
0.031341	4.9404e-06	3.2298e-07
0.031629	5.6554e-06	3.2483e-07
0.031916	5.0229e-06	3.2053e-07
0.032204	5.6047e-06	3.2e-07
0.032491	5.4524e-06	3.1518e-07
0.032779	5.3882e-06	3.1947e-07
0.033066	5.5066e-06	3.2157e-07
0.033354	5.479e-06	3.1475e-07
0.033641	5.1974e-06	3.1183e-07
0.033929	5.1449e-06	3.1186e-07
0.034216	5.0921e-06	3.1452e-07
0.034504	5.0179e-06	3.1551e-07
0.034791	5.2166e-06	3.0544e-07
0.035079	5.1593e-06	3.0901e-07
0.035366	5.0346e-06	3.0805e-07
0.035654	5.1805e-06	3.1055e-07
0.035941	4.926e-06	3.0364e-07
0.036229	5.1078e-06	3.03e-07
0.036516	5.2324e-06	3.0764e-07
0.036804	4.987e-06	3.0281e-07
0.037092	4.6636e-06	3.0135e-07
0.037379	4.8305e-06	2.8994e-07
0.037667	4.8057e-06	2.9693e-07
0.037954	4.7779e-06	2.9823e-07
0.038242	4.9219e-06	2.9373e-07
0.038529	5.1899e-06	2.9425e-07
0.038817	4.7311e-06	2.9222e-07
0.039104	4.5555e-06	2.9681e-07
0.039392	4.8793e-06	2.9697e-07
0.039679	5.3132e-06	2.8923e-07
0.039967	4.6297e-06	2.9437e-07
0.040254	4.5106e-06	2.8954e-07
0.040542	4.6061e-06	2.9398e-07
0.040829	4.8912e-06	2.8808e-07
0.041117	4.7096e-06	2.8522e-07
0.041404	4.8069e-06	2.9018e-07
0.041692	4.25e-06	2.8662e-07
0.041979	4.7983e-06	2.8749e-07
0.042267	4.2973e-06	2.8223e-07
0.042554	4.6045e-06	2.8338e-07
0.042842	4.529e-06	2.8826e-07
0.043129	4.3175e-06	2.81e-07
0.043417	5.0357e-06	2.8038e-07
0.043704	4.8617e-06	2.8107e-07
0.043992	4.1725e-06	2.7883e-07
0.04428	4.0728e-06	2.7487e-07
0.044567	4.3478e-06	2.7636e-07
0.044855	4.3222e-06	2.8509e-07
0.045142	3.7224e-06	2.8846e-07
0.04543	4.4119e-06	2.9164e-07
0.045717	4.3264e-06	2.8879e-07
0.046005	4.4048e-06	2.9494e-07
0.046292	3.9737e-06	2.9701e-07
0.04658	4.3334e-06	2.9719e-07
0.046867	4.4016e-06	3.0318e-07
0.047155	4.203e-06	2.9389e-07
0.047442	4.3386e-06	3.0277e-07
0.04773	4.4515e-06	3.02e-07
0.048017	4.1265e-06	3.0154e-07
0.048305	4.1744e-06	2.9866e-07
0.048592	4.2141e-06	2.9792e-07
0.04888	4.2124e-06	3.031e-07
0.049167	4.0914e-06	3.0035e-07
0.049455	3.5903e-06	3.0026e-07
0.049742	4.2708e-06	2.9941e-07
0.05003	3.6964e-06	2.9693e-07
0.050317	4.0617e-06	3.0182e-07
0.050605	4.1123e-06	2.9538e-07
0.050892	3.5989e-06	2.9904e-07
0.05118	3.9544e-06	3.0063e-07
0.051467	4.1086e-06	2.9656e-07
0.051755	4.4935e-06	3.0072e-07
0.052042	3.7083e-06	2.9048e-07
0.05233	3.139e-06	3.005e-07
0.052617	4.1315e-06	2.9664e-07
0.052905	3.9474e-06	2.9689e-07
0.053192	3.7481e-06	3.022e-07
0.05348	3.8948e-06	2.9002e-07
0.053768	3.8666e-06	3.0068e-07
0.054055	3.6365e-06	2.933e-07
0.054343	3.419e-06	2.9471e-07
0.05463	3.6566e-06	2.9578e-07
0.054918	3.5856e-06	2.8527e-07
0.055205	4.1158e-06	2.9125e-07
0.055493	3.7586e-06	2.8535e-07
0.05578	3.786e-06	2.8957e-07
0.056068	3.4241e-06	2.9252e-07
0.056355	3.4116e-06	2.93e-07
0.056643	3.9526e-06	2.9405e-07
0.05693	3.4687e-06	2.8626e-07
0.057218	3.0952e-06	2.9077e-07
0.057505	3.8067e-06	2.9193e-07
0.057793	3.2088e-06	2.8843e-07
0.05808	3.4561e-06	2.9183e-07
0.058368	3.3803e-06	2.8777e-07
0.058655	3.681e-06	2.9027e-07
0.058943	3.4565e-06	2.8934e-07
0.05923	3.2337e-06	2.8498e-07
0.059518	3.1014e-06	2.8911e-07
0.059805	3.5541e-06	2.8581e-07
0.060093	3.4844e-06	2.9126e-07
0.06038	3.0753e-06	2.8328e-07
0.060668	3.1107e-06	2.8541e-07
0.060955	3.5795e-06	2.8542e-07
0.061243	3.0279e-06	2.8871e-07
0.06153	2.9043e-06	2.9096e-07
0.061818	3.0165e-06	2.8038e-07
0.062105	3.0592e-06	2.8616e-07
0.062393	3.2289e-06	2.8415e-07
0.06268	3.2091e-06	2.828e-07
0.062968	3.1458e-06	2.8468e-07
0.063255	3.1137e-06	2.8269e-07
0.063543	3.3559e-06	2.8602e-07
0.06383	3.1853e-06	2.8234e-07
0.064118	2.9097e-06	2.8346e-07
0.064405	2.8916e-06	2.8024e-07
0.064693	3.1304e-06	2.8359e-07
0.06498	3.1699e-06	2.8308e-07
0.065268	3.3051e-06	2.7825e-07
0.065555	3.2242e-06	2.8247e-07
0.065843	2.6167e-06	2.7957e-07
0.06613	3.3634e-06	2.8235e-07
0.066418	2.9229e-06	2.7927e-07
0.066705	2.9448e-06	2.778e-07
0.066993	2.6502e-06	2.8001e-07
0.06728	2.7689e-06	2.7931e-07
0.067568	3.1739e-06	2.7945e-07
0.067855	2.9455e-06	2.7612e-07
0.068143	2.7268e-06	2.7433e-07
0.06843	2.8133e-06	2.8152e-07
0.068718	2.871e-06	2.7836e-07
0.069005	2.3999e-06	2.7789e-07
0.069293	2.9313e-06	2.771e-07
0.06958	2.5429e-06	2.7639e-07
0.069868	2.7951e-06	2.7915e-07
0.070155	2.781e-06	2.707e-07
0.070443	3.3502e-06	2.7755e-07
0.07073	3.057e-06	2.7583e-07
0.071018	2.3237e-06	2.7691e-07
0.071305	2.7326e-06	2.7731e-07
0.071593	2.7857e-06	2.7072e-07
0.07188	2.2052e-06	2.7427e-07
0.072168	2.8479e-06	2.7953e-07
0.072455	3.0555e-06	2.8247e-07
0.072742	2.2442e-06	2.8119e-07
0.07303	2.9019e-06	2.8669e-07
0.073317	2.6884e-06	2.9605e-07
0.073605	3.0202e-06	2.9601e-07
0.073892	2.4294e-06	2.9799e-07
0.07418	2.7152e-06	3.0141e-07
0.074467	2.5797e-06	3.0157e-07
0.074755	2.7083e-06	3.0347e-07
0.075042	2.9398e-06	2.9877e-07
0.07533	2.5626e-06	3.0063e-07
0.075617	2.7527e-06	3.0368e-07
0.075905	2.3951e-06	3.0703e-07
0.076192	2.8052e-06	3.0078e-07
0.07648	3.3644e-06	3.0381e-07
0.076767	2.5734e-06	3.0807e-07
0.077055	2.664e-06	3.0418e-07
0.077342	2.4028e-06	2.9464e-07
0.07763	2.0618e-06	2.8394e-07
0.077917	2.6067e-06	2.8403e-07
0.078205	2.2489e-06	2.8569e-07
0.078492	2.2314e-06	2.7694e-07
0.07878	2.707e-06	2.7824e-07
0.079067	2.3184e-06	2.7728e-07
0.079355	2.3104e-06	2.7676e-07
0.079642	2.1842e-06	2.7809e-07
0.07993	2.3315e-06	2.7302e-07
0.080217	2.2684e-06	2.743e-07
0.080505	2.2586e-06	2.7237e-07
0.080792	2.623e-06	2.7534e-07
0.08108	2.3432e-06	2.7021e-07
0.081367	1.9967e-06	2.7175e-07
0.081654	2.1175e-06	2.7171e-07
0.081942	2.28e-06	2.6999e-07
0.082229	2.0546e-06	2.7129e-07
0.082517	2.8674e-06	2.6835e-07
0.082804	2.5117e-06	2.714e-07
0.083092	2.1945e-06	2.7029e-07
0.083379	2.3569e-06	2.6726e-07
0.083667	1.7119e-06	2.6954e-07
0.083954	2.0573e-06	2.6517e-07
0.084242	2.3127e-06	2.6972e-07
0.084529	2.1626e-06	2.7011e-07
0.084817	2.0417e-06	2.6479e-07
0.085104	2.4098e-06	2.6929e-07
0.085392	2.2242e-06	2.6652e-07
0.085679	1.7047e-06	2.6803e-07
0.085967	2.2899e-06	2.6365e-07
0.086254	2.2154e-06	2.6481e-07
0.086542	2.3624e-06	2.6833e-07
0.086829	1.9725e-06	2.6323e-07
0.087116	1.7201e-06	2.643e-07
0.087404	2.503e-06	2.6252e-07
0.087691	1.9307e-06	2.6302e-07
0.087979	1.614e-06	2.6365e-07
0.088266	2.0442e-06	2.6381e-07
0.088554	1.7447e-06	2.6026e-07
0.088841	2.0927e-06	2.6021e-07
0.089129	1.9486e-06	2.6173e-07
0.089416	1.6292e-06	2.6214e-07
0.089704	1.7846e-06	2.5554e-07
0.089991	1.7993e-06	2.5588e-07
0.090279	1.7035e-06	2.5494e-07
0.090566	1.8552e-06	2.5678e-07
0.090854	2.1074e-06	2.5564e-07
0.091141	2.0477e-06	2.5646e-07
0.091428	1.6366e-06	2.5903e-07
0.091716	1.5978e-06	2.5697e-07
0.092003	1.9897e-06	2.5782e-07
0.092291	1.3902e-06	2.5374e-07
0.092578	1.7404e-06	2.548e-07
0.092866	2.1875e-06	2.5757e-07
0.093153	1.9721e-06	2.5567e-07
0.093441	2.0712e-06	2.5308e-07
0.093728	1.7368e-06	2.5273e-07
0.094016	1.7223e-06	2.5515e-07
0.094303	2.0885e-06	2.5454e-07
0.09459	2.0797e-06	2.5084e-07
0.094878	1.8728e-06	2.5266e-07
0.095165	1.7869e-06	2.5172e-07
0.095453	1.7487e-06	2.5545e-07
0.09574	1.7258e-06	2.4925e-07
0.096028	1.9125e-06	2.5238e-07
0.096315	1.9729e-06	2.5134e-07
0.096603	1.172e-06	2.5224e-07
0.09689	1.7672e-06	2.519e-07
0.097178	1.6933e-06	2.4994e-07
0.097465	1.9163e-06	2.527e-07
0.097752	1.4019e-06	2.507e-07
0.09804	1.6485e-06	2.4895e-07
0.098327	1.6198e-06	2.5031e-07
0.098615	1.4985e-06	2.491e-07
0.098902	1.3568e-06	2.5175e-07
0.09919	1.653e-06	2.4907e-07
0.099477	1.4623e-06	2.4856e-07
0.099765	1.5801e-06	2.4889e-07
0.10005	1.8943e-06	2.4758e-07
0.10034	1.158e-06	2.5078e-07
0.10063	1.4121e-06	2.4487e-07
0.10091	2.015e-06	2.4896e-07
0.1012	1.6556e-06	2.4795e-07
0.10149	1.9556e-06	2.4637e-07
0.10178	1.7292e-06	2.4489e-07
0.10206	1.9529e-06	2.4625e-07
0.10235	1.8405e-06	2.4714e-07
0.10264	2.0789e-06	2.4837e-07
0.10293	2.0161e-06	2.4635e-07
0.10321	1.9001e-06	2.448e-07
0.1035	1.6002e-06	2.4511e-07
0.10379	1.7143e-06	2.469e-07
0.10408	1.5142e-06	2.4594e-07
0.10436	1.5597e-06	2.4411e-07
0.10465	1.5215e-06	2.4495e-07
0.10494	1.7582e-06	2.4314e-07
0.10523	1.6467e-06	2.3936e-07
0.10551	1.4787e-06	2.3826e-07
0.1058	1.6601e-06	2.3948e-07
0.10609	1.6489e-06	2.4171e-07
0.10638	1.4899e-06	2.4104e-07
0.10666	1.7955e-06	2.4162e-07
0.10695	1.7446e-06	2.4031e-07
0.10724	1.5692e-06	2.4011e-07
0.10753	1.437e-06	2.3651e-07
0.10781	1.4018e-06	2.3627e-07
0.1081	1.5401e-06	2.3609e-07
0.10839	1.4754e-06	2.3938e-07
0.10868	1.8432e-06	2.396e-07
0.10896	1.6644e-06	2.3608e-07
0.10925	1.8176e-06	2.3851e-07
0.10954	1.4839e-06	2.3681e-07
0.10983	1.6699e-06	2.3851e-07
0.11011	1.2566e-06	2.3834e-07
0.1104	1.7251e-06	2.3424e-07
0.11069	1.321e-06	2.3766e-07
0.11097	1.4082e-06	2.3587e-07
0.11126	1.5525e-06	2.3751e-07
0.11155	1.523e-06	2.3735e-07
0.11184	1.3637e-06	2.3468e-07
0.11212	1.1394e-06	2.3562e-07
0.11241	9.1288e-07	2.3433e-07
0.1127	1.2249e-06	2.3657e-07
0.11299	1.1247e-06	2.3749e-07
0.11327	1.3182e-06	2.3623e-07
0.11356	1.387e-06	2.3757e-07
0.11385	1.2378e-06	2.3303e-07
0.11414	9.7671e-07	2.3463e-07
0.11442	1.4647e-06	2.3517e-07
0.11471	1.5581e-06	2.3426e-07
0.115	1.6175e-06	2.3592e-07
0.11529	1.207e-06	2.3091e-07
0.11557	1.2323e-06	2.3453e-07
0.11586	1.0608e-06	2.3335e-07
0.11615	1.1881e-06	2.3472e-07
0.11644	1.3134e-06	2.3242e-07
0.11672	1.7328e-06	2.3124e-07
0.11701	1.2495e-06	2.3541e-07
0.1173	1.429e-06	2.3322e-07
0.11759	1.3191e-06	2.3235e-07
0.11787	1.4085e-06	2.3271e-07
0.11816	2.0085e-06	2.3282e-07
0.11845	1.3587e-06	2.3384e-07
0.11874	1.2686e-06	2.314e-07
0.11902	1.3667e-06	2.3115e-07
0.11931	1.7412e-06	2.3072e-07
0.1196	1.5215e-06	2.3205e-07
0.11988	1.3821e-06	2.3259e-07
0.12017	1.3773e-06	2.2878e-07
0.12046	1.6008e-06	2.3119e-07
0.12075	1.2888e-06	2.2948e-07
0.12103	1.3373e-06	2.3085e-07
0.12132	1.2341e-06	2.2777e-07
0.12161	1.157e-06	2.3066e-07
0.1219	1.2814e-06	2.3051e-07
0.12218	9.6096e-07	2.2865e-07
0.12247	1.205e-06	2.2791e-07
0.12276	1.2772e-06	2.28e-07
0.12305	1.5128e-06	2.2884e-07
0.12333	1.0705e-06	2.3004e-07
0.12362	1.2574e-06	2.2781e-07
0.12391	6.4499e-07	2.2809e-07
0.1242	9.5851e-07	2.2661e-07
0.12448	1.4828e-06	2.2875e-07
0.12477	1.3862e-06	2.2963e-07
0.12506	1.2639e-06	2.3453e-07
0.12535	8.6454e-07	2.4096e-07
0.12563	1.2718e-06	2.3864e-07
0.12592	1.3799e-06	2.447e-07
0.12621	1.2533e-06	2.407e-07
0.12649	1.1872e-06	2.4432e-07
0.12678	1.0576e-06	2.4817e-07
0.12707	1.156e-06	2.3991e-07
0.12736	1.2915e-06	2.3861e-07
0.12764	1.2464e-06	2.3344e-07
0.12793	1.1518e-06	2.3797e-07
0.12822	1.0025e-06	2.3739e-07
0.12851	1.2445e-06	2.3335e-07
0.12879	1.4633e-06	2.3525e-07
0.12908	9.2039e-07	2.3171e-07
0.12937	1.3446e-06	2.3345e-07
0.12966	9.2384e-07	2.3215e-07
0.12994	8.8701e-07	2.2943e-07
0.13023	1.1177e-06	2.3268e-07
0.13052	1.2654e-06	2.3042e-07
0.13081	1.1264e-06	2.3185e-07
0.13109	1.0446e-06	2.2947e-07
0.13138	8.284e-07	2.2975e-07
0.13167	1.1816e-06	2.3114e-07
0.13196	8.1071e-07	2.277e-07
0.13224	9.281e-07	2.2919e-07
0.13253	1.0387e-06	2.2765e-07
0.13282	8.5063e-07	2.2921e-07
0.1331	1.0852e-06	2.3287e-07
0.13339	6.2476e-07	2.3528e-07
0.13368	1.0705e-06	2.3881e-07
0.13397	6.1905e-07	2.39e-07
0.13425	1.0779e-06	2.4335e-07
0.13454	1.1398e-06	2.4044e-07
0.13483	1.1151e-06	2.4082e-07
0.13512	1.1301e-06	2.4338e-07
0.1354	1.1419e-06	2.4097e-07
0.13569	1.1385e-06	2.4391e-07
0.13598	1.0307e-06	2.4208e-07
0.13627	7.8754e-07	2.4459e-07
0.13655	1.1935e-06	2.4629e-07
0.13684	1.2796e-06	2.4518e-07
0.13713	1.0996e-06	2.4287e-07
0.13742	1.0977e-06	2.4529e-07
0.1377	7.5468e-07	2.4598e-07
0.13799	1.3022e-06	2.4814e-07
0.13828	1.1362e-06	2.3503e-07
0.13856	9.8862e-07	2.3434e-07
0.13885	1.0259e-06	2.2875e-07
0.13914	1.2691e-06	2.3124e-07
0.13943	9.6005e-07	2.2958e-07
0.13971	6.7119e-07	2.2775e-07
0.14	1.1104e-06	2.2941e-07
0.14029	1.2543e-06	2.2671e-07
0.14058	1.2053e-06	2.2738e-07
0.14086	1.2012e-06	2.2558e-07
0.14115	8.5009e-07	2.253e-07
0.14144	5.5582e-07	2.2643e-07
0.14173	7.5539e-07	2.2554e-07
0.14201	8.6434e-07	2.2553e-07
0.1423	6.649e-07	2.233e-07
0.14259	6.9105e-07	2.2368e-07
0.14288	9.439e-07	2.259e-07
0.14316	8.8221e-07	2.2296e-07
0.14345	6.8692e-07	2.2387e-07
0.14374	9.1249e-07	2.222e-07
0.14402	9.5988e-07	2.2152e-07
0.14431	9.7535e-07	2.1718e-07
0.1446	7.2287e-07	2.1572e-07
0.14489	7.8136e-07	2.1815e-07
0.14517	7.3501e-07	2.1945e-07
0.14546	1.1808e-06	2.1773e-07
0.14575	1.1844e-06	2.1545e-07
0.14604	9.9645e-07	2.1629e-07
0.14632	8.7632e-07	2.1816e-07
0.14661	5.702e-07	2.1832e-07
0.1469	1.1211e-06	2.1595e-07
0.14719	1.1045e-06	2.1647e-07
0.14747	7.4173e-07	2.1701e-07
0.14776	8.3699e-07	2.1795e-07
0.14805	7.3516e-07	2.1611e-07
0.14834	1.0341e-06	2.1756e-07
0.14862	7.4889e-07	2.167e-07
0.14891	8.6138e-07	2.1684e-07
0.1492	7.8536e-07	2.1506e-07
0.14948	5.9805e-07	2.1609e-07
0.14977	4.6028e-07	2.1535e-07
0.15006	8.5043e-07	2.1649e-07
0.15035	1.2876e-06	2.1725e-07
0.15063	7.8933e-07	2.1436e-07
0.15092	7.2897e-07	2.1492e-07
0.15121	1.3331e-06	2.141e-07
0.1515	9.6392e-07	2.1555e-07
0.15178	1.3872e-06	2.1631e-07
0.15207	6.0627e-07	2.1364e-07
0.15236	7.7146e-07	2.1634e-07
0.15265	7.484e-07	2.1372e-07
0.15293	9.2736e-07	2.1438e-07
0.15322	1.1179e-06	2.1376e-07
0.15351	8.6358e-07	2.1454e-07
0.15379	1.0091e-06	2.1603e-07
0.15408	9.5394e-07	2.114e-07
0.15437	1.2795e-06	2.1234e-07
0.15466	7.7486e-07	2.1219e-07
0.15494	8.5095e-07	2.1286e-07
0.15523	1.203e-06	2.1341e-07
0.15552	9.5304e-07	2.1072e-07
0.15581	8.3417e-07	2.1314e-07
0.15609	6.7739e-07	2.1173e-07
0.15638	7.4829e-07	2.1087e-07
0.15667	1.2553e-06	2.1111e-07
0.15695	3.1986e-07	2.101e-07
0.15724	5.0106e-07	2.1356e-07
0.15753	6.4964e-07	2.0989e-07
0.15782	7.5946e-07	2.0987e-07
0.1581	7.6062e-07	2.1157e-07
0.15839	3.3395e-07	2.0997e-07
0.15868	9.3656e-07	2.115e-07
0.15897	1.1294e-06	2.0801e-07
0.15925	7.7636e-07	2.0962e-07
0.15954	7.7571e-07	2.0954e-07
0.15983	5.4959e-07	2.0961e-07
0.16012	1.0474e-06	2.0975e-07
0.1604	1.1011e-06	2.0734e-07
0.16069	7.5099e-07	2.0922e-07
0.16098	8.8555e-07	2.0865e-07
0.16126	8.5335e-07	2.0823e-07
0.16155	8.0852e-07	2.088e-07
0.16184	6.8083e-07	2.0354e-07
0.16213	5.0295e-07	2.0615e-07
0.16241	6.9943e-07	2.0559e-07
0.1627	6.4949e-07	2.0596e-07
0.16299	5.4756e-07	2.0604e-07
0.16328	8.2855e-07	2.0568e-07
0.16356	5.909e-07	2.0651e-07
0.16385	6.1101e-07	2.0487e-07
0.16414	1.1651e-06	2.0686e-07
0.16443	5.9317e-07	2.0504e-07
0.16471	1.0954e-06	2.0552e-07
0.165	6.977e-07	2.0476e-07
0.16529	1.0629e-06	2.0484e-07
0.16557	1.1252e-06	2.0339e-07
0.16586	5.6958e-07	2.0181e-07
0.16615	6.1022e-07	2.0043e-07
0.16644	9.5832e-07	1.9943e-07
0.16672	5.9636e-07	2.0001e-07
0.16701	8.3371e-07	2.0274e-07
0.1673	3.1968e-07	2.0163e-07
0.16759	6.2111e-07	2.0205e-07
0.16787	7.1797e-07	2.022e-07
0.16816	5.3839e-07	2.0428e-07
0.16845	4.4324e-07	2.0181e-07
0.16873	7.6338e-07	2.0182e-07
0.16902	6.586e-07	2.0311e-07
0.16931	6.2789e-07	2.0168e-07
0.1696	9.7805e-07	2.0202e-07
0.16988	6.6108e-07	2.0261e-07
0.17017	6.7415e-07	2.0065e-07
0.17046	3.5872e-07	2.0237e-07
0.17075	9.1789e-07	1.9999e-07
0.17103	8.8823e-07	2.0141e-07
0.17132	3.2534e-07	2.013e-07
0.17161	4.0448e-07	2.021e-07
0.17189	9.0267e-07	2.0221e-07
0.17218	5.5317e-07	1.994e-07
0.17247	7.3193e-07	2.0055e-07
0.17276	7.7657e-07	1.9967e-07
0.17304	6.5575e-07	1.999e-07
0.17333	7.1879e-07	2.0115e-07
0.17362	8.0202e-07	1.989e-07
0.17391	6.2355e-07	2.0072e-07
0.17419	8.1613e-07	2.0014e-07
0.17448	7.0829e-07	1.9933e-07
0.17477	5.5845e-07	1.9814e-07
0.17505	6.4267e-07	1.9912e-07
0.17534	3.0507e-07	2.0031e-07
0.17563	7.8501e-07	1.9858e-07
0.17592	6.9525e-07	1.994e-07
0.1762	9.5741e-07	1.9688e-07
0.17649	4.5671e-07	1.9813e-07
0.17678	5.0008e-07	1.995e-07
0.17707	7.046e-07	1.9932e-07
0.17735	9.4941e-07	1.967e-07
0.17764	4.2296e-07	1.9822e-07
0.17793	4.5138e-07	1.9815e-07
0.17821	6.133e-07	1.9787e-07
0.1785	6.2709e-07	1.9686e-07
0.17879	3.1603e-07	1.9719e-07
0.17908	4.4984e-07	1.9651e-07
0.17936	7.2988e-07	1.9482e-07
0.17965	6.3046e-07	1.9279e-07
0.17994	1.6257e-07	1.9428e-07
0.18023	6.9047e-07	1.9522e-07
0.18051	5.1825e-07	1.9531e-07
0.1808	7.7325e-07	1.9606e-07
0.18109	7.8625e-07	1.9402e-07
0.18137	6.5948e-07	1.9477e-07
0.18166	9.0081e-07	1.9474e-07
0.18195	7.6941e-07	1.9444e-07
0.18224	5.3917e-07	1.9461e-07
0.18252	3.0711e-07	1.9332e-07
0.18281	7.5621e-07	1.9486e-07
0.1831	6.71e-07	1.9232e-07
0.18338	7.2036e-07	1.9208e-07
0.18367	6.4629e-07	1.9488e-07
0.18396	5.8786e-07	1.9207e-07
0.18425	3.9311e-07	1.9522e-07
0.18453	6.1097e-07	1.907e-07
0.18482	6.2127e-07	1.9275e-07
0.18511	7.2923e-07	1.9338e-07
0.1854	5.8086e-07	1.9196e-07
0.18568	4.6803e-07	1.944e-07
0.18597	4.3932e-07	1.9187e-07
0.18626	5.1744e-07	1.9228e-07
0.18654	4.6197e-07	1.9234e-07
0.18683	4.1707e-07	1.9248e-07
0.18712	2.881e-07	1.9238e-07
0.18741	5.3303e-07	1.9335e-07
0.18769	6.9917e-07	1.934e-07
0.18798	4.7945e-07	1.9353e-07
0.18827	4.5106e-07	1.9099e-07
0.18856	3.9418e-07	1.9337e-07
0.18884	4.398e-07	1.9208e-07
0.18913	5.7562e-07	1.9281e-07
0.18942	7.5284e-07	1.9184e-07
0.1897	5.9152e-07	1.9029e-07
0.18999	4.6489e-07	1.9292e-07
0.19028	4.5285e-07	1.9088e-07
0.19057	1.0598e-06	1.9033e-07
0.19085	7.5157e-07	1.9189e-07
0.19114	6.8351e-07	1.8962e-07
0.19143	7.8079e-07	1.9223e-07
0.19171	2.918e-07	1.9057e-07
0.192	5.548e-07	1.8992e-07
0.19229	4.0521e-07	1.9126e-07
0.19258	3.1567e-07	1.9066e-07
0.19286	3.9358e-07	1.9191e-07
0.19315	6.8187e-07	1.8938e-07
0.19344	6.0556e-07	1.9044e-07
0.19372	3.6405e-07	1.8977e-07
0.19401	5.7249e-07	1.9456e-07
0.1943	5.3806e-07	1.9695e-07
0.19459	2.1021e-07	1.9931e-07
0.19487	8.2894e-07	1.9963e-07
0.19516	3.1798e-07	2.0175e-07
0.19545	1.4195e-07	2.0074e-07
0.19574	5.4544e-07	2.0072e-07
0.19602	1.6351e-07	2.0305e-07
0.19631	6.0749e-07	2.0226e-07
0.1966	-3.4192e-08	2.0306e-07
0.19688	5.3383e-07	1.9865e-07
0.19717	6.08e-07	1.9994e-07
0.19746	6.206e-07	2.0336e-07
0.19775	5.7472e-07	2.0241e-07
0.19803	4.7464e-07	2.0275e-07
0.19832	5.3754e-07	2.0273e-07
0.19861	6.3561e-07	2.0458e-07
0.19889	4.1601e-07	2.0539e-07
0.19918	4.2985e-07	1.9656e-07
0.19947	7.3765e-07	1.9414e-07
0.19976	5.2852e-07	1.9436e-07
0.20004	3.2041e-07	1.9466e-07
0.20033	6.5074e-07	1.9385e-07
0.20062	6.4383e-07	1.9034e-07
0.2009	6.6883e-07	1.9344e-07
0.20119	4.1652e-07	1.9263e-07
0.20148	5.4251e-07	1.9321e-07
0.20177	6.0271e-07	1.923e-07
0.20205	8.651e-07	1.9098e-07
0.20234	4.7765e-07	1.9328e-07
0.20263	-8.0485e-08	1.9005e-07
0.20292	3.6397e-07	1.9055e-07
0.2032	5.9238e-07	1.9004e-07
0.20349	6.0315e-07	1.8976e-07
0.20378	5.9688e-07	1.9144e-07
0.20406	4.9848e-07	1.8812e-07
0.20435	5.577e-07	1.9047e-07
0.20464	3.6241e-07	1.8891e-07
0.20493	5.2464e-07	1.9001e-07
0.20521	3.8493e-07	1.8949e-07
0.2055	6.6932e-07	1.8704e-07
0.20579	5.0941e-07	1.8992e-07
0.20607	2.7081e-07	1.8865e-07
0.20636	6.7926e-07	1.8797e-07
0.20665	3.1856e-07	1.8826e-07
0.20694	3.6883e-07	1.8789e-07
0.20722	4.9718e-07	1.8954e-07
0.20751	2.1766e-07	1.875e-07
0.2078	7.0826e-07	1.874e-07
0.20808	6.0915e-07	1.8693e-07
0.20837	1.0143e-07	1.8855e-07
0.20866	7.7921e-07	1.8833e-07
0.20895	7.3936e-07	1.8489e-07
0.20923	6.0696e-07	1.8795e-07
0.20952	2.5078e-07	1.8708e-07
0.20981	4.9275e-07	1.8717e-07
0.21009	4.8096e-07	1.8613e-07
0.21038	7.0005e-07	1.8567e-07
0.21067	7.1543e-07	1.8717e-07
0.21096	5.766e-07	1.8582e-07
0.21124	2.3254e-07	1.8687e-07
0.21153	4.0354e-07	1.8509e-07
0.21182	4.4224e-07	1.8553e-07
0.2121	5.3497e-07	1.8653e-07
0.21239	3.4762e-07	1.8438e-07
0.21268	3.7256e-07	1.8471e-07
0.21297	8.6617e-07	1.8372e-07
0.21325	4.0187e-07	1.8511e-07
0.21354	4.4303e-07	1.8558e-07
0.21383	7.7801e-07	1.8307e-07
0.21411	7.9069e-07	1.8403e-07
0.2144	5.5303e-07	1.8037e-07
0.21469	3.3192e-07	1.8195e-07
0.21498	2.5149e-07	1.8125e-07
0.21526	2.7616e-07	1.812e-07
0.21555	2.4309e-07	1.8379e-07
0.21584	4.6666e-07	1.8097e-07
0.21612	3.6148e-07	1.8251e-07
0.21641	4.6849e-07	1.8104e-07
0.2167	1.2428e-07	1.826e-07
0.21699	4.7443e-07	1.8219e-07
0.21727	2.3779e-07	1.8141e-07
0.21756	6.5762e-07	1.8173e-07
0.21785	4.2385e-07	1.8144e-07
0.21813	5.3074e-07	1.8162e-07
0.21842	6.0766e-07	1.8217e-07
0.21871	4.2745e-07	1.8058e-07
0.219	2.6901e-07	1.8218e-07
0.21928	4.8373e-07	1.8091e-07
0.21957	3.8902e-07	1.817e-07
0.21986	4.919e-07	1.8085e-07
0.22014	5.734e-07	1.8147e-07
0.22043	2.8699e-07	1.8166e-07
0.22072	3.6145e-07	1.8158e-07
0.22101	4.6469e-07	1.8157e-07
0.22129	4.4944e-07	1.7979e-07
0.22158	9.3663e-08	1.8112e-07
0.22187	4.4648e-07	1.8087e-07
0.22215	5.5083e-07	1.8065e-07
0.22244	5.7417e-07	1.8058e-07
0.22273	5.7986e-07	1.8016e-07
0.22301	1.6004e-07	1.8064e-07
0.2233	8.2103e-07	1.8018e-07
0.22359	4.5457e-07	1.8046e-07
0.22388	5.2819e-07	1.8033e-07
0.22416	1.618e-07	1.7905e-07
0.22445	2.477e-07	1.8036e-07
0.22474	2.049e-07	1.7905e-07
0.22502	2.3068e-07	1.7986e-07
0.22531	3.7839e-07	1.7951e-07
0.2256	2.9489e-07	1.7935e-07
0.22589	3.0885e-07	1.7894e-07
0.22617	4.4972e-07	1.783e-07
0.22646	3.2178e-07	1.8035e-07
0.22675	4.281e-07	1.7729e-07
0.22703	2.8148e-07	1.7555e-07
0.22732	3.4198e-07	1.7529e-07
0.22761	6.0485e-07	1.7553e-07
0.2279	4.9952e-07	1.7794e-07
0.22818	5.3478e-07	1.7739e-07
0.22847	4.7934e-07	1.7618e-07
0.22876	9.9672e-08	1.7745e-07
0.22904	2.4783e-07	1.7669e-07
0.22933	2.0809e-07	1.7807e-07
0.22962	6.2329e-07	1.7629e-07
0.2299	5.3204e-07	1.7655e-07
0.23019	3.1872e-07	1.7679e-07
0.23048	6.3695e-07	1.765e-07
0.23077	3.6913e-07	1.7727e-07
0.23105	5.576e-07	1.7498e-07
0.23134	6.0253e-07	1.7686e-07
0.23163	5.4527e-07	1.7583e-07
0.23191	5.8173e-07	1.7344e-07
0.2322	2.0882e-07	1.7367e-07
0.23249	5.2607e-07	1.7253e-07
0.23278	2.0839e-07	1.7474e-07
0.23306	4.1517e-07	1.7336e-07
0.23335	1.2537e-07	1.7367e-07
0.23364	5.1264e-07	1.7385e-07
0.23392	4.8225e-07	1.7293e-07
0.23421	3.872e-07	1.7428e-07
0.2345	4.3206e-07	1.7261e-07
0.23478	4.7941e-07	1.7392e-07
0.23507	6.4864e-07	1.7347e-07
0.23536	2.8481e-07	1.7339e-07
0.23565	2.2548e-07	1.7478e-07
0.23593	4.6692e-07	1.7285e-07
0.23622	5.5044e-07	1.7505e-07
0.23651	4.7953e-07	1.7427e-07
0.23679	2.0974e-07	1.7422e-07
0.23708	7.6068e-07	1.745e-07
0.23737	3.6951e-07	1.7361e-07
0.23766	7.0826e-07	1.7473e-07
0.23794	1.5089e-07	1.7297e-07
0.23823	1.7886e-07	1.7448e-07
0.23852	4.442e-07	1.7415e-07
0.2388	3.4645e-07	1.7373e-07
0.23909	5.3314e-07	1.7444e-07
0.23938	1.5742e-07	1.7218e-07
0.23966	2.4009e-07	1.7392e-07
0.23995	1.6188e-07	1.7374e-07
0.24024	4.7441e-07	1.7402e-07
0.24053	3.0549e-07	1.7301e-07
0.24081	3.6014e-07	1.7191e-07
0.2411	3.4847e-07	1.7409e-07
0.24139	6.0131e-07	1.7273e-07
0.24167	3.3518e-07	1.7247e-07
0.24196	2.634e-07	1.7197e-07
0.24225	3.1348e-07	1.7226e-07
0.24253	6.6447e-07	1.7341e-07
0.24282	2.1326e-07	1.7185e-07
0.24311	6.5025e-07	1.7216e-07
0.2434	3.6127e-07	1.7262e-07
0.24368	3.9042e-07	1.7235e-07
0.24397	3.4454e-07	1.7315e-07
0.24426	2.4019e-07	1.7158e-07
0.24454	1.9543e-07	1.721e-07
0.24483	4.8895e-07	1.721e-07
0.24512	1.6556e-07	1.7177e-07
0.24541	2.5536e-07	1.7117e-07
0.24569	7.4086e-08	1.7149e-07
0.24598	1.9789e-07	1.7241e-07
0.24627	3.3833e-07	1.7066e-07
0.24655	5.677e-07	1.7088e-07
0.24684	3.218e-07	1.6989e-07
0.24713	7.1078e-07	1.7076e-07
0.24741	5.5483e-07	1.7173e-07
0.2477	5.7312e-07	1.707e-07
0.24799	3.4632e-07	1.7028e-07
0.24828	3.4479e-07	1.7078e-07
0.24856	4.433e-07	1.7088e-07
0.24885	2.8113e-07	1.7182e-07
0.24914	4.8844e-07	1.691e-07
0.24942	3.7468e-07	1.6885e-07
0.24971	1.065e-07	1.6724e-07
0.25	3.6778e-07	1.6871e-07
0.25028	2.9393e-07	1.6742e-07
0.25057	8.1321e-08	1.691e-07
0.25086	4.9604e-07	1.6878e-07
0.25114	2.9203e-07	1.6778e-07
0.25143	5.7195e-07	1.6903e-07
0.25172	4.0857e-07	1.6788e-07
0.25201	5.4193e-07	1.6867e-07
0.25229	5.7662e-07	1.6923e-07
0.25258	4.516e-07	1.6849e-07
0.25287	2.659e-07	1.6878e-07
0.25315	3.2434e-07	1.6808e-07
0.25344	4.9283e-07	1.6912e-07
0.25373	3.9442e-07	1.6852e-07
0.25401	4.9063e-07	1.6833e-07
0.2543	2.5792e-07	1.6886e-07
0.25459	3.2155e-07	1.6751e-07
0.25488	1.9802e-07	1.6765e-07
0.25516	1.8296e-07	1.6956e-07
0.25545	4.0697e-07	1.7409e-07
0.25574	4.6804e-07	1.7604e-07
0.25602	5.792e-07	1.7394e-07
0.25631	5.8123e-07	1.768e-07
0.2566	3.8156e-07	1.7565e-07
0.25688	2.3592e-07	1.774e-07
0.25717	2.2844e-07	1.7896e-07
0.25746	2.5949e-07	1.7653e-07
0.25775	3.3825e-07	1.7805e-07
0.25803	4.3675e-07	1.7759e-07
0.25832	3.4477e-07	1.791e-07
0.25861	6.3149e-07	1.7996e-07
0.25889	1.5505e-07	1.7805e-07
0.25918	9.8401e-08	1.8137e-07
0.25947	4.9517e-07	1.7957e-07
0.25975	4.1319e-07	1.815e-07
0.26004	1.4262e-07	1.8048e-07
0.26033	3.4807e-07	1.802e-07
0.26061	4.6964e-07	1.8344e-07
0.2609	5.1233e-07	1.8147e-07
0.26119	3.7834e-07	1.8127e-07
0.26148	4.1986e-07	1.8113e-07
0.26176	1.4283e-07	1.8211e-07
0.26205	1.8179e-07	1.8407e-07
0.26234	4.1966e-07	1.8215e-07
0.26262	2.8361e-07	1.8257e-07
0.26291	3.0724e-07	1.8277e-07
0.2632	5.5247e-07	1.8349e-07
0.26348	2.2817e-07	1.8313e-07
0.26377	5.7319e-07	1.824e-07
0.26406	2.9566e-07	1.8382e-07
0.26434	3.065e-07	1.8365e-07
0.26463	-5.3325e-08	1.8503e-07
0.26492	1.6909e-07	1.826e-07
0.26521	3.0495e-07	1.8416e-07
0.26549	6.1999e-07	1.848e-07
0.26578	6.0561e-07	1.8506e-07
0.26607	2.5693e-07	1.8416e-07
0.26635	2.8469e-07	1.8314e-07
0.26664	2.8012e-07	1.8446e-07
0.26693	3.262e-07	1.8829e-07
0.26721	7.1363e-07	1.9275e-07
0.2675	3.9698e-07	1.9439e-07
0.26779	5.6536e-08	1.9459e-07
0.26807	5.0147e-07	1.9943e-07
0.26836	3.7735e-07	2.0007e-07
0.26865	7.8488e-07	2.0254e-07
0.26894	4.3761e-07	2.0479e-07
0.26922	3.5497e-07	2.0619e-07
0.26951	2.5149e-07	2.087e-07
0.2698	5.051e-07	2.0664e-07
0.27008	2.55e-07	2.1262e-07
0.27037	3.0865e-07	2.1337e-07
0.27066	2.0984e-07	2.1576e-07
0.27094	4.9217e-08	2.16e-07
0.27123	4.6599e-07	2.1416e-07
0.27152	2.8033e-07	2.1782e-07
0.2718	4.1841e-07	2.1754e-07
0.27209	-1.448e-07	2.173e-07
0.27238	3.7755e-07	2.2101e-07
0.27267	2.1012e-07	2.193e-07
0.27295	4.9363e-07	2.236e-07
0.27324	4.2097e-07	2.1953e-07
0.27353	2.1162e-07	2.2207e-07
0.27381	3.0458e-07	2.2375e-07
0.2741	3.9628e-08	2.2438e-07
0.27439	1.859e-07	2.268e-07
0.27467	3.299e-07	2.239e-07
0.27496	6.0766e-07	2.2483e-07
0.27525	5.447e-07	2.2786e-07
0.27553	5.547e-07	2.2822e-07
0.27582	2.5428e-07	2.2766e-07
0.27611	5.1106e-07	2.2968e-07
0.27639	1.8481e-07	2.298e-07
0.27668	1.237e-07	2.3331e-07
0.27697	4.0643e-07	2.2911e-07
0.27726	5.5806e-07	2.3062e-07
0.27754	2.8105e-07	2.3272e-07
0.27783	7.4994e-07	2.3125e-07
0.27812	4.5487e-07	2.3347e-07
0.2784	9.0422e-07	2.2952e-07
0.27869	4.7018e-07	2.3431e-07
0.27898	3.3535e-07	2.3484e-07
0.27926	3.3616e-07	2.3404e-07
0.27955	7.5512e-07	2.3594e-07
0.27984	-7.1933e-08	2.3494e-07
0.28012	2.1285e-07	2.3805e-07
0.28041	1.5818e-07	2.3856e-07
0.2807	-8.7897e-08	2.3567e-07
0.28098	1.4515e-07	2.3866e-07
0.28127	4.5416e-07	2.4035e-07
0.28156	4.0798e-08	2.4054e-07
0.28184	4.6282e-09	2.4108e-07
0.28213	6.3961e-07	2.3944e-07
0.28242	-2.335e-08	2.4481e-07
0.28271	3.4182e-07	2.4484e-07
0.28299	7.9747e-07	2.4322e-07
0.28328	1.0478e-07	2.4632e-07
0.28357	3.4403e-07	2.4167e-07
0.28385	2.3588e-07	2.49e-07
0.28414	1.304e-08	2.4776e-07
0.28443	1.1001e-07	2.4375e-07
0.28471	-4.2866e-08	2.5042e-07
0.285	4.8375e-07	2.4446e-07
0.28529	2.0621e-07	2.5086e-07
0.28557	2.7528e-07	2.4731e-07
0.28586	-3.5373e-08	2.4795e-07
0.28615	5.1708e-07	2.5325e-07
0.28643	4.8528e-08	2.4727e-07
0.28672	5.8173e-07	2.5241e-07
0.28701	2.5658e-07	2.5193e-07
0.28729	2.8283e-07	2.516e-07
0.28758	5.3279e-07	2.5765e-07
0.28787	-1.8497e-07	2.4867e-07
0.28815	1.3349e-07	2.559e-07
0.28844	9.5556e-09	2.5469e-07
0.28873	2.2626e-07	2.5495e-07
0.28902	3.3779e-07	2.6232e-07
0.2893	6.1501e-07	2.5282e-07
0.28959	4.1399e-07	2.6022e-07
0.28988	1.5097e-07	2.5916e-07
0.29016	3.5378e-07	2.5996e-07
0.29045	3.5139e-07	2.6244e-07
0.29074	8.5074e-08	2.5941e-07
0.29102	4.0081e-08	2.6429e-07
0.29131	3.7266e-08	2.6357e-07
0.2916	8.0476e-08	2.625e-07
0.29188	2.6867e-07	2.6481e-07
0.29217	3.4979e-07	2.6458e-07
0.29246	2.0617e-07	2.6714e-07
0.29274	4.403e-07	2.6407e-07
0.29303	1.0029e-07	2.6733e-07
0.29332	5.2169e-07	2.6752e-07
0.2936	7.9868e-07	2.6676e-07
0.29389	2.9624e-07	2.6976e-07
0.29418	3.5728e-07	2.6825e-07
0.29446	4.7232e-09	2.7375e-07
0.29475	1.9962e-07	2.7201e-07
0.29504	3.357e-08	2.7262e-07
0.29532	4.2304e-08	2.717e-07
0.29561	3.1675e-07	2.7475e-07
0.2959	3.3117e-07	2.7749e-07
0.29618	-3.5983e-08	2.7513e-07
0.29647	-2.3671e-07	2.758e-07
0.29676	2.2713e-07	2.7513e-07
0.29705	-1.8571e-07	2.8038e-07
0.29733	3.8861e-07	2.7911e-07
0.29762	5.5913e-07	2.7552e-07
0.29791	6.398e-07	2.8075e-07
0.29819	3.9704e-07	2.7718e-07
0.29848	6.158e-08	2.8184e-07
0.29877	-1.6293e-08	2.797e-07
0.29905	7.3419e-07	2.8119e-07
0.29934	-1.1328e-07	2.8202e-07
0.29963	4.9401e-07	2.7893e-07
0.29991	4.3926e-07	2.8361e-07
0.3002	7.6138e-08	2.8039e-07
0.30049	2.5208e-07	2.8282e-07
0.30077	2.142e-07	2.8386e-07
0.30106	1.0742e-07	2.7941e-07
0.30135	1.338e-07	2.8731e-07
0.30163	3.5275e-07	2.7893e-07
0.30192	4.3019e-07	2.8879e-07
0.30221	5.7481e-07	2.8757e-07
0.30249	2.8015e-07	2.8645e-07
0.30278	6.852e-07	2.9305e-07
0.30307	3.4926e-07	2.863e-07
0.30335	4.1776e-07	2.9161e-07
0.30364	4.2395e-07	2.9186e-07
0.30393	4.2268e-08	2.9296e-07
0.30421	3.5134e-07	2.9565e-07
0.3045	1.8206e-07	2.9094e-07
0.30479	4.2438e-07	2.9944e-07
0.30507	-1.0992e-07	2.9263e-07
0.30536	3.4279e-07	2.9808e-07
0.30565	4.435e-07	2.9979e-07
0.30593	2.6742e-07	2.9178e-07
0.30622	1.6035e-07	3.0247e-07
0.30651	4.4901e-07	2.957e-07
0.30679	1.4815e-07	3.0119e-07
0.30708	-6.9403e-08	3.0097e-07
0.30737	1.2371e-07	2.9894e-07
0.30765	3.203e-07	3.0719e-07
0.30794	3.2103e-07	2.987e-07
0.30823	4.2897e-07	3.0386e-07
0.30851	6.5654e-07	3.0519e-07
0.3088	2.4971e-07	3.0456e-07
0.30909	1.3405e-08	3.141e-07
0.30937	9.4206e-07	3.021e-07
0.30966	4.5779e-08	3.1386e-07
0.30995	3.3221e-07	3.071e-07
0.31023	2.4445e-07	3.1082e-07
0.31052	-3.2129e-08	3.1286e-07
0.31081	3.0717e-07	3.1162e-07
0.31109	3.6005e-07	3.1769e-07
0.31138	-3.9028e-07	3.1138e-07
0.31167	3.1472e-07	3.1857e-07
0.31195	5.1829e-07	3.1425e-07
0.31224	2.5799e-07	3.1866e-07
0.31253	4.1224e-07	3.2317e-07
0.31282	7.5258e-08	3.1498e-07
0.3131	5.2523e-07	3.2403e-07
0.31339	7.8007e-07	3.166e-07
0.31368	2.3892e-07	3.267e-07
0.31396	3.0389e-07	3.2638e-07
0.31425	3.4159e-08	3.2169e-07
0.31454	4.3505e-07	3.3031e-07
0.31482	3.9357e-07	3.2298e-07
0.31511	1.8411e-07	3.3288e-07
0.3154	8.9212e-07	3.2766e-07
0.31568	7.0935e-07	3.2759e-07
0.31597	2.0835e-07	3.398e-07
0.31626	-3.7894e-08	3.2692e-07
0.31654	4.761e-07	3.3416e-07
0.31683	9.2838e-07	3.3425e-07
0.31712	7.9883e-08	3.3747e-07
0.3174	4.2154e-07	3.4753e-07
0.31769	5.0889e-07	3.3046e-07
0.31798	-7.4916e-07	3.4449e-07
0.31826	3.3846e-07	3.3553e-07
0.31855	3.1384e-07	3.4624e-07
0.31883	3.7112e-07	3.4504e-07
0.31912	7.3108e-07	3.437e-07
0.31941	1.773e-07	3.4786e-07
0.31969	-3.3873e-08	3.4359e-07
0.31998	7.8907e-07	3.4952e-07
0.32027	3.9884e-07	3.504e-07
0.32055	1.422e-07	3.4834e-07
0.32084	-1.3183e-07	3.5514e-07
0.32113	3.4964e-07	3.459e-07
0.32141	6.563e-07	3.5428e-07
0.3217	5.1687e-07	3.506e-07
0.32199	3.5009e-07	3.5735e-07
0.32227	3.9691e-07	3.5985e-07
0.32256	-1.1736e-07	3.5632e-07
0.32285	1.9117e-07	3.664e-07
0.32313	2.2339e-07	3.5731e-07
0.32342	5.1456e-07	3.6597e-07
0.32371	-9.3434e-08	3.6413e-07
0.32399	1.9896e-07	3.6623e-07
0.32428	2.3005e-07	3.7697e-07
0.32457	-1.3044e-07	3.5903e-07
0.32485	3.4373e-07	3.7447e-07
0.32514	7.2979e-07	3.6942e-07
0.32543	1.8584e-07	3.7547e-07
0.32571	4.0069e-07	3.8493e-07
0.326	-1.4251e-08	3.6748e-07
0.32629	-1.4308e-07	3.8266e-07
0.32657	5.1702e-07	3.7239e-07
0.32686	1.6655e-07	3.8372e-07
0.32715	4.1825e-07	3.7845e-07
0.32743	5.6775e-07	3.788e-07
0.32772	-2.2239e-07	3.9217e-07
0.32801	-4.7211e-08	3.8202e-07
0.32829	6.2749e-08	3.9065e-07
0.32858	-2.2394e-07	3.8789e-07
0.32887	4.3994e-07	3.8634e-07
0.32915	1.7062e-07	4.0136e-07
0.32944	1.0255e-06	3.8594e-07
0.32973	-3.859e-07	4.0228e-07
0.33001	2.5829e-07	3.8941e-07
0.3303	-5.6439e-07	4.0295e-07
0.33059	-3.6503e-07	3.9644e-07
0.33087	6.7254e-08	3.9606e-07
0.33116	2.612e-07	4.0697e-07
0.33145	6.2694e-07	3.8786e-07
0.33173	-5.8324e-08	3.9943e-07
0.33202	-2.4894e-07	3.934e-07
0.33231	-1.9624e-07	4.0224e-07
0.33259	6.4896e-07	4.0718e-07
0.33288	-2.8797e-07	3.8762e-07
0.33317	-7.1253e-08	4.1296e-07
0.33345	5.7957e-07	3.9703e-07
0.33374	1.9602e-07	4.0381e-07
0.33402	1.0756e-06	4.1389e-07
0.33431	3.308e-07	3.9834e-07
0.3346	4.9661e-07	4.2157e-07
0.33488	1.4106e-07	4.009e-07
0.33517	2.0907e-07	4.198e-07
0.33546	-6.0753e-08	4.1437e-07
0.33574	1.8798e-07	4.123e-07
0.33603	2.6357e-07	4.2924e-07
0.33632	4.3751e-07	4.1063e-07
0.3366	-4.289e-07	4.276e-07
0.33689	1.4601e-07	4.2069e-07
0.33718	6.6705e-07	4.2995e-07
0.33746	4.394e-07	4.3659e-07
0.33775	1.0873e-07	4.2243e-07
0.33804	-2.2963e-07	4.4131e-07
0.33832	8.7529e-07	4.2606e-07
0.33861	-1.2778e-07	4.4412e-07
0.3389	6.5487e-07	4.4288e-07
0.33918	6.355e-07	4.3516e-07
0.33947	8.502e-07	4.5815e-07
0.33976	1.3227e-07	4.281e-07
0.34004	1.3905e-06	4.5576e-07
0.34033	-1.2608e-07	4.4446e-07
0.34062	1.7458e-07	4.5437e-07
0.3409	5.6349e-07	4.6607e-07
0.34119	1.5628e-07	4.3935e-07
0.34147	-7.6414e-08	4.7605e-07
0.34176	-2.1386e-07	4.5451e-07
0.34205	2.5735e-07	4.6617e-07
0.34233	7.6012e-07	4.8048e-07
0.34262	9.3991e-08	4.6089e-07
0.34291	1.8097e-07	4.8964e-07
0.34319	6.5904e-07	4.6084e-07
0.34348	-2.2375e-07	4.8846e-07
0.34377	1.4769e-07	4.7914e-07
0.34405	2.3835e-07	4.8638e-07
0.34434	4.3431e-07	5.0026e-07
0.34463	2.8222e-07	4.7685e-07
0.34491	2.3032e-07	5.0185e-07
0.3452	6.709e-07	4.9068e-07
0.34549	-2.6475e-08	5.0639e-07
0.34577	-1.0018e-07	5.2801e-07
0.34606	1.1055e-06	4.7689e-07
0.34635	1.9002e-07	5.2393e-07
0.34663	2.3424e-07	4.9415e-07
0.34692	4.0332e-07	5.2484e-07
0.3472	-2.8149e-09	5.2394e-07
0.34749	1.3818e-06	5.1582e-07
0.34778	6.51e-07	5.4691e-07
0.34806	1.4761e-07	5.0107e-07
0.34835	-3.3448e-07	5.4558e-07
0.34864	1.0649e-06	5.1774e-07
0.34892	3.3378e-07	5.5212e-07
0.34921	7.0538e-09	5.6181e-07
0.3495	2.4476e-07	5.2661e-07
0.34978	-2.7864e-07	5.6706e-07
0.35007	5.5283e-07	5.468e-07
0.35036	-3.7558e-07	5.7298e-07
0.35064	-6.7499e-07	5.8068e-07
0.35093	6.0076e-07	5.6252e-07
0.35122	-4.4407e-07	6.095e-07
0.3515	4.3221e-07	5.5645e-07
0.35179	-6.1556e-08	6.1068e-07
0.35207	-2.3051e-08	5.9159e-07
0.35236	1.2425e-06	5.8761e-07
0.35265	6.5999e-07	6.4885e-07
0.35293	2.1315e-07	5.7024e-07
0.35322	2.1156e-08	6.4994e-07
0.35351	1.6911e-07	5.9938e-07
0.35379	-5.953e-07	6.3321e-07
0.35408	3.35e-07	6.5338e-07
0.35437	1.8415e-08	5.9985e-07
0.35465	1.6134e-06	6.8873e-07
0.35494	1.3421e-06	6.0983e-07
0.35523	-3.4688e-07	6.8501e-07
0.35551	-2.7443e-07	6.5603e-07
0.3558	-1.7354e-07	6.6807e-07
0.35609	5.8577e-07	7.262e-07
0.35637	1.0227e-06	6.3717e-07
0.35666	1.6224e-06	7.5034e-07
0.35694	2.0126e-07	6.7642e-07
0.35723	7.6409e-07	7.393e-07
0.35752	1.0283e-06	7.7426e-07
0.3578	-7.0099e-07	6.871e-07
0.35809	8.0802e-07	7.8103e-07
0.35838	1.5097e-07	7.2293e-07
0.35866	1.6116e-06	7.8984e-07
0.35895	2.1872e-07	7.7662e-07
0.35924	-5.3044e-07	7.7883e-07
0.35952	2.407e-07	8.481e-07
0.35981	-1.3614e-06	7.5984e-07
0.36009	4.7378e-07	8.6311e-07
0.36038	-1.9295e-07	8.2266e-07
0.36067	-7.6538e-07	8.5615e-07
0.36095	9.3e-07	9.0674e-07
0.36124	-1.0276e-07	8.4161e-07
0.36153	1.3601e-06	9.1563e-07
0.36181	-8.2442e-07	9.0027e-07
0.3621	-5.8871e-08	9.2347e-07
0.36239	1.3403e-06	1.0322e-06
0.36267	-1.3885e-07	8.8536e-07
0.36296	1.785e-07	1.0569e-06
