0.009512560000000002	1.447055e-002	3.484013e-004
0.00978963	1.495654e-002	3.357543e-004
0.010066700000000001	1.453347e-002	3.227078e-004
0.0103438	1.460109e-002	3.075613e-004
0.0106208	1.444169e-002	2.974750e-004
0.010897900000000002	1.445368e-002	2.893888e-004
0.011174900000000001	1.418536e-002	2.785048e-004
0.011452	1.442519e-002	2.698435e-004
0.011729100000000001	1.436234e-002	2.618248e-004
0.0120061	1.443700e-002	2.549743e-004
0.012283200000000001	1.409760e-002	2.492495e-004
0.0125603	1.471064e-002	2.409263e-004
0.0128373	1.402229e-002	2.348123e-004
0.013114400000000002	1.403081e-002	2.312873e-004
0.0133915	1.429900e-002	2.254219e-004
0.0136685	1.382046e-002	2.202391e-004
0.0139456	1.416663e-002	2.168355e-004
0.0142227	1.373625e-002	2.117983e-004
0.014499699999999999	1.370908e-002	2.084975e-004
0.014776800000000001	1.370420e-002	2.034031e-004
0.0150538	1.406594e-002	2.008072e-004
0.015330900000000001	1.391236e-002	1.988510e-004
0.015608	1.326403e-002	1.952065e-004
0.015885	1.345284e-002	1.913932e-004
0.0161621	1.340904e-002	1.893665e-004
0.0164392	1.326860e-002	1.859400e-004
0.0167162	1.300855e-002	1.833947e-004
0.0169933	1.333469e-002	1.811758e-004
0.0172704	1.273315e-002	1.782398e-004
0.0175474	1.300569e-002	1.771186e-004
0.0178245	1.298001e-002	1.737883e-004
0.018101600000000002	1.293753e-002	1.732547e-004
0.018378600000000002	1.285355e-002	1.689691e-004
0.0186557	1.258142e-002	1.692865e-004
0.0189327	1.230496e-002	1.702286e-004
0.0192098	1.269898e-002	1.721676e-004
0.0194869	1.211272e-002	1.692296e-004
0.0197639	1.184184e-002	1.687118e-004
0.020041000000000003	1.135874e-002	1.689946e-004
0.020318100000000002	1.196541e-002	1.701635e-004
0.0205951	1.187268e-002	1.664333e-004
0.0208722	1.173941e-002	1.684588e-004
0.0211493	1.152528e-002	1.656674e-004
0.021426300000000002	1.129260e-002	1.659143e-004
0.0217034	1.131265e-002	1.656143e-004
0.0219805	1.142931e-002	1.632741e-004
0.0222575	1.105772e-002	1.643784e-004
0.022534600000000002	1.100875e-002	1.613729e-004
0.0228116	1.109507e-002	1.624997e-004
0.023088700000000004	1.084386e-002	1.603884e-004
0.023365800000000003	1.081547e-002	1.612794e-004
0.023642800000000002	1.076641e-002	1.587222e-004
0.0239199	1.078483e-002	1.577454e-004
0.024197	1.068970e-002	1.581229e-004
0.024474000000000003	1.037840e-002	1.568450e-004
0.0247511	1.016116e-002	1.558899e-004
0.0250282	1.018701e-002	1.548405e-004
0.0253052	9.974391e-003	1.536098e-004
0.025582300000000002	1.007764e-002	1.540229e-004
0.0258594	9.871182e-003	1.525724e-004
0.0261364	9.907078e-003	1.523569e-004
0.026413500000000003	9.721458e-003	1.505927e-004
0.0266906	9.736878e-003	1.513555e-004
0.026967600000000005	9.461050e-003	1.503032e-004
0.0272447	9.448868e-003	1.477020e-004
0.0275217	9.310664e-003	1.486951e-004
0.027798800000000002	8.999854e-003	1.470284e-004
0.0280759	9.144645e-003	1.473572e-004
0.0283529	9.134440e-003	1.455228e-004
0.028630000000000003	9.313779e-003	1.461095e-004
0.028907100000000005	8.976422e-003	1.443625e-004
0.029184100000000004	8.727423e-003	1.431912e-004
0.0294612	8.729744e-003	1.438849e-004
0.029738300000000002	8.860955e-003	1.432436e-004
0.0300153	8.494434e-003	1.428071e-004
0.030292400000000004	8.506765e-003	1.411427e-004
0.0305695	8.287508e-003	1.396649e-004
0.0308465	8.188205e-003	1.396846e-004
0.0311236	8.160841e-003	1.396723e-004
0.0314006	8.068702e-003	1.392808e-004
0.031677699999999996	7.858423e-003	1.377822e-004
0.0319548	7.984806e-003	1.370794e-004
0.0322318	8.045002e-003	1.364095e-004
0.0325089	7.978032e-003	1.359622e-004
0.032786	7.763099e-003	1.360096e-004
0.033063	7.748265e-003	1.350638e-004
0.033340100000000004	7.658936e-003	1.350501e-004
0.03361720000000001	7.754051e-003	1.339033e-004
0.033894200000000006	7.303882e-003	1.331879e-004
0.0341713	7.251702e-003	1.337779e-004
0.034448400000000004	7.309226e-003	1.371067e-004
0.034725400000000003	7.282726e-003	1.400464e-004
0.0350025	7.231544e-003	1.389721e-004
0.035279500000000005	7.033213e-003	1.390746e-004
0.0355566	6.978572e-003	1.400759e-004
0.0358337	6.555219e-003	1.400950e-004
0.0361107	6.885526e-003	1.423884e-004
0.0363878	6.840749e-003	1.413833e-004
0.0366649	6.750496e-003	1.429812e-004
0.0369419	6.344119e-003	1.417560e-004
0.037219	6.924793e-003	1.427136e-004
0.0374961	6.417005e-003	1.431675e-004
0.037773100000000004	6.443375e-003	1.422382e-004
0.038050200000000006	6.450596e-003	1.456863e-004
0.0383273	6.130219e-003	1.429157e-004
0.03860430000000001	6.145939e-003	1.432918e-004
0.0388814	6.532298e-003	1.450375e-004
0.0391584	6.223498e-003	1.431630e-004
0.039435500000000005	6.146780e-003	1.440606e-004
0.0397126	6.046537e-003	1.455932e-004
0.0399896	6.033163e-003	1.441534e-004
0.0402667	5.747384e-003	1.441963e-004
0.040543800000000005	5.967188e-003	1.433003e-004
0.040820800000000004	5.663725e-003	1.425468e-004
0.0410979	5.905465e-003	1.386027e-004
0.041375	5.530151e-003	1.361659e-004
0.041652	5.724451e-003	1.356372e-004
0.041929100000000004	5.424376e-003	1.319384e-004
0.0422062	5.444562e-003	1.324709e-004
0.0424832	5.391856e-003	1.302593e-004
0.0427603	5.704432e-003	1.317634e-004
0.0430373	5.201187e-003	1.293511e-004
0.0433144	5.297284e-003	1.281011e-004
0.043591500000000005	5.335782e-003	1.272021e-004
0.043868500000000005	5.162481e-003	1.269520e-004
0.04414560000000001	5.294742e-003	1.263776e-004
0.0444227	5.044114e-003	1.258044e-004
0.0446997	4.909335e-003	1.254793e-004
0.044976800000000004	4.916274e-003	1.236381e-004
0.04525390000000001	4.762393e-003	1.237346e-004
0.045530900000000006	4.946949e-003	1.228706e-004
0.045808	4.634000e-003	1.212980e-004
0.046085100000000004	4.650619e-003	1.219138e-004
0.0463621	4.788363e-003	1.215599e-004
0.0466392	4.697872e-003	1.212671e-004
0.046916200000000005	4.610988e-003	1.200109e-004
0.0471933	4.678192e-003	1.195431e-004
0.0474704	4.555189e-003	1.193900e-004
0.0477474	4.365994e-003	1.183839e-004
0.0480245	4.506351e-003	1.195675e-004
0.0483016	4.483351e-003	1.175495e-004
0.0485786	4.499665e-003	1.171835e-004
0.0488557	4.151192e-003	1.164293e-004
0.049132800000000004	4.225096e-003	1.164384e-004
0.049409800000000004	4.300668e-003	1.157157e-004
0.049686900000000006	3.992976e-003	1.157102e-004
0.049964	4.076235e-003	1.157992e-004
0.05024100000000001	4.178614e-003	1.142709e-004
0.0505181	4.172758e-003	1.143768e-004
0.05079510000000001	3.918487e-003	1.132132e-004
0.051072200000000005	4.068086e-003	1.138475e-004
0.0513493	4.204055e-003	1.138343e-004
0.05162630000000001	3.850176e-003	1.126346e-004
0.0519034	3.967106e-003	1.123290e-004
0.0521805	4.036289e-003	1.123362e-004
0.052457500000000004	3.866375e-003	1.117664e-004
0.0527346	3.927625e-003	1.119587e-004
0.053011699999999995	3.957655e-003	1.104133e-004
0.0532887	3.843944e-003	1.105360e-004
0.0535658	3.615290e-003	1.104645e-004
0.053842900000000006	3.652557e-003	1.099973e-004
0.0541199	3.720474e-003	1.091973e-004
0.054397	3.690381e-003	1.085749e-004
0.054674	3.744777e-003	1.095945e-004
0.0549511	3.499997e-003	1.088744e-004
0.055228200000000005	3.679558e-003	1.080676e-004
0.055505200000000005	3.562940e-003	1.073506e-004
0.0557823	3.629068e-003	1.077444e-004
0.05605940000000001	3.364060e-003	1.070520e-004
0.0563364	3.419397e-003	1.068702e-004
0.05661350000000001	3.388308e-003	1.059091e-004
0.056890600000000006	3.365962e-003	1.064422e-004
0.0571676	3.253639e-003	1.058882e-004
0.05744470000000001	3.485859e-003	1.071072e-004
0.057721800000000004	3.311405e-003	1.073919e-004
0.057998799999999996	3.342133e-003	1.081945e-004
0.058275900000000005	3.130164e-003	1.089159e-004
0.0585529	3.308411e-003	1.101148e-004
0.05883000000000001	3.197744e-003	1.094095e-004
0.0591071	2.996161e-003	1.097824e-004
0.059384099999999995	3.122317e-003	1.104896e-004
0.059661200000000005	3.184795e-003	1.108314e-004
0.0599383	3.082908e-003	1.102785e-004
0.060215300000000006	3.141685e-003	1.109182e-004
0.0604924	2.789958e-003	1.105821e-004
0.060769500000000004	2.999470e-003	1.114801e-004
0.061046500000000004	2.952089e-003	1.105189e-004
0.061323600000000006	2.982458e-003	1.086534e-004
0.0616007	2.842472e-003	1.081180e-004
0.06187770000000001	2.956360e-003	1.074352e-004
0.0621548	2.842551e-003	1.064487e-004
0.06243180000000001	2.784817e-003	1.046068e-004
0.0627089	2.700072e-003	1.043956e-004
0.062986	2.769003e-003	1.033881e-004
0.063263	2.799382e-003	1.034734e-004
0.0635401	2.925211e-003	1.020437e-004
0.0638172	2.804307e-003	1.023769e-004
0.0640942	2.648924e-003	1.018637e-004
0.0643713	2.680939e-003	1.014702e-004
0.0646484	2.662217e-003	1.003316e-004
0.06492540000000001	2.779475e-003	1.013808e-004
0.0652025	2.662060e-003	1.006543e-004
0.06547960000000001	2.477385e-003	1.005855e-004
0.0657566	2.756077e-003	9.966130e-005
0.0660337	2.776929e-003	9.940384e-005
0.0663107	2.549646e-003	9.973693e-005
0.0665878	2.565231e-003	9.911963e-005
0.0668649	2.618978e-003	9.883585e-005
0.0671419	2.484576e-003	9.784729e-005
0.06741899999999999	2.510558e-003	9.799176e-005
0.06769610000000001	2.561796e-003	9.756079e-005
0.0679731	2.542904e-003	9.686014e-005
0.06825020000000001	2.514428e-003	9.641471e-005
0.0685273	2.386887e-003	9.594508e-005
0.0688043	2.284861e-003	9.656862e-005
0.0690814	2.434516e-003	9.569441e-005
0.0693585	2.126982e-003	9.451511e-005
0.0696355	2.338645e-003	9.452790e-005
0.0699126	2.359426e-003	9.460960e-005
0.0701896	2.368099e-003	9.516809e-005
0.07046670000000001	2.292004e-003	9.471411e-005
0.07074380000000001	2.433057e-003	9.397094e-005
0.0710208	2.296958e-003	9.443186e-005
0.07129790000000001	2.155363e-003	9.359395e-005
0.071575	2.096138e-003	9.410917e-005
0.07185200000000001	2.267273e-003	9.380259e-005
0.0721291	2.119671e-003	9.457402e-005
0.0724062	2.125092e-003	9.378656e-005
0.0726832	2.106880e-003	9.312925e-005
0.0729603	2.153948e-003	9.366192e-005
0.0732374	2.217105e-003	9.320700e-005
0.07351440000000001	2.198977e-003	9.410863e-005
0.0737915	2.040978e-003	9.300609e-005
0.0740686	2.128606e-003	9.270385e-005
0.0743456	2.139888e-003	9.260751e-005
0.0746227	2.106302e-003	9.264030e-005
0.0748997	2.065444e-003	9.215203e-005
0.0751768	2.014408e-003	9.235796e-005
0.0754539	2.108190e-003	9.197606e-005
0.0757309	2.115158e-003	9.178682e-005
0.076008	2.039394e-003	9.136709e-005
0.0762851	1.874275e-003	9.143599e-005
0.07656210000000001	2.001550e-003	9.069824e-005
0.0768392	1.943459e-003	9.165545e-005
0.07711630000000001	1.938654e-003	9.227087e-005
0.0773933	2.091687e-003	9.418187e-005
0.0776704	1.894197e-003	9.374152e-005
0.0779475	1.935454e-003	9.534058e-005
0.0782245	1.842851e-003	9.554369e-005
0.0785016	1.928496e-003	9.577482e-005
0.0787786	1.898306e-003	9.689562e-005
0.0790557	1.979476e-003	9.715432e-005
0.07933280000000001	1.715633e-003	9.698001e-005
0.07960980000000001	1.895944e-003	9.680137e-005
0.07988690000000001	1.815973e-003	9.650929e-005
0.08016400000000001	1.637122e-003	9.721694e-005
0.080441	1.839710e-003	9.752543e-005
0.08071810000000001	1.894434e-003	9.735408e-005
0.0809952	1.790603e-003	9.558509e-005
0.08127220000000002	1.762824e-003	9.321403e-005
0.0815493	1.924614e-003	9.334087e-005
0.08182640000000001	1.633489e-003	9.192294e-005
0.0821034	1.688182e-003	9.083129e-005
0.08238050000000001	1.727427e-003	9.079991e-005
0.0826575	1.555394e-003	8.911695e-005
0.08293460000000001	1.699860e-003	8.984590e-005
0.0832117	1.749644e-003	8.901145e-005
0.08348870000000001	1.829083e-003	8.904250e-005
0.0837658	1.757574e-003	8.929026e-005
0.0840429	1.682333e-003	8.810995e-005
0.0843199	1.661725e-003	8.851321e-005
0.084597	1.548247e-003	8.716606e-005
0.08487410000000001	1.714576e-003	8.770784e-005
0.08515110000000001	1.706013e-003	8.745358e-005
0.08542820000000001	1.653399e-003	8.670437e-005
0.0857053	1.619493e-003	8.698233e-005
0.08598230000000001	1.473997e-003	8.540473e-005
0.0862594	1.405215e-003	8.595263e-005
0.08653640000000001	1.634999e-003	8.563614e-005
0.0868135	1.396444e-003	8.514124e-005
0.0870906	1.509448e-003	8.502506e-005
0.0873676	1.583655e-003	8.513722e-005
0.0876447	1.584977e-003	8.500752e-005
0.08792180000000001	1.517756e-003	8.461778e-005
0.08819880000000001	1.651997e-003	8.458268e-005
0.0884759	1.559952e-003	8.453309e-005
0.08875300000000001	1.506854e-003	8.489751e-005
0.08903	1.347929e-003	8.426134e-005
0.0893071	1.456497e-003	8.469734e-005
0.0895842	1.421807e-003	8.420702e-005
0.0898612	1.565639e-003	8.443162e-005
0.0901383	1.543230e-003	8.442727e-005
0.0904153	1.359627e-003	8.408357e-005
0.0906924	1.459667e-003	8.401589e-005
0.09096950000000001	1.614329e-003	8.445560e-005
0.09124650000000001	1.414216e-003	8.365990e-005
0.09152360000000001	1.474546e-003	8.395812e-005
0.09180070000000001	1.325676e-003	8.322743e-005
0.0920777	1.464322e-003	8.337964e-005
0.09235480000000001	1.534168e-003	8.352520e-005
0.0926319	1.277589e-003	8.309896e-005
0.09290890000000002	1.326311e-003	8.381256e-005
0.093186	1.271214e-003	8.499004e-005
0.09346310000000001	1.417392e-003	8.595973e-005
0.0937401	1.226746e-003	8.622402e-005
0.09401720000000001	1.124371e-003	8.644905e-005
0.0942942	1.368389e-003	8.782278e-005
0.09457130000000001	1.340386e-003	8.784498e-005
0.0948484	1.448687e-003	8.800603e-005
0.09512540000000001	1.411854e-003	8.821327e-005
0.0954025	1.312194e-003	8.803123e-005
0.0956796	1.115205e-003	8.890546e-005
0.0959566	1.264410e-003	8.911623e-005
0.0962337	1.340605e-003	8.969899e-005
0.09651080000000001	1.256222e-003	8.888761e-005
0.09678780000000001	1.296967e-003	8.959739e-005
0.09706490000000001	1.150640e-003	9.044542e-005
0.097342	1.266041e-003	8.990242e-005
0.09761900000000001	1.340345e-003	9.056171e-005
0.0978961	1.228455e-003	9.041690e-005
0.09817310000000001	1.243889e-003	9.051714e-005
0.0984502	1.301658e-003	9.128509e-005
0.0987273	1.460036e-003	9.053025e-005
0.0990043	1.190113e-003	9.125384e-005
0.0992814	1.203130e-003	9.168438e-005
0.09955850000000001	1.263374e-003	9.043553e-005
0.09983550000000001	1.171631e-003	8.884928e-005
0.10011300000000001	1.155677e-003	8.696115e-005
0.10039000000000001	1.140179e-003	8.742064e-005
0.100667	1.319102e-003	8.678996e-005
0.10094399999999999	1.291831e-003	8.625563e-005
0.101221	1.364444e-003	8.581442e-005
0.101498	1.254671e-003	8.515235e-005
0.101775	1.155762e-003	8.522360e-005
0.10205200000000002	1.114234e-003	8.487375e-005
0.102329	1.100091e-003	8.422986e-005
0.102606	1.088365e-003	8.413200e-005
0.102883	1.279862e-003	8.435518e-005
0.10316000000000002	1.180874e-003	8.373775e-005
0.103437	1.142597e-003	8.322646e-005
0.103714	1.090949e-003	8.308247e-005
0.103991	1.196498e-003	8.314466e-005
0.104269	1.049744e-003	8.287706e-005
0.10454600000000001	1.128786e-003	8.289875e-005
0.104823	1.071680e-003	8.201610e-005
0.1051	1.084592e-003	8.215747e-005
0.10537700000000001	1.122656e-003	8.224830e-005
0.10565400000000001	1.162545e-003	8.212837e-005
0.105931	1.119133e-003	8.131857e-005
0.106208	1.193930e-003	8.183371e-005
0.10648500000000001	9.870437e-004	8.112381e-005
0.10676200000000001	1.154602e-003	8.119591e-005
0.107039	1.184446e-003	8.111418e-005
0.107316	1.163487e-003	8.062366e-005
0.10759300000000001	1.070881e-003	8.122018e-005
0.10787000000000001	1.068215e-003	8.055126e-005
0.108147	1.097871e-003	8.026975e-005
0.108425	1.133637e-003	8.031800e-005
0.10870200000000002	1.058984e-003	8.023167e-005
0.108979	1.090796e-003	8.037168e-005
0.109256	1.024727e-003	7.919379e-005
0.10953299999999999	1.139640e-003	7.973931e-005
0.10981000000000002	1.138081e-003	7.910690e-005
0.110087	9.418279e-004	7.914666e-005
0.110364	9.869605e-004	7.927930e-005
0.11064099999999999	1.009035e-003	7.803665e-005
0.11091800000000002	9.485562e-004	7.868289e-005
0.111195	8.887845e-004	7.788222e-005
0.111472	9.443265e-004	7.839097e-005
0.11174900000000001	9.533426e-004	7.735762e-005
0.11202600000000001	9.566149e-004	7.812915e-005
0.112303	8.477917e-004	7.775340e-005
0.11258	8.397171e-004	7.723536e-005
0.112858	1.046048e-003	7.749353e-005
0.11313500000000001	9.576207e-004	7.720303e-005
0.11341200000000001	1.071048e-003	7.756800e-005
0.113689	1.042502e-003	7.742589e-005
0.113966	9.964017e-004	7.654128e-005
0.11424300000000001	9.198917e-004	7.663592e-005
0.11452000000000001	9.061340e-004	7.672977e-005
0.114797	1.070186e-003	7.677161e-005
0.11507400000000001	1.020244e-003	7.651202e-005
0.11535100000000001	1.052648e-003	7.623778e-005
0.11562800000000001	9.952320e-004	7.664705e-005
0.115905	8.890017e-004	7.624909e-005
0.11618200000000001	9.630647e-004	7.642104e-005
0.11645900000000001	9.134281e-004	7.588708e-005
0.116736	8.992962e-004	7.634593e-005
0.117014	8.598848e-004	7.655403e-005
0.11729099999999999	9.572419e-004	7.578390e-005
0.117568	9.186981e-004	7.546711e-005
0.117845	9.210721e-004	7.570169e-005
0.118122	8.799293e-004	7.560104e-005
0.11839900000000002	9.697070e-004	7.590264e-005
0.118676	1.024681e-003	7.493751e-005
0.118953	9.881052e-004	7.553752e-005
0.11923	7.898466e-004	7.511182e-005
0.11950700000000002	8.556786e-004	7.497812e-005
0.119784	8.220460e-004	7.465781e-005
0.120061	9.056889e-004	7.453017e-005
0.120338	8.942755e-004	7.505121e-005
0.12061500000000001	7.842161e-004	7.439013e-005
0.120892	1.016339e-003	7.426505e-005
0.121169	8.039119e-004	7.376929e-005
0.121447	9.175696e-004	7.401980e-005
0.12172400000000001	9.721148e-004	7.448478e-005
0.12200100000000001	7.705063e-004	7.326110e-005
0.122278	9.588179e-004	7.350974e-005
0.122555	7.952750e-004	7.343821e-005
0.12283200000000001	9.418950e-004	7.301160e-005
0.12310900000000001	8.168937e-004	7.341044e-005
0.123386	8.854739e-004	7.251576e-005
0.123663	8.227318e-004	7.300235e-005
0.12394000000000001	9.861216e-004	7.319543e-005
0.12421700000000001	8.336986e-004	7.240187e-005
0.124494	7.885375e-004	7.231087e-005
0.12477100000000002	8.708888e-004	7.234422e-005
0.12504800000000002	8.416685e-004	7.300182e-005
0.125325	8.479401e-004	7.217097e-005
0.125603	8.141216e-004	7.216224e-005
0.12588	7.740860e-004	7.186019e-005
0.12615700000000002	8.382151e-004	7.196827e-005
0.12643400000000002	9.564648e-004	7.226143e-005
0.126711	8.578925e-004	7.212969e-005
0.126988	8.768955e-004	7.183647e-005
0.12726500000000002	9.654328e-004	7.203312e-005
0.12754200000000002	7.577974e-004	7.186060e-005
0.127819	6.982131e-004	7.183607e-005
0.12809600000000002	7.216346e-004	7.144022e-005
0.12837300000000001	7.596003e-004	7.196301e-005
0.12865000000000001	8.031472e-004	7.148967e-005
0.12892699999999999	7.672144e-004	7.156763e-005
0.129204	8.776671e-004	7.117537e-005
0.129481	7.417099e-004	7.104948e-005
0.129758	6.178131e-004	7.113352e-005
0.130036	7.881364e-004	7.127628e-005
0.13031299999999998	9.269103e-004	7.117742e-005
0.13059	6.960809e-004	7.068635e-005
0.130867	7.336485e-004	7.093311e-005
0.131144	7.724834e-004	7.073688e-005
0.131421	7.733303e-004	7.058057e-005
0.131698	7.102183e-004	7.027340e-005
0.131975	6.587419e-004	7.043726e-005
0.132252	7.428408e-004	7.037127e-005
0.132529	8.702728e-004	7.021574e-005
0.132806	6.914769e-004	6.982958e-005
0.133083	7.857073e-004	7.023826e-005
0.13336	7.214444e-004	7.026529e-005
0.133637	7.551878e-004	7.016334e-005
0.133914	7.350525e-004	6.960130e-005
0.134192	9.074777e-004	6.954639e-005
0.134469	5.578365e-004	6.962419e-005
0.134746	6.853630e-004	6.970364e-005
0.135023	7.580943e-004	6.975688e-005
0.1353	6.183550e-004	6.895889e-005
0.135577	8.715021e-004	6.953444e-005
0.135854	8.204701e-004	6.934297e-005
0.136131	6.451930e-004	6.907234e-005
0.136408	6.552962e-004	6.883474e-005
0.136685	7.246531e-004	6.896366e-005
0.136962	6.889104e-004	6.907761e-005
0.137239	6.888354e-004	6.892942e-005
0.137516	6.177424e-004	6.822760e-005
0.13779300000000003	6.112924e-004	6.865252e-005
0.13807	5.857522e-004	6.839479e-005
0.138347	6.434779e-004	6.860715e-005
0.138625	6.520459e-004	6.834988e-005
0.138902	6.215434e-004	6.793614e-005
0.13917900000000002	5.925075e-004	6.852951e-005
0.139456	6.605984e-004	6.806274e-005
0.139733	6.347512e-004	6.811535e-005
0.14001	7.262677e-004	6.784921e-005
0.14028700000000002	7.000016e-004	6.785434e-005
0.140564	8.142149e-004	6.825040e-005
0.140841	5.819000e-004	6.732223e-005
0.14111800000000002	7.105971e-004	6.754291e-005
0.14139500000000002	7.025544e-004	6.763845e-005
0.141672	7.578951e-004	6.758420e-005
0.141949	6.592311e-004	6.772892e-005
0.14222600000000002	5.976425e-004	6.698199e-005
0.14250300000000002	6.479116e-004	6.729657e-005
0.14278100000000002	7.459458e-004	6.733014e-005
0.143058	6.558685e-004	6.727600e-005
0.143335	6.881605e-004	6.713116e-005
0.14361200000000002	5.876755e-004	6.680018e-005
0.14388900000000002	7.095993e-004	6.713032e-005
0.144166	6.465379e-004	6.676837e-005
0.14444300000000002	7.402629e-004	6.694076e-005
0.14472000000000002	7.003519e-004	6.665958e-005
0.14499700000000001	6.367873e-004	6.665219e-005
0.145274	6.053101e-004	6.649617e-005
0.145551	6.098568e-004	6.637821e-005
0.145828	7.051563e-004	6.645873e-005
0.146105	6.535377e-004	6.639518e-005
0.14638199999999998	7.140671e-004	6.654721e-005
0.146659	5.817750e-004	6.616580e-005
0.146936	6.986786e-004	6.597096e-005
0.147214	6.588642e-004	6.626548e-005
0.147491	5.985164e-004	6.613774e-005
0.147768	5.823530e-004	6.647829e-005
0.148045	6.886891e-004	6.566300e-005
0.148322	5.762103e-004	6.569818e-005
0.148599	6.103553e-004	6.587448e-005
0.148876	5.947670e-004	6.578997e-005
0.149153	6.094826e-004	6.589175e-005
0.14943	6.989388e-004	6.538537e-005
0.149707	5.547444e-004	6.590797e-005
0.149984	6.003811e-004	6.540168e-005
0.150261	5.818245e-004	6.524772e-005
0.150538	5.815164e-004	6.553304e-005
0.15081500000000003	5.991804e-004	6.536839e-005
0.151092	6.020157e-004	6.544715e-005
0.151369	5.511329e-004	6.519367e-005
0.151647	4.921507e-004	6.533146e-005
0.151924	5.119254e-004	6.658980e-005
0.15220100000000003	5.716410e-004	6.696468e-005
0.152478	6.108204e-004	6.809118e-005
0.152755	5.681298e-004	6.758168e-005
0.153032	5.443713e-004	6.807840e-005
0.15330900000000003	5.465508e-004	6.846575e-005
0.153586	5.371305e-004	6.853254e-005
0.153863	5.807581e-004	6.893122e-005
0.15414000000000003	4.959927e-004	6.892140e-005
0.15441700000000003	5.190601e-004	6.945919e-005
0.154694	5.629882e-004	6.951645e-005
0.154971	6.023387e-004	6.934889e-005
0.15524800000000002	5.146794e-004	6.960893e-005
0.15552500000000002	4.749610e-004	7.009988e-005
0.15580300000000002	6.574216e-004	7.042052e-005
0.15608	6.355237e-004	7.062250e-005
0.156357	6.079725e-004	6.993584e-005
0.15663400000000002	5.969996e-004	7.047061e-005
0.15691100000000002	5.748716e-004	7.080667e-005
0.157188	4.062162e-004	7.091467e-005
0.15746500000000002	6.157904e-004	7.089908e-005
0.15774200000000002	5.196181e-004	7.115319e-005
0.15801900000000002	5.137031e-004	7.132098e-005
0.158296	5.852627e-004	7.057500e-005
0.15857300000000002	5.337972e-004	6.930237e-005
0.15885000000000002	5.232661e-004	6.891556e-005
0.15912700000000002	5.834673e-004	6.918549e-005
0.159404	4.824630e-004	6.814686e-005
0.15968100000000002	6.045218e-004	6.797660e-005
0.15995800000000002	5.763110e-004	6.744290e-005
0.16023600000000002	4.516563e-004	6.749332e-005
0.16051300000000002	5.578183e-004	6.755200e-005
0.16079000000000002	6.028800e-004	6.733955e-005
0.16106700000000002	5.688176e-004	6.721408e-005
0.16134400000000002	5.415773e-004	6.664619e-005
0.16162100000000001	4.889483e-004	6.675336e-005
0.16189800000000001	4.533890e-004	6.670832e-005
0.162175	5.677036e-004	6.609326e-005
0.162452	3.550802e-004	6.612184e-005
0.162729	5.190058e-004	6.624124e-005
0.163006	5.095785e-004	6.572711e-005
0.163283	4.745890e-004	6.528455e-005
0.16356	4.042055e-004	6.542092e-005
0.163837	4.796408e-004	6.585852e-005
0.164114	5.979065e-004	6.550021e-005
0.164392	5.308078e-004	6.539028e-005
0.164669	5.417783e-004	6.493662e-005
0.164946	4.643167e-004	6.490400e-005
0.165223	5.160115e-004	6.506882e-005
0.1655	4.954716e-004	6.463937e-005
0.165777	4.684717e-004	6.485102e-005
0.166054	5.414858e-004	6.495078e-005
0.166331	5.698674e-004	6.467266e-005
0.166608	5.404233e-004	6.471528e-005
0.166885	6.104194e-004	6.418937e-005
0.16716200000000003	5.337029e-004	6.490705e-005
0.167439	4.129532e-004	6.449706e-005
0.167716	4.428860e-004	6.412695e-005
0.167993	4.111222e-004	6.401949e-005
0.16827000000000003	4.574135e-004	6.379882e-005
0.168547	5.698465e-004	6.468186e-005
0.168825	4.836298e-004	6.409627e-005
0.169102	5.096977e-004	6.405372e-005
0.169379	5.653379e-004	6.440199e-005
0.16965600000000003	4.739899e-004	6.379249e-005
0.169933	3.758138e-004	6.412338e-005
0.17021	3.909685e-004	6.366473e-005
0.17048700000000003	5.188282e-004	6.375265e-005
0.17076400000000003	4.033122e-004	6.394298e-005
0.171041	4.569389e-004	6.345742e-005
0.171318	4.823674e-004	6.368437e-005
0.17159500000000003	4.795419e-004	6.290654e-005
0.17187200000000002	4.514363e-004	6.337966e-005
0.172149	4.490647e-004	6.331568e-005
0.172426	4.229601e-004	6.307446e-005
0.17270300000000002	4.594568e-004	6.306983e-005
0.17298100000000002	5.181667e-004	6.304402e-005
0.17325800000000002	4.663977e-004	6.283984e-005
0.173535	4.568166e-004	6.310521e-005
0.17381200000000002	4.905560e-004	6.274126e-005
0.17408900000000002	4.155152e-004	6.269658e-005
0.17436600000000002	4.298700e-004	6.277704e-005
0.174643	4.560192e-004	6.272553e-005
0.17492000000000002	4.327801e-004	6.251671e-005
0.17519700000000002	4.517751e-004	6.241007e-005
0.17547400000000002	4.644890e-004	6.267416e-005
0.175751	5.283718e-004	6.260820e-005
0.17602800000000002	4.493387e-004	6.241273e-005
0.17630500000000002	6.044087e-004	6.248084e-005
0.17658200000000002	3.513843e-004	6.227927e-005
0.17685900000000002	2.967461e-004	6.224044e-005
0.17713600000000002	3.028094e-004	6.247134e-005
0.17741400000000002	4.470441e-004	6.234688e-005
0.17769100000000002	4.574717e-004	6.239280e-005
0.17796800000000002	4.765173e-004	6.242418e-005
0.17824500000000001	4.761390e-004	6.229853e-005
0.17852200000000001	4.068217e-004	6.232078e-005
0.178799	5.519091e-004	6.217805e-005
0.179076	5.829382e-004	6.236594e-005
0.179353	5.021796e-004	6.212921e-005
0.17963	4.012542e-004	6.197699e-005
0.179907	4.877075e-004	6.218256e-005
0.180184	3.388163e-004	6.187628e-005
0.180461	5.758288e-004	6.224536e-005
0.180738	3.559104e-004	6.181412e-005
0.181015	3.760199e-004	6.156000e-005
0.181292	4.975933e-004	6.213289e-005
0.18157	4.837876e-004	6.180723e-005
0.181847	4.187175e-004	6.191573e-005
0.182124	5.282847e-004	6.148310e-005
0.182401	4.583303e-004	6.164807e-005
0.182678	4.126918e-004	6.165936e-005
0.182955	3.998969e-004	6.146818e-005
0.183232	3.965371e-004	6.157277e-005
0.18350900000000003	4.665049e-004	6.125834e-005
0.183786	3.965726e-004	6.144355e-005
0.184063	4.681158e-004	6.136910e-005
0.18434	5.966868e-004	6.140268e-005
0.18461700000000003	2.748703e-004	6.115844e-005
0.184894	4.894083e-004	6.128066e-005
0.185171	3.983426e-004	6.145031e-005
0.185448	3.597288e-004	6.090107e-005
0.18572500000000003	4.902984e-004	6.085729e-005
0.18600300000000003	4.332252e-004	6.128666e-005
0.18628	4.246048e-004	6.105720e-005
0.186557	4.837422e-004	6.143210e-005
0.186834	4.108666e-004	6.062716e-005
0.18711100000000003	5.470098e-004	6.094843e-005
0.187388	3.131364e-004	6.093678e-005
0.187665	4.150454e-004	6.078402e-005
0.18794200000000003	4.056288e-004	6.087939e-005
0.18821900000000003	3.577129e-004	6.056635e-005
0.188496	4.207794e-004	6.074953e-005
0.188773	4.306258e-004	6.084904e-005
0.18905000000000002	4.926965e-004	6.059630e-005
0.18932700000000002	4.686910e-004	6.050154e-005
0.189604	5.019884e-004	6.067227e-005
0.18988100000000002	3.661525e-004	6.069916e-005
0.190159	3.151226e-004	6.040735e-005
0.19043600000000002	3.184484e-004	6.006189e-005
0.19071300000000002	4.325370e-004	6.050360e-005
0.19099	3.743243e-004	6.016308e-005
0.19126700000000002	4.989277e-004	6.074027e-005
0.19154400000000002	4.573132e-004	6.002316e-005
0.19182100000000002	4.291777e-004	6.033428e-005
0.192098	3.216360e-004	6.023288e-005
0.19237500000000002	3.786239e-004	6.013516e-005
0.19265200000000002	4.590356e-004	5.999270e-005
0.19292900000000002	4.403855e-004	6.000135e-005
0.19320600000000002	4.271752e-004	6.035786e-005
0.19348300000000002	4.293741e-004	6.022659e-005
0.19376000000000002	4.321803e-004	5.983080e-005
0.19403700000000002	3.372991e-004	5.974359e-005
0.19431400000000001	3.438203e-004	5.982850e-005
0.19459200000000001	4.740657e-004	6.015091e-005
0.19486900000000001	4.460318e-004	5.985372e-005
0.19514600000000001	3.106584e-004	5.959949e-005
0.195423	3.983808e-004	5.991226e-005
0.1957	4.197182e-004	5.960263e-005
0.195977	4.099888e-004	5.978258e-005
0.196254	3.587906e-004	5.940350e-005
0.196531	4.226558e-004	5.963264e-005
0.196808	3.047282e-004	5.958341e-005
0.197085	3.725951e-004	5.959320e-005
0.197362	4.116507e-004	5.950656e-005
0.197639	3.681973e-004	5.945163e-005
0.197916	4.197077e-004	5.957746e-005
0.198193	3.755090e-004	5.971861e-005
0.19847	3.401823e-004	5.914348e-005
0.198747	3.911159e-004	5.954285e-005
0.199025	3.978722e-004	5.960039e-005
0.199302	3.228151e-004	5.957005e-005
0.199579	3.771991e-004	5.930765e-005
0.199856	2.879316e-004	5.932149e-005
0.200133	3.713056e-004	5.984972e-005
0.20041000000000003	3.815390e-004	5.963288e-005
0.20068700000000003	3.740112e-004	5.962644e-005
0.20096400000000003	3.743889e-004	5.941327e-005
0.201241	4.037331e-004	5.995230e-005
0.201518	2.740593e-004	5.962907e-005
0.201795	3.937869e-004	5.983943e-005
0.202072	3.518211e-004	5.954855e-005
0.202349	3.561370e-004	5.958139e-005
0.20262600000000003	3.177094e-004	5.967718e-005
0.20290300000000003	4.563426e-004	5.961293e-005
0.20318100000000003	4.068623e-004	5.935336e-005
0.20345800000000003	3.912632e-004	5.938299e-005
0.203735	4.410555e-004	5.962826e-005
0.204012	3.903828e-004	5.924087e-005
0.204289	3.955124e-004	5.892197e-005
0.204566	3.513704e-004	5.917823e-005
0.20484300000000003	3.661543e-004	5.908912e-005
0.20512000000000002	2.175230e-004	5.897464e-005
0.20539700000000002	3.561126e-004	5.904011e-005
0.20567400000000002	3.827837e-004	5.873098e-005
0.205951	4.794994e-004	5.916506e-005
0.206228	2.929016e-004	5.861309e-005
0.206505	3.098096e-004	5.859085e-005
0.20678200000000002	3.072472e-004	5.876005e-005
0.20705900000000002	3.187786e-004	5.854709e-005
0.20733600000000002	3.218329e-004	5.866607e-005
0.20761400000000002	3.264972e-004	5.856080e-005
0.20789100000000002	3.588688e-004	5.829652e-005
0.20816800000000002	3.395292e-004	5.853318e-005
0.208445	4.831191e-004	5.839214e-005
0.208722	3.977566e-004	5.848194e-005
0.208999	3.916056e-004	5.810928e-005
0.20927600000000002	3.795060e-004	5.850391e-005
0.20955300000000002	2.004148e-004	5.814392e-005
0.20983000000000002	4.010312e-004	5.788825e-005
0.21010700000000002	3.599213e-004	5.824681e-005
0.21038400000000002	3.015365e-004	5.855746e-005
0.210661	3.340441e-004	5.954006e-005
0.210938	3.706243e-004	5.957440e-005
0.21121500000000004	2.066670e-004	5.983303e-005
0.211492	3.677136e-004	6.046445e-005
0.21177	2.620170e-004	6.060862e-005
0.212047	4.258240e-004	6.098671e-005
0.212324	4.031947e-004	6.114442e-005
0.212601	3.150999e-004	6.109565e-005
0.212878	3.242377e-004	6.144160e-005
0.21315499999999998	3.687283e-004	6.164351e-005
0.21343200000000004	2.935342e-004	6.180043e-005
0.21370900000000004	3.162378e-004	6.214368e-005
0.213986	3.942856e-004	6.234586e-005
0.214263	3.825558e-004	6.231380e-005
0.21454	3.405461e-004	6.232004e-005
0.214817	3.544416e-004	6.263821e-005
0.215094	2.914431e-004	6.317370e-005
0.21537099999999998	3.991809e-004	6.339273e-005
0.21564800000000003	1.442646e-004	6.340681e-005
0.21592500000000003	4.577927e-004	6.385758e-005
0.21620300000000003	2.954264e-004	6.381117e-005
0.21648	3.404489e-004	6.428981e-005
0.216757	4.528305e-004	6.447137e-005
0.217034	3.507089e-004	6.389357e-005
0.217311	4.292083e-004	6.293166e-005
0.217588	3.420156e-004	6.221627e-005
0.21786500000000003	3.430939e-004	6.210988e-005
0.21814200000000003	2.433449e-004	6.150483e-005
0.21841900000000003	4.741663e-004	6.150785e-005
0.218696	2.080372e-004	6.122463e-005
0.218973	3.279339e-004	6.124696e-005
0.21925	4.068921e-004	6.075977e-005
0.219527	4.141974e-004	6.069822e-005
0.21980400000000003	3.795538e-004	6.036459e-005
0.22008100000000003	3.128496e-004	6.051872e-005
0.22035900000000003	2.606610e-004	6.017674e-005
0.22063600000000003	2.316796e-004	6.016179e-005
0.22091300000000003	3.023688e-004	5.990650e-005
0.22119	3.367516e-004	6.003845e-005
0.221467	4.765083e-004	6.045448e-005
0.221744	2.815307e-004	6.002484e-005
0.222021	1.958208e-004	5.984578e-005
0.22229800000000002	3.138612e-004	5.983233e-005
0.22257500000000002	3.357149e-004	5.986015e-005
0.22285200000000002	2.726280e-004	5.981148e-005
0.22312900000000002	3.683311e-004	5.940962e-005
0.223406	2.453093e-004	5.953180e-005
0.223683	4.176217e-004	5.940688e-005
0.22396	4.225761e-004	5.959045e-005
0.22423700000000002	3.142689e-004	5.915600e-005
0.22451400000000002	3.509340e-004	5.885702e-005
0.22479200000000002	2.958223e-004	5.916199e-005
0.22506900000000002	2.611030e-004	5.901439e-005
0.22534600000000002	3.989948e-004	5.901564e-005
0.22562300000000002	3.250306e-004	5.885288e-005
0.2259	2.724141e-004	5.858873e-005
0.226177	2.994811e-004	5.879354e-005
0.22645400000000004	3.550670e-004	5.870972e-005
0.22673100000000002	2.493450e-004	5.843983e-005
0.22700800000000002	2.996780e-004	5.851799e-005
0.22728500000000001	4.061421e-004	5.864428e-005
0.22756200000000001	4.557865e-004	5.858200e-005
0.227839	2.980107e-004	5.813529e-005
0.22811599999999999	2.400195e-004	5.806667e-005
0.22839299999999998	3.099976e-004	5.852016e-005
0.22867000000000004	2.978557e-004	5.806252e-005
0.22894800000000004	1.850896e-004	5.785275e-005
0.229225	2.669963e-004	5.804191e-005
0.229502	2.064082e-004	5.778583e-005
0.229779	3.086582e-004	5.810418e-005
0.230056	2.346056e-004	5.774877e-005
0.230333	2.752571e-004	5.753733e-005
0.23060999999999998	2.556907e-004	5.792869e-005
0.23088700000000004	3.165922e-004	5.785019e-005
0.23116400000000004	2.566827e-004	5.781409e-005
0.231441	2.083176e-004	5.755779e-005
0.231718	2.796434e-004	5.774519e-005
0.231995	2.746566e-004	5.788927e-005
0.232272	2.123030e-004	5.756516e-005
0.232549	3.736424e-004	5.751563e-005
0.23282600000000003	3.164590e-004	5.764637e-005
0.23310300000000003	2.708991e-004	5.748068e-005
0.23338100000000003	3.348589e-004	5.775670e-005
0.23365800000000003	3.729810e-004	5.711981e-005
0.233935	2.242358e-004	5.718179e-005
0.234212	3.194358e-004	5.736025e-005
0.234489	3.363769e-004	5.716738e-005
0.234766	3.586314e-004	5.723397e-005
0.235043	2.821350e-004	5.652544e-005
0.23532000000000003	2.300741e-004	5.698786e-005
0.23559700000000003	3.242835e-004	5.674329e-005
0.23587400000000003	4.244877e-004	5.681753e-005
0.236151	3.096877e-004	5.682741e-005
0.236428	3.017520e-004	5.641564e-005
0.236705	2.860099e-004	5.676927e-005
0.236982	3.895484e-004	5.662715e-005
0.23725900000000003	3.049569e-004	5.628017e-005
0.23753700000000003	2.466784e-004	5.662719e-005
0.23781400000000003	2.645449e-004	5.643708e-005
0.23809100000000002	1.681456e-004	5.660401e-005
0.23836800000000002	2.904273e-004	5.638208e-005
0.238645	3.339261e-004	5.646521e-005
0.238922	2.705974e-004	5.659634e-005
0.239199	2.442682e-004	5.636104e-005
0.23947600000000002	3.884547e-004	5.687507e-005
0.23975300000000002	3.196410e-004	5.641225e-005
0.24003000000000002	2.245295e-004	5.635947e-005
0.24030700000000002	2.103834e-004	5.633007e-005
0.24058400000000002	2.668874e-004	5.630048e-005
0.240861	3.617758e-004	5.638803e-005
0.241138	3.130770e-004	5.643818e-005
0.241415	2.275220e-004	5.619873e-005
0.24169200000000002	2.941358e-004	5.630363e-005
0.24197000000000002	2.849298e-004	5.588267e-005
0.24224700000000002	2.009159e-004	5.595521e-005
0.24252400000000002	2.026873e-004	5.605855e-005
0.24280100000000002	3.327738e-004	5.634664e-005
0.24307800000000002	2.242473e-004	5.608617e-005
0.243355	3.440285e-004	5.593366e-005
0.243632	2.324043e-004	5.584782e-005
0.24390900000000004	2.291786e-004	5.572757e-005
0.24418600000000001	3.087939e-004	5.594066e-005
0.244463	3.149991e-004	5.591970e-005
0.24474	2.749177e-004	5.611273e-005
0.245017	2.591945e-004	5.559304e-005
0.245294	2.981027e-004	5.566463e-005
0.24557099999999998	2.443914e-004	5.551962e-005
0.24584800000000004	2.202063e-004	5.575337e-005
0.24612500000000004	2.717482e-004	5.580407e-005
0.24640300000000004	3.336397e-004	5.555089e-005
0.24668	2.559210e-004	5.540893e-005
0.246957	2.529816e-004	5.531402e-005
0.247234	2.257519e-004	5.543930e-005
0.247511	3.056304e-004	5.548407e-005
0.247788	2.617191e-004	5.512132e-005
0.24806499999999998	2.099287e-004	5.544620e-005
0.24834200000000003	2.905386e-004	5.504989e-005
0.24861900000000003	3.421788e-004	5.510220e-005
0.248896	2.476512e-004	5.495849e-005
0.249173	2.399726e-004	5.470578e-005
0.24945	3.057602e-004	5.529703e-005
0.249727	3.400448e-004	5.492801e-005
0.250004	3.753855e-004	5.483935e-005
0.25028100000000003	2.671686e-004	5.469440e-005
0.25055900000000003	2.863495e-004	5.480411e-005
0.250836	2.916228e-004	5.509076e-005
0.25111300000000003	3.185129e-004	5.480374e-005
0.25139	1.985410e-004	5.474270e-005
0.25166700000000003	2.276426e-004	5.473852e-005
0.251944	2.880447e-004	5.473606e-005
0.252221	2.342959e-004	5.490733e-005
0.252498	3.007357e-004	5.471993e-005
0.252775	3.774565e-004	5.500435e-005
0.253052	2.480341e-004	5.489473e-005
0.253329	1.858789e-004	5.458981e-005
0.253606	2.865334e-004	5.472671e-005
0.253883	2.590065e-004	5.450679e-005
0.25416	2.344298e-004	5.482676e-005
0.25443699999999997	2.330931e-004	5.479010e-005
0.25471400000000005	3.165917e-004	5.470060e-005
0.25499200000000005	3.528814e-004	5.451180e-005
0.255269	3.077740e-004	5.456983e-005
0.255546	1.981172e-004	5.437445e-005
0.255823	3.295964e-004	5.449432e-005
0.2561	1.764228e-004	5.446320e-005
0.256377	3.339416e-004	5.449964e-005
0.256654	3.005645e-004	5.441965e-005
0.256931	2.781858e-004	5.429398e-005
0.25720800000000005	3.066986e-004	5.411242e-005
0.257485	1.927231e-004	5.434293e-005
0.257762	2.010104e-004	5.416866e-005
0.258039	3.896097e-004	5.436785e-005
0.258316	3.024633e-004	5.409598e-005
0.258593	3.054110e-004	5.397693e-005
0.25887	1.311907e-004	5.413551e-005
0.259148	2.639200e-004	5.396873e-005
0.259425	3.083490e-004	5.422340e-005
0.25970200000000004	2.128241e-004	5.383351e-005
0.259979	2.437212e-004	5.391745e-005
0.260256	2.050392e-004	5.379201e-005
0.260533	2.712110e-004	5.390312e-005
0.26081	1.841316e-004	5.379802e-005
0.261087	1.774733e-004	5.372970e-005
0.26136400000000004	2.535605e-004	5.378572e-005
0.261641	2.458873e-004	5.378838e-005
0.26191800000000004	2.067560e-004	5.341906e-005
0.262195	2.072930e-004	5.375876e-005
0.262472	1.747953e-004	5.346309e-005
0.262749	3.031952e-004	5.367885e-005
0.263026	2.440050e-004	5.333940e-005
0.263303	2.584371e-004	5.341631e-005
0.263581	2.478605e-004	5.354569e-005
0.26385800000000004	1.735902e-004	5.311505e-005
0.264135	2.286894e-004	5.336847e-005
0.26441200000000004	2.535417e-004	5.314563e-005
0.264689	2.110019e-004	5.309004e-005
0.264966	2.218665e-004	5.323811e-005
0.265243	2.914892e-004	5.305393e-005
0.26552	2.361476e-004	5.305585e-005
0.265797	2.930661e-004	5.301862e-005
0.26607400000000003	2.451011e-004	5.298305e-005
0.266351	2.219505e-004	5.304911e-005
0.26662800000000003	2.193121e-004	5.273684e-005
0.266905	2.179307e-004	5.298285e-005
0.267182	2.295548e-004	5.288960e-005
0.267459	1.967184e-004	5.319080e-005
0.267737	2.514380e-004	5.296446e-005
0.26801400000000003	3.141201e-004	5.294894e-005
0.268291	2.639164e-004	5.310734e-005
0.26856800000000003	1.946325e-004	5.293418e-005
0.268845	1.760423e-004	5.295487e-005
0.26912200000000003	2.828003e-004	5.345958e-005
0.269399	2.271848e-004	5.404174e-005
0.26967599999999997	2.823814e-004	5.458056e-005
0.26995300000000005	2.118752e-004	5.483183e-005
0.27023	2.612508e-004	5.504281e-005
0.270507	2.383115e-004	5.526104e-005
0.270784	1.878401e-004	5.561694e-005
0.271061	2.709372e-004	5.587981e-005
0.271338	2.060806e-004	5.548092e-005
0.271615	3.378297e-004	5.617450e-005
0.27189199999999997	2.702102e-004	5.642960e-005
0.27216999999999997	3.121879e-004	5.674712e-005
0.27244700000000005	3.005956e-004	5.652010e-005
0.272724	2.126655e-004	5.646315e-005
0.273001	2.901013e-004	5.678590e-005
0.273278	2.387098e-004	5.714483e-005
0.273555	2.020107e-004	5.711952e-005
0.273832	2.297468e-004	5.721418e-005
0.274109	2.665517e-004	5.733589e-005
0.274386	2.287382e-004	5.769855e-005
0.27466300000000005	2.609942e-004	5.743365e-005
0.27494	9.160609e-005	5.752625e-005
0.275217	2.654298e-004	5.793789e-005
0.275494	1.261025e-004	5.775780e-005
0.275771	2.972231e-004	5.767729e-005
0.276048	2.528938e-004	5.606344e-005
0.276326	3.057026e-004	5.652581e-005
0.27660300000000004	2.322574e-004	5.583813e-005
0.27688	2.132120e-004	5.606766e-005
0.27715700000000004	1.261666e-004	5.551876e-005
0.277434	1.844326e-004	5.518374e-005
0.277711	2.191498e-004	5.534068e-005
0.277988	2.905816e-004	5.512994e-005
0.278265	2.361066e-004	5.522219e-005
0.278542	1.615044e-004	5.467853e-005
0.27881900000000004	3.104677e-004	5.524407e-005
0.279096	2.419840e-004	5.482862e-005
0.27937300000000004	2.409683e-004	5.447077e-005
0.27965	1.969594e-004	5.446623e-005
0.279927	1.263619e-004	5.442060e-005
0.280204	1.460165e-004	5.450966e-005
0.280481	2.255713e-004	5.442706e-005
0.280759	2.363353e-004	5.401915e-005
0.281036	2.358760e-004	5.408137e-005
0.28131300000000004	1.733573e-004	5.392534e-005
0.28159	1.725414e-004	5.401862e-005
0.28186700000000003	3.184708e-004	5.405249e-005
0.282144	1.819931e-004	5.409765e-005
0.282421	2.894133e-004	5.412913e-005
0.282698	2.682414e-004	5.393855e-005
0.28297500000000003	2.630041e-004	5.374663e-005
0.283252	1.810299e-004	5.382821e-005
0.28352900000000003	1.086959e-004	5.392812e-005
0.283806	2.928079e-004	5.387584e-005
0.28408300000000003	2.205814e-004	5.362272e-005
0.28436	1.694108e-004	5.343168e-005
0.284637	1.733497e-004	5.360578e-005
0.284915	3.042783e-004	5.375375e-005
0.285192	1.949145e-004	5.344208e-005
0.28546900000000003	2.608307e-004	5.345673e-005
0.285746	2.842305e-004	5.346718e-005
0.286023	2.041610e-004	5.337978e-005
0.2863	1.360423e-004	5.329323e-005
0.286577	1.728956e-004	5.299539e-005
0.286854	2.330454e-004	5.349153e-005
0.28713099999999997	1.680805e-004	5.313988e-005
0.28740800000000005	2.409493e-004	5.332625e-005
0.287685	2.439927e-004	5.299268e-005
0.287962	2.524468e-004	5.292214e-005
0.288239	2.410122e-004	5.335998e-005
0.288516	1.664316e-004	5.271784e-005
0.288793	1.982837e-004	5.279104e-005
0.28907	1.924556e-004	5.277245e-005
0.289348	2.614648e-004	5.273067e-005
0.289625	1.059967e-004	5.275236e-005
0.28990200000000005	2.607128e-004	5.260540e-005
0.290179	2.258521e-004	5.271859e-005
0.290456	1.604599e-004	5.260312e-005
0.290733	3.103393e-004	5.255607e-005
0.29101	2.955559e-004	5.276538e-005
0.291287	1.521271e-004	5.230175e-005
0.291564	2.964334e-004	5.263790e-005
0.291841	2.232063e-004	5.249762e-005
0.29211800000000004	2.131604e-004	5.259593e-005
0.292395	1.499303e-004	5.243610e-005
0.292672	2.071767e-004	5.239243e-005
0.292949	2.562767e-004	5.277033e-005
0.293226	2.560322e-004	5.238584e-005
0.293503	8.974866e-005	5.239485e-005
0.293781	2.119653e-004	5.256067e-005
0.29405800000000004	2.014237e-004	5.228149e-005
0.294335	2.689724e-004	5.262578e-005
0.29461200000000004	2.409649e-004	5.237614e-005
0.294889	3.251977e-004	5.244121e-005
0.295166	1.759105e-004	5.244411e-005
0.295443	2.100679e-004	5.221485e-005
0.29572	1.918554e-004	5.238156e-005
0.295997	1.412728e-004	5.200183e-005
0.29627400000000004	2.538634e-004	5.236958e-005
0.296551	1.918911e-004	5.233207e-005
0.29682800000000004	1.350017e-004	5.213033e-005
0.297105	1.611302e-004	5.212131e-005
0.297382	2.565811e-004	5.220245e-005
0.297659	2.044258e-004	5.209902e-005
0.297937	1.828028e-004	5.219039e-005
0.298214	3.148855e-004	5.209432e-005
0.298491	1.807810e-004	5.199583e-005
0.29876800000000003	2.872488e-004	5.221342e-005
0.299045	1.623411e-004	5.196611e-005
0.29932200000000003	2.417107e-004	5.209252e-005
0.299599	1.824835e-004	5.186638e-005
0.299876	1.993457e-004	5.193900e-005
0.300153	2.764774e-004	5.203466e-005
0.30043000000000003	2.437098e-004	5.181809e-005
0.30070700000000006	1.543338e-004	5.175403e-005
0.30098400000000003	1.467745e-004	5.180288e-005
0.301261	1.819550e-004	5.167343e-005
0.30153800000000003	2.088877e-004	5.183042e-005
0.301815	2.484510e-004	5.152701e-005
0.302092	2.182067e-004	5.168553e-005
0.30237	2.266106e-004	5.152634e-005
0.30264700000000005	1.908565e-004	5.169484e-005
0.302924	1.558394e-004	5.135102e-005
0.30320100000000005	1.921159e-004	5.136457e-005
0.303478	2.183476e-004	5.161202e-005
0.303755	2.669369e-004	5.141468e-005
0.304032	1.376468e-004	5.140600e-005
0.304309	1.993237e-004	5.133238e-005
0.304586	1.542262e-004	5.123651e-005
0.30486300000000005	2.548436e-004	5.144364e-005
0.30514	2.978797e-004	5.151881e-005
0.30541700000000005	1.931379e-004	5.115977e-005
0.305694	2.925423e-004	5.151042e-005
0.305971	2.243818e-004	5.133883e-005
0.306248	1.438125e-004	5.141859e-005
0.306526	1.762711e-004	5.130401e-005
0.306803	2.156695e-004	5.133970e-005
0.30708	2.483052e-004	5.149180e-005
0.30735700000000005	2.655155e-004	5.138856e-005
0.307634	2.693002e-004	5.147186e-005
0.30791100000000005	1.648673e-004	5.120114e-005
0.308188	2.567482e-004	5.144311e-005
0.308465	1.940799e-004	5.133934e-005
0.308742	2.155728e-004	5.125261e-005
0.30901900000000004	2.161693e-004	5.109336e-005
0.309296	2.826036e-004	5.141796e-005
0.30957300000000004	2.364647e-004	5.128953e-005
0.30985	2.133551e-004	5.128112e-005
0.31012700000000004	1.858822e-004	5.113226e-005
0.310404	7.799233e-005	5.096777e-005
0.310681	1.989319e-004	5.113230e-005
0.310959	1.429355e-004	5.131211e-005
0.311236	4.293415e-005	5.080646e-005
0.31151300000000004	2.377143e-004	5.111699e-005
0.31179	7.907766e-005	5.101899e-005
0.31206700000000004	2.490507e-004	5.103122e-005
0.312344	1.785166e-004	5.101041e-005
0.31262100000000004	2.203112e-004	5.099056e-005
0.312898	2.379118e-004	5.122373e-005
0.313175	1.869889e-004	5.095972e-005
0.31345200000000006	1.402271e-004	5.080269e-005
0.31372900000000004	2.611194e-004	5.098004e-005
0.314006	1.340114e-004	5.079642e-005
0.31428300000000003	1.861214e-004	5.097921e-005
0.31456	2.314252e-004	5.090222e-005
0.31483700000000003	1.555212e-004	5.068793e-005
0.31511500000000003	1.567280e-004	5.086895e-005
0.315392	2.483516e-004	5.081135e-005
0.31566900000000003	1.239894e-004	5.092509e-005
0.31594600000000006	2.073717e-004	5.064167e-005
0.31622300000000003	1.183479e-004	5.077049e-005
0.3165	2.300392e-004	5.071767e-005
0.31677700000000003	1.309147e-004	5.078648e-005
0.317054	1.726400e-004	5.062767e-005
0.31733100000000003	1.692215e-004	5.055442e-005
0.317608	1.384814e-004	5.079802e-005
0.31788500000000003	1.597923e-004	5.072808e-005
0.31816200000000006	2.213256e-004	5.054729e-005
0.318439	1.676915e-004	5.061702e-005
0.318716	2.210719e-004	5.053014e-005
0.318993	1.788255e-004	5.084769e-005
0.31927	1.824522e-004	5.047734e-005
0.319548	1.850230e-004	5.043357e-005
0.319825	1.694090e-004	5.073597e-005
0.32010200000000005	2.784832e-004	5.038857e-005
0.320379	2.060115e-004	5.078463e-005
0.32065600000000005	2.003504e-004	5.011965e-005
0.320933	1.877040e-004	5.059555e-005
0.32121	2.311003e-004	5.061330e-005
0.321487	1.951722e-004	5.045798e-005
0.321764	2.594420e-004	5.041659e-005
0.322041	2.264271e-004	5.031104e-005
0.32231800000000005	1.915177e-004	5.038039e-005
0.322595	1.777552e-004	5.044211e-005
0.32287200000000005	1.508063e-004	5.019329e-005
0.323149	8.640886e-005	5.031182e-005
0.323426	2.645322e-004	5.041130e-005
0.323704	1.109604e-004	5.029039e-005
0.323981	9.971421e-005	5.018370e-005
0.324258	2.439056e-004	5.001625e-005
0.324535	2.033433e-004	5.041236e-005
0.32481200000000005	1.769036e-004	5.027035e-005
0.325089	1.428511e-004	5.028707e-005
0.32536600000000004	5.904162e-005	4.988540e-005
0.325643	1.476777e-004	5.020850e-005
0.32592	1.793559e-004	5.015748e-005
0.326197	2.025860e-004	5.022018e-005
0.32647400000000004	1.720022e-004	5.013276e-005
0.326751	2.262760e-004	5.014173e-005
0.32702800000000004	2.085490e-004	5.016451e-005
0.327305	1.548527e-004	5.005090e-005
0.32758200000000004	2.309421e-004	5.007324e-005
0.327859	2.352050e-004	5.039450e-005
0.328137	2.263734e-004	5.122894e-005
0.328414	8.158958e-005	5.148746e-005
0.32869100000000007	1.840954e-004	5.165724e-005
0.32896800000000004	1.534079e-004	5.189133e-005
0.329245	1.594686e-004	5.217674e-005
0.32952200000000004	9.442059e-005	5.249570e-005
0.329799	2.382999e-004	5.271866e-005
0.33007600000000004	1.887132e-004	5.268869e-005
0.330353	1.445795e-004	5.309777e-005
0.33063	2.054555e-004	5.311494e-005
0.33090700000000006	6.510815e-005	5.311635e-005
0.33118400000000003	2.135267e-004	5.330547e-005
0.331461	1.789598e-004	5.373862e-005
0.33173800000000003	1.864953e-004	5.390482e-005
0.332015	2.523286e-004	5.378447e-005
0.332293	1.911412e-004	5.378398e-005
0.33257000000000003	1.128050e-004	5.398435e-005
0.332847	2.084378e-004	5.411473e-005
0.33312400000000003	1.939787e-004	5.424898e-005
0.33340100000000006	2.311649e-004	5.398176e-005
0.33367800000000003	1.816978e-004	5.431669e-005
0.333955	1.956036e-004	5.433049e-005
0.33423200000000003	9.846943e-005	5.428231e-005
0.334509	2.001048e-004	5.394503e-005
0.33478600000000003	1.245748e-004	5.318655e-005
0.33506300000000006	1.569127e-004	5.331187e-005
0.33534	2.401059e-004	5.271389e-005
0.33561700000000005	1.760523e-004	5.242715e-005
0.335894	1.844538e-004	5.229633e-005
0.336171	1.742310e-004	5.204237e-005
0.336448	2.245216e-004	5.238260e-005
0.336726	1.302629e-004	5.181944e-005
0.337003	1.124708e-004	5.161284e-005
0.33728	8.251750e-005	5.170627e-005
0.33755700000000005	1.449205e-004	5.143649e-005
0.337834	2.145808e-004	5.165217e-005
0.33811100000000005	2.129681e-004	5.134743e-005
0.338388	2.405512e-004	5.148720e-005
0.338665	1.450775e-004	5.137722e-005
0.338942	1.440008e-004	5.108754e-005
0.339219	1.626842e-004	5.114205e-005
0.339496	1.817163e-004	5.112456e-005
0.33977300000000005	1.066819e-004	5.134425e-005
0.34005	1.788932e-004	5.110889e-005
0.34032700000000005	1.178057e-004	5.117173e-005
0.340604	1.938707e-004	5.095001e-005
0.340881	1.873522e-004	5.108137e-005
0.341159	1.751228e-004	5.082468e-005
0.341436	6.113417e-005	5.092690e-005
0.341713	9.964360e-005	5.073598e-005
0.34199	1.856467e-004	5.089734e-005
0.34226700000000004	1.972240e-004	5.066828e-005
0.342544	1.165436e-004	5.053568e-005
0.34282100000000004	1.182156e-004	5.061635e-005
0.343098	1.735771e-004	5.071820e-005
0.343375	2.174606e-004	5.077321e-005
0.343652	2.337856e-004	5.061974e-005
0.34392900000000004	2.632936e-004	5.067209e-005
0.344206	1.710455e-004	5.057417e-005
0.34448300000000004	1.818586e-004	5.062791e-005
0.34476	1.384701e-004	5.041479e-005
0.34503700000000004	1.544190e-004	5.059766e-005
0.34531500000000004	2.228155e-004	5.034144e-005
0.345592	1.582895e-004	5.032016e-005
0.345869	2.911963e-004	5.034994e-005
0.34614600000000006	2.377575e-004	5.027999e-005
0.34642300000000004	1.546660e-004	5.039865e-005
0.3467	1.032732e-004	5.010591e-005
0.34697700000000004	2.206108e-004	5.020340e-005
0.347254	8.554570e-005	5.006006e-005
0.34753100000000003	1.840915e-004	5.001060e-005
0.347808	2.291830e-004	5.026093e-005
0.34808500000000003	1.473160e-004	5.005723e-005
0.34836200000000006	2.206394e-004	5.006956e-005
0.34863900000000003	2.180422e-004	4.997883e-005
0.348916	1.464040e-004	4.975028e-005
0.34919300000000003	3.173388e-004	5.025072e-005
0.34947	1.264315e-004	4.970739e-005
0.349748	1.599944e-004	4.998544e-005
0.35002500000000003	1.578847e-004	4.981955e-005
0.350302	1.190013e-004	4.983824e-005
0.35057900000000003	2.457299e-004	4.992003e-005
0.35085600000000006	2.370744e-004	4.989556e-005
0.35113300000000003	1.148042e-004	4.982692e-005
0.35141	1.560765e-004	4.989184e-005
0.351687	1.298881e-004	4.969174e-005
0.351964	2.267921e-004	4.984736e-005
0.352241	1.838555e-004	4.967332e-005
0.35251800000000005	2.025937e-004	4.973024e-005
0.352795	2.037664e-004	4.979613e-005
0.35307200000000005	2.010733e-004	4.964076e-005
0.353349	1.756007e-004	4.957147e-005
0.353626	1.755941e-004	4.951346e-005
0.353904	1.687367e-004	4.963846e-005
0.354181	1.268782e-004	4.953969e-005
0.354458	1.434097e-004	4.960386e-005
0.354735	1.762186e-004	4.924998e-005
0.35501200000000005	2.060105e-004	4.948710e-005
0.355289	1.819357e-004	4.941304e-005
0.35556600000000005	2.327936e-004	4.952642e-005
0.355843	2.003458e-004	4.932761e-005
0.35612	1.169693e-004	4.936631e-005
0.356397	1.767834e-004	4.949756e-005
0.356674	1.835709e-004	4.920336e-005
0.356951	1.293532e-004	4.924245e-005
0.35722800000000005	1.988102e-004	4.933399e-005
0.357505	1.465928e-004	4.932743e-005
0.35778200000000004	1.491891e-004	4.944853e-005
0.358059	1.366374e-004	4.905651e-005
0.358337	2.415630e-004	4.927356e-005
0.358614	1.665794e-004	4.921455e-005
0.358891	1.214808e-004	4.913380e-005
0.35916800000000004	1.294025e-004	4.928161e-005
0.359445	2.067633e-004	4.911427e-005
0.35972200000000004	1.695893e-004	4.927614e-005
0.359999	2.134825e-004	4.903269e-005
0.36027600000000004	2.509526e-004	4.912860e-005
0.360553	2.721199e-004	4.923526e-005
0.36083	1.567278e-004	4.897344e-005
0.361107	1.235361e-004	4.919739e-005
0.36138400000000004	1.694285e-004	4.903182e-005
0.361661	1.123842e-004	4.879077e-005
0.36193800000000004	1.474371e-004	4.901667e-005
0.362215	1.368126e-004	4.897112e-005
0.362493	1.495090e-004	4.919758e-005
0.36277000000000004	2.161603e-004	4.885476e-005
0.363047	2.079119e-004	4.897040e-005
0.363324	1.556838e-004	4.900650e-005
0.36360100000000006	2.730996e-004	4.873818e-005
0.36387800000000003	1.216207e-004	4.897320e-005
0.364155	2.197517e-004	4.900580e-005
0.36443200000000003	1.745586e-004	4.897484e-005
0.364709	1.231025e-004	4.877895e-005
0.36498600000000003	1.697036e-004	4.874619e-005
0.365263	1.967444e-004	4.875752e-005
0.36554000000000003	9.060826e-005	4.873128e-005
0.36581700000000006	1.859619e-004	4.908854e-005
0.36609400000000003	2.011094e-004	4.871387e-005
0.366371	1.633122e-004	4.859191e-005
0.36664800000000003	1.225944e-004	4.871717e-005
0.36692600000000003	1.688854e-004	4.872342e-005
0.367203	1.192510e-004	4.886294e-005
0.36748000000000003	2.441522e-004	4.861011e-005
0.367757	1.530180e-004	4.869323e-005
0.36803400000000003	2.093365e-004	4.881468e-005
0.36831100000000006	9.838810e-005	4.860538e-005
0.368588	1.485162e-004	4.855051e-005
0.368865	1.861917e-004	4.861672e-005
0.369142	1.727114e-004	4.876346e-005
0.369419	9.097392e-005	4.862236e-005
0.369696	2.002852e-004	4.844014e-005
0.36997300000000005	1.824570e-004	4.858715e-005
0.37025	1.387377e-004	4.846561e-005
0.37052700000000005	8.231322e-005	4.868267e-005
0.370804	1.406321e-004	4.855878e-005
0.371082	2.737481e-005	4.832662e-005
0.371359	7.058776e-005	4.835663e-005
0.371636	1.438567e-004	4.851258e-005
0.371913	2.127565e-004	4.853632e-005
0.37219	2.569380e-004	4.855543e-005
0.37246700000000005	7.288866e-005	4.850931e-005
0.372744	1.613771e-004	4.849153e-005
0.37302100000000005	1.848069e-004	4.851385e-005
0.373298	1.969854e-004	4.852383e-005
0.373575	1.785044e-004	4.849625e-005
0.373852	1.120455e-004	4.867258e-005
0.374129	1.950388e-004	4.852883e-005
0.374406	1.819031e-004	4.857712e-005
0.37468300000000004	1.342059e-004	4.844215e-005
0.37496	2.210766e-004	4.851526e-005
0.37523700000000004	1.679973e-004	4.866066e-005
0.37551500000000004	1.056098e-004	4.854843e-005
0.375792	2.289920e-004	4.863085e-005
0.376069	1.443123e-004	4.874321e-005
0.376346	1.543548e-004	4.849152e-005
0.37662300000000004	1.594428e-004	4.868918e-005
0.3769	9.318572e-005	4.852169e-005
0.37717700000000004	2.912293e-004	4.889301e-005
0.377454	1.983686e-004	4.872468e-005
0.37773100000000004	1.166601e-004	4.861403e-005
0.378008	1.157542e-004	4.869511e-005
0.378285	1.241411e-004	4.864707e-005
0.37856200000000007	1.382011e-004	4.887658e-005
0.37883900000000004	1.309902e-004	4.868043e-005
0.379116	1.680277e-004	4.876711e-005
0.37939300000000004	1.550301e-004	4.881001e-005
0.37967100000000004	1.775575e-004	4.888575e-005
0.379948	1.010361e-004	4.877863e-005
0.38022500000000004	1.977435e-004	4.899679e-005
0.380502	1.773664e-004	4.877212e-005
0.380779	2.153393e-004	4.894257e-005
0.38105600000000006	7.866755e-005	4.891215e-005
0.38133300000000003	1.851996e-004	4.883849e-005
0.38161	1.148547e-004	4.864444e-005
0.38188700000000003	1.920181e-004	4.887927e-005
0.382164	1.824198e-004	4.886025e-005
0.38244100000000003	1.251865e-004	4.873218e-005
0.382718	1.130718e-004	4.848745e-005
0.38299500000000003	1.969217e-004	4.885499e-005
0.38327200000000006	1.654857e-004	4.871385e-005
0.38354900000000003	1.500866e-004	4.872825e-005
0.383826	1.109520e-004	4.847140e-005
0.384104	2.064143e-004	4.863088e-005
0.38438100000000003	1.806165e-004	4.879637e-005
0.384658	2.191349e-004	4.879567e-005
0.384935	1.057627e-004	4.871339e-005
0.38521200000000005	1.633937e-004	4.863678e-005
0.385489	1.133060e-004	4.874812e-005
0.38576600000000005	2.158530e-004	4.878794e-005
0.386043	1.807210e-004	4.884728e-005
0.38632	1.039590e-004	4.849652e-005
0.386597	2.279347e-004	4.935058e-005
0.386874	1.634365e-004	4.995744e-005
0.387151	2.498855e-004	5.042322e-005
0.38742800000000005	1.350265e-004	5.045245e-005
0.387705	1.591431e-004	5.099417e-005
0.38798200000000005	1.566899e-004	5.148409e-005
0.388259	1.768161e-004	5.141442e-005
0.388537	1.512225e-004	5.168965e-005
0.388814	1.372080e-004	5.196343e-005
0.389091	1.302623e-004	5.221094e-005
0.389368	9.740406e-005	5.243643e-005
0.389645	1.533325e-004	5.256663e-005
0.38992200000000005	1.496876e-004	5.274933e-005
0.390199	2.095783e-004	5.292550e-005
0.39047600000000005	8.123379e-005	5.337499e-005
0.390753	1.095280e-004	5.326243e-005
0.39103	1.257670e-004	5.315188e-005
0.391307	1.942972e-004	5.365989e-005
0.39158400000000004	1.841808e-004	5.359043e-005
0.391861	1.832945e-004	5.405998e-005
0.39213800000000004	1.736179e-004	5.387579e-005
0.392415	1.896000e-004	5.385880e-005
0.392693	1.560354e-004	5.427173e-005
0.39297000000000004	1.616427e-004	5.406074e-005
0.393247	1.662690e-004	5.402452e-005
0.393524	1.632320e-004	5.315913e-005
0.393801	1.833074e-004	5.272249e-005
0.39407800000000004	1.343264e-004	5.237592e-005
0.394355	1.852092e-004	5.216803e-005
0.39463200000000004	1.121835e-004	5.199069e-005
0.394909	1.504345e-004	5.195680e-005
0.39518600000000004	1.123164e-004	5.148031e-005
0.395463	1.245573e-004	5.154057e-005
0.39574	2.312716e-004	5.140364e-005
0.39601700000000006	2.032761e-004	5.146264e-005
0.39629400000000004	1.523384e-004	5.137983e-005
0.396571	2.586403e-004	5.147530e-005
0.39684800000000003	7.063280e-005	5.108851e-005
0.39712600000000003	8.984111e-005	5.117983e-005
0.397403	2.742825e-004	5.126079e-005
0.39768000000000003	1.295308e-004	5.119184e-005
0.397957	1.537714e-004	5.138236e-005
0.39823400000000003	1.403255e-004	5.122891e-005
0.39851100000000006	1.747405e-004	5.134984e-005
0.39878800000000003	1.349515e-004	5.115525e-005
0.399065	1.200631e-004	5.133189e-005
0.39934200000000003	1.848084e-004	5.116836e-005
0.399619	2.106017e-004	5.134601e-005
0.39989600000000003	1.452490e-004	5.140015e-005
0.40017300000000006	7.425191e-005	5.109146e-005
0.40045000000000003	1.396358e-004	5.116778e-005
0.40072700000000006	1.011173e-004	5.109978e-005
0.401004	1.605022e-004	5.124010e-005
0.40128199999999997	1.451213e-004	5.136952e-005
0.40155900000000005	1.158260e-004	5.110418e-005
0.4018360000000001	1.560685e-004	5.136529e-005
0.40211300000000005	2.573534e-004	5.128642e-005
0.40239	9.469481e-005	5.120982e-005
0.40266700000000005	1.178306e-004	5.115594e-005
0.402944	1.450131e-004	5.104188e-005
0.40322100000000005	8.791519e-005	5.140142e-005
0.403498	2.191815e-004	5.122376e-005
0.403775	1.399249e-004	5.120113e-005
0.404052	1.698505e-004	5.122171e-005
0.404329	1.606427e-004	5.101472e-005
0.404606	1.453476e-004	5.146282e-005
0.404883	1.375273e-004	5.110058e-005
0.40515999999999996	7.937246e-005	5.099956e-005
0.405437	1.240637e-004	5.128987e-005
0.40571500000000005	1.303273e-004	5.085501e-005
0.405992	1.617646e-004	5.138641e-005
0.406269	9.782852e-005	5.096289e-005
0.406546	1.908466e-004	5.129773e-005
0.406823	1.519708e-004	5.128304e-005
0.4071	1.779237e-004	5.103365e-005
0.407377	1.482912e-004	5.116511e-005
0.40765399999999996	1.243795e-004	5.107117e-005
0.40793100000000004	1.745662e-004	5.128863e-005
0.40820800000000007	1.130070e-004	5.113852e-005
0.40848500000000004	2.288470e-004	5.101353e-005
0.40876200000000007	8.897987e-005	5.097556e-005
0.40903900000000004	1.282917e-004	5.101997e-005
0.409316	1.124665e-004	5.119609e-005
0.40959300000000004	1.398961e-004	5.114759e-005
0.409871	2.241841e-004	5.086980e-005
0.41014799999999996	2.634067e-004	5.116290e-005
0.41042500000000004	1.810052e-004	5.089255e-005
0.41070200000000007	1.040822e-004	5.095861e-005
0.41097900000000004	1.504973e-004	5.084751e-005
0.41125600000000007	1.447733e-004	5.098157e-005
0.41153300000000004	2.232770e-004	5.084836e-005
0.41181	1.614336e-004	5.086116e-005
0.41208700000000004	1.344728e-004	5.085040e-005
0.412364	1.436158e-004	5.082517e-005
0.41264100000000004	1.034401e-004	5.107859e-005
0.412918	1.245329e-004	5.065003e-005
0.413195	3.946829e-005	5.072504e-005
0.413472	2.812396e-004	5.098047e-005
0.413749	1.196983e-004	5.101806e-005
0.414026	1.460638e-004	5.084743e-005
0.414304	1.035826e-004	5.079324e-005
0.41458100000000003	1.033988e-004	5.087838e-005
0.414858	9.875670e-005	5.090686e-005
0.41513500000000003	1.007790e-004	5.087984e-005
0.415412	1.991870e-004	5.091364e-005
0.415689	1.949660e-004	5.076754e-005
0.415966	2.342656e-004	5.108702e-005
0.416243	1.032078e-004	5.085073e-005
0.41652	8.065985e-005	5.089697e-005
0.4167970000000001	1.415866e-004	5.087770e-005
0.41707400000000006	2.401110e-004	5.090733e-005
0.417351	1.953820e-004	5.132252e-005
0.41762800000000005	1.535322e-004	5.068453e-005
0.417905	1.488896e-004	5.082921e-005
0.41818200000000005	2.155698e-004	5.104484e-005
0.41846	1.010314e-004	5.088034e-005
0.41873699999999997	2.128458e-004	5.116564e-005
0.41901400000000005	9.318119e-005	5.067109e-005
0.4192910000000001	8.323453e-005	5.097483e-005
0.41956800000000005	9.604121e-005	5.106881e-005
0.419845	7.394351e-005	5.070273e-005
0.42012200000000005	1.464448e-004	5.110983e-005
0.420399	1.838327e-004	5.080547e-005
0.42067600000000005	7.548032e-005	5.119302e-005
0.420953	1.439369e-004	5.093407e-005
0.42123	1.778435e-004	5.086354e-005
0.421507	7.254030e-005	5.094093e-005
0.421784	1.003149e-004	5.082987e-005
0.422061	1.185054e-004	5.108155e-005
0.422338	1.993662e-004	5.094748e-005
0.42261499999999996	2.403083e-004	5.107723e-005
0.422893	5.956941e-006	5.096019e-005
0.42317000000000005	2.739570e-004	5.105482e-005
0.423447	2.267372e-004	5.120660e-005
0.423724	7.316838e-005	5.085682e-005
0.424001	1.609144e-004	5.122580e-005
0.424278	2.509326e-004	5.121175e-005
0.424555	1.686030e-004	5.089347e-005
0.424832	1.097834e-004	5.108595e-005
0.42510899999999996	3.172948e-005	5.084337e-005
0.42538600000000004	1.615939e-004	5.120944e-005
0.42566300000000007	1.184743e-004	5.104202e-005
0.42594000000000004	1.464022e-004	5.105620e-005
0.42621700000000007	1.639280e-004	5.104038e-005
0.42649400000000004	1.506144e-004	5.107256e-005
0.426771	2.172534e-004	5.105539e-005
0.427049	2.470700e-004	5.122402e-005
0.427326	1.434271e-004	5.112205e-005
0.42760300000000007	2.237099e-004	5.101636e-005
0.42788000000000004	1.478335e-004	5.110045e-005
0.42815700000000007	1.774242e-004	5.081135e-005
0.42843400000000004	1.926152e-004	5.106954e-005
0.42871100000000006	1.892359e-004	5.103403e-005
0.42898800000000004	1.066369e-004	5.095373e-005
0.429265	1.463223e-004	5.076336e-005
0.42954200000000003	1.558872e-004	5.099216e-005
0.429819	6.871451e-005	5.070668e-005
0.43009600000000003	1.509131e-004	5.099651e-005
0.430373	1.382213e-004	5.071637e-005
0.43065	3.672221e-005	5.108716e-005
0.430927	1.715893e-004	5.073919e-005
0.431204	2.390482e-004	5.077771e-005
0.43148200000000003	7.561729e-005	5.098994e-005
0.431759	1.043588e-004	5.053158e-005
0.43203600000000003	2.487912e-005	5.106602e-005
0.432313	6.233658e-005	5.066091e-005
0.43259000000000003	1.010567e-004	5.091431e-005
0.432867	1.326164e-004	5.083988e-005
0.433144	1.673994e-004	5.075169e-005
0.433421	1.154481e-004	5.082226e-005
0.433698	7.191393e-005	5.060202e-005
0.43397500000000006	6.826594e-005	5.093250e-005
0.4342520000000001	1.238107e-004	5.071385e-005
0.43452900000000005	1.293044e-004	5.061542e-005
0.434806	2.721220e-005	5.077601e-005
0.43508300000000005	5.301942e-005	5.057508e-005
0.43536	1.191156e-004	5.085137e-005
0.43563700000000005	9.163778e-005	5.074460e-005
0.435915	7.983438e-005	5.050802e-005
0.43619199999999997	1.246066e-004	5.097868e-005
0.43646900000000005	1.966924e-004	5.072190e-005
0.4367460000000001	6.667573e-005	5.086876e-005
0.43702300000000005	2.874834e-005	5.066861e-005
0.4373	1.077612e-004	5.072157e-005
0.43757700000000005	1.174491e-004	5.095347e-005
0.437854	2.150009e-004	5.057893e-005
0.43813100000000005	8.275036e-005	5.081142e-005
0.438408	2.391012e-004	5.089447e-005
0.438685	1.816295e-004	5.092122e-005
0.438962	1.235478e-004	5.085404e-005
0.439239	1.999108e-004	5.086238e-005
0.439516	1.602400e-004	5.087396e-005
0.439793	1.131895e-004	5.099628e-005
0.44007100000000005	1.418406e-004	5.114655e-005
0.440348	1.373822e-004	5.086410e-005
0.44062500000000004	1.477082e-004	5.094457e-005
0.440902	1.526588e-004	5.102714e-005
0.441179	1.434094e-004	5.115035e-005
0.441456	1.302391e-004	5.093285e-005
0.441733	1.223242e-004	5.098929e-005
0.44201	2.119318e-004	5.109911e-005
0.442287	1.603240e-004	5.091915e-005
0.44256399999999996	2.194258e-004	5.088972e-005
0.44284100000000004	4.554164e-005	5.070279e-005
0.44311800000000007	1.087498e-004	5.084292e-005
0.44339500000000004	1.037605e-004	5.088506e-005
0.44367200000000007	9.487335e-005	5.072110e-005
0.44394900000000004	1.057009e-004	5.059609e-005
0.444226	2.095499e-004	5.087030e-005
0.444504	2.228918e-004	5.080993e-005
0.444781	7.353889e-005	5.071966e-005
0.44505800000000006	1.399547e-004	5.059836e-005
0.44533500000000004	1.697807e-004	5.132064e-005
0.44561200000000006	1.446703e-004	5.184080e-005
0.44588900000000004	1.244314e-004	5.245282e-005
0.44616600000000006	6.173639e-005	5.279681e-005
0.44644300000000003	6.088430e-005	5.301926e-005
0.44672	1.396845e-004	5.359170e-005
0.44699700000000003	1.451695e-004	5.363247e-005
0.447274	1.232292e-004	5.389745e-005
0.44755100000000003	1.149690e-004	5.434374e-005
0.447828	6.485316e-005	5.446375e-005
0.448105	1.721628e-004	5.483682e-005
0.448382	1.717868e-004	5.489535e-005
0.44866000000000006	1.750406e-004	5.515984e-005
0.44893700000000003	1.204795e-004	5.554218e-005
0.449214	1.118948e-004	5.542431e-005
0.44949100000000003	6.552831e-005	5.600636e-005
0.449768	1.555191e-004	5.574182e-005
0.45004500000000003	7.793713e-005	5.635246e-005
0.450322	8.034005e-005	5.646661e-005
0.45059899999999997	1.012993e-004	5.625050e-005
0.450876	8.152462e-005	5.678400e-005
0.45115299999999997	1.072435e-004	5.667065e-005
0.45143000000000005	1.582531e-004	5.733588e-005
0.4517070000000001	1.787816e-004	5.734703e-005
0.45198400000000005	1.605539e-004	5.645017e-005
0.452261	2.536535e-004	5.594287e-005
0.45253800000000005	1.014029e-004	5.525122e-005
0.452815	1.653254e-004	5.508224e-005
0.45309299999999997	2.472902e-004	5.477867e-005
0.45337	2.429697e-004	5.479509e-005
0.45364699999999997	1.196036e-004	5.449197e-005
0.45392400000000005	1.605617e-004	5.410089e-005
0.4542010000000001	1.195417e-004	5.439533e-005
0.45447800000000005	1.581091e-004	5.402252e-005
0.454755	2.071053e-004	5.427262e-005
0.45503200000000005	1.691267e-004	5.388500e-005
0.455309	1.947175e-004	5.379962e-005
0.45558600000000005	1.970674e-004	5.368658e-005
0.455863	8.868161e-005	5.391760e-005
0.45614	1.105389e-004	5.403528e-005
0.456417	8.998314e-005	5.367820e-005
0.456694	1.308400e-004	5.354139e-005
0.456971	1.208960e-004	5.365807e-005
0.457249	1.498316e-004	5.373413e-005
0.45752600000000004	1.705857e-004	5.355160e-005
0.457803	1.788230e-004	5.357135e-005
0.45808000000000004	1.274685e-004	5.371422e-005
0.458357	1.971558e-004	5.336476e-005
0.458634	8.826866e-005	5.343966e-005
0.458911	1.293473e-004	5.342551e-005
0.459188	2.152362e-004	5.352205e-005
0.459465	1.684791e-004	5.395435e-005
0.459742	2.179620e-004	5.337987e-005
0.46001899999999996	9.212386e-005	5.343811e-005
0.46029600000000004	5.259607e-005	5.313759e-005
0.46057300000000007	1.271325e-004	5.333607e-005
0.46085000000000004	1.333871e-004	5.347100e-005
0.46112700000000006	1.916912e-004	5.332806e-005
0.46140400000000004	1.187546e-004	5.345377e-005
0.461682	1.439226e-004	5.314692e-005
0.461959	8.858628e-005	5.328919e-005
0.462236	8.429655e-005	5.343520e-005
0.46251300000000006	1.048971e-004	5.298526e-005
0.46279000000000003	1.574231e-004	5.343639e-005
0.46306700000000006	9.675590e-005	5.323817e-005
0.46334400000000003	4.838768e-005	5.293284e-005
0.46362100000000006	1.372144e-004	5.337384e-005
0.46389800000000003	1.515705e-004	5.317234e-005
0.464175	1.643203e-004	5.328209e-005
0.46445200000000003	3.374599e-005	5.307032e-005
0.464729	1.690805e-004	5.316858e-005
0.46500600000000003	1.875136e-004	5.318451e-005
0.465283	1.326904e-004	5.311863e-005
0.46556	1.405732e-004	5.321583e-005
0.46583800000000003	1.336085e-004	5.307730e-005
0.46611500000000006	1.797221e-004	5.308980e-005
0.46639200000000003	1.474592e-004	5.316332e-005
0.466669	1.155566e-004	5.310502e-005
0.466946	4.480075e-005	5.279471e-005
0.467223	1.743215e-004	5.300132e-005
0.4675	9.007431e-005	5.288934e-005
0.467777	1.302473e-004	5.300491e-005
0.46805399999999997	1.045248e-004	5.288363e-005
0.468331	1.304248e-004	5.276263e-005
0.46860799999999997	5.185404e-005	5.272117e-005
0.46888500000000005	1.209764e-004	5.295595e-005
0.4691620000000001	1.507705e-004	5.279851e-005
0.46943900000000005	5.928543e-005	5.266536e-005
0.469716	6.713805e-005	5.248188e-005
0.46999300000000005	1.864117e-004	5.278325e-005
0.470271	1.981490e-004	5.278133e-005
0.47054799999999997	1.314203e-004	5.270240e-005
0.470825	1.214743e-004	5.256047e-005
0.4711020000000001	1.692312e-004	5.267614e-005
0.47137900000000005	1.696908e-004	5.256792e-005
0.4716560000000001	1.827229e-004	5.261382e-005
0.47193300000000005	1.312382e-004	5.251709e-005
0.47221	5.340947e-005	5.277006e-005
0.47248700000000005	2.072368e-004	5.273080e-005
0.472764	1.521518e-004	5.256787e-005
0.47304100000000004	1.375488e-005	5.251678e-005
0.473318	1.572480e-004	5.245832e-005
0.473595	1.094983e-004	5.282025e-005
0.473872	1.190322e-004	5.243159e-005
0.474149	9.363772e-005	5.264686e-005
0.47442700000000004	1.121323e-004	5.264620e-005
0.474704	1.146295e-004	5.240713e-005
0.47498100000000004	1.722077e-004	5.287986e-005
0.475258	8.384747e-005	5.237154e-005
0.47553500000000004	1.376582e-004	5.261066e-005
0.475812	1.117725e-004	5.278023e-005
0.476089	1.441254e-004	5.236673e-005
0.476366	1.841012e-004	5.275035e-005
0.476643	5.561045e-005	5.242495e-005
0.47692	1.623070e-004	5.277881e-005
0.477197	1.415196e-004	5.256078e-005
0.47747400000000007	1.507112e-004	5.248466e-005
0.47775100000000004	4.970353e-005	5.257318e-005
0.47802800000000006	1.543964e-004	5.256551e-005
0.47830500000000004	1.427042e-004	5.274355e-005
0.47858200000000006	1.575447e-004	5.247400e-005
0.47886	9.328052e-005	5.259128e-005
0.479137	1.082763e-004	5.276636e-005
0.479414	6.898680e-005	5.234229e-005
0.479691	1.043207e-004	5.259766e-005
0.47996800000000006	1.465860e-004	5.237049e-005
0.48024500000000003	1.250750e-004	5.265649e-005
0.48052200000000006	9.501673e-005	5.255608e-005
0.48079900000000003	4.115606e-005	5.228227e-005
0.48107600000000006	1.528055e-004	5.267094e-005
0.48135300000000003	1.312022e-004	5.215400e-005
0.48163	9.810002e-005	5.258996e-005
0.48190700000000003	1.016751e-004	5.243308e-005
0.482184	1.594118e-004	5.218037e-005
0.48246100000000003	1.144175e-004	5.267446e-005
0.482738	5.283587e-005	5.200194e-005
0.48301499999999997	1.688625e-004	5.236619e-005
0.48329300000000003	1.101698e-004	5.220917e-005
0.48357000000000006	1.206958e-004	5.229426e-005
0.483847	2.096715e-004	5.251171e-005
0.484124	1.883169e-004	5.216926e-005
0.484401	1.648628e-004	5.235622e-005
0.484678	1.853014e-004	5.219014e-005
0.484955	2.062403e-004	5.236165e-005
0.485232	9.601915e-005	5.228006e-005
0.48550899999999997	1.335619e-004	5.216264e-005
0.485786	1.318936e-004	5.230415e-005
0.48606299999999997	1.180885e-004	5.209448e-005
0.48634000000000005	1.315357e-004	5.233292e-005
0.4866170000000001	1.775773e-004	5.214174e-005
0.48689400000000005	7.046710e-005	5.219309e-005
0.487171	1.563318e-004	5.230170e-005
0.487449	3.104266e-005	5.181014e-005
0.487726	4.295983e-005	5.219083e-005
0.48800299999999996	6.826211e-006	5.173969e-005
0.48828	7.085505e-005	5.231833e-005
0.4885570000000001	8.700859e-005	5.204968e-005
0.48883400000000005	1.957711e-004	5.227749e-005
0.4891110000000001	1.596970e-004	5.225179e-005
0.48938800000000005	1.368788e-004	5.189453e-005
0.489665	1.053930e-004	5.226247e-005
0.48994200000000004	1.966191e-004	5.207615e-005
0.490219	1.558293e-004	5.221597e-005
0.49049600000000004	7.678779e-005	5.237733e-005
0.490773	9.329467e-005	5.183406e-005
0.49105	5.643732e-005	5.230771e-005
0.491327	3.520496e-005	5.187253e-005
0.491604	8.513859e-005	5.227525e-005
0.49188200000000004	6.684534e-005	5.218941e-005
0.492159	1.352148e-004	5.215030e-005
0.49243600000000004	1.225590e-004	5.245633e-005
0.492713	1.536344e-004	5.204889e-005
0.49299000000000004	9.960013e-005	5.239745e-005
0.493267	1.291399e-004	5.225455e-005
0.493544	1.567410e-004	5.236021e-005
0.493821	1.221354e-004	5.260072e-005
0.494098	1.964869e-004	5.220413e-005
0.494375	1.527939e-004	5.223131e-005
0.494652	7.137001e-005	5.240195e-005
0.49492900000000006	1.712044e-004	5.210744e-005
0.49520600000000004	9.486862e-005	5.247242e-005
0.49548300000000006	1.422199e-004	5.212424e-005
0.49576000000000003	1.559115e-004	5.224573e-005
0.496038	6.141553e-005	5.210021e-005
0.496315	1.724234e-004	5.212841e-005
0.496592	9.560743e-005	5.230573e-005
0.496869	3.887077e-005	5.215923e-005
0.4971460000000001	2.462346e-004	5.238603e-005
0.49742300000000006	1.589546e-004	5.228084e-005
0.49770000000000003	8.512009e-005	5.216266e-005
0.49797700000000006	9.455423e-005	5.222074e-005
0.49825400000000003	1.514999e-004	5.223325e-005
0.49853100000000006	4.619317e-005	5.213815e-005
0.49880800000000003	1.361201e-005	5.220387e-005
0.499085	1.203280e-004	5.211858e-005
0.49936200000000003	1.035007e-004	5.237711e-005
0.499639	1.214749e-004	5.231333e-005
0.499916	5.930308e-005	5.220179e-005
0.500193	6.919131e-005	5.228894e-005
0.500471	1.791515e-004	5.226332e-005
0.5007480000000001	6.004707e-005	5.244083e-005
0.501025	1.933389e-004	5.231410e-005
0.501302	1.225556e-004	5.251205e-005
0.501579	1.566018e-004	5.240426e-005
0.501856	2.184239e-004	5.255261e-005
0.502133	1.348780e-004	5.251515e-005
0.50241	1.652518e-004	5.242115e-005
0.502687	2.006793e-004	5.251808e-005
0.502964	1.267499e-004	5.246997e-005
0.5032409999999999	8.623458e-005	5.252937e-005
0.503518	-3.073820e-005	5.238329e-005
0.5037950000000001	1.638409e-004	5.255476e-005
0.5040720000000001	1.069085e-004	5.304842e-005
0.504349	2.230369e-004	5.415765e-005
0.504627	1.434528e-004	5.451929e-005
0.504904	1.079503e-004	5.503859e-005
0.505181	9.303646e-005	5.528986e-005
0.505458	6.600746e-005	5.563434e-005
0.5057349999999999	2.148029e-004	5.622508e-005
0.506012	2.038258e-004	5.620511e-005
0.5062890000000001	7.161591e-005	5.674646e-005
0.5065660000000001	9.382175e-005	5.695934e-005
0.506843	2.357891e-004	5.724499e-005
0.50712	1.916732e-004	5.759015e-005
0.507397	1.170517e-004	5.766039e-005
0.5076740000000001	1.303487e-004	5.800262e-005
0.507951	1.936976e-004	5.780639e-005
0.508228	1.302284e-004	5.826327e-005
0.508505	5.895658e-005	5.851357e-005
0.508782	5.648223e-005	5.865834e-005
0.5090600000000001	3.463337e-005	5.878341e-005
0.509337	2.501430e-004	5.928858e-005
0.509614	1.070342e-004	5.907633e-005
0.509891	6.537766e-005	5.966676e-005
0.5101680000000001	6.227458e-005	5.925528e-005
0.510445	1.582236e-004	5.967262e-005
0.510722	1.413037e-004	5.906637e-005
0.510999	7.684396e-005	5.790076e-005
0.511276	2.377444e-005	5.740676e-005
0.511553	1.331013e-004	5.707529e-005
0.51183	1.120691e-004	5.669716e-005
0.512107	1.007110e-004	5.651956e-005
0.5123840000000001	1.256448e-004	5.623744e-005
0.512661	2.045695e-004	5.635116e-005
0.512938	1.146523e-004	5.571965e-005
0.513216	1.148765e-004	5.584066e-005
0.513493	-1.206945e-005	5.574846e-005
0.51377	1.677415e-004	5.530984e-005
0.514047	1.378617e-004	5.575426e-005
0.514324	5.921020e-005	5.532035e-005
0.5146010000000001	1.271836e-004	5.563366e-005
0.5148780000000001	1.128440e-004	5.536813e-005
0.515155	9.422716e-005	5.533022e-005
0.515432	8.017590e-005	5.516500e-005
0.5157090000000001	1.953277e-004	5.535475e-005
0.5159860000000001	1.117567e-004	5.504101e-005
0.516263	1.180800e-004	5.520617e-005
0.51654	1.628718e-004	5.496956e-005
0.516817	6.992410e-005	5.518402e-005
0.517094	1.259883e-004	5.517859e-005
0.517371	1.373082e-004	5.495147e-005
0.517649	1.858759e-004	5.532844e-005
0.517926	2.004587e-004	5.504808e-005
0.5182030000000001	8.514870e-005	5.501496e-005
0.51848	5.405498e-005	5.496330e-005
0.518757	-6.507887e-006	5.471441e-005
0.519034	1.405889e-004	5.502254e-005
0.519311	5.847129e-005	5.472861e-005
0.519588	4.405480e-005	5.491341e-005
0.519865	1.190196e-004	5.497609e-005
0.520142	1.416349e-004	5.465147e-005
0.520419	4.649123e-005	5.482928e-005
0.5206959999999999	8.453123e-005	5.472472e-005
0.520973	1.722558e-004	5.480678e-005
0.5212500000000001	9.295669e-005	5.482599e-005
0.5215270000000001	2.514941e-005	5.446323e-005
0.521805	1.919769e-004	5.484615e-005
0.522082	2.011965e-004	5.461439e-005
0.522359	1.498514e-004	5.452999e-005
0.522636	1.881078e-004	5.460555e-005
0.522913	8.652901e-005	5.447634e-005
0.52319	1.567012e-004	5.446051e-005
0.523467	1.206703e-004	5.452643e-005
0.5237440000000001	1.739472e-004	5.432306e-005
0.5240210000000001	9.903414e-005	5.443939e-005
0.524298	7.088648e-005	5.417034e-005
0.524575	-1.772926e-007	5.436621e-005
0.524852	1.007488e-004	5.421442e-005
0.5251290000000001	1.386628e-004	5.412760e-005
0.525406	3.137991e-005	5.428074e-005
0.525683	1.372170e-004	5.410995e-005
0.52596	-2.243958e-005	5.384114e-005
0.5262380000000001	1.753965e-004	5.434763e-005
0.5265150000000001	1.033238e-004	5.395320e-005
0.526792	1.341053e-004	5.412899e-005
0.527069	1.487195e-004	5.398851e-005
0.527346	1.245252e-004	5.396712e-005
0.5276230000000001	1.702195e-004	5.428066e-005
0.5279	1.502251e-004	5.386611e-005
0.528177	1.206829e-004	5.414751e-005
0.528454	1.410294e-004	5.402798e-005
0.528731	1.015699e-004	5.409972e-005
0.529008	5.036637e-005	5.395638e-005
0.529285	1.783720e-004	5.407833e-005
0.5295620000000001	1.698835e-004	5.391371e-005
0.5298390000000001	6.205205e-005	5.398628e-005
0.530116	1.068150e-004	5.383735e-005
0.530393	8.094458e-005	5.420062e-005
0.530671	1.315808e-004	5.390769e-005
0.530948	1.505190e-004	5.403086e-005
0.531225	9.939408e-005	5.397340e-005
0.531502	2.204681e-004	5.393262e-005
0.531779	1.706196e-004	5.397664e-005
0.5320560000000001	6.934148e-005	5.392485e-005
0.5323330000000001	1.279403e-004	5.406624e-005
0.53261	1.186396e-004	5.371978e-005
0.532887	5.525303e-005	5.396034e-005
0.5331640000000001	1.136146e-004	5.399126e-005
0.533441	1.880285e-004	5.409217e-005
0.533718	1.422706e-004	5.391792e-005
0.533995	1.972626e-004	5.400192e-005
0.534272	1.445627e-004	5.393311e-005
0.534549	8.977045e-005	5.401852e-005
0.534827	1.123283e-004	5.390053e-005
0.535104	1.200098e-004	5.403999e-005
0.535381	1.246647e-004	5.373760e-005
0.5356580000000001	2.532419e-004	5.415371e-005
0.535935	9.920466e-005	5.387380e-005
0.536212	1.940580e-004	5.396129e-005
0.536489	7.077163e-005	5.395255e-005
0.536766	-1.732405e-005	5.369362e-005
0.537043	7.570620e-005	5.406502e-005
0.53732	6.468697e-005	5.376430e-005
0.537597	4.806588e-005	5.381358e-005
0.537874	1.232998e-004	5.408731e-005
0.5381509999999999	1.700931e-004	5.387955e-005
0.538428	1.905652e-004	5.400166e-005
0.5387050000000001	1.056392e-004	5.388027e-005
0.5389820000000001	6.037194e-005	5.381745e-005
0.53926	7.577568e-005	5.400124e-005
0.539537	9.895201e-005	5.375697e-005
0.539814	1.923565e-004	5.412558e-005
0.540091	1.191198e-004	5.381059e-005
0.540368	1.376952e-004	5.381784e-005
0.540645	9.862785e-005	5.392281e-005
0.540922	4.438417e-005	5.372032e-005
0.5411990000000001	1.388271e-004	5.379482e-005
0.5414760000000001	1.230950e-004	5.382628e-005
0.541753	1.209033e-004	5.369706e-005
0.54203	1.554621e-004	5.371045e-005
0.542307	5.320344e-005	5.372367e-005
0.5425840000000001	1.069538e-004	5.376841e-005
0.542861	2.116864e-005	5.367331e-005
0.543138	7.575244e-005	5.364712e-005
0.543416	4.604688e-005	5.386957e-005
0.5436930000000001	1.629621e-004	5.366148e-005
0.5439700000000001	1.176937e-004	5.374763e-005
0.544247	1.601996e-005	5.368609e-005
0.544524	4.856234e-005	5.374152e-005
0.544801	9.672767e-005	5.368736e-005
0.5450780000000001	1.246769e-004	5.388065e-005
0.545355	1.039045e-004	5.369611e-005
0.545632	1.601601e-004	5.377878e-005
0.545909	1.292410e-004	5.378183e-005
0.546186	1.498772e-004	5.376845e-005
0.546463	1.844205e-004	5.383230e-005
0.54674	1.157416e-004	5.384520e-005
0.5470170000000001	2.496487e-005	5.377649e-005
0.5472940000000001	1.838746e-004	5.407812e-005
0.547571	4.716639e-005	5.381867e-005
0.547849	3.077855e-005	5.381022e-005
0.548126	1.134755e-004	5.386136e-005
0.548403	1.569216e-004	5.379853e-005
0.54868	1.671837e-004	5.395603e-005
0.548957	2.295133e-004	5.385006e-005
0.5492340000000001	9.012627e-005	5.390351e-005
0.5495110000000001	1.742123e-004	5.358237e-005
0.549788	1.099302e-004	5.384397e-005
0.550065	1.380230e-004	5.388992e-005
0.550342	1.605313e-004	5.372113e-005
0.5506190000000001	1.039306e-004	5.372341e-005
0.550896	1.270156e-004	5.399155e-005
0.551173	1.887492e-004	5.379229e-005
0.55145	1.009417e-004	5.386850e-005
0.551727	1.875372e-004	5.373920e-005
0.5520050000000001	6.723718e-005	5.381021e-005
0.552282	9.743903e-005	5.394173e-005
0.552559	9.432074e-005	5.359456e-005
0.552836	1.803799e-004	5.401447e-005
0.5531130000000001	1.299433e-005	5.359187e-005
0.55339	1.738020e-004	5.401756e-005
0.553667	1.215273e-004	5.398448e-005
0.553944	1.064843e-004	5.372405e-005
0.554221	7.404752e-005	5.396701e-005
0.554498	7.199049e-005	5.386589e-005
0.554775	1.285340e-004	5.386669e-005
0.555052	6.090975e-005	5.389712e-005
0.555329	1.679414e-004	5.396838e-005
0.555606	3.378627e-005	5.397151e-005
0.555883	1.438635e-005	5.386627e-005
0.5561600000000001	8.100477e-005	5.389108e-005
0.556438	1.121510e-004	5.378647e-005
0.556715	2.146243e-004	5.383582e-005
0.556992	9.625740e-005	5.397350e-005
0.557269	2.763151e-005	5.376406e-005
0.557546	7.305226e-005	5.366830e-005
0.557823	1.222945e-004	5.392844e-005
0.5581	1.334540e-004	5.369370e-005
0.558377	2.010858e-004	5.372836e-005
0.5586540000000001	2.330454e-004	5.393435e-005
0.5589310000000001	1.188143e-004	5.362160e-005
0.559208	1.687965e-004	5.391214e-005
0.559485	1.344658e-004	5.361970e-005
0.559762	2.224439e-004	5.363016e-005
0.5600390000000001	3.627504e-005	5.362288e-005
0.560316	5.366381e-005	5.359679e-005
0.560594	9.644895e-005	5.363244e-005
0.560871	1.830362e-004	5.370644e-005
0.5611480000000001	1.102376e-005	5.352120e-005
0.5614250000000001	1.177377e-004	5.362051e-005
0.561702	1.205793e-004	5.368601e-005
0.561979	1.131205e-004	5.363714e-005
0.562256	7.051296e-005	5.367008e-005
0.5625330000000001	6.312357e-005	5.361852e-005
0.56281	1.081749e-004	5.435589e-005
0.563087	1.388645e-004	5.525243e-005
0.563364	1.388220e-004	5.580661e-005
0.563641	1.321493e-004	5.642403e-005
0.563918	1.214395e-004	5.692163e-005
0.564195	9.367543e-005	5.711902e-005
0.5644720000000001	3.384142e-005	5.762411e-005
0.5647490000000001	9.695809e-005	5.798684e-005
0.5650270000000001	1.122118e-004	5.823185e-005
0.565304	1.942435e-004	5.844651e-005
0.565581	1.061793e-004	5.903111e-005
0.565858	8.091705e-005	5.904492e-005
0.5661349999999999	7.155736e-005	5.903995e-005
0.566412	1.573630e-004	5.942416e-005
0.5666890000000001	1.191100e-004	5.963274e-005
0.5669660000000001	1.326169e-004	6.028127e-005
0.567243	8.328227e-005	6.004954e-005
0.56752	9.817395e-005	6.046491e-005
0.567797	6.086329e-005	6.046223e-005
0.5680740000000001	7.972093e-005	6.076449e-005
0.568351	1.126552e-004	6.085582e-005
0.568628	1.292508e-004	6.082883e-005
0.568905	1.910894e-005	6.129746e-005
0.5691830000000001	1.897840e-004	6.132938e-005
0.5694600000000001	5.890525e-005	6.063415e-005
0.569737	1.357203e-004	5.958312e-005
0.570014	-4.902646e-007	5.877450e-005
0.570291	1.843490e-004	5.873429e-005
0.5705680000000001	3.647128e-005	5.805760e-005
0.570845	1.560270e-005	5.794066e-005
0.571122	9.809537e-005	5.779228e-005
0.571399	-6.204716e-005	5.720376e-005
0.571676	8.231500e-005	5.746558e-005
0.571953	1.022212e-004	5.720061e-005
0.57223	8.981190e-005	5.713792e-005
0.572507	3.414295e-005	5.734532e-005
0.572784	7.414030e-005	5.681005e-005
0.573061	1.669430e-004	5.711457e-005
0.573338	1.458850e-004	5.699383e-005
0.573616	1.795334e-004	5.682169e-005
0.573893	7.557878e-005	5.696027e-005
0.57417	1.339217e-004	5.658103e-005
0.574447	8.579119e-005	5.672284e-005
0.574724	1.563721e-004	5.670445e-005
0.575001	2.625233e-004	5.670126e-005
0.575278	1.473098e-004	5.657682e-005
0.575555	2.576657e-004	5.671155e-005
0.575832	1.921298e-004	5.673934e-005
0.5761090000000001	1.804370e-004	5.663806e-005
0.5763860000000001	1.062363e-004	5.631187e-005
0.576663	1.825448e-004	5.678778e-005
0.57694	8.982925e-005	5.634961e-005
0.577217	-8.976305e-005	5.618054e-005
0.5774940000000001	4.943463e-005	5.640847e-005
0.577771	1.459704e-004	5.603152e-005
0.578049	7.659165e-005	5.648240e-005
0.578326	1.161704e-004	5.609856e-005
0.5786030000000001	1.492408e-004	5.621595e-005
0.5788800000000001	1.145117e-004	5.623521e-005
0.579157	1.398533e-004	5.609976e-005
0.579434	9.378155e-005	5.612143e-005
0.579711	1.446418e-004	5.627552e-005
0.5799880000000001	-6.781213e-006	5.582238e-005
0.580265	8.020998e-005	5.620013e-005
0.580542	1.405416e-004	5.595914e-005
0.580819	1.949255e-004	5.621160e-005
0.581096	1.511195e-004	5.608376e-005
0.581373	1.173779e-004	5.580328e-005
0.58165	9.042758e-005	5.630151e-005
0.5819270000000001	8.013988e-005	5.566337e-005
0.582205	1.228124e-004	5.596645e-005
0.582482	8.578379e-005	5.596179e-005
0.582759	6.681305e-005	5.587069e-005
0.583036	2.061777e-005	5.574757e-005
0.583313	6.919644e-006	5.572442e-005
0.5835899999999999	7.154951e-005	5.580313e-005
0.583867	1.164359e-004	5.600890e-005
0.5841440000000001	6.681230e-005	5.564021e-005
0.5844210000000001	1.874007e-004	5.609864e-005
0.584698	8.818629e-005	5.563181e-005
0.584975	2.153222e-004	5.590461e-005
0.585252	8.377190e-005	5.581579e-005
0.5855290000000001	1.149152e-004	5.567320e-005
0.585806	1.659517e-004	5.580942e-005
0.586083	4.779817e-005	5.562938e-005
0.58636	3.299003e-005	5.577247e-005
0.5866380000000001	1.434764e-004	5.574526e-005
0.5869150000000001	5.285748e-005	5.566448e-005
0.587192	1.698967e-004	5.582205e-005
0.587469	1.307739e-004	5.579696e-005
0.587746	9.296129e-005	5.560447e-005
0.5880230000000001	5.848897e-005	5.577878e-005
0.5883	1.144950e-004	5.563844e-005
0.588577	9.146816e-005	5.573884e-005
0.588854	1.805362e-004	5.552904e-005
0.589131	3.904427e-005	5.559080e-005
0.589408	1.176541e-004	5.576947e-005
0.589685	1.289377e-004	5.556294e-005
0.589962	7.109912e-005	5.573747e-005
0.590239	1.636811e-004	5.560793e-005
0.590516	9.223654e-005	5.547560e-005
0.590794	1.873523e-004	5.572730e-005
0.591071	1.009558e-004	5.562323e-005
0.591348	1.045627e-004	5.570530e-005
0.591625	1.421128e-004	5.546276e-005
0.591902	1.814337e-004	5.577744e-005
0.592179	1.455845e-004	5.566846e-005
0.592456	1.906023e-004	5.552228e-005
0.5927330000000001	1.113921e-004	5.576454e-005
0.59301	9.481727e-005	5.553264e-005
0.593287	1.186106e-004	5.555941e-005
0.5935640000000001	7.281403e-005	5.553374e-005
0.5938410000000001	1.124851e-004	5.565224e-005
0.594118	4.800133e-005	5.546549e-005
0.594395	7.503774e-005	5.558661e-005
0.594672	1.038135e-004	5.552110e-005
0.5949490000000001	1.423571e-004	5.565405e-005
0.5952270000000001	1.485286e-004	5.545147e-005
0.595504	9.202985e-005	5.564567e-005
0.595781	3.546459e-005	5.537107e-005
0.5960580000000001	2.131217e-006	5.532537e-005
0.5963350000000001	5.180754e-005	5.529973e-005
0.596612	1.214709e-004	5.544482e-005
0.596889	1.024495e-004	5.552258e-005
0.597166	9.308154e-005	5.516761e-005
0.5974430000000001	1.120163e-004	5.539255e-005
0.59772	1.212774e-004	5.543796e-005
0.597997	3.565788e-005	5.532728e-005
0.598274	1.944799e-004	5.542755e-005
0.5985509999999999	2.197572e-004	5.552110e-005
0.598828	8.418538e-005	5.515910e-005
0.5991050000000001	-1.207176e-005	5.534056e-005
0.599383	5.120481e-005	5.518285e-005
0.59966	1.000247e-004	5.553684e-005
0.599937	8.265653e-005	5.524508e-005
0.600214	1.123649e-004	5.530822e-005
0.600491	1.682787e-004	5.554924e-005
0.600768	7.547513e-005	5.513471e-005
0.601045	7.530441e-005	5.536527e-005
0.601322	1.484026e-004	5.557786e-005
0.6015990000000001	1.244433e-004	5.540956e-005
0.6018760000000001	3.811117e-005	5.516641e-005
0.602153	1.192989e-004	5.541246e-005
0.60243	2.864535e-005	5.530219e-005
0.6027070000000001	1.326603e-004	5.561337e-005
0.6029840000000001	5.596519e-005	5.508928e-005
0.603261	7.226924e-005	5.558852e-005
0.603538	1.255453e-004	5.522023e-005
0.6038160000000001	1.708965e-004	5.534123e-005
0.6040930000000001	1.541855e-004	5.531910e-005
0.6043700000000001	1.680646e-004	5.519358e-005
0.604647	5.647140e-005	5.518751e-005
0.604924	1.921330e-004	5.532581e-005
0.6052010000000001	1.521644e-004	5.513496e-005
0.6054780000000001	6.504543e-005	5.514769e-005
0.605755	1.262946e-004	5.509631e-005
0.606032	2.256481e-004	5.507565e-005
0.606309	1.246135e-004	5.524171e-005
0.6065860000000001	5.716240e-005	5.502202e-005
0.606863	9.291169e-005	5.486411e-005
0.60714	2.252461e-004	5.508060e-005
0.607417	1.251023e-004	5.497187e-005
0.607694	1.337876e-004	5.490207e-005
0.6079720000000001	3.189042e-005	5.488793e-005
0.608249	-2.005851e-005	5.470471e-005
0.608526	1.298640e-004	5.499773e-005
0.608803	2.925401e-005	5.480820e-005
0.6090800000000001	5.130551e-005	5.500796e-005
0.609357	7.042951e-005	5.484150e-005
0.609634	7.520476e-006	5.495707e-005
0.609911	4.611189e-005	5.505442e-005
0.6101880000000001	1.708016e-004	5.507985e-005
0.610465	9.113435e-007	5.491826e-005
0.6107420000000001	9.477178e-005	5.515471e-005
0.6110190000000001	2.946204e-005	5.488505e-005
0.6112960000000001	2.040492e-004	5.507982e-005
0.611573	6.628789e-005	5.505971e-005
0.61185	6.651791e-005	5.509256e-005
0.6121270000000001	2.079733e-004	5.522728e-005
0.6124050000000001	1.415820e-004	5.505654e-005
0.6126820000000001	3.798276e-005	5.497834e-005
0.612959	9.734484e-005	5.497343e-005
0.6132360000000001	2.668844e-006	5.514867e-005
0.6135130000000001	1.027492e-004	5.514218e-005
0.6137900000000001	1.593932e-004	5.509310e-005
0.614067	1.834060e-004	5.504350e-005
0.614344	2.134830e-004	5.509012e-005
0.6146210000000001	1.054073e-004	5.505820e-005
0.6148980000000001	1.220944e-004	5.499620e-005
0.615175	1.240577e-004	5.487694e-005
0.615452	1.075093e-004	5.509403e-005
0.615729	1.286913e-004	5.486037e-005
0.616006	8.507948e-005	5.470179e-005
0.616283	6.504522e-005	5.497952e-005
0.616561	5.972050e-005	5.471664e-005
0.616838	1.591381e-004	5.511135e-005
0.6171150000000001	3.680491e-005	5.458602e-005
0.617392	5.147373e-005	5.470971e-005
0.617669	2.387353e-004	5.479973e-005
0.617946	1.440626e-004	5.477241e-005
0.618223	1.533914e-004	5.476035e-005
0.6185	7.484752e-005	5.473228e-005
0.6187770000000001	1.663132e-004	5.459240e-005
0.6190540000000001	1.506753e-004	5.476440e-005
0.6193310000000001	6.031913e-005	5.459776e-005
0.619608	5.594092e-005	5.466839e-005
0.619885	1.501895e-005	5.452314e-005
0.6201620000000001	1.517029e-004	5.470083e-005
0.6204390000000001	1.917141e-004	5.491758e-005
0.620716	1.167249e-004	5.469967e-005
0.620994	6.815304e-005	5.458494e-005
0.6212710000000001	8.473355e-005	5.483120e-005
0.6215480000000001	2.393508e-004	5.556842e-005
0.6218250000000001	7.152783e-005	5.625898e-005
0.622102	5.212303e-005	5.702795e-005
0.622379	2.017010e-004	5.769196e-005
0.6226560000000001	1.394632e-004	5.813809e-005
0.6229330000000001	1.026368e-004	5.836712e-005
0.62321	1.199163e-004	5.902108e-005
0.623487	8.445464e-005	5.921616e-005
0.623764	7.926404e-005	5.968868e-005
0.6240410000000001	1.237565e-004	5.981259e-005
0.624318	1.102449e-004	6.029018e-005
0.624595	1.675268e-004	6.035261e-005
0.624872	1.255288e-004	6.073662e-005
0.6251490000000001	1.094116e-004	6.095901e-005
0.6254270000000001	2.650424e-005	6.115844e-005
0.625704	1.008387e-004	6.149758e-005
0.625981	1.065302e-004	6.196365e-005
0.626258	1.401780e-004	6.209740e-005
0.6265350000000001	1.688358e-004	6.225626e-005
0.626812	7.528621e-005	6.222902e-005
0.627089	1.959022e-004	6.281448e-005
0.627366	1.408086e-004	6.300224e-005
0.6276430000000001	2.658973e-004	6.335441e-005
0.62792	8.656301e-005	6.338134e-005
0.6281970000000001	9.838283e-005	6.264186e-005
0.6284740000000001	1.279933e-004	6.156375e-005
0.6287510000000001	1.488975e-004	6.073604e-005
0.629028	1.278242e-004	6.057585e-005
0.629305	8.514520e-005	6.005565e-005
0.629583	1.153805e-004	5.984438e-005
0.6298600000000001	1.222118e-004	5.958111e-005
0.6301370000000001	4.764131e-005	5.952314e-005
0.630414	8.366048e-005	5.909436e-005
0.6306910000000001	1.556136e-004	5.919947e-005
0.6309680000000001	1.318151e-004	5.917358e-005
0.6312450000000001	5.689519e-005	5.913490e-005
0.631522	9.328584e-005	5.899008e-005
0.631799	1.002530e-004	5.867853e-005
0.6320760000000001	1.435259e-004	5.888153e-005
0.632353	9.953018e-005	5.860733e-005
0.63263	1.181842e-004	5.861679e-005
0.632907	1.111694e-004	5.866847e-005
0.633184	1.369959e-004	5.853696e-005
0.633461	1.981057e-004	5.865503e-005
0.633738	8.468416e-005	5.843650e-005
0.634016	1.709810e-004	5.852109e-005
0.634293	5.916888e-005	5.845133e-005
0.6345700000000001	7.897464e-005	5.836867e-005
0.634847	1.884792e-004	5.842371e-005
0.635124	5.527656e-005	5.819896e-005
0.635401	3.247184e-005	5.819069e-005
0.635678	1.110640e-004	5.827394e-005
0.635955	1.778913e-004	5.811507e-005
0.6362320000000001	7.455540e-005	5.808409e-005
0.6365090000000001	1.231470e-004	5.808438e-005
0.6367860000000001	-2.205319e-005	5.795113e-005
0.637063	6.180283e-007	5.794606e-005
0.63734	1.111547e-004	5.799617e-005
0.6376170000000001	1.645909e-004	5.787978e-005
0.6378940000000001	1.404249e-004	5.810776e-005
0.638172	3.336915e-005	5.775021e-005
0.638449	1.606417e-004	5.795735e-005
0.6387260000000001	1.773142e-004	5.763677e-005
0.6390030000000001	1.409865e-004	5.801846e-005
0.6392800000000001	5.970269e-005	5.785714e-005
0.639557	1.131733e-004	5.773027e-005
0.639834	6.815306e-005	5.770235e-005
0.6401110000000001	2.102466e-004	5.781754e-005
0.6403880000000001	9.256909e-005	5.769052e-005
0.640665	5.145312e-005	5.766905e-005
0.640942	1.539811e-004	5.767415e-005
0.641219	1.382523e-004	5.766618e-005
0.6414960000000001	8.330903e-005	5.792124e-005
0.641773	1.934970e-004	5.748577e-005
0.64205	1.905228e-005	5.742015e-005
0.642327	1.197531e-005	5.773872e-005
0.6426050000000001	6.275311e-005	5.756514e-005
0.6428820000000001	6.382547e-005	5.759737e-005
0.643159	4.574382e-005	5.746577e-005
0.643436	3.029765e-005	5.726511e-005
0.643713	1.024970e-004	5.758812e-005
0.6439900000000001	1.129042e-004	5.759186e-005
0.644267	1.632620e-004	5.770753e-005
0.644544	1.094628e-004	5.735542e-005
0.6448210000000001	1.927103e-004	5.763182e-005
0.6450980000000001	1.485617e-004	5.743531e-005
0.645375	3.635641e-005	5.741128e-005
0.6456520000000001	9.866639e-006	5.732634e-005
0.6459290000000001	-1.150879e-005	5.746102e-005
0.6462060000000001	1.126693e-005	5.735339e-005
0.646483	1.044012e-004	5.742685e-005
0.646761	1.115871e-004	5.732230e-005
0.647038	1.246169e-004	5.745281e-005
0.6473150000000001	2.780338e-006	5.738612e-005
0.6475920000000001	1.712997e-004	5.742190e-005
0.647869	1.018133e-004	5.741252e-005
0.6481460000000001	-5.261648e-006	5.735408e-005
0.6484230000000001	5.514585e-005	5.729534e-005
0.6487	1.287096e-004	5.735212e-005
0.648977	7.459679e-005	5.735760e-005
0.649254	1.163382e-004	5.728960e-005
0.6495310000000001	1.436252e-004	5.746112e-005
0.649808	-9.395244e-006	5.717221e-005
0.650085	4.140998e-005	5.740151e-005
0.650362	5.887063e-005	5.718980e-005
0.650639	1.532842e-004	5.744015e-005
0.650916	1.183229e-004	5.748289e-005
0.651194	8.518865e-005	5.715489e-005
0.651471	9.009410e-005	5.721759e-005
0.651748	1.084727e-004	5.714508e-005
0.6520250000000001	1.276604e-004	5.725678e-005
0.652302	1.459017e-004	5.706302e-005
0.652579	7.248832e-005	5.708204e-005
0.652856	8.150971e-005	5.708410e-005
0.653133	3.146043e-005	5.698622e-005
0.65341	7.989119e-005	5.695960e-005
0.6536870000000001	3.568085e-005	5.702677e-005
0.6539640000000001	1.543904e-004	5.691749e-005
0.6542410000000001	8.748432e-005	5.707439e-005
0.654518	1.624226e-004	5.699325e-005
0.654795	1.268866e-004	5.692647e-005
0.6550720000000001	8.491033e-005	5.683935e-005
0.65535	4.142659e-005	5.673072e-005
0.655627	4.065522e-005	5.682233e-005
0.655904	7.799271e-005	5.665654e-005
0.6561810000000001	1.078058e-004	5.669459e-005
0.6564580000000001	1.309014e-004	5.671140e-005
0.6567350000000001	1.157274e-004	5.682835e-005
0.657012	1.852122e-004	5.662185e-005
0.657289	1.845745e-004	5.669539e-005
0.6575660000000001	1.690384e-004	5.652434e-005
0.6578430000000001	7.193941e-005	5.665932e-005
0.65812	7.291964e-005	5.657576e-005
0.658397	8.643505e-005	5.664593e-005
0.658674	1.620912e-004	5.655806e-005
0.6589510000000001	1.060795e-005	5.669323e-005
0.659228	1.058287e-004	5.662235e-005
0.659505	1.693767e-004	5.694022e-005
0.659783	8.104916e-005	5.655787e-005
0.6600600000000001	9.177633e-005	5.682562e-005
0.6603370000000001	1.356162e-004	5.680970e-005
0.660614	8.390792e-005	5.670305e-005
0.660891	1.774601e-004	5.677220e-005
0.661168	8.435598e-005	5.695711e-005
0.6614450000000001	1.132977e-004	5.687463e-005
0.661722	7.614861e-005	5.689847e-005
0.661999	1.167357e-004	5.669778e-005
0.6622760000000001	2.792875e-005	5.686866e-005
0.6625530000000001	1.074938e-004	5.707197e-005
0.66283	2.263422e-004	5.691977e-005
0.6631070000000001	4.452159e-005	5.690136e-005
0.6633840000000001	1.011853e-004	5.670680e-005
0.6636610000000001	4.156214e-006	5.697512e-005
0.6639390000000001	6.218605e-005	5.685258e-005
0.664216	-2.140668e-006	5.693077e-005
0.664493	1.566131e-004	5.688381e-005
0.6647700000000001	7.408885e-005	5.719920e-005
0.665047	1.011722e-004	5.703224e-005
0.665324	1.245104e-004	5.695034e-005
0.6656010000000001	3.724578e-005	5.685708e-005
0.6658780000000001	2.833380e-005	5.710172e-005
0.666155	7.741674e-005	5.706182e-005
0.666432	1.045670e-004	5.692257e-005
0.666709	1.079435e-004	5.695842e-005
0.6669860000000001	-3.327180e-005	5.678583e-005
0.667263	5.509440e-005	5.708063e-005
0.66754	2.542494e-005	5.678707e-005
0.667817	6.249856e-005	5.700786e-005
0.668094	2.205096e-004	5.702265e-005
0.6683720000000001	1.103053e-004	5.700203e-005
0.668649	2.330227e-004	5.706155e-005
0.668926	2.699572e-005	5.685921e-005
0.669203	1.130251e-004	5.697704e-005
0.6694800000000001	6.955440e-005	5.717504e-005
0.669757	4.485755e-005	5.697478e-005
0.670034	9.251758e-006	5.693931e-005
0.670311	3.430200e-005	5.703740e-005
0.670588	1.420744e-004	5.717697e-005
0.670865	1.081254e-004	5.723855e-005
0.6711420000000001	1.959327e-004	5.723717e-005
0.6714190000000001	1.604231e-004	5.719291e-005
0.6716960000000001	8.929552e-005	5.714959e-005
0.671973	1.990815e-004	5.749824e-005
0.67225	5.985798e-005	5.713358e-005
0.6725270000000001	7.622714e-005	5.726805e-005
0.672805	1.143837e-004	5.726541e-005
0.673082	1.326894e-004	5.741602e-005
0.673359	1.199703e-004	5.726058e-005
0.6736360000000001	2.262868e-004	5.758174e-005
0.6739130000000001	1.072049e-004	5.744991e-005
0.6741900000000001	1.135531e-004	5.732640e-005
