0.01006721	2.538804e+01	3.675845e-01
0.01053912	2.555895e+01	3.526621e-01
0.011011020000000002	2.454348e+01	3.367733e-01
0.01148292	2.454745e+01	3.260132e-01
0.01195483	2.422695e+01	3.144786e-01
0.01242673	2.417142e+01	3.045080e-01
0.012898630000000001	2.365045e+01	2.950369e-01
0.01337054	2.298234e+01	2.856256e-01
0.013842440000000001	2.321542e+01	2.795478e-01
0.014314340000000002	2.333865e+01	2.731888e-01
0.01478625	2.283899e+01	2.658929e-01
0.015258150000000002	2.270019e+01	2.602845e-01
0.015730050000000002	2.215819e+01	2.535858e-01
0.01620196	2.177681e+01	2.470834e-01
0.01667386	2.140891e+01	2.419526e-01
0.01714576	2.137551e+01	2.381616e-01
0.01761767	2.103631e+01	2.333928e-01
0.01808957	2.077658e+01	2.284008e-01
0.01856147	2.057800e+01	2.246287e-01
0.019033380000000003	2.020162e+01	2.203363e-01
0.01950528	1.975946e+01	2.158804e-01
0.01997718	1.958722e+01	2.121486e-01
0.020449090000000003	1.931284e+01	2.085155e-01
0.02092099	1.932731e+01	2.060185e-01
0.02139289	1.918688e+01	2.029621e-01
0.021864800000000004	1.860352e+01	1.988582e-01
0.0223367	1.843580e+01	1.959576e-01
0.022808600000000002	1.817771e+01	1.929708e-01
0.02328051	1.757625e+01	1.892047e-01
0.02375241	1.757188e+01	1.871801e-01
0.02422431	1.740265e+01	1.845511e-01
0.02469622	1.685023e+01	1.812885e-01
0.025168120000000002	1.656012e+01	1.786681e-01
0.025640020000000003	1.611384e+01	1.753711e-01
0.026111930000000002	1.628103e+01	1.741312e-01
0.026583830000000003	1.586364e+01	1.713605e-01
0.02705573	1.572732e+01	1.695478e-01
0.02752764	1.540842e+01	1.671574e-01
0.027999540000000003	1.494992e+01	1.642937e-01
0.02847144	1.489433e+01	1.625976e-01
0.028943350000000003	1.478110e+01	1.608224e-01
0.02941525	1.449094e+01	1.587499e-01
0.02988715	1.424339e+01	1.566623e-01
0.03035906	1.386704e+01	1.545542e-01
0.030830960000000004	1.377815e+01	1.531705e-01
0.03130286	1.343255e+01	1.510084e-01
0.03177477	1.316770e+01	1.488304e-01
0.03224667	1.292358e+01	1.472288e-01
0.03271857	1.289227e+01	1.473054e-01
0.03319048	1.241770e+01	1.480296e-01
0.03366238	1.209278e+01	1.476276e-01
0.03413428	1.218871e+01	1.483374e-01
0.03460619	1.216290e+01	1.496482e-01
0.03507809	1.168900e+01	1.517369e-01
0.03554999	1.155791e+01	1.531519e-01
0.0360219	1.146467e+01	1.543547e-01
0.0364938	1.117584e+01	1.548812e-01
0.036965700000000004	1.095970e+01	1.554817e-01
0.03743761	1.085958e+01	1.563368e-01
0.03790951000000001	1.078320e+01	1.569084e-01
0.038381410000000005	1.077489e+01	1.575722e-01
0.038853320000000004	1.028938e+01	1.566476e-01
0.03932522	1.039765e+01	1.581368e-01
0.039797120000000005	1.003497e+01	1.620865e-01
0.040269030000000004	9.946949e+00	1.661222e-01
0.04074093	1.001375e+01	1.697257e-01
0.041212830000000006	9.861125e+00	1.722395e-01
0.04168474	9.618333e+00	1.742469e-01
0.04215664	9.073070e+00	1.747219e-01
0.04262854	9.226381e+00	1.777386e-01
0.043100450000000005	8.883497e+00	1.791935e-01
0.04357235	8.580159e+00	1.810549e-01
0.04404425000000001	8.613187e+00	1.837185e-01
0.04451616	8.503387e+00	1.855095e-01
0.04498806	8.258049e+00	1.865081e-01
0.04545997	8.131119e+00	1.875301e-01
0.04593187000000001	8.099388e+00	1.869872e-01
0.046403770000000004	7.984876e+00	1.795486e-01
0.04687568	7.699079e+00	1.746566e-01
0.04734758	7.665579e+00	1.719649e-01
0.04781948	7.531427e+00	1.697112e-01
0.048291390000000003	7.188507e+00	1.669393e-01
0.04876329	7.500445e+00	1.671847e-01
0.049235190000000005	7.270048e+00	1.651403e-01
0.049707100000000004	7.270048e+00	1.638967e-01
0.050179	6.853860e+00	1.614617e-01
0.0506509	6.678888e+00	1.602370e-01
0.05112281	6.672682e+00	1.591913e-01
0.05159471	6.594974e+00	1.580113e-01
0.052066610000000006	6.702815e+00	1.570512e-01
0.052538520000000005	6.497964e+00	1.552321e-01
0.05301042	6.394378e+00	1.538260e-01
0.05348232000000001	6.332879e+00	1.524728e-01
0.053954230000000006	6.069962e+00	1.505453e-01
0.054426129999999996	5.938207e+00	1.490337e-01
0.05489803	5.893074e+00	1.479213e-01
0.05536994	5.902231e+00	1.470935e-01
0.055841840000000004	5.763996e+00	1.459085e-01
0.05631374	5.691650e+00	1.447160e-01
0.05678565	5.658117e+00	1.438991e-01
0.057257550000000004	5.702443e+00	1.436624e-01
0.05772945000000001	5.758955e+00	1.435305e-01
0.05820136000000001	5.425818e+00	1.420442e-01
0.058673260000000005	5.398208e+00	1.415988e-01
0.05914516	5.444400e+00	1.413452e-01
0.05961707000000001	5.414947e+00	1.409709e-01
0.06008897	5.185970e+00	1.398985e-01
0.06056087	5.213614e+00	1.396471e-01
0.06103278	5.197684e+00	1.391899e-01
0.061504680000000006	4.772725e+00	1.373735e-01
0.06197658	4.870757e+00	1.377424e-01
0.06244849	4.806764e+00	1.370103e-01
0.06292039	4.658202e+00	1.358798e-01
0.06339229	4.572465e+00	1.355981e-01
0.06386420000000001	4.526872e+00	1.348580e-01
0.0643361	4.611026e+00	1.349969e-01
0.064808	4.673345e+00	1.348431e-01
0.06527991	4.633961e+00	1.343068e-01
0.06575181000000001	4.247216e+00	1.327480e-01
0.06622371	4.142857e+00	1.322929e-01
0.06669562	4.304986e+00	1.323636e-01
0.06716752000000001	4.329116e+00	1.319290e-01
0.06763941999999999	4.254348e+00	1.316728e-01
0.06811133000000001	4.285799e+00	1.313988e-01
0.06858323	4.152320e+00	1.306421e-01
0.06905513	3.878271e+00	1.292431e-01
0.06952704	3.819647e+00	1.288456e-01
0.06999894	3.969545e+00	1.292639e-01
0.07047084	3.866756e+00	1.286639e-01
0.07094275	3.898278e+00	1.283248e-01
0.07141465000000001	3.667974e+00	1.272492e-01
0.07188655000000001	3.729769e+00	1.273153e-01
0.07235846	3.734377e+00	1.269837e-01
0.07283036000000001	3.468544e+00	1.257481e-01
0.07330226	3.529484e+00	1.256591e-01
0.07377417	3.541562e+00	1.255404e-01
0.07424607	3.497959e+00	1.250108e-01
0.07471797000000001	3.180395e+00	1.237192e-01
0.07518988	3.200813e+00	1.236032e-01
0.07566178000000001	3.281261e+00	1.235720e-01
0.07613368000000001	3.235024e+00	1.232175e-01
0.07660559	3.240226e+00	1.230380e-01
0.07707749000000001	3.255607e+00	1.227300e-01
0.07754939	3.167602e+00	1.224076e-01
0.07802130000000002	3.057293e+00	1.217697e-01
0.0784932	3.020430e+00	1.214002e-01
0.07896510000000001	2.946252e+00	1.207095e-01
0.07943701	3.112946e+00	1.211508e-01
0.07990891	3.184918e+00	1.211555e-01
0.08038082	3.035055e+00	1.202998e-01
0.08085272	3.081122e+00	1.202262e-01
0.08132462000000001	2.794691e+00	1.191849e-01
0.08179653	2.923223e+00	1.192653e-01
0.08226843	3.030048e+00	1.193890e-01
0.08274033	2.922428e+00	1.187867e-01
0.08321224	2.688363e+00	1.179193e-01
0.08368414	2.625585e+00	1.174190e-01
0.08415604	2.718676e+00	1.174323e-01
0.08462795000000001	2.596044e+00	1.167595e-01
0.08509985	2.580689e+00	1.164485e-01
0.08557175	2.661301e+00	1.164935e-01
0.08604366000000001	2.583282e+00	1.161202e-01
0.08651556	2.707493e+00	1.162418e-01
0.08698746000000002	2.465158e+00	1.153850e-01
0.08745937000000001	2.425389e+00	1.150080e-01
0.08793127	2.436011e+00	1.148017e-01
0.08840317	2.412237e+00	1.143399e-01
0.08887508	2.446345e+00	1.144228e-01
0.08934698	2.524533e+00	1.145522e-01
0.08981888	2.403976e+00	1.138845e-01
0.09029079000000001	2.345539e+00	1.133872e-01
0.09076269000000001	2.347186e+00	1.131997e-01
0.09123459	2.436675e+00	1.131609e-01
0.09170650000000001	2.267155e+00	1.124714e-01
0.09217840000000001	2.180005e+00	1.119921e-01
0.0926503	2.235886e+00	1.118877e-01
0.09312221000000001	2.135318e+00	1.114517e-01
0.09359411000000001	2.213477e+00	1.115832e-01
0.09406601	2.238099e+00	1.113446e-01
0.09453792	2.150818e+00	1.108786e-01
0.09500982000000001	2.221775e+00	1.109827e-01
0.09548172	2.091367e+00	1.104987e-01
0.09595363000000001	1.992327e+00	1.097986e-01
0.09642553000000001	2.091916e+00	1.099550e-01
0.09689743	1.985236e+00	1.094931e-01
0.09736934000000001	2.122955e+00	1.095663e-01
0.09784124	1.975193e+00	1.088383e-01
0.09831314000000001	1.999246e+00	1.087368e-01
0.09878505	1.992577e+00	1.086324e-01
0.09925695000000001	1.938455e+00	1.082987e-01
0.09972885000000001	1.902760e+00	1.080586e-01
0.1002008	2.123928e+00	1.083800e-01
0.1006727	1.994371e+00	1.078032e-01
0.10114460000000002	1.946522e+00	1.075306e-01
0.1016165	1.943369e+00	1.073090e-01
0.1020884	1.841449e+00	1.066945e-01
0.10256030000000001	1.857455e+00	1.066622e-01
0.1030322	1.751047e+00	1.062705e-01
0.10350410000000002	1.866354e+00	1.063216e-01
0.10397600000000001	1.870423e+00	1.062078e-01
0.1044479	1.789606e+00	1.056734e-01
0.10491980000000001	1.806458e+00	1.056569e-01
0.1053917	1.800094e+00	1.054723e-01
0.1058636	1.748035e+00	1.052652e-01
0.10633550000000001	1.814056e+00	1.052272e-01
0.1068074	1.674757e+00	1.046101e-01
0.10727930000000002	1.619773e+00	1.042710e-01
0.1077512	1.711430e+00	1.042301e-01
0.1082231	1.545302e+00	1.036267e-01
0.10869500000000001	1.642474e+00	1.039861e-01
0.10916690000000001	1.662625e+00	1.037652e-01
0.1096388	1.682470e+00	1.035790e-01
0.1101107	1.600356e+00	1.029815e-01
0.1105826	1.634559e+00	1.029974e-01
0.1110545	1.611525e+00	1.027856e-01
0.11152640000000001	1.491144e+00	1.024466e-01
0.1119983	1.550006e+00	1.024486e-01
0.11247020000000002	1.556527e+00	1.022099e-01
0.1129421	1.754010e+00	1.026485e-01
0.11341410000000002	1.621539e+00	1.021062e-01
0.113886	1.478075e+00	1.014365e-01
0.1143579	1.482335e+00	1.013034e-01
0.11482980000000001	1.354519e+00	1.007254e-01
0.11530170000000001	1.447444e+00	1.008365e-01
0.11577360000000002	1.470895e+00	1.007532e-01
0.1162455	1.411993e+00	1.004792e-01
0.1167174	1.499549e+00	1.004857e-01
0.11718930000000001	1.454382e+00	1.002783e-01
0.11766120000000001	1.428870e+00	9.999427e-02
0.11813309999999999	1.434763e+00	9.995105e-02
0.11860500000000002	1.364702e+00	9.953194e-02
0.1190769	1.374799e+00	9.956619e-02
0.11954880000000001	1.389170e+00	9.934654e-02
0.12002070000000001	1.442866e+00	1.003451e-01
0.1204926	1.262512e+00	1.029976e-01
0.12096450000000002	1.365680e+00	1.051970e-01
0.1214364	1.251645e+00	1.063200e-01
0.1219083	1.285341e+00	1.077100e-01
0.12238020000000001	1.220946e+00	1.088781e-01
0.1228521	1.260760e+00	1.099092e-01
0.12332399999999999	1.450747e+00	1.114790e-01
0.12379590000000001	1.360571e+00	1.121145e-01
0.1242678	1.290221e+00	1.127341e-01
0.12473970000000001	1.140123e+00	1.127025e-01
0.1252116	1.233740e+00	1.133226e-01
0.1256835	1.245014e+00	1.136921e-01
0.1261554	1.003997e+00	1.130866e-01
0.1266273	1.194200e+00	1.117742e-01
0.1270992	1.237999e+00	1.081674e-01
0.1275712	1.219972e+00	1.059786e-01
0.12804310000000002	1.085201e+00	1.041091e-01
0.12851500000000002	1.166255e+00	1.031070e-01
0.1289869	1.097204e+00	1.018101e-01
0.1294588	1.189366e+00	1.011897e-01
0.1299307	1.084880e+00	1.001453e-01
0.1304026	1.051174e+00	9.928727e-02
0.1308745	1.156056e+00	9.901784e-02
0.1313464	1.242620e+00	9.897403e-02
0.13181830000000003	1.106887e+00	9.821655e-02
0.1322902	1.120415e+00	9.805501e-02
0.1327621	1.145233e+00	9.803985e-02
0.13323400000000002	1.027104e+00	9.739912e-02
0.13370590000000002	1.112492e+00	9.744849e-02
0.13417779999999999	1.051140e+00	9.712635e-02
0.1346497	1.073953e+00	9.688554e-02
0.1351216	1.138040e+00	9.682842e-02
0.1355935	9.405327e-01	9.615530e-02
0.1360654	1.016415e+00	9.620808e-02
0.1365373	9.335316e-01	9.572825e-02
0.13700920000000003	1.037329e+00	9.578193e-02
0.1374811	1.052519e+00	9.563304e-02
0.137953	1.155105e+00	9.579033e-02
0.13842490000000002	9.615377e-01	9.524823e-02
0.13889680000000001	1.021888e+00	9.503335e-02
0.13936869999999998	1.025249e+00	9.494999e-02
0.1398406	1.005255e+00	9.480519e-02
0.1403125	1.032053e+00	9.469058e-02
0.1407844	9.949782e-01	9.446363e-02
0.1412564	9.290000e-01	9.409286e-02
0.1417283	1.014787e+00	9.415418e-02
0.1422002	1.033136e+00	9.420348e-02
0.1426721	1.053310e+00	9.392183e-02
0.14314400000000002	9.867350e-01	9.360852e-02
0.1436159	1.014935e+00	9.360278e-02
0.14408780000000002	9.127071e-01	9.311304e-02
0.1445597	1.039641e+00	9.330277e-02
0.1450316	1.015045e+00	9.301247e-02
0.1455035	8.866511e-01	9.257343e-02
0.1459754	8.746057e-01	9.237899e-02
0.1464473	9.926616e-01	9.250620e-02
0.1469192	1.078579e+00	9.264298e-02
0.1473911	1.003717e+00	9.230378e-02
0.14786300000000002	8.459141e-01	9.177080e-02
0.14833490000000002	8.235318e-01	9.173245e-02
0.1488068	8.719989e-01	9.158656e-02
0.14927870000000001	9.722813e-01	9.166320e-02
0.1497506	9.009857e-01	9.124249e-02
0.1502225	8.981554e-01	9.114453e-02
0.1506944	1.001844e+00	9.120890e-02
0.1511663	9.101461e-01	9.100127e-02
0.1516382	8.352209e-01	9.075325e-02
0.15211010000000003	8.222046e-01	9.088524e-02
0.152582	9.884137e-01	9.362919e-02
0.15305390000000002	9.399314e-01	9.565452e-02
0.15352580000000002	1.063092e+00	9.760244e-02
0.15399770000000002	8.783789e-01	9.809806e-02
0.1544696	7.369364e-01	9.879546e-02
0.1549415	8.795455e-01	9.964964e-02
0.1554135	8.863229e-01	9.708414e-02
0.1558854	9.563050e-01	9.569286e-02
0.15635730000000003	8.588361e-01	9.444672e-02
0.1568292	9.536820e-01	9.375089e-02
0.1573011	8.628659e-01	9.257178e-02
0.15777300000000002	1.059812e+00	9.228094e-02
0.15824490000000002	8.279925e-01	9.058006e-02
0.1587168	8.318171e-01	8.975123e-02
0.15918870000000002	7.611909e-01	8.910136e-02
0.1596606	7.435852e-01	8.880862e-02
0.1601325	7.284834e-01	8.864352e-02
0.1606044	8.876461e-01	8.915845e-02
0.1610763	7.845143e-01	8.908051e-02
0.16154820000000003	7.247288e-01	8.907177e-02
0.1620201	7.805423e-01	8.908333e-02
0.162492	8.885518e-01	8.927975e-02
0.16296390000000002	8.272398e-01	8.896287e-02
0.16343580000000002	8.502757e-01	8.886783e-02
0.1639077	8.674782e-01	8.877925e-02
0.16437960000000001	7.875066e-01	8.832939e-02
0.1648515	7.107141e-01	8.797804e-02
0.1653234	7.448704e-01	8.797171e-02
0.1657953	7.429189e-01	8.781829e-02
0.1662672	7.599998e-01	8.774697e-02
0.16673910000000003	8.041312e-01	8.770271e-02
0.167211	6.799505e-01	8.725781e-02
0.1676829	6.153934e-01	8.697345e-02
0.16815480000000002	7.313543e-01	8.710379e-02
0.16862670000000002	7.293411e-01	8.702990e-02
0.16909870000000002	7.070604e-01	8.693693e-02
0.16957060000000002	7.193413e-01	8.674177e-02
0.1700425	8.471846e-01	8.698064e-02
0.1705144	6.758041e-01	8.647462e-02
0.1709863	7.429077e-01	8.646679e-02
0.1714582	8.213363e-01	8.654283e-02
0.1719301	7.858629e-01	8.636562e-02
0.17240200000000003	5.931509e-01	8.572113e-02
0.17287390000000002	6.568850e-01	8.580580e-02
0.1733458	7.184425e-01	8.581807e-02
0.17381770000000002	9.099748e-01	8.617260e-02
0.17428960000000002	7.721352e-01	8.563545e-02
0.17476150000000001	6.974327e-01	8.538760e-02
0.1752334	7.101893e-01	8.529983e-02
0.1757053	6.381030e-01	8.511050e-02
0.1761772	6.731504e-01	8.506944e-02
0.1766491	6.699404e-01	8.492440e-02
0.177121	8.100614e-01	8.503057e-02
0.17759290000000003	7.986298e-01	8.501936e-02
0.17806480000000002	7.541850e-01	8.473886e-02
0.1785367	7.121396e-01	8.460609e-02
0.17900860000000002	7.320011e-01	8.445491e-02
0.17948050000000002	6.695214e-01	8.415405e-02
0.1799524	6.760668e-01	8.415532e-02
0.1804243	5.509296e-01	8.372909e-02
0.1808962	6.751366e-01	8.387632e-02
0.18136810000000003	6.983830e-01	8.392378e-02
0.18184	7.539102e-01	8.395343e-02
0.1823119	7.671811e-01	8.380199e-02
0.18278380000000002	6.994557e-01	8.347257e-02
0.1832558	5.563080e-01	8.307993e-02
0.18372770000000002	7.329302e-01	8.344545e-02
0.18419960000000002	7.436029e-01	8.339532e-02
0.18467150000000002	7.556520e-01	8.336048e-02
0.1851434	6.540734e-01	8.295968e-02
0.1856153	6.351489e-01	8.274995e-02
0.1860872	6.364225e-01	8.269754e-02
0.1865591	6.720680e-01	8.274600e-02
0.187031	5.866964e-01	8.238321e-02
0.18750290000000003	6.859595e-01	8.250262e-02
0.1879748	5.514164e-01	8.207105e-02
0.1884467	7.266868e-01	8.235018e-02
0.18891860000000002	6.596079e-01	8.218627e-02
0.18939050000000002	6.795950e-01	8.209061e-02
0.18986240000000001	7.524784e-01	8.220545e-02
0.1903343	6.152466e-01	8.178258e-02
0.1908062	6.608080e-01	8.178476e-02
0.1912781	6.708564e-01	8.171847e-02
0.19175	6.460552e-01	8.156088e-02
0.1922219	5.096348e-01	8.103593e-02
0.19269380000000003	5.537707e-01	8.106124e-02
0.1931657	4.986868e-01	8.092573e-02
0.19363760000000002	5.354021e-01	8.088171e-02
0.19410950000000002	5.012288e-01	8.064552e-02
0.19458140000000002	5.690641e-01	8.062046e-02
0.1950533	4.871543e-01	8.025922e-02
0.1955252	5.677873e-01	8.016984e-02
0.1959971	6.280000e-01	8.018705e-02
0.196469	6.346850e-01	8.007694e-02
0.1969409	6.668280e-01	8.008766e-02
0.1974129	5.978314e-01	7.967529e-02
0.1978848	5.901014e-01	7.965493e-02
0.19835670000000002	5.953384e-01	7.979823e-02
0.19882860000000002	6.525354e-01	7.989796e-02
0.1993005	6.627093e-01	7.989813e-02
0.19977240000000002	5.725755e-01	7.971601e-02
0.20024430000000001	6.148418e-01	7.991485e-02
0.2007162	6.218095e-01	8.143169e-02
0.20118809999999998	5.489880e-01	8.315008e-02
0.20166	5.484782e-01	8.440147e-02
0.20213190000000003	5.000887e-01	8.510589e-02
0.2026038	5.570280e-01	8.608902e-02
0.2030757	5.155361e-01	8.681681e-02
0.20354760000000002	6.139475e-01	8.751971e-02
0.20401950000000002	5.231880e-01	8.736741e-02
0.2044914	6.121948e-01	8.786442e-02
0.20496330000000001	5.164870e-01	8.782225e-02
0.20543520000000004	5.713820e-01	8.824883e-02
0.2059071	5.499730e-01	8.837166e-02
0.206379	5.288995e-01	8.856778e-02
0.20685090000000003	5.152470e-01	8.851425e-02
0.2073228	4.391582e-01	8.592477e-02
0.2077947	5.316014e-01	8.439348e-02
0.20826660000000002	5.326046e-01	8.321816e-02
0.2087385	5.794689e-01	8.259205e-02
0.20921040000000002	5.983945e-01	8.179553e-02
0.20968230000000002	5.702379e-01	8.116103e-02
0.21015419999999999	5.299411e-01	8.083463e-02
0.2106261	5.472720e-01	8.065613e-02
0.21109810000000004	5.268000e-01	8.038868e-02
0.21157	5.498870e-01	8.020186e-02
0.2120419	5.833993e-01	8.005576e-02
0.21251380000000003	5.105213e-01	7.977102e-02
0.2129857	4.945052e-01	7.956105e-02
0.21345760000000003	5.364711e-01	7.954086e-02
0.21392950000000002	5.769782e-01	7.945388e-02
0.2144014	6.261173e-01	7.946557e-02
0.21487330000000002	4.118966e-01	7.872311e-02
0.21534520000000001	2.870211e-01	7.827756e-02
0.21581709999999998	5.235966e-01	7.879499e-02
0.216289	5.663157e-01	7.879778e-02
0.21676090000000003	5.294605e-01	7.860153e-02
0.2172328	4.819355e-01	7.836918e-02
0.2177047	4.393707e-01	7.805463e-02
0.21817660000000003	6.187550e-01	7.843364e-02
0.2186485	5.893020e-01	7.815550e-02
0.2191204	4.937061e-01	7.790621e-02
0.21959230000000002	5.761454e-01	7.805378e-02
0.22006420000000004	5.048273e-01	7.770644e-02
0.2205361	5.763270e-01	7.772599e-02
0.221008	5.261723e-01	7.767259e-02
0.22147990000000004	5.061170e-01	7.738120e-02
0.2219518	5.776820e-01	7.742587e-02
0.2224237	6.116641e-01	7.749689e-02
0.22289560000000003	5.223609e-01	7.711096e-02
0.2233675	5.335646e-01	7.698852e-02
0.22383940000000002	4.502564e-01	7.670845e-02
0.22431130000000002	5.106596e-01	7.676931e-02
0.2247832	4.956248e-01	7.669986e-02
0.22525520000000002	5.128993e-01	7.664772e-02
0.22572709999999999	4.764305e-01	7.648216e-02
0.226199	4.877102e-01	7.635830e-02
0.2266709	4.710843e-01	7.625977e-02
0.22714279999999998	4.432511e-01	7.604678e-02
0.2276147	5.000170e-01	7.610134e-02
0.22808660000000003	4.897648e-01	7.593512e-02
0.22855850000000003	4.212055e-01	7.580348e-02
0.2290304	4.554364e-01	7.571724e-02
0.22950230000000002	4.808666e-01	7.572981e-02
0.22997420000000002	4.503111e-01	7.560236e-02
0.2304461	4.437125e-01	7.549244e-02
0.230918	4.885780e-01	7.545515e-02
0.23138990000000004	4.592662e-01	7.528723e-02
0.2318618	5.072329e-01	7.531841e-02
0.2323337	6.147055e-01	7.554144e-02
0.23280560000000003	5.505695e-01	7.536075e-02
0.2332775	4.838850e-01	7.514423e-02
0.2337494	5.803471e-01	7.516557e-02
0.23422130000000002	4.975839e-01	7.491502e-02
0.2346932	5.311182e-01	7.487057e-02
0.23516510000000002	5.709845e-01	7.496874e-02
0.235637	4.222184e-01	7.446179e-02
0.23610890000000004	5.006382e-01	7.451632e-02
0.2365808	5.862821e-01	7.465942e-02
0.2370527	6.346091e-01	7.469305e-02
0.23752460000000003	4.533021e-01	7.428928e-02
0.2379965	4.943639e-01	7.429141e-02
0.23846840000000002	5.448479e-01	7.428436e-02
0.2389404	5.112850e-01	7.415274e-02
0.23941230000000002	5.925196e-01	7.426743e-02
0.23988420000000002	5.030109e-01	7.391390e-02
0.2403561	4.440609e-01	7.371796e-02
0.24082800000000001	3.857695e-01	7.352853e-02
0.2412999	4.484736e-01	7.356443e-02
0.24177179999999998	4.652212e-01	7.353496e-02
0.2422437	5.233298e-01	7.359550e-02
0.24271560000000003	4.773448e-01	7.342491e-02
0.2431875	4.391354e-01	7.324152e-02
0.2436594	4.105395e-01	7.306939e-02
0.24413130000000002	4.596037e-01	7.318663e-02
0.24460320000000002	4.727895e-01	7.313447e-02
0.2450751	5.114130e-01	7.312092e-02
0.24554700000000002	5.269429e-01	7.308975e-02
0.24601890000000004	5.191961e-01	7.296050e-02
0.2464908	6.029195e-01	7.309947e-02
0.2469627	4.343298e-01	7.263649e-02
0.24743460000000003	4.590271e-01	7.263161e-02
0.2479065	5.185545e-01	7.267636e-02
0.2483784	5.691707e-01	7.274665e-02
0.24885030000000002	5.330246e-01	7.264147e-02
0.2493222	4.329611e-01	7.229727e-02
0.24979410000000002	2.924400e-01	7.188113e-02
0.25026600000000004	5.304768e-01	7.239647e-02
0.2507379	4.287288e-01	7.211957e-02
0.2512098	5.336746e-01	7.228005e-02
0.2516817	4.178913e-01	7.190445e-02
0.25215360000000003	5.018559e-01	7.198378e-02
0.2526255	5.288820e-01	7.191406e-02
0.25309750000000003	4.030254e-01	7.140433e-02
0.2535694	4.347287e-01	7.132899e-02
0.2540413	4.534041e-01	7.133989e-02
0.25451320000000005	4.122512e-01	7.117569e-02
0.2549851	4.062186e-01	7.104871e-02
0.255457	4.243052e-01	7.113226e-02
0.2559289	3.985198e-01	7.093533e-02
0.2564008	3.972270e-01	7.079249e-02
0.2568727	4.105975e-01	7.083439e-02
0.25734460000000003	4.684541e-01	7.099716e-02
0.2578165	4.705175e-01	7.096727e-02
0.25828840000000003	4.890298e-01	7.109154e-02
0.2587603	5.382729e-01	7.114445e-02
0.25923219999999997	5.303379e-01	7.101249e-02
0.2597041	4.402848e-01	7.081447e-02
0.260176	3.995105e-01	7.067739e-02
0.26064790000000004	3.711389e-01	7.053756e-02
0.2611198	4.036734e-01	7.051473e-02
0.26159170000000004	4.680750e-01	7.058834e-02
0.2620636	4.698577e-01	7.056120e-02
0.2625355	4.484962e-01	7.046473e-02
0.2630074	5.195191e-01	7.050059e-02
0.2634793	5.308961e-01	7.042960e-02
0.2639512	5.176396e-01	7.038368e-02
0.2644231	3.841087e-01	7.003168e-02
0.26489500000000005	4.758132e-01	7.019568e-02
0.2653669	3.994546e-01	6.989335e-02
0.2658388	4.089573e-01	6.987819e-02
0.2663107	5.077291e-01	7.002024e-02
0.2667826	4.519384e-01	6.981026e-02
0.2672546	4.587355e-01	6.977831e-02
0.2677265	4.668238e-01	6.972230e-02
0.2681984	4.382079e-01	6.962564e-02
0.26867030000000003	4.827748e-01	6.964766e-02
0.26914220000000005	3.725641e-01	6.933397e-02
0.2696141	4.495550e-01	6.940451e-02
0.270086	4.509587e-01	6.940109e-02
0.2705579	4.378459e-01	6.938229e-02
0.2710298	4.393239e-01	6.926444e-02
0.2715017	4.180075e-01	6.912791e-02
0.27197360000000004	3.727696e-01	6.897671e-02
0.2724455	3.967359e-01	6.896159e-02
0.27291740000000003	3.411300e-01	6.877948e-02
0.2733893	4.037443e-01	6.879191e-02
0.27386119999999997	3.697502e-01	6.871034e-02
0.2743331	4.067327e-01	6.875414e-02
0.274805	3.858350e-01	6.861324e-02
0.2752769	4.676243e-01	6.876016e-02
0.2757488	4.672291e-01	6.871944e-02
0.27622070000000004	4.238321e-01	6.859540e-02
0.2766926	3.511062e-01	6.833412e-02
0.2771645	3.864468e-01	6.835023e-02
0.2776364	4.612359e-01	6.844749e-02
0.27810830000000003	4.565648e-01	6.847536e-02
0.2785802	3.616288e-01	6.810602e-02
0.2790521	4.161405e-01	6.814839e-02
0.27952400000000005	3.816668e-01	6.806278e-02
0.2799959	3.767377e-01	6.801153e-02
0.2804678	4.484280e-01	6.807657e-02
0.2809398	4.685066e-01	6.855036e-02
0.2814117	3.818771e-01	7.008437e-02
0.2818836	4.388082e-01	7.130609e-02
0.2823555	3.527162e-01	7.186529e-02
0.2828274	4.443725e-01	7.272091e-02
0.28329930000000003	3.609573e-01	7.276806e-02
0.2837712	4.014811e-01	7.311558e-02
0.2842431	3.910518e-01	7.329060e-02
0.284715	4.893784e-01	7.375066e-02
0.2851869	3.630268e-01	7.365257e-02
0.2856588	3.560932e-01	7.378313e-02
0.2861307	3.019561e-01	7.380960e-02
0.28660260000000004	3.927896e-01	7.405774e-02
0.2870745	3.946168e-01	7.428812e-02
0.28754640000000004	3.979529e-01	7.346860e-02
0.2880183	3.894741e-01	7.176014e-02
0.2884902	3.643946e-01	7.064805e-02
0.2889621	3.492371e-01	6.994386e-02
0.289434	3.797396e-01	6.952151e-02
0.2899059	4.239282e-01	6.933715e-02
0.2903778	3.649741e-01	6.898890e-02
0.29084970000000004	3.445387e-01	6.882127e-02
0.2913216	2.293371e-01	6.843528e-02
0.2917935	2.615182e-01	6.839866e-02
0.2922654	4.309095e-01	6.860003e-02
0.2927373	3.848711e-01	6.835358e-02
0.2932092	3.068418e-01	6.813908e-02
0.29368110000000003	3.209632e-01	6.804472e-02
0.29415300000000005	3.514032e-01	6.792686e-02
0.2946249	3.670659e-01	6.791785e-02
0.29509690000000005	4.483312e-01	6.800913e-02
0.2955688	4.287229e-01	6.784511e-02
0.2960407	4.366095e-01	6.770078e-02
0.2965126	4.444986e-01	6.769976e-02
0.2969845	3.984416e-01	6.756322e-02
0.2974564	2.564821e-01	6.720128e-02
0.29792830000000003	3.062962e-01	6.723987e-02
0.2984002	3.251063e-01	6.718613e-02
0.29887210000000003	3.403880e-01	6.710570e-02
0.299344	4.404829e-01	6.723415e-02
0.29981589999999997	3.145639e-01	6.692811e-02
0.3002878	3.401775e-01	6.685744e-02
0.3007597	4.077238e-01	6.697240e-02
0.30123160000000004	3.543986e-01	6.680240e-02
0.3017035	3.967637e-01	6.679395e-02
0.30217540000000004	3.282171e-01	6.651054e-02
0.30264730000000006	2.610275e-01	6.635351e-02
0.30311920000000003	2.673443e-01	6.626331e-02
0.3035911	3.046632e-01	6.638387e-02
0.304063	3.260636e-01	6.624988e-02
0.3045349	3.902120e-01	6.627833e-02
0.3050068	3.536736e-01	6.621769e-02
0.30547870000000005	3.240239e-01	6.607014e-02
0.3059506	3.448657e-01	6.601776e-02
0.30642250000000004	2.817396e-01	6.583635e-02
0.3068944	2.698736e-01	6.574397e-02
0.3073663	3.812227e-01	6.590022e-02
0.3078382	3.852943e-01	6.587933e-02
0.30831010000000003	3.486832e-01	6.574317e-02
0.3087821	4.125839e-01	6.578945e-02
0.30925400000000003	4.521018e-01	6.585711e-02
0.30972590000000005	4.032239e-01	6.574766e-02
0.3101978	3.631705e-01	6.549351e-02
0.31066970000000005	3.573773e-01	6.541800e-02
0.3111416	3.559482e-01	6.540478e-02
0.3116135	3.575123e-01	6.531301e-02
0.3120854	3.658011e-01	6.523525e-02
0.31255730000000004	3.959677e-01	6.525032e-02
0.3130292	3.829898e-01	6.523125e-02
0.31350110000000003	3.417475e-01	6.509651e-02
0.31397300000000006	2.916162e-01	6.494358e-02
0.3144449	3.356254e-01	6.491680e-02
0.3149168	3.821880e-01	6.497044e-02
0.3153887	4.186084e-01	6.499723e-02
0.3158606	3.535636e-01	6.482833e-02
0.3163325	5.036257e-01	6.506009e-02
0.31680440000000004	4.154646e-01	6.482935e-02
0.31727630000000007	3.524782e-01	6.466517e-02
0.31774820000000004	3.057959e-01	6.453466e-02
0.3182201	2.904441e-01	6.446040e-02
0.31869200000000003	3.562971e-01	6.455396e-02
0.3191639	2.307441e-01	6.414684e-02
0.3196358	3.565104e-01	6.438314e-02
0.32010770000000005	4.998793e-01	6.451811e-02
0.3205796	4.661111e-01	6.426491e-02
0.32105150000000005	3.528677e-01	6.397740e-02
0.3215234	3.569239e-01	6.394981e-02
0.3219953	3.659884e-01	6.394552e-02
0.3224672	3.329209e-01	6.380653e-02
0.3229392	2.791391e-01	6.362865e-02
0.3234111	3.045366e-01	6.365187e-02
0.32388300000000003	4.257884e-01	6.380106e-02
0.3243549	3.997202e-01	6.375136e-02
0.3248268	3.440779e-01	6.359661e-02
0.32529870000000005	3.782370e-01	6.357588e-02
0.3257706	3.338670e-01	6.352727e-02
0.3262425	2.387738e-01	6.338219e-02
0.3267144	2.191637e-01	6.330923e-02
0.32718630000000004	2.757934e-01	6.339985e-02
0.3276582	2.557309e-01	6.330796e-02
0.32813010000000004	3.030418e-01	6.336566e-02
0.32860200000000006	3.565002e-01	6.340155e-02
0.32907390000000003	3.162798e-01	6.327844e-02
0.3295458	3.493234e-01	6.330676e-02
0.3300177	3.243700e-01	6.323120e-02
0.3304896	2.911729e-01	6.309293e-02
0.3309615	3.014645e-01	6.304765e-02
0.33143340000000004	3.555332e-01	6.311712e-02
0.3319053	1.951970e-01	6.270327e-02
0.33237720000000004	2.911332e-01	6.281538e-02
0.3328491	3.508264e-01	6.292611e-02
0.333321	3.325393e-01	6.287266e-02
0.3337929	4.605814e-01	6.304204e-02
0.33426480000000003	3.537898e-01	6.278984e-02
0.33473670000000005	3.622082e-01	6.277476e-02
0.3352086	4.034284e-01	6.278957e-02
0.33568050000000005	2.849504e-01	6.251772e-02
0.3361524	3.610812e-01	6.264375e-02
0.3366243	1.867913e-01	6.223239e-02
0.3370963	2.433129e-01	6.227453e-02
0.3375682	3.875077e-01	6.251660e-02
0.3380401	2.270714e-01	6.217664e-02
0.33851200000000004	2.436052e-01	6.212455e-02
0.3389839	3.460700e-01	6.231382e-02
0.33945580000000003	4.096607e-01	6.251095e-02
0.33992770000000005	2.810875e-01	6.328937e-02
0.3403996	1.132457e-01	6.416857e-02
0.3408715	3.173023e-01	6.540580e-02
0.3413434	3.328902e-01	6.606370e-02
0.34181530000000004	3.470938e-01	6.637938e-02
0.3422872	3.689975e-01	6.642875e-02
0.34275910000000004	3.716562e-01	6.645333e-02
0.34323100000000006	4.808077e-01	6.680051e-02
0.34370290000000003	4.002214e-01	6.680870e-02
0.3441748	3.062655e-01	6.682577e-02
0.34464670000000003	2.599582e-01	6.685110e-02
0.3451186	3.112813e-01	6.705740e-02
0.3455905	2.919057e-01	6.715689e-02
0.34606240000000005	3.421141e-01	6.738858e-02
0.3465343	3.924434e-01	6.761423e-02
0.34700620000000004	2.973804e-01	6.752141e-02
0.3474781	3.185845e-01	6.770282e-02
0.34795	3.332282e-01	6.780983e-02
0.3484219	3.458952e-01	6.796346e-02
0.34889380000000003	4.145030e-01	6.822104e-02
0.3493657	2.638957e-01	6.804189e-02
0.3498376	3.405930e-01	6.825635e-02
0.35030950000000005	3.700389e-01	6.836568e-02
0.3507815	3.649825e-01	6.842397e-02
0.35125340000000005	2.544661e-01	6.824540e-02
0.3517253	1.605438e-01	6.806706e-02
0.3521972	2.023532e-01	6.828310e-02
0.3526691	2.265882e-01	6.844341e-02
0.35314100000000004	2.028939e-01	6.842921e-02
0.3536129	3.323648e-01	6.886583e-02
0.35408480000000003	3.772214e-01	6.900157e-02
0.35455670000000006	3.502300e-01	6.899458e-02
0.3550286	4.019155e-01	6.914440e-02
0.3555005	3.072636e-01	6.902159e-02
0.3559724	2.531398e-01	6.893544e-02
0.3564443	3.320650e-01	6.927278e-02
0.3569162	2.499032e-01	6.915785e-02
0.35738810000000004	3.602834e-01	6.945504e-02
0.35786	3.192854e-01	6.941675e-02
0.35833190000000004	2.706052e-01	6.935727e-02
0.3588038	2.090807e-01	6.923147e-02
0.35927570000000003	2.755677e-01	6.947554e-02
0.3597476	2.916534e-01	6.952968e-02
0.3602195	2.764182e-01	6.952408e-02
0.36069140000000005	2.833502e-01	6.947347e-02
0.3611633	2.871752e-01	6.980216e-02
0.36163520000000005	2.573605e-01	7.185450e-02
0.3621071	2.075495e-01	7.336360e-02
0.362579	2.367111e-01	7.440815e-02
0.3630509	2.379800e-01	7.495724e-02
0.36352280000000003	3.496023e-01	7.586738e-02
0.3639947	3.016525e-01	7.622059e-02
0.36446660000000003	3.624839e-01	7.677545e-02
0.3649386	3.661361e-01	7.728286e-02
0.3654105	2.892543e-01	7.742868e-02
0.36588240000000005	3.751289e-01	7.806385e-02
0.3663543	3.459225e-01	7.840640e-02
0.3668262	3.821784e-01	7.884401e-02
0.3672981	3.300687e-01	7.902799e-02
0.36777000000000004	3.122489e-01	7.940654e-02
0.3682419	3.350580e-01	7.983166e-02
0.36871380000000004	4.264312e-01	8.035175e-02
0.36918570000000006	3.417214e-01	8.052790e-02
0.36965760000000003	3.174587e-01	8.075671e-02
0.3701295	2.420166e-01	8.099386e-02
0.3706014	3.510336e-01	8.141175e-02
0.3710733	2.908868e-01	8.163954e-02
0.3715452	4.485855e-01	8.240688e-02
0.37201710000000004	4.309088e-01	8.270752e-02
0.372489	3.084896e-01	8.278900e-02
0.37296090000000004	2.555418e-01	8.287629e-02
0.3734328	1.760380e-01	8.289820e-02
0.3739047	3.270863e-01	8.370778e-02
0.3743766	3.540241e-01	8.415442e-02
0.37484850000000003	3.049670e-01	8.434636e-02
0.37532040000000005	2.785061e-01	8.465505e-02
0.3757923	1.846316e-01	8.463987e-02
0.37626420000000005	1.853837e-01	8.495700e-02
0.3767361	3.239487e-01	8.563070e-02
0.377208	4.065345e-01	8.619500e-02
0.3776799	4.005948e-01	8.642609e-02
0.37815180000000004	4.056934e-01	8.675142e-02
0.3786237	2.619427e-01	8.667459e-02
0.37909570000000004	4.632450e-01	8.758619e-02
0.3795676	4.045393e-01	8.764666e-02
0.38003950000000003	2.671973e-01	8.756031e-02
0.38051140000000006	2.949305e-01	8.798132e-02
0.3809833	3.888782e-01	8.865946e-02
0.3814552	2.602452e-01	8.854115e-02
0.3819271	3.347145e-01	8.902285e-02
0.382399	3.069264e-01	8.931023e-02
0.3828709	3.125584e-01	8.959080e-02
0.38334280000000004	4.421059e-01	9.031910e-02
0.38381470000000006	3.944961e-01	9.041240e-02
0.38428660000000003	2.535577e-01	9.030303e-02
0.3847585	3.379505e-01	9.090649e-02
0.38523040000000003	3.168754e-01	9.114884e-02
0.3857023	2.222170e-01	9.124839e-02
0.3861742	2.293489e-01	9.154001e-02
0.38664610000000005	1.184009e-01	9.140802e-02
0.387118	2.209425e-01	9.213332e-02
0.38758990000000004	2.940113e-01	9.277143e-02
0.3880618	2.635637e-01	9.296687e-02
0.3885337	1.747255e-01	9.294581e-02
0.3890056	2.056459e-01	9.332890e-02
0.38947750000000003	2.339459e-01	9.384415e-02
0.3899494	3.363879e-01	9.443746e-02
0.3904213	2.826075e-01	9.458291e-02
0.39089320000000005	4.167884e-01	9.515680e-02
0.3913651	4.686766e-01	9.574747e-02
0.391837	3.624571e-01	9.581252e-02
0.3923089	3.796234e-01	9.590487e-02
0.3927809	3.582580e-01	9.589168e-02
0.3932528	3.230516e-01	9.600327e-02
0.39372470000000004	3.350977e-01	9.636522e-02
0.3941966	2.176284e-01	9.625183e-02
0.39466850000000003	2.753714e-01	9.660057e-02
0.39514040000000006	3.126429e-01	9.689174e-02
0.39561230000000003	2.244073e-01	9.663749e-02
0.3960842	1.976052e-01	9.666462e-02
0.3965561	3.183636e-01	9.726395e-02
0.397028	3.177112e-01	9.728050e-02
0.3974999	2.683795e-01	9.729645e-02
0.39797180000000004	3.693011e-01	9.775560e-02
0.3984437	3.729923e-01	9.809921e-02
0.39891560000000004	2.872020e-01	9.823462e-02
0.3993875	2.921807e-01	9.848764e-02
0.39985940000000003	3.647991e-01	9.906592e-02
0.40033130000000006	1.383088e-01	9.869066e-02
0.4008032	2.131293e-01	9.938347e-02
0.4012751	2.137120e-01	9.963151e-02
0.4017470000000001	2.393887e-01	1.000725e-01
0.40221890000000005	2.311996e-01	1.002644e-01
0.4026908	3.252468e-01	1.010007e-01
0.40316270000000004	2.089350e-01	1.008449e-01
0.4036346	1.347246e-01	1.010455e-01
0.4041065	2.527861e-01	1.018544e-01
0.40457840000000006	1.988398e-01	1.019268e-01
0.40505030000000003	3.129521e-01	1.027635e-01
0.4055222	3.179614e-01	1.030219e-01
0.4059941	4.520020e-01	1.039647e-01
0.406466	3.151566e-01	1.038252e-01
0.406938	2.808125e-01	1.039430e-01
0.40740990000000005	2.250261e-01	1.039411e-01
0.4078818	4.427586e-01	1.051612e-01
0.4083537	3.729466e-01	1.053961e-01
0.40882560000000007	3.004973e-01	1.055951e-01
0.40929750000000004	3.133559e-01	1.058898e-01
0.4097694	2.921654e-01	1.062230e-01
0.41024130000000003	3.140525e-01	1.066704e-01
0.4107132	3.288650e-01	1.071317e-01
0.41118509999999997	2.729638e-01	1.072325e-01
0.41165700000000005	2.497209e-01	1.075276e-01
0.4121289	2.787205e-01	1.079953e-01
0.4126008	2.544798e-01	1.083768e-01
0.41307270000000007	1.907227e-01	1.086478e-01
0.41354460000000004	3.613820e-01	1.094855e-01
0.4140165	4.161973e-01	1.100459e-01
0.41448840000000003	3.196861e-01	1.101607e-01
0.4149603	4.072218e-01	1.106623e-01
0.4154322	2.296039e-01	1.105910e-01
0.41590410000000005	3.186068e-01	1.114366e-01
0.416376	2.116398e-01	1.114709e-01
0.4168479	2.945116e-01	1.120771e-01
0.4173198	1.334168e-01	1.118370e-01
0.4177917	2.345355e-01	1.126808e-01
0.41826359999999996	2.874889e-01	1.133260e-01
0.41873550000000004	1.093277e-01	1.133693e-01
0.4192074	2.749587e-01	1.143387e-01
0.4196793000000001	4.023477e-01	1.150469e-01
0.42015120000000006	3.230793e-01	1.153383e-01
0.42062320000000003	2.301866e-01	1.153420e-01
0.4210951	3.428157e-01	1.161302e-01
0.421567	3.118532e-01	1.167186e-01
0.4220389	1.884223e-01	1.166080e-01
0.42251079999999996	3.024591e-01	1.175019e-01
0.42298270000000004	3.599959e-01	1.183808e-01
0.4234546	4.171936e-01	1.187767e-01
0.4239265	3.444996e-01	1.190905e-01
0.42439840000000006	2.657388e-01	1.192733e-01
0.42487030000000003	1.490093e-01	1.191548e-01
0.4253422	-1.184000e-02	1.189737e-01
0.42581410000000003	1.291520e-01	1.202038e-01
0.426286	1.248757e-01	1.209081e-01
0.42675789999999997	2.187334e-01	1.214971e-01
0.42722980000000005	2.627712e-01	1.218989e-01
0.4277017	1.297914e-01	1.219968e-01
0.42817360000000004	2.652500e-01	1.233016e-01
0.4286455	2.909421e-01	1.238791e-01
0.4291174	2.907343e-01	1.243878e-01
0.42958930000000006	1.869150e-01	1.244583e-01
0.43006120000000003	1.538371e-01	1.249304e-01
0.4305331	3.879795e-01	1.262383e-01
0.4310050000000001	2.460791e-01	1.262604e-01
0.43147690000000005	2.719739e-01	1.269727e-01
0.4319488	1.763679e-01	1.273188e-01
0.43242070000000005	1.939621e-01	1.279060e-01
0.4328926	1.482709e-01	1.282683e-01
0.4333645	2.654450e-01	1.294224e-01
0.43383640000000007	2.039207e-01	1.297722e-01
0.43430830000000004	3.922048e-01	1.308355e-01
0.4347803	2.822121e-01	1.309634e-01
0.4352522	2.448718e-01	1.314189e-01
0.43572410000000006	3.031245e-01	1.323295e-01
0.43619600000000003	3.228573e-01	1.332351e-01
0.43666790000000005	3.092088e-01	1.337144e-01
0.4371398	3.064536e-01	1.343623e-01
0.4376117	3.813643e-01	1.352723e-01
0.4380836000000001	2.514204e-01	1.353109e-01
0.43855550000000004	3.802125e-01	1.366717e-01
0.4390274	4.452150e-01	1.375521e-01
0.43949930000000004	3.651802e-01	1.378245e-01
0.4399712	4.864589e-01	1.391566e-01
0.4404431	3.108079e-01	1.388243e-01
0.44091500000000006	2.919555e-01	1.391744e-01
0.4413869	5.019946e-02	1.380561e-01
0.4418588	8.894179e-02	1.380380e-01
0.4423307000000001	1.513773e-01	1.386230e-01
0.44280260000000005	2.340214e-01	1.392275e-01
0.4432745	2.072013e-01	1.387303e-01
0.44374640000000004	3.644427e-01	1.396655e-01
0.4442183	2.677423e-01	1.396346e-01
0.4446902	2.324241e-01	1.395371e-01
0.44516210000000006	3.507045e-01	1.407338e-01
0.44563400000000003	1.747129e-01	1.408565e-01
0.4461059	6.252911e-02	1.411241e-01
0.4465778	1.809857e-01	1.421066e-01
0.4470497	4.695811e-01	1.443810e-01
0.44752159999999996	3.023566e-01	1.443821e-01
0.44799350000000004	1.413330e-01	1.442878e-01
0.4484654	1.689957e-01	1.453394e-01
0.4489374	2.206148e-01	1.462308e-01
0.44940930000000007	2.005675e-01	1.467415e-01
0.44988120000000004	3.029795e-01	1.486050e-01
0.4503531	1.169850e-01	1.484312e-01
0.45082500000000003	2.049714e-01	1.495890e-01
0.4512969	2.231773e-01	1.503871e-01
0.45176879999999997	2.502820e-01	1.515770e-01
0.45224070000000005	2.728916e-01	1.524475e-01
0.4527126	2.574086e-01	1.532678e-01
0.4531845	2.156054e-01	1.537648e-01
0.45365640000000007	2.184866e-01	1.545980e-01
0.45412830000000004	2.829032e-01	1.559938e-01
0.4546002	3.909216e-01	1.575174e-01
0.45507210000000003	2.674457e-01	1.579273e-01
0.455544	1.667532e-01	1.585904e-01
0.4560159	3.444513e-01	1.605609e-01
0.45648780000000005	3.340730e-01	1.613870e-01
0.4569597	2.061475e-01	1.614255e-01
0.4574316	4.507879e-01	1.640310e-01
0.4579035	4.569991e-01	1.650821e-01
0.4583754	3.312984e-01	1.655271e-01
0.45884729999999996	1.341423e-01	1.657688e-01
0.45931920000000004	2.585334e-01	1.679206e-01
0.4597911	2.626630e-01	1.688231e-01
0.4602630000000001	5.755786e-02	1.690426e-01
0.46073490000000006	4.170982e-02	1.700376e-01
0.46120680000000003	3.283009e-01	1.726426e-01
0.46167870000000005	6.325834e-01	1.754808e-01
0.4621506	7.773652e-01	1.780888e-01
0.4626226	4.291307e-01	1.770926e-01
0.46309449999999996	1.231329e-01	1.770703e-01
0.46356640000000005	-2.286768e-02	1.776525e-01
0.4640383	5.131714e-02	1.791998e-01
0.4645102	-2.414304e-02	1.800761e-01
0.46498210000000006	2.104987e-01	1.829033e-01
0.46545400000000003	3.416098e-01	1.852964e-01
0.4659259	2.741221e-01	1.861986e-01
0.46639780000000003	2.748005e-01	1.880605e-01
0.4668697	1.877179e-01	1.897471e-01
0.46734159999999997	3.092011e-01	1.916669e-01
0.46781350000000005	3.745304e-01	1.933747e-01
0.4682854	1.735711e-01	1.939041e-01
0.46875730000000004	5.835661e-02	1.953394e-01
0.4692292	1.861421e-01	1.979459e-01
0.4697011	2.633568e-01	2.008570e-01
0.47017300000000006	3.088002e-01	2.021399e-01
0.47064490000000003	3.020863e-01	2.038480e-01
0.4711168	1.679350e-01	2.047356e-01
0.4715887000000001	4.055484e-01	2.092933e-01
0.47206060000000005	4.138636e-01	2.113597e-01
0.4725325	1.501855e-01	2.112856e-01
0.47300440000000005	-4.584696e-02	2.121738e-01
0.4734763	2.225689e-01	2.170808e-01
0.4739482	3.757971e-01	2.204987e-01
0.47442010000000007	2.461421e-01	2.222454e-01
0.47489200000000004	2.546523e-01	2.248353e-01
0.4753639	-3.627134e-01	2.228484e-01
0.47583580000000003	-2.547964e-02	2.282505e-01
0.4763077	4.111496e-01	2.342451e-01
0.47677970000000003	3.975829e-01	2.373952e-01
0.47725160000000005	5.695702e-01	2.415908e-01
0.4777235	1.416045e-01	2.407017e-01
0.4781954	4.071648e-01	2.466878e-01
0.4786673000000001	3.452868e-01	2.505197e-01
0.47913920000000004	6.157700e-01	2.563213e-01
0.4796111	5.843268e-01	2.591732e-01
0.48008300000000004	6.119321e-02	2.592214e-01
0.4805549	2.293084e-01	2.651873e-01
0.4810268	4.065582e-01	2.710381e-01
0.48149870000000006	3.273666e-01	2.750033e-01
0.4819706	4.373298e-01	2.811285e-01
0.4824425	-2.077893e-02	2.810495e-01
0.4829144000000001	4.827554e-01	2.918169e-01
0.48338630000000005	2.550109e-01	2.958225e-01
0.4838582	2.792293e-01	3.018306e-01
0.48433010000000004	8.332232e-02	3.061370e-01
0.484802	1.444904e-01	3.137442e-01
0.4852739	3.634459e-01	3.244607e-01
0.48574580000000006	8.846982e-01	3.368592e-01
0.48621770000000003	6.075788e-01	3.420374e-01
0.4866896	6.136775e-01	3.511346e-01
0.4871615	8.453268e-02	3.557943e-01
0.4876334	1.038216e-01	3.659055e-01
0.48810529999999996	4.094170e-01	3.804919e-01
0.48857720000000004	2.597782e-01	3.924356e-01
0.4890491	7.401521e-01	4.148946e-01
0.489521	1.039968e-01	4.212373e-01
0.48999290000000006	4.842191e-01	4.474474e-01
0.49046490000000004	9.735145e-01	4.771916e-01
0.4909368	6.460820e-01	4.958940e-01
0.49140870000000003	5.975316e-01	5.171948e-01
0.4918806	3.110989e-01	5.499244e-01
0.49235249999999997	9.755536e-02	5.890955e-01
0.49282440000000005	-7.272482e-02	6.392663e-01
0.4932963	1.926304e-02	7.108042e-01
0.4937682	6.676687e-01	8.266544e-01
0.49424010000000007	7.368020e-01	9.833336e-01
0.49471200000000004	3.749170e-01	1.288025e+00
0.4951839	4.750370e-01	2.256182e+00
