200, 2, 
220, 1, 1, 
240, 1, 1, 
260, 1, 1, 
280, 1, 1, 
300, 1, 1, 
320, 1, 1, 
340, 1, 1, 
360, 1, 1, 
380, 1, 1, 
400, 2, 
420, 1, 1, 
440, 1, 1, 
460, 1, 1, 
480, 2, 
500, 1, 1, 
520, 1, 1, 
540, 1, 1, 
560, 2, 
580, 2, 
600, 2, 
620, 2, 
640, 2, 
660, 2, 
680, 2, 
700, 2, 
720, 2, 
740, 2, 
760, 2, 
780, 2, 
800, 2, 
820, 2, 
840, 2, 
860, 2, 
880, 1, 1, 
900, 2, 
920, 2, 
940, 2, 
960, 2, 
980, 1, 1, 
1000, 1, 1, 
1020, 1, 1, 
1040, 2, 
1060, 2, 
1080, 1, 1, 
1100, 1, 1, 
1120, 1, 1, 
1140, 1, 1, 
1160, 2, 
1180, 2, 
1200, 2, 
1220, 2, 
1240, 2, 
1260, 2, 
1280, 2, 
1300, 2, 
1320, 1, 1, 
1340, 1, 1, 
1360, 1, 1, 
1380, 1, 1, 
1400, 2, 
1420, 2, 
1440, 1, 1, 
1460, 2, 
1480, 2, 
1500, 2, 
1520, 2, 
1540, 2, 
1560, 2, 
1580, 2, 
1600, 1, 1, 
1620, 1, 1, 
1640, 1, 1, 
1660, 1, 1, 
1680, 1, 1, 
1700, 1, 1, 
1720, 1, 1, 
1740, 2, 
1760, 2, 
1780, 2, 
1800, 1, 1, 
1820, 1, 1, 
1840, 1, 1, 
1860, 1, 1, 
1880, 1, 1, 
1900, 2, 
1920, 1, 1, 
1940, 1, 1, 
1960, 1, 1, 
1980, 2, 
2000, 2, 
2020, 2, 
2040, 2, 
2060, 2, 
2080, 2, 
2100, 2, 
2120, 2, 
2140, 2, 
2160, 2, 
2180, 2, 
2200, 2, 
2220, 2, 
2240, 2, 
2260, 2, 
2280, 2, 
2300, 2, 
2320, 1, 1, 
2340, 1, 1, 
2360, 1, 1, 
2380, 1, 1, 
2400, 1, 1, 
2420, 1, 1, 
2440, 1, 1, 
2460, 1, 1, 
2480, 2, 
2500, 2, 
2520, 2, 
2540, 2, 
2560, 2, 
2580, 2, 
2600, 2, 
2620, 1, 1, 
2640, 1, 1, 
2660, 1, 1, 
2680, 2, 
2700, 2, 
2720, 2, 
2740, 1, 1, 
2760, 1, 1, 
2780, 1, 1, 
2800, 1, 1, 
2820, 1, 1, 
2840, 1, 1, 
2860, 2, 
2880, 1, 1, 
2900, 1, 1, 
2920, 1, 1, 
2940, 1, 1, 
2960, 1, 1, 
2980, 2, 
3000, 2, 
3020, 2, 
3040, 2, 
3060, 2, 
3080, 2, 
3100, 1, 1, 
3120, 1, 1, 
3140, 1, 1, 
3160, 1, 1, 
3180, 1, 1, 
3200, 1, 1, 
3220, 1, 1, 
3240, 1, 1, 
3260, 1, 1, 
3280, 1, 1, 
3300, 1, 1, 
3320, 1, 1, 
3340, 1, 1, 
3360, 1, 1, 
3380, 1, 1, 
3400, 1, 1, 
3420, 1, 1, 
3440, 1, 1, 
3460, 1, 1, 
3480, 1, 1, 
3500, 1, 1, 
3520, 1, 1, 
3540, 1, 1, 
3560, 1, 1, 
3580, 1, 1, 
3600, 1, 1, 
3620, 1, 1, 
3640, 1, 1, 
3660, 1, 1, 
3680, 2, 
3700, 2, 
3720, 2, 
3740, 2, 
3760, 2, 
3780, 2, 
3800, 2, 
3820, 2, 
3840, 2, 
3860, 2, 
3880, 2, 
3900, 2, 
3920, 2, 
3940, 2, 
3960, 2, 
3980, 2, 
4000, 2, 
4020, 2, 
4040, 1, 1, 
4060, 1, 1, 
4080, 1, 1, 
4100, 1, 1, 
4120, 1, 1, 
4140, 1, 1, 
4160, 1, 1, 
4180, 1, 1, 
4200, 1, 1, 
4220, 1, 1, 
4240, 2, 
4260, 2, 
4280, 2, 
4300, 2, 
4320, 2, 
4340, 2, 
4360, 2, 
4380, 1, 1, 
4400, 1, 1, 
4420, 1, 1, 
4440, 2, 
4460, 2, 
4480, 2, 
4500, 2, 
4520, 2, 
4540, 2, 
4560, 2, 
4580, 2, 
4600, 1, 1, 
4620, 2, 
4640, 2, 
4660, 2, 
4680, 2, 
4700, 2, 
4720, 2, 
4740, 1, 1, 
4760, 1, 1, 
4780, 2, 
4800, 2, 
4820, 2, 
4840, 1, 1, 
4860, 1, 1, 
4880, 1, 1, 
4900, 1, 1, 
4920, 1, 1, 
4940, 1, 1, 
4960, 1, 1, 
4980, 2, 
5000, 2, 
5020, 2, 
5040, 2, 
5060, 2, 
5080, 2, 
5100, 2, 
5120, 2, 
5140, 2, 
5160, 1, 1, 
5180, 1, 1, 
5200, 1, 1, 
5220, 1, 1, 
5240, 1, 1, 
5260, 1, 1, 
5280, 1, 1, 
5300, 1, 1, 
5320, 1, 1, 
5340, 1, 1, 
5360, 2, 
5380, 1, 1, 
5400, 1, 1, 
5420, 1, 1, 
5440, 1, 1, 
5460, 1, 1, 
5480, 1, 1, 
5500, 1, 1, 
5520, 2, 
5540, 2, 
5560, 2, 
5580, 2, 
5600, 2, 
5620, 2, 
5640, 2, 
5660, 2, 
5680, 2, 
5700, 2, 
5720, 2, 
5740, 2, 
5760, 1, 1, 
5780, 1, 1, 
5800, 1, 1, 
5820, 1, 1, 
5840, 1, 1, 
5860, 2, 
5880, 2, 
5900, 2, 
5920, 2, 
5940, 2, 
5960, 2, 
5980, 2, 
6000, 2, 
6020, 2, 
6040, 1, 1, 
6060, 1, 1, 
6080, 1, 1, 
6100, 1, 1, 
6120, 1, 1, 
6140, 1, 1, 
6160, 1, 1, 
6180, 1, 1, 
6200, 2, 
6220, 2, 
6240, 2, 
6260, 2, 
6280, 2, 
6300, 2, 
6320, 2, 
6340, 2, 
6360, 1, 1, 
6380, 2, 
6400, 2, 
6420, 2, 
6440, 2, 
6460, 2, 
6480, 2, 
6500, 2, 
6520, 2, 
6540, 1, 1, 
6560, 1, 1, 
6580, 1, 1, 
6600, 1, 1, 
6620, 1, 1, 
6640, 1, 1, 
6660, 1, 1, 
6680, 2, 
6700, 2, 
6720, 2, 
6740, 2, 
6760, 2, 
6780, 2, 
6800, 2, 
6820, 2, 
6840, 2, 
6860, 2, 
6880, 2, 
6900, 2, 
6920, 2, 
6940, 2, 
6960, 1, 1, 
6980, 2, 
7000, 2, 
7020, 2, 
7040, 2, 
7060, 2, 
7080, 2, 
7100, 2, 
7120, 2, 
7140, 1, 1, 
7160, 1, 1, 
7180, 1, 1, 
7200, 2, 
7220, 2, 
7240, 2, 
7260, 2, 
7280, 1, 1, 
7300, 1, 1, 
7320, 1, 1, 
7340, 1, 1, 
7360, 1, 1, 
7380, 1, 1, 
7400, 1, 1, 
7420, 2, 
7440, 2, 
7460, 2, 
7480, 2, 
7500, 2, 
7520, 2, 
7540, 2, 
7560, 2, 
7580, 2, 
7600, 1, 1, 
7620, 2, 
7640, 1, 1, 
7660, 1, 1, 
7680, 1, 1, 
7700, 1, 1, 
7720, 2, 
7740, 2, 
7760, 1, 1, 
7780, 1, 1, 
7800, 1, 1, 
7820, 1, 1, 
7840, 1, 1, 
7860, 1, 1, 
7880, 1, 1, 
7900, 1, 1, 
7920, 1, 1, 
7940, 2, 
7960, 2, 
7980, 2, 
8000, 2, 
8020, 2, 
8040, 2, 
8060, 2, 
8080, 2, 
8100, 2, 
8120, 2, 
8140, 2, 
8160, 2, 
8180, 2, 
8200, 2, 
8220, 2, 
8240, 2, 
8260, 1, 1, 
8280, 2, 
8300, 2, 
8320, 1, 1, 
8340, 1, 1, 
8360, 1, 1, 
8380, 1, 1, 
8400, 1, 1, 
8420, 1, 1, 
8440, 1, 1, 
8460, 2, 
8480, 2, 
8500, 2, 
8520, 2, 
8540, 2, 
8560, 2, 
8580, 2, 
8600, 2, 
8620, 2, 
8640, 2, 
8660, 1, 1, 
8680, 1, 1, 
8700, 1, 1, 
8720, 1, 1, 
8740, 1, 1, 
8760, 1, 1, 
8780, 1, 1, 
8800, 1, 1, 
8820, 1, 1, 
8840, 2, 
8860, 1, 1, 
8880, 1, 1, 
8900, 1, 1, 
8920, 2, 
8940, 2, 
8960, 2, 
8980, 2, 
9000, 2, 
9020, 1, 1, 
9040, 1, 1, 
9060, 1, 1, 
9080, 1, 1, 
9100, 1, 1, 
9120, 1, 1, 
9140, 2, 
9160, 2, 
9180, 2, 
9200, 2, 
9220, 2, 
9240, 2, 
9260, 2, 
9280, 2, 
9300, 2, 
9320, 2, 
9340, 2, 
9360, 1, 1, 
9380, 1, 1, 
9400, 1, 1, 
9420, 1, 1, 
9440, 1, 1, 
9460, 2, 
9480, 1, 1, 
9500, 2, 
9520, 2, 
9540, 2, 
9560, 2, 
9580, 2, 
9600, 2, 
9620, 2, 
9640, 2, 
9660, 1, 1, 
9680, 1, 1, 
9700, 1, 1, 
9720, 1, 1, 
9740, 1, 1, 
9760, 1, 1, 
9780, 1, 1, 
9800, 1, 1, 
9820, 1, 1, 
9840, 1, 1, 
9860, 1, 1, 
9880, 1, 1, 
9900, 1, 1, 
9920, 1, 1, 
9940, 1, 1, 
9960, 1, 1, 
9980, 2, 
10000, 2, 
10020, 2, 
10040, 2, 
10060, 2, 
10080, 2, 
10100, 2, 
10120, 1, 1, 
10140, 1, 1, 
10160, 1, 1, 
10180, 1, 1, 
10200, 1, 1, 
10220, 2, 
10240, 1, 1, 
10260, 1, 1, 
10280, 2, 
10300, 2, 
10320, 2, 
10340, 2, 
10360, 2, 
10380, 2, 
10400, 2, 
10420, 1, 1, 
10440, 1, 1, 
10460, 2, 
10480, 2, 
10500, 2, 
10520, 2, 
10540, 2, 
10560, 1, 1, 
10580, 1, 1, 
10600, 2, 
10620, 2, 
10640, 1, 1, 
10660, 1, 1, 
10680, 1, 1, 
10700, 1, 1, 
10720, 1, 1, 
10740, 1, 1, 
10760, 1, 1, 
10780, 1, 1, 
10800, 1, 1, 
10820, 1, 1, 
10840, 1, 1, 
10860, 1, 1, 
10880, 1, 1, 
10900, 2, 
10920, 2, 
10940, 2, 
10960, 2, 
10980, 2, 
11000, 1, 1, 
11020, 2, 
11040, 2, 
11060, 1, 1, 
11080, 1, 1, 
11100, 1, 1, 
11120, 1, 1, 
11140, 1, 1, 
11160, 1, 1, 
11180, 1, 1, 
11200, 1, 1, 
11220, 2, 
11240, 2, 
11260, 2, 
11280, 2, 
11300, 2, 
11320, 2, 
11340, 2, 
11360, 2, 
11380, 2, 
11400, 2, 
11420, 1, 1, 
11440, 1, 1, 
11460, 1, 1, 
11480, 1, 1, 
11500, 1, 1, 
11520, 2, 
11540, 1, 1, 
11560, 1, 1, 
11580, 2, 
11600, 2, 
11620, 1, 1, 
11640, 1, 1, 
11660, 1, 1, 
11680, 1, 1, 
11700, 1, 1, 
11720, 1, 1, 
11740, 1, 1, 
11760, 1, 1, 
11780, 2, 
11800, 1, 1, 
11820, 1, 1, 
11840, 2, 
11860, 2, 
11880, 2, 
11900, 2, 
11920, 2, 
11940, 2, 
11960, 2, 
11980, 2, 
12000, 2, 
12020, 1, 1, 
12040, 1, 1, 
12060, 1, 1, 
12080, 1, 1, 
12100, 1, 1, 
12120, 2, 
12140, 2, 
12160, 2, 
12180, 2, 
12200, 2, 
12220, 2, 
12240, 2, 
12260, 2, 
12280, 2, 
12300, 2, 
12320, 2, 
12340, 2, 
12360, 2, 
12380, 2, 
12400, 2, 
12420, 1, 1, 
12440, 1, 1, 
12460, 1, 1, 
12480, 1, 1, 
12500, 1, 1, 
12520, 1, 1, 
12540, 1, 1, 
12560, 2, 
12580, 2, 
12600, 2, 
12620, 2, 
12640, 2, 
12660, 2, 
12680, 2, 
12700, 2, 
12720, 2, 
12740, 2, 
12760, 2, 
12780, 2, 
12800, 2, 
12820, 2, 
12840, 2, 
12860, 2, 
12880, 2, 
12900, 2, 
12920, 2, 
12940, 2, 
12960, 2, 
12980, 2, 
13000, 2, 
13020, 2, 
13040, 2, 
13060, 2, 
13080, 2, 
13100, 2, 
13120, 1, 1, 
13140, 1, 1, 
13160, 1, 1, 
13180, 1, 1, 
13200, 1, 1, 
13220, 1, 1, 
13240, 1, 1, 
13260, 1, 1, 
13280, 1, 1, 
13300, 2, 
13320, 2, 
13340, 2, 
13360, 1, 1, 
13380, 1, 1, 
13400, 1, 1, 
13420, 2, 
13440, 2, 
13460, 2, 
13480, 2, 
13500, 2, 
13520, 2, 
13540, 2, 
13560, 2, 
13580, 2, 
13600, 2, 
13620, 2, 
13640, 2, 
13660, 1, 1, 
13680, 1, 1, 
13700, 2, 
13720, 1, 1, 
13740, 1, 1, 
13760, 1, 1, 
13780, 1, 1, 
13800, 1, 1, 
13820, 2, 
13840, 1, 1, 
13860, 1, 1, 
13880, 2, 
13900, 2, 
13920, 2, 
13940, 2, 
13960, 2, 
13980, 2, 
14000, 1, 1, 
14020, 2, 
14040, 2, 
14060, 2, 
14080, 2, 
14100, 2, 
14120, 2, 
14140, 2, 
14160, 2, 
14180, 2, 
14200, 2, 
14220, 2, 
14240, 2, 
14260, 2, 
14280, 2, 
14300, 2, 
14320, 2, 
14340, 2, 
14360, 2, 
14380, 2, 
14400, 2, 
14420, 2, 
14440, 2, 
14460, 2, 
14480, 2, 
14500, 2, 
14520, 2, 
14540, 2, 
14560, 2, 
14580, 2, 
14600, 2, 
14620, 2, 
14640, 1, 1, 
14660, 1, 1, 
14680, 1, 1, 
14700, 1, 1, 
14720, 1, 1, 
14740, 1, 1, 
14760, 1, 1, 
14780, 1, 1, 
14800, 1, 1, 
14820, 1, 1, 
14840, 1, 1, 
14860, 1, 1, 
14880, 1, 1, 
14900, 1, 1, 
14920, 1, 1, 
14940, 1, 1, 
14960, 1, 1, 
14980, 1, 1, 
15000, 1, 1, 
15020, 1, 1, 
15040, 1, 1, 
15060, 1, 1, 
15080, 1, 1, 
15100, 1, 1, 
15120, 1, 1, 
15140, 1, 1, 
15160, 1, 1, 
15180, 1, 1, 
15200, 1, 1, 
15220, 1, 1, 
15240, 1, 1, 
15260, 1, 1, 
15280, 2, 
15300, 2, 
15320, 2, 
15340, 1, 1, 
15360, 1, 1, 
15380, 1, 1, 
15400, 2, 
15420, 1, 1, 
15440, 1, 1, 
15460, 1, 1, 
15480, 1, 1, 
15500, 1, 1, 
15520, 1, 1, 
15540, 1, 1, 
15560, 1, 1, 
15580, 1, 1, 
15600, 2, 
15620, 1, 1, 
15640, 1, 1, 
15660, 2, 
15680, 1, 1, 
15700, 1, 1, 
15720, 1, 1, 
15740, 1, 1, 
15760, 2, 
15780, 1, 1, 
15800, 1, 1, 
15820, 2, 
15840, 2, 
15860, 1, 1, 
15880, 1, 1, 
15900, 1, 1, 
15920, 1, 1, 
15940, 1, 1, 
15960, 1, 1, 
15980, 1, 1, 
16000, 2, 
16020, 2, 
16040, 2, 
16060, 2, 
16080, 1, 1, 
16100, 1, 1, 
16120, 1, 1, 
16140, 1, 1, 
16160, 1, 1, 
16180, 1, 1, 
16200, 1, 1, 
16220, 2, 
16240, 1, 1, 
16260, 2, 
16280, 1, 1, 
16300, 1, 1, 
16320, 1, 1, 
16340, 1, 1, 
16360, 2, 
16380, 2, 
16400, 2, 
16420, 2, 
16440, 1, 1, 
16460, 1, 1, 
16480, 1, 1, 
16500, 1, 1, 
16520, 2, 
16540, 2, 
16560, 2, 
16580, 2, 
16600, 1, 1, 
16620, 2, 
16640, 1, 1, 
16660, 1, 1, 
16680, 1, 1, 
16700, 1, 1, 
16720, 2, 
16740, 2, 
16760, 2, 
16780, 2, 
16800, 2, 
16820, 1, 1, 
16840, 2, 
16860, 2, 
16880, 2, 
16900, 2, 
16920, 2, 
16940, 2, 
16960, 2, 
16980, 2, 
17000, 2, 
17020, 2, 
17040, 2, 
17060, 2, 
17080, 1, 1, 
17100, 1, 1, 
17120, 1, 1, 
17140, 2, 
17160, 2, 
17180, 2, 
17200, 1, 1, 
17220, 1, 1, 
17240, 2, 
17260, 2, 
17280, 2, 
17300, 2, 
17320, 2, 
17340, 1, 1, 
17360, 1, 1, 
17380, 1, 1, 
17400, 1, 1, 
17420, 1, 1, 
17440, 1, 1, 
17460, 1, 1, 
17480, 1, 1, 
17500, 1, 1, 
17520, 1, 1, 
17540, 1, 1, 
17560, 2, 
17580, 2, 
17600, 2, 
17620, 2, 
17640, 2, 
17660, 2, 
17680, 2, 
17700, 2, 
17720, 2, 
17740, 2, 
17760, 2, 
17780, 1, 1, 
17800, 1, 1, 
17820, 1, 1, 
17840, 1, 1, 
17860, 2, 
17880, 2, 
17900, 2, 
17920, 2, 
17940, 2, 
17960, 2, 
17980, 2, 
18000, 1, 1, 
18020, 1, 1, 
18040, 1, 1, 
18060, 2, 
18080, 1, 1, 
18100, 1, 1, 
18120, 1, 1, 
18140, 1, 1, 
18160, 1, 1, 
18180, 1, 1, 
18200, 1, 1, 
18220, 1, 1, 
18240, 1, 1, 
18260, 2, 
18280, 2, 
18300, 2, 
18320, 2, 
18340, 2, 
18360, 2, 
18380, 2, 
18400, 2, 
18420, 2, 
18440, 2, 
18460, 2, 
18480, 2, 
18500, 2, 
18520, 2, 
18540, 1, 1, 
18560, 1, 1, 
18580, 1, 1, 
18600, 1, 1, 
18620, 1, 1, 
18640, 1, 1, 
18660, 1, 1, 
18680, 1, 1, 
18700, 1, 1, 
18720, 1, 1, 
18740, 1, 1, 
18760, 1, 1, 
18780, 2, 
18800, 2, 
18820, 2, 
18840, 2, 
18860, 2, 
18880, 1, 1, 
18900, 1, 1, 
18920, 2, 
18940, 2, 
18960, 2, 
18980, 2, 
19000, 2, 
19020, 2, 
19040, 1, 1, 
19060, 1, 1, 
19080, 1, 1, 
19100, 2, 
19120, 2, 
19140, 2, 
19160, 2, 
19180, 2, 
19200, 1, 1, 
19220, 1, 1, 
19240, 2, 
19260, 2, 
19280, 2, 
19300, 1, 1, 
19320, 1, 1, 
19340, 1, 1, 
19360, 1, 1, 
19380, 1, 1, 
19400, 2, 
19420, 2, 
19440, 2, 
19460, 2, 
19480, 1, 1, 
19500, 2, 
19520, 2, 
19540, 2, 
19560, 2, 
19580, 2, 
19600, 1, 1, 
19620, 1, 1, 
19640, 1, 1, 
19660, 1, 1, 
19680, 1, 1, 
19700, 2, 
19720, 2, 
19740, 2, 
19760, 2, 
19780, 2, 
19800, 2, 
19820, 2, 
19840, 2, 
19860, 1, 1, 
19880, 1, 1, 
19900, 1, 1, 
19920, 1, 1, 
19940, 2, 
19960, 2, 
19980, 2, 
20000, 1, 1, 
20020, 1, 1, 
20040, 1, 1, 
20060, 1, 1, 
20080, 1, 1, 
20100, 1, 1, 
20120, 1, 1, 
20140, 2, 
20160, 1, 1, 
20180, 1, 1, 
20200, 1, 1, 
20220, 1, 1, 
20240, 2, 
20260, 1, 1, 
20280, 1, 1, 
20300, 1, 1, 
20320, 1, 1, 
20340, 1, 1, 
20360, 1, 1, 
20380, 1, 1, 
20400, 1, 1, 
20420, 1, 1, 
20440, 1, 1, 
20460, 1, 1, 
20480, 1, 1, 
20500, 2, 
20520, 2, 
20540, 2, 
20560, 1, 1, 
20580, 1, 1, 
20600, 1, 1, 
20620, 1, 1, 
20640, 1, 1, 
20660, 1, 1, 
20680, 1, 1, 
20700, 1, 1, 
20720, 1, 1, 
20740, 1, 1, 
20760, 1, 1, 
20780, 1, 1, 
20800, 1, 1, 
20820, 1, 1, 
20840, 1, 1, 
20860, 2, 
20880, 2, 
20900, 2, 
20920, 2, 
20940, 2, 
20960, 1, 1, 
20980, 1, 1, 
21000, 1, 1, 
21020, 2, 
21040, 2, 
21060, 2, 
21080, 2, 
21100, 2, 
21120, 1, 1, 
21140, 1, 1, 
21160, 1, 1, 
21180, 1, 1, 
21200, 1, 1, 
21220, 1, 1, 
21240, 1, 1, 
21260, 2, 
21280, 2, 
21300, 2, 
21320, 2, 
21340, 1, 1, 
21360, 1, 1, 
21380, 2, 
21400, 2, 
21420, 1, 1, 
21440, 1, 1, 
21460, 2, 
21480, 2, 
21500, 2, 
21520, 2, 
21540, 2, 
21560, 2, 
21580, 2, 
21600, 2, 
21620, 2, 
21640, 2, 
21660, 2, 
21680, 2, 
21700, 2, 
21720, 2, 
21740, 2, 
21760, 2, 
21780, 1, 1, 
21800, 1, 1, 
21820, 1, 1, 
21840, 1, 1, 
21860, 2, 
21880, 2, 
21900, 2, 
21920, 2, 
21940, 2, 
21960, 2, 
21980, 1, 1, 
22000, 1, 1, 
22020, 2, 
22040, 2, 
22060, 2, 
22080, 2, 
22100, 1, 1, 
22120, 1, 1, 
22140, 1, 1, 
22160, 1, 1, 
22180, 1, 1, 
22200, 1, 1, 
22220, 1, 1, 
22240, 1, 1, 
22260, 1, 1, 
22280, 1, 1, 
22300, 2, 
22320, 2, 
22340, 2, 
22360, 2, 
22380, 2, 
22400, 2, 
22420, 2, 
22440, 2, 
22460, 2, 
22480, 2, 
22500, 2, 
22520, 1, 1, 
22540, 1, 1, 
22560, 1, 1, 
22580, 1, 1, 
22600, 1, 1, 
22620, 1, 1, 
22640, 1, 1, 
22660, 2, 
22680, 2, 
22700, 1, 1, 
22720, 1, 1, 
22740, 2, 
22760, 2, 
22780, 2, 
22800, 2, 
22820, 2, 
22840, 1, 1, 
22860, 1, 1, 
22880, 1, 1, 
22900, 1, 1, 
22920, 1, 1, 
22940, 1, 1, 
22960, 2, 
22980, 1, 1, 
23000, 1, 1, 
23020, 1, 1, 
23040, 1, 1, 
23060, 1, 1, 
23080, 1, 1, 
23100, 1, 1, 
23120, 2, 
23140, 2, 
23160, 2, 
23180, 2, 
23200, 2, 
23220, 2, 
23240, 2, 
23260, 2, 
23280, 2, 
23300, 2, 
23320, 2, 
23340, 1, 1, 
23360, 1, 1, 
23380, 1, 1, 
23400, 1, 1, 
23420, 1, 1, 
23440, 2, 
23460, 1, 1, 
23480, 1, 1, 
23500, 1, 1, 
23520, 1, 1, 
23540, 2, 
23560, 2, 
23580, 2, 
23600, 2, 
23620, 1, 1, 
23640, 1, 1, 
23660, 1, 1, 
23680, 1, 1, 
23700, 1, 1, 
23720, 1, 1, 
23740, 1, 1, 
23760, 1, 1, 
23780, 1, 1, 
23800, 2, 
23820, 1, 1, 
23840, 1, 1, 
23860, 1, 1, 
23880, 1, 1, 
23900, 1, 1, 
23920, 1, 1, 
23940, 1, 1, 
23960, 2, 
23980, 1, 1, 
24000, 1, 1, 
24020, 1, 1, 
24040, 1, 1, 
24060, 2, 
24080, 1, 1, 
24100, 1, 1, 
24120, 1, 1, 
24140, 1, 1, 
24160, 1, 1, 
24180, 1, 1, 
24200, 1, 1, 
24220, 1, 1, 
24240, 1, 1, 
24260, 1, 1, 
24280, 1, 1, 
24300, 2, 
24320, 2, 
24340, 1, 1, 
24360, 1, 1, 
24380, 1, 1, 
24400, 1, 1, 
24420, 1, 1, 
24440, 1, 1, 
24460, 1, 1, 
24480, 1, 1, 
24500, 2, 
24520, 1, 1, 
24540, 1, 1, 
24560, 2, 
24580, 2, 
24600, 2, 
24620, 2, 
24640, 2, 
24660, 2, 
24680, 2, 
24700, 2, 
24720, 2, 
24740, 2, 
24760, 2, 
24780, 2, 
24800, 1, 1, 
24820, 1, 1, 
24840, 1, 1, 
24860, 1, 1, 
24880, 1, 1, 
24900, 1, 1, 
24920, 2, 
24940, 2, 
24960, 2, 
24980, 2, 
25000, 1, 1, 
25020, 1, 1, 
25040, 1, 1, 
25060, 1, 1, 
25080, 1, 1, 
25100, 1, 1, 
25120, 1, 1, 
25140, 1, 1, 
25160, 2, 
25180, 2, 
25200, 2, 
25220, 2, 
25240, 2, 
25260, 2, 
25280, 2, 
25300, 2, 
25320, 2, 
25340, 2, 
25360, 1, 1, 
25380, 2, 
25400, 1, 1, 
25420, 1, 1, 
25440, 1, 1, 
25460, 1, 1, 
25480, 1, 1, 
25500, 1, 1, 
25520, 1, 1, 
25540, 2, 
25560, 2, 
25580, 2, 
25600, 2, 
25620, 2, 
25640, 1, 1, 
25660, 1, 1, 
25680, 1, 1, 
25700, 1, 1, 
25720, 1, 1, 
25740, 1, 1, 
25760, 1, 1, 
25780, 1, 1, 
25800, 1, 1, 
25820, 2, 
25840, 2, 
25860, 2, 
25880, 2, 
25900, 2, 
25920, 2, 
25940, 2, 
25960, 1, 1, 
25980, 2, 
26000, 2, 
26020, 2, 
26040, 1, 1, 
26060, 2, 
26080, 2, 
26100, 2, 
26120, 2, 
26140, 1, 1, 
26160, 1, 1, 
26180, 1, 1, 
26200, 1, 1, 
26220, 1, 1, 
26240, 1, 1, 
26260, 1, 1, 
26280, 1, 1, 
26300, 1, 1, 
26320, 1, 1, 
26340, 2, 
26360, 1, 1, 
26380, 1, 1, 
26400, 1, 1, 
26420, 1, 1, 
26440, 1, 1, 
26460, 1, 1, 
26480, 2, 
26500, 1, 1, 
26520, 1, 1, 
26540, 1, 1, 
26560, 1, 1, 
26580, 1, 1, 
26600, 1, 1, 
26620, 1, 1, 
26640, 1, 1, 
26660, 1, 1, 
26680, 1, 1, 
26700, 1, 1, 
26720, 1, 1, 
26740, 1, 1, 
26760, 1, 1, 
26780, 1, 1, 
26800, 1, 1, 
26820, 1, 1, 
26840, 1, 1, 
26860, 1, 1, 
26880, 1, 1, 
26900, 1, 1, 
26920, 1, 1, 
26940, 2, 
26960, 2, 
26980, 1, 1, 
27000, 1, 1, 
27020, 1, 1, 
27040, 1, 1, 
27060, 1, 1, 
27080, 1, 1, 
27100, 1, 1, 
27120, 1, 1, 
27140, 1, 1, 
27160, 1, 1, 
27180, 1, 1, 
27200, 1, 1, 
27220, 1, 1, 
27240, 1, 1, 
27260, 1, 1, 
27280, 1, 1, 
27300, 1, 1, 
27320, 1, 1, 
27340, 1, 1, 
27360, 1, 1, 
27380, 1, 1, 
27400, 2, 
27420, 1, 1, 
27440, 1, 1, 
27460, 1, 1, 
27480, 1, 1, 
27500, 2, 
27520, 2, 
27540, 2, 
27560, 2, 
27580, 2, 
27600, 2, 
27620, 1, 1, 
27640, 2, 
27660, 1, 1, 
27680, 1, 1, 
27700, 1, 1, 
27720, 1, 1, 
27740, 2, 
27760, 2, 
27780, 2, 
27800, 2, 
27820, 1, 1, 
27840, 1, 1, 
27860, 1, 1, 
27880, 1, 1, 
27900, 2, 
27920, 2, 
27940, 2, 
27960, 2, 
27980, 2, 
28000, 2, 
28020, 2, 
28040, 2, 
28060, 2, 
28080, 2, 
28100, 1, 1, 
28120, 2, 
28140, 2, 
28160, 2, 
28180, 2, 
28200, 2, 
28220, 2, 
28240, 2, 
28260, 2, 
28280, 2, 
28300, 2, 
28320, 2, 
28340, 2, 
28360, 2, 
28380, 2, 
28400, 2, 
28420, 2, 
28440, 2, 
28460, 2, 
28480, 2, 
28500, 1, 1, 
28520, 1, 1, 
28540, 1, 1, 
28560, 1, 1, 
28580, 1, 1, 
28600, 1, 1, 
28620, 1, 1, 
28640, 2, 
28660, 2, 
28680, 2, 
28700, 2, 
28720, 2, 
28740, 2, 
28760, 1, 1, 
28780, 1, 1, 
28800, 1, 1, 
28820, 2, 
28840, 2, 
28860, 2, 
28880, 2, 
28900, 2, 
28920, 2, 
28940, 1, 1, 
28960, 1, 1, 
28980, 1, 1, 
29000, 1, 1, 
29020, 1, 1, 
29040, 1, 1, 
29060, 1, 1, 
29080, 1, 1, 
29100, 1, 1, 
29120, 1, 1, 
29140, 1, 1, 
29160, 1, 1, 
29180, 1, 1, 
29200, 1, 1, 
29220, 1, 1, 
29240, 2, 
29260, 1, 1, 
29280, 1, 1, 
29300, 1, 1, 
29320, 1, 1, 
29340, 1, 1, 
29360, 1, 1, 
29380, 1, 1, 
29400, 1, 1, 
29420, 1, 1, 
29440, 1, 1, 
29460, 1, 1, 
29480, 1, 1, 
29500, 1, 1, 
29520, 1, 1, 
29540, 1, 1, 
29560, 2, 
29580, 2, 
29600, 2, 
29620, 1, 1, 
29640, 1, 1, 
29660, 1, 1, 
29680, 2, 
29700, 2, 
29720, 2, 
29740, 2, 
29760, 2, 
29780, 2, 
29800, 2, 
29820, 2, 
29840, 2, 
29860, 2, 
29880, 2, 
29900, 2, 
29920, 2, 
29940, 2, 
29960, 2, 
29980, 2, 
30000, 2, 
30020, 2, 
30040, 2, 
30060, 2, 
30080, 2, 
30100, 2, 
30120, 2, 
30140, 2, 
30160, 2, 
30180, 2, 
30200, 1, 1, 
30220, 1, 1, 
30240, 2, 
30260, 1, 1, 
30280, 1, 1, 
30300, 1, 1, 
30320, 1, 1, 
30340, 2, 
30360, 1, 1, 
30380, 1, 1, 
30400, 1, 1, 
30420, 2, 
30440, 2, 
30460, 2, 
30480, 2, 
30500, 2, 
30520, 2, 
30540, 2, 
30560, 2, 
30580, 2, 
30600, 2, 
30620, 1, 1, 
30640, 1, 1, 
30660, 2, 
30680, 2, 
30700, 1, 1, 
30720, 1, 1, 
30740, 1, 1, 
30760, 1, 1, 
30780, 1, 1, 
30800, 1, 1, 
30820, 2, 
30840, 2, 
30860, 2, 
30880, 2, 
30900, 2, 
30920, 2, 
30940, 1, 1, 
30960, 2, 
30980, 2, 
31000, 2, 
31020, 2, 
31040, 2, 
31060, 2, 
31080, 2, 
31100, 1, 1, 
31120, 1, 1, 
31140, 2, 
31160, 1, 1, 
31180, 1, 1, 
31200, 1, 1, 
31220, 1, 1, 
31240, 1, 1, 
31260, 2, 
31280, 1, 1, 
31300, 1, 1, 
31320, 1, 1, 
31340, 1, 1, 
31360, 1, 1, 
31380, 1, 1, 
31400, 1, 1, 
31420, 1, 1, 
31440, 1, 1, 
31460, 2, 
31480, 1, 1, 
31500, 1, 1, 
31520, 1, 1, 
31540, 1, 1, 
31560, 1, 1, 
31580, 1, 1, 
31600, 1, 1, 
31620, 1, 1, 
31640, 1, 1, 
31660, 1, 1, 
31680, 1, 1, 
31700, 2, 
31720, 2, 
31740, 2, 
31760, 1, 1, 
31780, 2, 
31800, 1, 1, 
31820, 1, 1, 
31840, 1, 1, 
31860, 1, 1, 
31880, 1, 1, 
31900, 1, 1, 
31920, 1, 1, 
31940, 1, 1, 
31960, 1, 1, 
31980, 1, 1, 
32000, 1, 1, 
32020, 1, 1, 
32040, 1, 1, 
32060, 1, 1, 
32080, 2, 
32100, 2, 
32120, 2, 
32140, 2, 
32160, 2, 
32180, 2, 
32200, 2, 
32220, 2, 
32240, 2, 
32260, 2, 
32280, 1, 1, 
32300, 1, 1, 
32320, 1, 1, 
32340, 1, 1, 
32360, 1, 1, 
32380, 1, 1, 
32400, 2, 
32420, 1, 1, 
32440, 2, 
32460, 2, 
32480, 2, 
32500, 2, 
32520, 2, 
32540, 2, 
32560, 2, 
32580, 2, 
32600, 2, 
32620, 1, 1, 
32640, 1, 1, 
32660, 1, 1, 
32680, 1, 1, 
32700, 1, 1, 
32720, 2, 
32740, 2, 
32760, 2, 
32780, 2, 
32800, 2, 
32820, 1, 1, 
32840, 1, 1, 
32860, 1, 1, 
32880, 1, 1, 
32900, 1, 1, 
32920, 1, 1, 
32940, 2, 
32960, 2, 
32980, 2, 
33000, 2, 
33020, 2, 
33040, 2, 
33060, 2, 
33080, 2, 
33100, 1, 1, 
33120, 1, 1, 
33140, 1, 1, 
33160, 2, 
33180, 2, 
33200, 1, 1, 
33220, 1, 1, 
33240, 1, 1, 
33260, 2, 
33280, 1, 1, 
33300, 1, 1, 
33320, 1, 1, 
33340, 1, 1, 
33360, 1, 1, 
33380, 1, 1, 
33400, 2, 
33420, 2, 
33440, 2, 
33460, 2, 
33480, 2, 
33500, 2, 
33520, 2, 
33540, 2, 
33560, 2, 
33580, 1, 1, 
33600, 1, 1, 
33620, 1, 1, 
33640, 1, 1, 
33660, 1, 1, 
33680, 1, 1, 
33700, 1, 1, 
33720, 1, 1, 
33740, 2, 
33760, 2, 
33780, 2, 
33800, 2, 
33820, 2, 
33840, 2, 
33860, 2, 
33880, 2, 
33900, 2, 
33920, 2, 
33940, 2, 
33960, 2, 
33980, 2, 
34000, 2, 
34020, 2, 
34040, 2, 
34060, 2, 
34080, 2, 
34100, 2, 
34120, 2, 
34140, 1, 1, 
34160, 1, 1, 
34180, 1, 1, 
34200, 2, 
34220, 2, 
34240, 2, 
34260, 1, 1, 
34280, 1, 1, 
34300, 1, 1, 
34320, 1, 1, 
34340, 1, 1, 
34360, 1, 1, 
34380, 1, 1, 
34400, 1, 1, 
34420, 1, 1, 
34440, 1, 1, 
34460, 1, 1, 
34480, 1, 1, 
34500, 1, 1, 
34520, 2, 
34540, 2, 
34560, 2, 
34580, 2, 
34600, 2, 
34620, 2, 
34640, 2, 
34660, 2, 
34680, 2, 
34700, 2, 
34720, 2, 
34740, 2, 
34760, 2, 
34780, 2, 
34800, 2, 
34820, 2, 
34840, 2, 
34860, 2, 
34880, 2, 
34900, 2, 
34920, 2, 
34940, 2, 
34960, 2, 
34980, 2, 
35000, 2, 
35020, 2, 
35040, 2, 
35060, 2, 
35080, 2, 
35100, 1, 1, 
35120, 1, 1, 
35140, 1, 1, 
35160, 2, 
35180, 1, 1, 
35200, 1, 1, 
35220, 1, 1, 
35240, 1, 1, 
35260, 1, 1, 
35280, 1, 1, 
35300, 1, 1, 
35320, 2, 
35340, 1, 1, 
35360, 2, 
35380, 2, 
35400, 2, 
35420, 1, 1, 
35440, 2, 
35460, 1, 1, 
35480, 1, 1, 
35500, 1, 1, 
35520, 1, 1, 
35540, 1, 1, 
35560, 1, 1, 
35580, 2, 
35600, 2, 
35620, 2, 
35640, 2, 
35660, 2, 
35680, 2, 
35700, 2, 
35720, 2, 
35740, 1, 1, 
35760, 1, 1, 
35780, 1, 1, 
35800, 1, 1, 
35820, 1, 1, 
35840, 1, 1, 
35860, 1, 1, 
35880, 2, 
35900, 1, 1, 
35920, 1, 1, 
35940, 1, 1, 
35960, 1, 1, 
35980, 1, 1, 
36000, 1, 1, 
36020, 2, 
36040, 1, 1, 
36060, 1, 1, 
36080, 1, 1, 
36100, 2, 
36120, 2, 
36140, 1, 1, 
36160, 2, 
36180, 2, 
36200, 2, 
36220, 2, 
36240, 2, 
36260, 2, 
36280, 2, 
36300, 2, 
36320, 2, 
36340, 1, 1, 
36360, 1, 1, 
36380, 2, 
36400, 2, 
36420, 1, 1, 
36440, 2, 
36460, 2, 
36480, 2, 
36500, 2, 
36520, 2, 
36540, 2, 
36560, 2, 
36580, 2, 
36600, 2, 
36620, 2, 
36640, 2, 
36660, 1, 1, 
36680, 1, 1, 
36700, 1, 1, 
36720, 1, 1, 
36740, 2, 
36760, 2, 
36780, 2, 
36800, 2, 
36820, 2, 
36840, 2, 
36860, 2, 
36880, 2, 
36900, 2, 
36920, 2, 
36940, 2, 
36960, 2, 
36980, 2, 
37000, 2, 
37020, 2, 
37040, 2, 
37060, 2, 
37080, 2, 
37100, 2, 
37120, 1, 1, 
37140, 2, 
37160, 1, 1, 
37180, 2, 
37200, 2, 
37220, 2, 
37240, 2, 
37260, 1, 1, 
37280, 2, 
37300, 2, 
37320, 2, 
37340, 2, 
37360, 1, 1, 
37380, 1, 1, 
37400, 1, 1, 
37420, 1, 1, 
37440, 1, 1, 
37460, 1, 1, 
37480, 1, 1, 
37500, 1, 1, 
37520, 1, 1, 
37540, 1, 1, 
37560, 1, 1, 
37580, 1, 1, 
37600, 1, 1, 
37620, 2, 
37640, 2, 
37660, 2, 
37680, 2, 
37700, 2, 
37720, 2, 
37740, 2, 
37760, 2, 
37780, 1, 1, 
37800, 1, 1, 
37820, 2, 
37840, 1, 1, 
37860, 1, 1, 
37880, 1, 1, 
37900, 1, 1, 
37920, 1, 1, 
37940, 1, 1, 
37960, 1, 1, 
37980, 1, 1, 
38000, 1, 1, 
38020, 1, 1, 
38040, 1, 1, 
38060, 1, 1, 
38080, 1, 1, 
38100, 1, 1, 
38120, 1, 1, 
38140, 2, 
38160, 2, 
38180, 2, 
38200, 2, 
38220, 2, 
38240, 2, 
38260, 2, 
38280, 2, 
38300, 2, 
38320, 1, 1, 
38340, 1, 1, 
38360, 1, 1, 
38380, 1, 1, 
38400, 1, 1, 
38420, 1, 1, 
38440, 1, 1, 
38460, 1, 1, 
38480, 1, 1, 
38500, 1, 1, 
38520, 2, 
38540, 1, 1, 
38560, 1, 1, 
38580, 1, 1, 
38600, 1, 1, 
38620, 2, 
38640, 2, 
38660, 2, 
38680, 2, 
38700, 2, 
38720, 1, 1, 
38740, 1, 1, 
38760, 2, 
38780, 2, 
38800, 2, 
38820, 2, 
38840, 2, 
38860, 2, 
38880, 2, 
38900, 2, 
38920, 2, 
38940, 2, 
38960, 2, 
38980, 1, 1, 
39000, 1, 1, 
39020, 1, 1, 
39040, 1, 1, 
39060, 1, 1, 
39080, 1, 1, 
39100, 1, 1, 
39120, 1, 1, 
39140, 1, 1, 
39160, 1, 1, 
39180, 1, 1, 
39200, 1, 1, 
39220, 2, 
39240, 2, 
39260, 1, 1, 
39280, 1, 1, 
39300, 1, 1, 
39320, 2, 
39340, 2, 
39360, 1, 1, 
39380, 2, 
39400, 1, 1, 
39420, 1, 1, 
39440, 1, 1, 
39460, 1, 1, 
39480, 1, 1, 
39500, 2, 
39520, 2, 
39540, 2, 
39560, 1, 1, 
39580, 2, 
39600, 2, 
39620, 2, 
39640, 2, 
39660, 2, 
39680, 2, 
39700, 2, 
39720, 1, 1, 
39740, 1, 1, 
39760, 1, 1, 
39780, 1, 1, 
39800, 2, 
39820, 1, 1, 
39840, 1, 1, 
39860, 1, 1, 
39880, 2, 
39900, 2, 
39920, 2, 
39940, 2, 
39960, 2, 
39980, 2, 
40000, 2, 
40020, 2, 
40040, 2, 
40060, 2, 
40080, 2, 
40100, 2, 
40120, 2, 
40140, 2, 
40160, 2, 
40180, 2, 
40200, 2, 
40220, 2, 
40240, 2, 
40260, 2, 
40280, 2, 
40300, 2, 
40320, 2, 
40340, 1, 1, 
40360, 1, 1, 
40380, 2, 
40400, 2, 
40420, 2, 
40440, 2, 
40460, 1, 1, 
40480, 1, 1, 
40500, 1, 1, 
40520, 2, 
40540, 2, 
40560, 2, 
40580, 2, 
40600, 2, 
40620, 2, 
40640, 1, 1, 
40660, 1, 1, 
40680, 1, 1, 
40700, 1, 1, 
40720, 1, 1, 
40740, 1, 1, 
40760, 1, 1, 
40780, 1, 1, 
40800, 2, 
40820, 2, 
40840, 2, 
40860, 2, 
40880, 2, 
40900, 1, 1, 
40920, 1, 1, 
40940, 1, 1, 
40960, 1, 1, 
40980, 1, 1, 
41000, 1, 1, 
41020, 2, 
41040, 2, 
41060, 2, 
41080, 1, 1, 
41100, 1, 1, 
41120, 1, 1, 
41140, 1, 1, 
41160, 1, 1, 
41180, 1, 1, 
41200, 1, 1, 
41220, 1, 1, 
41240, 1, 1, 
41260, 1, 1, 
41280, 1, 1, 
41300, 1, 1, 
41320, 1, 1, 
41340, 1, 1, 
41360, 1, 1, 
41380, 1, 1, 
41400, 1, 1, 
41420, 1, 1, 
41440, 1, 1, 
41460, 1, 1, 
41480, 2, 
41500, 2, 
41520, 2, 
41540, 2, 
41560, 2, 
41580, 2, 
41600, 2, 
41620, 1, 1, 
41640, 1, 1, 
41660, 1, 1, 
41680, 1, 1, 
41700, 2, 
41720, 1, 1, 
41740, 2, 
41760, 2, 
41780, 1, 1, 
41800, 1, 1, 
41820, 1, 1, 
41840, 1, 1, 
41860, 1, 1, 
41880, 1, 1, 
41900, 1, 1, 
41920, 1, 1, 
41940, 1, 1, 
41960, 1, 1, 
41980, 1, 1, 
42000, 1, 1, 
42020, 2, 
42040, 2, 
42060, 2, 
42080, 2, 
42100, 2, 
42120, 2, 
42140, 2, 
42160, 2, 
42180, 2, 
42200, 2, 
42220, 2, 
42240, 2, 
42260, 2, 
42280, 2, 
42300, 2, 
42320, 2, 
42340, 1, 1, 
42360, 1, 1, 
42380, 1, 1, 
42400, 1, 1, 
42420, 1, 1, 
42440, 1, 1, 
42460, 1, 1, 
42480, 1, 1, 
42500, 1, 1, 
42520, 2, 
42540, 1, 1, 
42560, 1, 1, 
42580, 1, 1, 
42600, 1, 1, 
42620, 1, 1, 
42640, 2, 
42660, 1, 1, 
42680, 1, 1, 
42700, 1, 1, 
42720, 2, 
42740, 1, 1, 
42760, 1, 1, 
42780, 1, 1, 
42800, 2, 
42820, 2, 
42840, 2, 
42860, 2, 
42880, 1, 1, 
42900, 1, 1, 
42920, 2, 
42940, 2, 
42960, 2, 
42980, 1, 1, 
43000, 1, 1, 
43020, 2, 
43040, 1, 1, 
43060, 1, 1, 
43080, 1, 1, 
43100, 1, 1, 
43120, 2, 
43140, 2, 
43160, 2, 
43180, 2, 
43200, 2, 
43220, 2, 
43240, 2, 
43260, 2, 
43280, 1, 1, 
43300, 1, 1, 
43320, 1, 1, 
43340, 2, 
43360, 1, 1, 
43380, 1, 1, 
43400, 1, 1, 
43420, 2, 
43440, 1, 1, 
43460, 1, 1, 
43480, 1, 1, 
43500, 1, 1, 
43520, 1, 1, 
43540, 1, 1, 
43560, 2, 
43580, 2, 
43600, 2, 
43620, 2, 
43640, 2, 
43660, 2, 
43680, 2, 
43700, 2, 
43720, 2, 
43740, 2, 
43760, 2, 
43780, 2, 
43800, 2, 
43820, 1, 1, 
43840, 2, 
43860, 2, 
43880, 2, 
43900, 2, 
43920, 2, 
43940, 2, 
43960, 2, 
43980, 1, 1, 
44000, 1, 1, 
44020, 1, 1, 
44040, 1, 1, 
44060, 2, 
44080, 1, 1, 
44100, 2, 
44120, 2, 
44140, 2, 
44160, 2, 
44180, 1, 1, 
44200, 1, 1, 
44220, 1, 1, 
44240, 1, 1, 
44260, 1, 1, 
44280, 1, 1, 
44300, 1, 1, 
44320, 1, 1, 
44340, 1, 1, 
44360, 2, 
44380, 1, 1, 
44400, 1, 1, 
44420, 1, 1, 
44440, 1, 1, 
44460, 1, 1, 
44480, 1, 1, 
44500, 2, 
44520, 2, 
44540, 2, 
44560, 2, 
44580, 2, 
44600, 2, 
44620, 1, 1, 
44640, 1, 1, 
44660, 1, 1, 
44680, 1, 1, 
44700, 1, 1, 
44720, 2, 
44740, 2, 
44760, 2, 
44780, 2, 
44800, 2, 
44820, 2, 
44840, 2, 
44860, 2, 
44880, 2, 
44900, 2, 
44920, 1, 1, 
44940, 1, 1, 
44960, 1, 1, 
44980, 2, 
45000, 1, 1, 
45020, 1, 1, 
45040, 1, 1, 
45060, 1, 1, 
45080, 1, 1, 
45100, 1, 1, 
45120, 1, 1, 
45140, 1, 1, 
45160, 2, 
45180, 2, 
45200, 2, 
45220, 2, 
45240, 2, 
45260, 2, 
45280, 2, 
45300, 2, 
45320, 2, 
45340, 2, 
45360, 2, 
45380, 2, 
45400, 2, 
45420, 2, 
45440, 2, 
45460, 1, 1, 
45480, 1, 1, 
45500, 1, 1, 
45520, 1, 1, 
45540, 1, 1, 
45560, 1, 1, 
45580, 2, 
45600, 2, 
45620, 2, 
45640, 2, 
45660, 2, 
45680, 2, 
45700, 2, 
45720, 2, 
45740, 2, 
45760, 2, 
45780, 2, 
45800, 2, 
45820, 1, 1, 
45840, 2, 
45860, 2, 
45880, 2, 
45900, 2, 
45920, 2, 
45940, 2, 
45960, 2, 
45980, 2, 
46000, 1, 1, 
46020, 1, 1, 
46040, 2, 
46060, 2, 
46080, 2, 
46100, 1, 1, 
46120, 1, 1, 
46140, 2, 
46160, 2, 
46180, 2, 
46200, 2, 
46220, 2, 
46240, 2, 
46260, 1, 1, 
46280, 2, 
46300, 2, 
46320, 2, 
46340, 1, 1, 
46360, 1, 1, 
46380, 1, 1, 
46400, 2, 
46420, 1, 1, 
46440, 1, 1, 
46460, 2, 
46480, 2, 
46500, 1, 1, 
46520, 2, 
46540, 2, 
46560, 2, 
46580, 2, 
46600, 1, 1, 
46620, 1, 1, 
46640, 1, 1, 
46660, 1, 1, 
46680, 1, 1, 
46700, 1, 1, 
46720, 1, 1, 
46740, 2, 
46760, 1, 1, 
46780, 1, 1, 
46800, 1, 1, 
46820, 1, 1, 
46840, 2, 
46860, 2, 
46880, 2, 
46900, 1, 1, 
46920, 2, 
46940, 1, 1, 
46960, 1, 1, 
46980, 1, 1, 
47000, 1, 1, 
47020, 2, 
47040, 2, 
47060, 2, 
47080, 2, 
47100, 2, 
47120, 1, 1, 
47140, 1, 1, 
47160, 1, 1, 
47180, 2, 
47200, 2, 
47220, 2, 
47240, 2, 
47260, 2, 
47280, 2, 
47300, 2, 
47320, 2, 
47340, 2, 
47360, 2, 
47380, 2, 
47400, 2, 
47420, 2, 
47440, 2, 
47460, 2, 
47480, 1, 1, 
47500, 1, 1, 
47520, 1, 1, 
47540, 1, 1, 
47560, 1, 1, 
47580, 1, 1, 
47600, 1, 1, 
47620, 1, 1, 
47640, 2, 
47660, 2, 
47680, 2, 
47700, 2, 
47720, 1, 1, 
47740, 1, 1, 
47760, 1, 1, 
47780, 1, 1, 
47800, 1, 1, 
47820, 1, 1, 
47840, 1, 1, 
47860, 1, 1, 
47880, 1, 1, 
47900, 2, 
47920, 1, 1, 
47940, 1, 1, 
47960, 1, 1, 
47980, 1, 1, 
48000, 1, 1, 
48020, 1, 1, 
48040, 1, 1, 
48060, 1, 1, 
48080, 1, 1, 
48100, 1, 1, 
48120, 1, 1, 
48140, 1, 1, 
48160, 1, 1, 
48180, 1, 1, 
48200, 2, 
48220, 2, 
48240, 2, 
48260, 2, 
48280, 1, 1, 
48300, 1, 1, 
48320, 1, 1, 
48340, 1, 1, 
48360, 1, 1, 
48380, 1, 1, 
48400, 1, 1, 
48420, 2, 
48440, 2, 
48460, 2, 
48480, 2, 
48500, 2, 
48520, 2, 
48540, 2, 
48560, 2, 
48580, 2, 
48600, 1, 1, 
48620, 1, 1, 
48640, 1, 1, 
48660, 1, 1, 
48680, 1, 1, 
48700, 2, 
48720, 1, 1, 
48740, 1, 1, 
48760, 2, 
48780, 2, 
48800, 2, 
48820, 2, 
48840, 2, 
48860, 2, 
48880, 2, 
48900, 1, 1, 
48920, 1, 1, 
48940, 1, 1, 
48960, 1, 1, 
48980, 1, 1, 
49000, 1, 1, 
49020, 2, 
49040, 2, 
49060, 1, 1, 
49080, 1, 1, 
49100, 1, 1, 
49120, 2, 
49140, 2, 
49160, 2, 
49180, 2, 
49200, 2, 
49220, 2, 
49240, 2, 
49260, 1, 1, 
49280, 2, 
49300, 2, 
49320, 2, 
49340, 2, 
49360, 2, 
49380, 2, 
49400, 1, 1, 
49420, 1, 1, 
49440, 1, 1, 
49460, 1, 1, 
49480, 1, 1, 
49500, 2, 
49520, 2, 
49540, 2, 
49560, 2, 
49580, 2, 
49600, 2, 
49620, 2, 
49640, 2, 
49660, 2, 
49680, 2, 
49700, 2, 
49720, 1, 1, 
49740, 1, 1, 
49760, 2, 
49780, 2, 
49800, 1, 1, 
49820, 1, 1, 
49840, 2, 
49860, 1, 1, 
49880, 1, 1, 
49900, 1, 1, 
49920, 1, 1, 
49940, 1, 1, 
49960, 1, 1, 
49980, 1, 1, 
50000, 1, 1, 
50020, 1, 1, 
50040, 1, 1, 
50060, 1, 1, 
50080, 1, 1, 
50100, 1, 1, 
50120, 1, 1, 
50140, 1, 1, 
50160, 1, 1, 
50180, 1, 1, 
50200, 1, 1, 
50220, 1, 1, 
50240, 1, 1, 
50260, 1, 1, 
50280, 1, 1, 
50300, 1, 1, 
50320, 1, 1, 
50340, 1, 1, 
50360, 1, 1, 
50380, 1, 1, 
50400, 1, 1, 
50420, 1, 1, 
50440, 1, 1, 
50460, 2, 
50480, 2, 
50500, 2, 
50520, 2, 
50540, 2, 
50560, 2, 
50580, 2, 
50600, 2, 
50620, 2, 
50640, 1, 1, 
50660, 2, 
50680, 2, 
50700, 2, 
50720, 2, 
50740, 2, 
50760, 2, 
50780, 2, 
50800, 2, 
50820, 2, 
50840, 2, 
50860, 1, 1, 
50880, 2, 
50900, 2, 
50920, 2, 
50940, 2, 
50960, 2, 
50980, 2, 
51000, 2, 
51020, 2, 
51040, 2, 
51060, 2, 
51080, 1, 1, 
51100, 1, 1, 
51120, 1, 1, 
51140, 1, 1, 
51160, 1, 1, 
51180, 1, 1, 
51200, 1, 1, 
51220, 1, 1, 
51240, 1, 1, 
51260, 1, 1, 
51280, 1, 1, 
51300, 1, 1, 
51320, 2, 
51340, 1, 1, 
51360, 2, 
51380, 2, 
51400, 2, 
51420, 1, 1, 
51440, 1, 1, 
51460, 1, 1, 
51480, 1, 1, 
51500, 1, 1, 
51520, 1, 1, 
51540, 1, 1, 
51560, 1, 1, 
51580, 1, 1, 
51600, 2, 
51620, 1, 1, 
51640, 1, 1, 
51660, 1, 1, 
51680, 1, 1, 
51700, 2, 
51720, 2, 
51740, 2, 
51760, 2, 
51780, 2, 
51800, 2, 
51820, 2, 
51840, 2, 
51860, 2, 
51880, 2, 
51900, 2, 
51920, 2, 
51940, 2, 
51960, 2, 
51980, 2, 
52000, 2, 
52020, 2, 
52040, 2, 
52060, 2, 
52080, 1, 1, 
52100, 1, 1, 
52120, 1, 1, 
52140, 1, 1, 
52160, 1, 1, 
52180, 1, 1, 
52200, 1, 1, 
52220, 1, 1, 
52240, 1, 1, 
52260, 2, 
52280, 2, 
52300, 1, 1, 
52320, 1, 1, 
52340, 1, 1, 
52360, 1, 1, 
52380, 2, 
52400, 2, 
52420, 2, 
52440, 2, 
52460, 1, 1, 
52480, 1, 1, 
52500, 1, 1, 
52520, 2, 
52540, 2, 
52560, 2, 
52580, 2, 
52600, 2, 
52620, 2, 
52640, 2, 
52660, 2, 
52680, 2, 
52700, 2, 
52720, 2, 
52740, 2, 
52760, 2, 
52780, 2, 
52800, 2, 
52820, 2, 
52840, 2, 
52860, 2, 
52880, 2, 
52900, 2, 
52920, 2, 
52940, 2, 
52960, 2, 
52980, 2, 
53000, 1, 1, 
53020, 1, 1, 
53040, 2, 
53060, 2, 
53080, 2, 
53100, 2, 
53120, 2, 
53140, 2, 
53160, 2, 
53180, 2, 
53200, 2, 
53220, 2, 
53240, 2, 
53260, 2, 
53280, 2, 
53300, 1, 1, 
53320, 2, 
53340, 1, 1, 
53360, 1, 1, 
53380, 1, 1, 
53400, 1, 1, 
53420, 1, 1, 
53440, 1, 1, 
53460, 1, 1, 
53480, 2, 
53500, 2, 
53520, 2, 
53540, 2, 
53560, 1, 1, 
53580, 1, 1, 
53600, 1, 1, 
53620, 1, 1, 
53640, 2, 
53660, 1, 1, 
53680, 1, 1, 
53700, 1, 1, 
53720, 1, 1, 
53740, 1, 1, 
53760, 1, 1, 
53780, 1, 1, 
53800, 1, 1, 
53820, 1, 1, 
53840, 1, 1, 
53860, 1, 1, 
53880, 1, 1, 
53900, 2, 
53920, 2, 
53940, 2, 
53960, 1, 1, 
53980, 1, 1, 
54000, 1, 1, 
54020, 2, 
54040, 1, 1, 
54060, 2, 
54080, 2, 
54100, 2, 
54120, 2, 
54140, 2, 
54160, 2, 
54180, 2, 
54200, 2, 
54220, 2, 
54240, 2, 
54260, 2, 
54280, 1, 1, 
54300, 1, 1, 
54320, 1, 1, 
54340, 1, 1, 
54360, 1, 1, 
54380, 1, 1, 
54400, 2, 
54420, 2, 
54440, 2, 
54460, 2, 
54480, 2, 
54500, 2, 
54520, 2, 
54540, 2, 
54560, 2, 
54580, 2, 
54600, 2, 
54620, 2, 
54640, 2, 
54660, 1, 1, 
54680, 2, 
54700, 1, 1, 
54720, 1, 1, 
54740, 2, 
54760, 2, 
54780, 2, 
54800, 2, 
54820, 2, 
54840, 2, 
54860, 2, 
54880, 2, 
54900, 1, 1, 
54920, 1, 1, 
54940, 1, 1, 
54960, 1, 1, 
54980, 1, 1, 
55000, 2, 
55020, 2, 
55040, 2, 
55060, 2, 
55080, 2, 
55100, 2, 
55120, 1, 1, 
55140, 2, 
55160, 2, 
55180, 2, 
55200, 1, 1, 
55220, 2, 
55240, 2, 
55260, 2, 
55280, 2, 
55300, 1, 1, 
55320, 1, 1, 
55340, 1, 1, 
55360, 1, 1, 
55380, 1, 1, 
55400, 1, 1, 
55420, 2, 
55440, 2, 
55460, 2, 
55480, 2, 
55500, 2, 
55520, 1, 1, 
55540, 1, 1, 
55560, 1, 1, 
55580, 1, 1, 
55600, 1, 1, 
55620, 1, 1, 
55640, 1, 1, 
55660, 1, 1, 
55680, 1, 1, 
55700, 1, 1, 
55720, 1, 1, 
55740, 1, 1, 
55760, 1, 1, 
55780, 1, 1, 
55800, 1, 1, 
55820, 2, 
55840, 2, 
55860, 1, 1, 
55880, 2, 
55900, 1, 1, 
55920, 1, 1, 
55940, 2, 
55960, 1, 1, 
55980, 1, 1, 
56000, 1, 1, 
56020, 1, 1, 
56040, 1, 1, 
56060, 1, 1, 
56080, 1, 1, 
56100, 2, 
56120, 2, 
56140, 2, 
56160, 1, 1, 
56180, 1, 1, 
56200, 1, 1, 
56220, 1, 1, 
56240, 1, 1, 
56260, 1, 1, 
56280, 1, 1, 
56300, 1, 1, 
56320, 1, 1, 
56340, 1, 1, 
56360, 1, 1, 
56380, 1, 1, 
56400, 1, 1, 
56420, 1, 1, 
56440, 1, 1, 
56460, 1, 1, 
56480, 1, 1, 
56500, 1, 1, 
56520, 1, 1, 
56540, 1, 1, 
56560, 1, 1, 
56580, 1, 1, 
56600, 2, 
56620, 2, 
56640, 2, 
56660, 2, 
56680, 2, 
56700, 1, 1, 
56720, 1, 1, 
56740, 1, 1, 
56760, 1, 1, 
56780, 1, 1, 
56800, 1, 1, 
56820, 2, 
56840, 2, 
56860, 2, 
56880, 2, 
56900, 2, 
56920, 2, 
56940, 2, 
56960, 2, 
56980, 2, 
57000, 2, 
57020, 2, 
57040, 2, 
57060, 2, 
57080, 2, 
57100, 2, 
57120, 2, 
57140, 2, 
57160, 2, 
57180, 2, 
57200, 2, 
57220, 2, 
57240, 2, 
57260, 1, 1, 
57280, 1, 1, 
57300, 1, 1, 
57320, 1, 1, 
57340, 1, 1, 
57360, 1, 1, 
57380, 1, 1, 
57400, 1, 1, 
57420, 1, 1, 
57440, 2, 
57460, 2, 
57480, 1, 1, 
57500, 1, 1, 
57520, 1, 1, 
57540, 1, 1, 
57560, 2, 
57580, 1, 1, 
57600, 1, 1, 
57620, 1, 1, 
57640, 1, 1, 
57660, 1, 1, 
57680, 1, 1, 
57700, 1, 1, 
57720, 1, 1, 
57740, 1, 1, 
57760, 1, 1, 
57780, 1, 1, 
57800, 1, 1, 
57820, 1, 1, 
57840, 1, 1, 
57860, 1, 1, 
57880, 2, 
57900, 2, 
57920, 1, 1, 
57940, 1, 1, 
57960, 2, 
57980, 2, 
58000, 2, 
58020, 1, 1, 
58040, 1, 1, 
58060, 1, 1, 
58080, 1, 1, 
58100, 1, 1, 
58120, 1, 1, 
58140, 1, 1, 
58160, 1, 1, 
58180, 1, 1, 
58200, 1, 1, 
58220, 1, 1, 
58240, 1, 1, 
58260, 1, 1, 
58280, 1, 1, 
58300, 1, 1, 
58320, 2, 
58340, 2, 
58360, 2, 
58380, 2, 
58400, 2, 
58420, 2, 
58440, 2, 
58460, 2, 
58480, 1, 1, 
58500, 2, 
58520, 1, 1, 
58540, 1, 1, 
58560, 1, 1, 
58580, 1, 1, 
58600, 2, 
58620, 2, 
58640, 1, 1, 
58660, 1, 1, 
58680, 1, 1, 
58700, 1, 1, 
58720, 1, 1, 
58740, 1, 1, 
58760, 1, 1, 
58780, 1, 1, 
58800, 1, 1, 
58820, 1, 1, 
58840, 1, 1, 
58860, 1, 1, 
58880, 1, 1, 
58900, 1, 1, 
58920, 1, 1, 
58940, 1, 1, 
58960, 1, 1, 
58980, 1, 1, 
59000, 1, 1, 
59020, 1, 1, 
59040, 2, 
59060, 2, 
59080, 2, 
59100, 2, 
59120, 2, 
59140, 2, 
59160, 1, 1, 
59180, 1, 1, 
59200, 1, 1, 
59220, 1, 1, 
59240, 2, 
59260, 1, 1, 
59280, 2, 
59300, 1, 1, 
59320, 2, 
59340, 2, 
59360, 2, 
59380, 1, 1, 
59400, 2, 
59420, 2, 
59440, 2, 
59460, 2, 
59480, 2, 
59500, 2, 
59520, 2, 
59540, 2, 
59560, 2, 
59580, 1, 1, 
59600, 1, 1, 
59620, 1, 1, 
59640, 1, 1, 
59660, 2, 
59680, 2, 
59700, 1, 1, 
59720, 1, 1, 
59740, 1, 1, 
59760, 1, 1, 
59780, 1, 1, 
59800, 1, 1, 
59820, 1, 1, 
59840, 1, 1, 
59860, 1, 1, 
59880, 1, 1, 
59900, 1, 1, 
59920, 1, 1, 
59940, 1, 1, 
59960, 1, 1, 
59980, 1, 1, 
60000, 1, 1, 
60020, 1, 1, 
60040, 1, 1, 
60060, 1, 1, 
60080, 2, 
60100, 2, 
60120, 2, 
60140, 2, 
60160, 2, 
60180, 2, 
60200, 2, 
60220, 2, 
60240, 2, 
60260, 2, 
60280, 1, 1, 
60300, 1, 1, 
60320, 2, 
60340, 2, 
60360, 2, 
60380, 1, 1, 
60400, 1, 1, 
60420, 1, 1, 
60440, 1, 1, 
60460, 2, 
60480, 1, 1, 
60500, 1, 1, 
60520, 2, 
60540, 2, 
60560, 2, 
60580, 2, 
60600, 2, 
60620, 2, 
60640, 2, 
60660, 2, 
60680, 2, 
60700, 2, 
60720, 2, 
60740, 2, 
60760, 2, 
60780, 2, 
60800, 1, 1, 
60820, 1, 1, 
60840, 1, 1, 
60860, 1, 1, 
60880, 2, 
60900, 2, 
60920, 2, 
60940, 2, 
60960, 2, 
60980, 2, 
61000, 2, 
61020, 2, 
61040, 2, 
61060, 2, 
61080, 2, 
61100, 2, 
61120, 2, 
61140, 2, 
61160, 2, 
61180, 1, 1, 
61200, 1, 1, 
61220, 1, 1, 
61240, 1, 1, 
61260, 2, 
61280, 1, 1, 
61300, 1, 1, 
61320, 1, 1, 
61340, 1, 1, 
61360, 2, 
61380, 2, 
61400, 2, 
61420, 2, 
61440, 2, 
61460, 2, 
61480, 2, 
61500, 2, 
61520, 2, 
61540, 2, 
61560, 2, 
61580, 2, 
61600, 2, 
61620, 2, 
61640, 2, 
61660, 2, 
61680, 2, 
61700, 2, 
61720, 2, 
61740, 2, 
61760, 2, 
61780, 2, 
61800, 2, 
61820, 2, 
61840, 2, 
61860, 2, 
61880, 2, 
61900, 2, 
61920, 2, 
61940, 1, 1, 
61960, 1, 1, 
61980, 2, 
62000, 1, 1, 
62020, 1, 1, 
62040, 1, 1, 
62060, 2, 
62080, 1, 1, 
62100, 1, 1, 
62120, 2, 
62140, 1, 1, 
62160, 1, 1, 
62180, 1, 1, 
62200, 2, 
62220, 2, 
62240, 1, 1, 
62260, 1, 1, 
62280, 1, 1, 
62300, 1, 1, 
62320, 1, 1, 
62340, 1, 1, 
62360, 1, 1, 
62380, 1, 1, 
62400, 2, 
62420, 2, 
62440, 2, 
62460, 2, 
62480, 2, 
62500, 2, 
62520, 2, 
62540, 2, 
62560, 2, 
62580, 2, 
62600, 2, 
62620, 2, 
62640, 2, 
62660, 2, 
62680, 2, 
62700, 2, 
62720, 2, 
62740, 1, 1, 
62760, 1, 1, 
62780, 1, 1, 
62800, 1, 1, 
62820, 1, 1, 
62840, 1, 1, 
62860, 1, 1, 
62880, 1, 1, 
62900, 1, 1, 
62920, 1, 1, 
62940, 1, 1, 
62960, 1, 1, 
62980, 1, 1, 
63000, 2, 
63020, 2, 
63040, 2, 
63060, 2, 
63080, 2, 
63100, 2, 
63120, 2, 
63140, 2, 
63160, 1, 1, 
63180, 1, 1, 
63200, 1, 1, 
63220, 1, 1, 
63240, 1, 1, 
63260, 1, 1, 
63280, 1, 1, 
63300, 1, 1, 
63320, 1, 1, 
63340, 1, 1, 
63360, 1, 1, 
63380, 1, 1, 
63400, 1, 1, 
63420, 1, 1, 
63440, 1, 1, 
63460, 2, 
63480, 1, 1, 
63500, 1, 1, 
63520, 1, 1, 
63540, 1, 1, 
63560, 1, 1, 
63580, 1, 1, 
63600, 2, 
63620, 2, 
63640, 2, 
63660, 2, 
63680, 2, 
63700, 2, 
63720, 2, 
63740, 2, 
63760, 2, 
63780, 1, 1, 
63800, 1, 1, 
63820, 1, 1, 
63840, 1, 1, 
63860, 1, 1, 
63880, 2, 
63900, 2, 
63920, 2, 
63940, 2, 
63960, 2, 
63980, 2, 
64000, 2, 
64020, 2, 
64040, 2, 
64060, 2, 
64080, 2, 
64100, 2, 
64120, 2, 
64140, 2, 
64160, 2, 
64180, 2, 
64200, 2, 
64220, 2, 
64240, 2, 
64260, 2, 
64280, 2, 
64300, 1, 1, 
64320, 1, 1, 
64340, 1, 1, 
64360, 2, 
64380, 2, 
64400, 2, 
64420, 2, 
64440, 2, 
64460, 2, 
64480, 2, 
64500, 1, 1, 
64520, 1, 1, 
64540, 1, 1, 
64560, 1, 1, 
64580, 2, 
64600, 1, 1, 
64620, 2, 
64640, 1, 1, 
64660, 1, 1, 
64680, 2, 
64700, 1, 1, 
64720, 1, 1, 
64740, 1, 1, 
64760, 1, 1, 
64780, 1, 1, 
64800, 1, 1, 
64820, 1, 1, 
64840, 1, 1, 
64860, 1, 1, 
64880, 1, 1, 
64900, 1, 1, 
64920, 2, 
64940, 2, 
64960, 1, 1, 
64980, 2, 
65000, 2, 
65020, 2, 
65040, 2, 
65060, 1, 1, 
65080, 1, 1, 
65100, 2, 
65120, 2, 
65140, 2, 
65160, 1, 1, 
65180, 1, 1, 
65200, 2, 
65220, 2, 
65240, 2, 
65260, 2, 
65280, 2, 
65300, 2, 
65320, 2, 
65340, 2, 
65360, 2, 
65380, 2, 
65400, 2, 
65420, 1, 1, 
65440, 1, 1, 
65460, 1, 1, 
65480, 1, 1, 
65500, 1, 1, 
65520, 1, 1, 
65540, 1, 1, 
65560, 1, 1, 
65580, 1, 1, 
65600, 1, 1, 
65620, 1, 1, 
65640, 1, 1, 
65660, 1, 1, 
65680, 2, 
65700, 2, 
65720, 2, 
65740, 2, 
65760, 2, 
65780, 2, 
65800, 2, 
65820, 2, 
65840, 1, 1, 
65860, 1, 1, 
65880, 1, 1, 
65900, 1, 1, 
65920, 1, 1, 
65940, 1, 1, 
65960, 1, 1, 
65980, 2, 
66000, 1, 1, 
66020, 1, 1, 
66040, 1, 1, 
66060, 1, 1, 
66080, 2, 
66100, 2, 
66120, 1, 1, 
66140, 2, 
66160, 2, 
66180, 1, 1, 
66200, 1, 1, 
66220, 1, 1, 
66240, 1, 1, 
66260, 1, 1, 
66280, 2, 
66300, 2, 
66320, 2, 
66340, 2, 
66360, 2, 
66380, 2, 
66400, 2, 
66420, 2, 
66440, 1, 1, 
66460, 1, 1, 
66480, 1, 1, 
66500, 2, 
66520, 2, 
66540, 2, 
66560, 2, 
66580, 2, 
66600, 2, 
66620, 2, 
66640, 2, 
66660, 2, 
66680, 1, 1, 
66700, 1, 1, 
66720, 1, 1, 
66740, 1, 1, 
66760, 2, 
66780, 2, 
66800, 2, 
66820, 2, 
66840, 2, 
66860, 2, 
66880, 2, 
66900, 1, 1, 
66920, 1, 1, 
66940, 1, 1, 
66960, 2, 
66980, 1, 1, 
67000, 1, 1, 
67020, 1, 1, 
67040, 1, 1, 
67060, 1, 1, 
67080, 2, 
67100, 2, 
67120, 2, 
67140, 2, 
67160, 1, 1, 
67180, 1, 1, 
67200, 1, 1, 
67220, 1, 1, 
67240, 1, 1, 
67260, 1, 1, 
67280, 1, 1, 
67300, 1, 1, 
67320, 2, 
67340, 1, 1, 
67360, 1, 1, 
67380, 1, 1, 
67400, 1, 1, 
67420, 1, 1, 
67440, 2, 
67460, 1, 1, 
67480, 1, 1, 
67500, 2, 
67520, 2, 
67540, 2, 
67560, 2, 
67580, 2, 
67600, 2, 
67620, 2, 
67640, 2, 
67660, 2, 
67680, 2, 
67700, 2, 
67720, 2, 
67740, 1, 1, 
67760, 1, 1, 
67780, 1, 1, 
67800, 2, 
67820, 2, 
67840, 1, 1, 
67860, 2, 
67880, 1, 1, 
67900, 1, 1, 
67920, 1, 1, 
67940, 1, 1, 
67960, 1, 1, 
67980, 1, 1, 
68000, 2, 
68020, 2, 
68040, 2, 
68060, 2, 
68080, 2, 
68100, 1, 1, 
68120, 2, 
68140, 2, 
68160, 2, 
68180, 2, 
68200, 1, 1, 
68220, 2, 
68240, 2, 
68260, 2, 
68280, 2, 
68300, 2, 
68320, 2, 
68340, 2, 
68360, 2, 
68380, 2, 
68400, 1, 1, 
68420, 1, 1, 
68440, 2, 
68460, 2, 
68480, 1, 1, 
68500, 1, 1, 
68520, 1, 1, 
68540, 1, 1, 
68560, 1, 1, 
68580, 2, 
68600, 2, 
68620, 2, 
68640, 2, 
68660, 2, 
68680, 1, 1, 
68700, 2, 
68720, 2, 
68740, 2, 
68760, 2, 
68780, 1, 1, 
68800, 1, 1, 
68820, 1, 1, 
68840, 1, 1, 
68860, 1, 1, 
68880, 1, 1, 
68900, 2, 
68920, 1, 1, 
68940, 1, 1, 
68960, 1, 1, 
68980, 1, 1, 
69000, 1, 1, 
69020, 2, 
69040, 2, 
69060, 2, 
69080, 2, 
69100, 2, 
69120, 2, 
69140, 2, 
69160, 2, 
69180, 2, 
69200, 2, 
69220, 2, 
69240, 2, 
69260, 2, 
69280, 2, 
69300, 1, 1, 
69320, 1, 1, 
69340, 1, 1, 
69360, 1, 1, 
69380, 2, 
69400, 2, 
69420, 2, 
69440, 2, 
69460, 2, 
69480, 2, 
69500, 2, 
69520, 2, 
69540, 2, 
69560, 2, 
69580, 1, 1, 
69600, 1, 1, 
69620, 1, 1, 
69640, 1, 1, 
69660, 2, 
69680, 2, 
69700, 2, 
69720, 1, 1, 
69740, 2, 
69760, 2, 
69780, 2, 
69800, 1, 1, 
69820, 1, 1, 
69840, 1, 1, 
69860, 1, 1, 
69880, 1, 1, 
69900, 2, 
69920, 2, 
69940, 2, 
69960, 2, 
69980, 2, 
70000, 2, 
70020, 2, 
70040, 2, 
70060, 2, 
70080, 2, 
70100, 2, 
70120, 2, 
70140, 2, 
70160, 2, 
70180, 2, 
70200, 2, 
70220, 2, 
70240, 2, 
70260, 2, 
70280, 2, 
70300, 1, 1, 
70320, 1, 1, 
70340, 1, 1, 
70360, 1, 1, 
70380, 1, 1, 
70400, 1, 1, 
70420, 1, 1, 
70440, 1, 1, 
70460, 2, 
70480, 2, 
70500, 2, 
70520, 2, 
70540, 2, 
70560, 1, 1, 
70580, 1, 1, 
70600, 1, 1, 
70620, 2, 
70640, 2, 
70660, 1, 1, 
70680, 2, 
70700, 1, 1, 
70720, 1, 1, 
70740, 1, 1, 
70760, 1, 1, 
70780, 1, 1, 
70800, 2, 
70820, 1, 1, 
70840, 1, 1, 
70860, 1, 1, 
70880, 1, 1, 
70900, 1, 1, 
70920, 1, 1, 
70940, 1, 1, 
70960, 2, 
70980, 2, 
71000, 2, 
71020, 2, 
71040, 2, 
71060, 2, 
71080, 2, 
71100, 2, 
71120, 2, 
71140, 2, 
71160, 2, 
71180, 2, 
71200, 1, 1, 
71220, 1, 1, 
71240, 1, 1, 
71260, 1, 1, 
71280, 1, 1, 
71300, 1, 1, 
71320, 1, 1, 
71340, 1, 1, 
71360, 1, 1, 
71380, 2, 
71400, 2, 
71420, 2, 
71440, 2, 
71460, 2, 
71480, 2, 
71500, 2, 
71520, 2, 
71540, 2, 
71560, 2, 
71580, 1, 1, 
71600, 1, 1, 
71620, 1, 1, 
71640, 1, 1, 
71660, 1, 1, 
71680, 2, 
71700, 2, 
71720, 2, 
71740, 2, 
71760, 2, 
71780, 2, 
71800, 2, 
71820, 2, 
71840, 1, 1, 
71860, 1, 1, 
71880, 2, 
71900, 2, 
71920, 2, 
71940, 1, 1, 
71960, 1, 1, 
71980, 1, 1, 
72000, 1, 1, 
72020, 1, 1, 
72040, 1, 1, 
72060, 2, 
72080, 2, 
72100, 2, 
72120, 2, 
72140, 2, 
72160, 2, 
72180, 2, 
72200, 2, 
72220, 2, 
72240, 2, 
72260, 2, 
72280, 2, 
72300, 2, 
72320, 2, 
72340, 2, 
72360, 2, 
72380, 2, 
72400, 2, 
72420, 2, 
72440, 2, 
72460, 2, 
72480, 1, 1, 
72500, 1, 1, 
72520, 1, 1, 
72540, 1, 1, 
72560, 1, 1, 
72580, 1, 1, 
72600, 2, 
72620, 2, 
72640, 2, 
72660, 2, 
72680, 1, 1, 
72700, 1, 1, 
72720, 1, 1, 
72740, 1, 1, 
72760, 1, 1, 
72780, 1, 1, 
72800, 1, 1, 
72820, 1, 1, 
72840, 2, 
72860, 2, 
72880, 2, 
72900, 2, 
72920, 2, 
72940, 2, 
72960, 2, 
72980, 2, 
73000, 2, 
73020, 2, 
73040, 2, 
73060, 2, 
73080, 2, 
73100, 2, 
73120, 2, 
73140, 2, 
73160, 2, 
73180, 2, 
73200, 2, 
73220, 2, 
73240, 2, 
73260, 2, 
73280, 2, 
73300, 2, 
73320, 2, 
73340, 2, 
73360, 1, 1, 
73380, 1, 1, 
73400, 2, 
73420, 2, 
73440, 2, 
73460, 2, 
73480, 2, 
73500, 2, 
73520, 2, 
73540, 2, 
73560, 1, 1, 
73580, 1, 1, 
73600, 1, 1, 
73620, 1, 1, 
