200, 0.2712, 
220, 
240, 
260, 
280, 
300, 
320, 
340, 
360, 
380, 
400, 0.1865, 
420, 
440, 
460, 
480, 0.3005, 
500, 
520, 
540, 
560, 0.4464, 
580, 0.4030, 
600, 0.2669, 
620, 0.5952, 
640, 0.2662, 
660, 0.3254, 
680, 0.4399, 
700, 0.4043, 
720, 0.3636, 
740, 0.2574, 
760, 0.3555, 
780, 0.3297, 
800, 0.2944, 
820, 0.3790, 
840, 0.2845, 
860, 0.5556, 
880, 
900, 0.3438, 
920, 0.2597, 
940, 0.4115, 
960, 0.2508, 
980, 
1000, 
1020, 
1040, 0.2676, 
1060, 0.5381, 
1080, 
1100, 
1120, 
1140, 
1160, 0.5310, 
1180, 0.3166, 
1200, 0.4702, 
1220, 0.3670, 
1240, 0.3904, 
1260, 0.3143, 
1280, 0.3295, 
1300, 0.2464, 
1320, 
1340, 
1360, 
1380, 
1400, 0.2838, 
1420, 0.3226, 
1440, 
1460, 0.5500, 
1480, 0.3591, 
1500, 0.4458, 
1520, 0.5464, 
1540, 0.3576, 
1560, 0.7624, 
1580, 0.4396, 
1600, 
1620, 
1640, 
1660, 
1680, 
1700, 
1720, 
1740, 0.5607, 
1760, 0.3005, 
1780, 0.3567, 
1800, 
1820, 
1840, 
1860, 
1880, 
1900, 0.2183, 
1920, 
1940, 
1960, 
1980, 0.3670, 
2000, 0.4135, 
2020, 0.2975, 
2040, 0.4208, 
2060, 0.2424, 
2080, 0.3009, 
2100, 0.2954, 
2120, 0.2948, 
2140, 0.5556, 
2160, 0.3093, 
2180, 0.4277, 
2200, 0.4144, 
2220, 0.2903, 
2240, 0.3063, 
2260, 0.1740, 
2280, 0.3643, 
2300, 0.3075, 
2320, 
2340, 
2360, 
2380, 
2400, 
2420, 
2440, 
2460, 
2480, 0.3659, 
2500, 0.2701, 
2520, 0.3593, 
2540, 0.2677, 
2560, 0.5310, 
2580, 0.4320, 
2600, 0.2975, 
2620, 
2640, 
2660, 
2680, 0.3899, 
2700, 0.6356, 
2720, 0.2978, 
2740, 
2760, 
2780, 
2800, 
2820, 
2840, 
2860, 0.2049, 
2880, 
2900, 
2920, 
2940, 
2960, 
2980, 0.4926, 
3000, 0.5115, 
3020, 0.3795, 
3040, 0.2863, 
3060, 0.3191, 
3080, 0.6270, 
3100, 
3120, 
3140, 
3160, 
3180, 
3200, 
3220, 
3240, 
3260, 
3280, 
3300, 
3320, 
3340, 
3360, 
3380, 
3400, 
3420, 
3440, 
3460, 
3480, 
3500, 
3520, 
3540, 
3560, 
3580, 
3600, 
3620, 
3640, 
3660, 
3680, 0.3429, 
3700, 0.4847, 
3720, 0.5725, 
3740, 0.2996, 
3760, 0.4570, 
3780, 0.2841, 
3800, 0.3569, 
3820, 0.3098, 
3840, 0.4886, 
3860, 0.3608, 
3880, 0.2055, 
3900, 0.4402, 
3920, 0.3974, 
3940, 0.3995, 
3960, 0.5226, 
3980, 0.6243, 
4000, 0.3256, 
4020, 0.3625, 
4040, 
4060, 
4080, 
4100, 
4120, 
4140, 
4160, 
4180, 
4200, 
4220, 
4240, 0.4178, 
4260, 0.3440, 
4280, 0.6593, 
4300, 0.4107, 
4320, 0.1702, 
4340, 0.3032, 
4360, 0.4386, 
4380, 
4400, 
4420, 
4440, 0.4084, 
4460, 0.3066, 
4480, 0.3382, 
4500, 0.4090, 
4520, 0.2749, 
4540, 0.4819, 
4560, 0.5545, 
4580, 0.2861, 
4600, 
4620, 0.4132, 
4640, 0.4240, 
4660, 0.3894, 
4680, 0.2740, 
4700, 0.2482, 
4720, 0.4348, 
4740, 
4760, 
4780, 0.3769, 
4800, 0.2735, 
4820, 0.3407, 
4840, 
4860, 
4880, 
4900, 
4920, 
4940, 
4960, 
4980, 0.2709, 
5000, 0.2077, 
5020, 0.3734, 
5040, 0.4461, 
5060, 0.4549, 
5080, 0.4695, 
5100, 0.2947, 
5120, 0.2963, 
5140, 0.3774, 
5160, 
5180, 
5200, 
5220, 
5240, 
5260, 
5280, 
5300, 
5320, 
5340, 
5360, 0.2917, 
5380, 
5400, 
5420, 
5440, 
5460, 
5480, 
5500, 
5520, 0.2269, 
5540, 0.2759, 
5560, 0.3388, 
5580, 0.3249, 
5600, 0.4713, 
5620, 0.3800, 
5640, 0.4930, 
5660, 0.2845, 
5680, 0.2670, 
5700, 0.3222, 
5720, 0.3580, 
5740, 0.3071, 
5760, 
5780, 
5800, 
5820, 
5840, 
5860, 0.1735, 
5880, 0.3337, 
5900, 0.3720, 
5920, 0.4164, 
5940, 0.3079, 
5960, 0.5525, 
5980, 0.4577, 
6000, 0.3474, 
6020, 0.5150, 
6040, 
6060, 
6080, 
6100, 
6120, 
6140, 
6160, 
6180, 
6200, 0.6129, 
6220, 0.3674, 
6240, 0.4598, 
6260, 0.5080, 
6280, 0.6173, 
6300, 0.2996, 
6320, 0.3375, 
6340, 0.2547, 
6360, 
6380, 0.1956, 
6400, 0.4505, 
6420, 0.5367, 
6440, 0.4894, 
6460, 0.3163, 
6480, 0.4804, 
6500, 0.3981, 
6520, 0.4566, 
6540, 
6560, 
6580, 
6600, 
6620, 
6640, 
6660, 
6680, 0.2661, 
6700, 0.3394, 
6720, 0.4240, 
6740, 0.5764, 
6760, 0.3800, 
6780, 0.2921, 
6800, 0.3634, 
6820, 0.2194, 
6840, 0.3425, 
6860, 0.2889, 
6880, 0.2924, 
6900, 0.3009, 
6920, 0.3444, 
6940, 0.3168, 
6960, 
6980, 0.2865, 
7000, 0.3160, 
7020, 0.4313, 
7040, 0.2248, 
7060, 0.1891, 
7080, 0.6104, 
7100, 0.2735, 
7120, 0.1976, 
7140, 
7160, 
7180, 
7200, 0.5277, 
7220, 0.4612, 
7240, 0.4435, 
7260, 0.3163, 
7280, 
7300, 
7320, 
7340, 
7360, 
7380, 
7400, 
7420, 0.2743, 
7440, 0.5029, 
7460, 0.2491, 
7480, 0.5888, 
7500, 0.5571, 
7520, 0.5464, 
7540, 0.4910, 
7560, 0.2641, 
7580, 0.5597, 
7600, 
7620, 0.4068, 
7640, 
7660, 
7680, 
7700, 
7720, 0.1763, 
7740, 0.5888, 
7760, 
7780, 
7800, 
7820, 
7840, 
7860, 
7880, 
7900, 
7920, 
7940, 0.2336, 
7960, 0.4835, 
7980, 0.3667, 
8000, 0.4721, 
8020, 0.4049, 
8040, 0.1923, 
8060, 0.3934, 
8080, 0.3776, 
8100, 0.4216, 
8120, 0.3036, 
8140, 0.3734, 
8160, 0.1759, 
8180, 0.4383, 
8200, 0.2859, 
8220, 0.3868, 
8240, 0.4710, 
8260, 
8280, 0.2954, 
8300, 0.4890, 
8320, 
8340, 
8360, 
8380, 
8400, 
8420, 
8440, 
8460, 0.2250, 
8480, 0.2565, 
8500, 0.2924, 
8520, 0.4839, 
8540, 0.5435, 
8560, 0.3501, 
8580, 0.2715, 
8600, 0.3663, 
8620, 0.3736, 
8640, 0.2603, 
8660, 
8680, 
8700, 
8720, 
8740, 
8760, 
8780, 
8800, 
8820, 
8840, 0.3995, 
8860, 
8880, 
8900, 
8920, 0.4418, 
8940, 0.3259, 
8960, 0.2778, 
8980, 0.3906, 
9000, 0.2860, 
9020, 
9040, 
9060, 
9080, 
9100, 
9120, 
9140, 0.3188, 
9160, 0.3002, 
9180, 0.5025, 
9200, 0.2875, 
9220, 0.2278, 
9240, 0.2021, 
9260, 0.3122, 
9280, 0.3140, 
9300, 0.4301, 
9320, 0.4008, 
9340, 0.2305, 
9360, 
9380, 
9400, 
9420, 
9440, 
9460, 0.3012, 
9480, 
9500, 0.2842, 
9520, 0.2848, 
9540, 0.3632, 
9560, 0.4073, 
9580, 0.5080, 
9600, 0.5566, 
9620, 0.2353, 
9640, 0.4027, 
9660, 
9680, 
9700, 
9720, 
9740, 
9760, 
9780, 
9800, 
9820, 
9840, 
9860, 
9880, 
9900, 
9920, 
9940, 
9960, 
9980, 0.2514, 
10000, 0.5008, 
10020, 0.4270, 
10040, 0.5381, 
10060, 0.4983, 
10080, 0.4357, 
10100, 0.2950, 
10120, 
10140, 
10160, 
10180, 
10200, 
10220, 0.2799, 
10240, 
10260, 
10280, 0.3659, 
10300, 0.3106, 
10320, 0.3586, 
10340, 0.2964, 
10360, 0.2765, 
10380, 0.3043, 
10400, 0.3427, 
10420, 
10440, 
10460, 0.2133, 
10480, 0.4448, 
10500, 0.2864, 
10520, 0.3462, 
10540, 0.5226, 
10560, 
10580, 
10600, 0.3388, 
10620, 0.3141, 
10640, 
10660, 
10680, 
10700, 
10720, 
10740, 
10760, 
10780, 
10800, 
10820, 
10840, 
10860, 
10880, 
10900, 0.4354, 
10920, 0.2956, 
10940, 0.3122, 
10960, 0.2231, 
10980, 0.4225, 
11000, 
11020, 0.2770, 
11040, 0.5133, 
11060, 
11080, 
11100, 
11120, 
11140, 
11160, 
11180, 
11200, 
11220, 0.3219, 
11240, 0.4342, 
11260, 0.2677, 
11280, 0.4882, 
11300, 0.2731, 
11320, 0.2918, 
11340, 0.3472, 
11360, 0.3195, 
11380, 0.4637, 
11400, 0.6674, 
11420, 
11440, 
11460, 
11480, 
11500, 
11520, 0.3017, 
11540, 
11560, 
11580, 0.3284, 
11600, 0.4858, 
11620, 
11640, 
11660, 
11680, 
11700, 
11720, 
11740, 
11760, 
11780, 0.3650, 
11800, 
11820, 
11840, 0.3425, 
11860, 0.4121, 
11880, 0.4255, 
11900, 0.3277, 
11920, 0.3802, 
11940, 0.3166, 
11960, 0.3382, 
11980, 0.4409, 
12000, 0.2956, 
12020, 
12040, 
12060, 
12080, 
12100, 
12120, 0.3623, 
12140, 0.5410, 
12160, 0.2362, 
12180, 0.4662, 
12200, 0.3987, 
12220, 0.3055, 
12240, 0.3107, 
12260, 0.4187, 
12280, 0.4812, 
12300, 0.3612, 
12320, 0.5587, 
12340, 0.4766, 
12360, 0.4068, 
12380, 0.3392, 
12400, 0.2711, 
12420, 
12440, 
12460, 
12480, 
12500, 
12520, 
12540, 
12560, 0.4914, 
12580, 0.2314, 
12600, 0.4441, 
12620, 0.2743, 
12640, 0.3793, 
12660, 0.5282, 
12680, 0.3286, 
12700, 0.3670, 
12720, 0.3992, 
12740, 0.2629, 
12760, 0.3531, 
12780, 0.4280, 
12800, 0.3363, 
12820, 0.2622, 
12840, 0.2697, 
12860, 0.2522, 
12880, 0.4261, 
12900, 0.2449, 
12920, 0.5089, 
12940, 0.4161, 
12960, 0.4699, 
12980, 0.6250, 
13000, 0.2828, 
13020, 0.3817, 
13040, 0.2431, 
13060, 0.6376, 
13080, 0.2609, 
13100, 0.3247, 
13120, 
13140, 
13160, 
13180, 
13200, 
13220, 
13240, 
13260, 
13280, 
13300, 0.3186, 
13320, 0.4800, 
13340, 0.2940, 
13360, 
13380, 
13400, 
13420, 0.4267, 
13440, 0.1594, 
13460, 0.5111, 
13480, 0.2636, 
13500, 0.4354, 
13520, 0.3363, 
13540, 0.3250, 
13560, 0.3817, 
13580, 0.3207, 
13600, 0.3328, 
13620, 0.3151, 
13640, 0.3971, 
13660, 
13680, 
13700, 0.3824, 
13720, 
13740, 
13760, 
13780, 
13800, 
13820, 0.2019, 
13840, 
13860, 
13880, 0.5226, 
13900, 0.3064, 
13920, 0.4886, 
13940, 0.3284, 
13960, 0.2978, 
13980, 0.5348, 
14000, 
14020, 0.3966, 
14040, 0.3438, 
14060, 0.4093, 
14080, 0.1926, 
14100, 0.5213, 
14120, 0.3212, 
14140, 0.4118, 
14160, 0.2954, 
14180, 0.2274, 
14200, 0.4129, 
14220, 0.2262, 
14240, 0.3233, 
14260, 0.4934, 
14280, 0.2931, 
14300, 0.2106, 
14320, 0.4409, 
14340, 0.2727, 
14360, 0.5906, 
14380, 0.3064, 
14400, 0.2816, 
14420, 0.3731, 
14440, 0.3077, 
14460, 0.3243, 
14480, 0.2527, 
14500, 0.2978, 
14520, 0.2386, 
14540, 0.3565, 
14560, 0.3565, 
14580, 0.2721, 
14600, 0.2842, 
14620, 0.4918, 
14640, 
14660, 
14680, 
14700, 
14720, 
14740, 
14760, 
14780, 
14800, 
14820, 
14840, 
14860, 
14880, 
14900, 
14920, 
14940, 
14960, 
14980, 
15000, 
15020, 
15040, 
15060, 
15080, 
15100, 
15120, 
15140, 
15160, 
15180, 
15200, 
15220, 
15240, 
15260, 
15280, 0.3193, 
15300, 0.2609, 
15320, 0.4808, 
15340, 
15360, 
15380, 
15400, 0.2577, 
15420, 
15440, 
15460, 
15480, 
15500, 
15520, 
15540, 
15560, 
15580, 
15600, 0.4249, 
15620, 
15640, 
15660, 0.3856, 
15680, 
15700, 
15720, 
15740, 
15760, 0.2213, 
15780, 
15800, 
15820, 0.2178, 
15840, 0.2053, 
15860, 
15880, 
15900, 
15920, 
15940, 
15960, 
15980, 
16000, 0.2894, 
16020, 0.3559, 
16040, 0.3069, 
16060, 0.4135, 
16080, 
16100, 
16120, 
16140, 
16160, 
16180, 
16200, 
16220, 0.3178, 
16240, 
16260, 0.3688, 
16280, 
16300, 
16320, 
16340, 
16360, 0.2576, 
16380, 0.5556, 
16400, 0.4060, 
16420, 0.2953, 
16440, 
16460, 
16480, 
16500, 
16520, 0.2519, 
16540, 0.2415, 
16560, 0.3752, 
16580, 0.3513, 
16600, 
16620, 0.2551, 
16640, 
16660, 
16680, 
16700, 
16720, 0.3448, 
16740, 0.5093, 
16760, 0.2963, 
16780, 0.2567, 
16800, 0.4342, 
16820, 
16840, 0.4082, 
16860, 0.2966, 
16880, 0.3901, 
16900, 0.3413, 
16920, 0.3219, 
16940, 0.2207, 
16960, 0.4158, 
16980, 0.5958, 
17000, 0.4630, 
17020, 0.3891, 
17040, 0.3503, 
17060, 0.3446, 
17080, 
17100, 
17120, 
17140, 0.2646, 
17160, 0.3523, 
17180, 0.4959, 
17200, 
17220, 
17240, 0.3398, 
17260, 0.3960, 
17280, 0.4498, 
17300, 0.3630, 
17320, 0.3942, 
17340, 
17360, 
17380, 
17400, 
17420, 
17440, 
17460, 
17480, 
17500, 
17520, 
17540, 
17560, 0.2028, 
17580, 0.2854, 
17600, 0.5042, 
17620, 0.2751, 
17640, 0.4228, 
17660, 0.3788, 
17680, 0.4181, 
17700, 0.3950, 
17720, 0.2363, 
17740, 0.4342, 
17760, 0.3927, 
17780, 
17800, 
17820, 
17840, 
17860, 0.3699, 
17880, 0.2608, 
17900, 0.3636, 
17920, 0.7001, 
17940, 0.2946, 
17960, 0.3261, 
17980, 0.3992, 
18000, 
18020, 
18040, 
18060, 0.3036, 
18080, 
18100, 
18120, 
18140, 
18160, 
18180, 
18200, 
18220, 
18240, 
18260, 0.3650, 
18280, 0.2941, 
18300, 0.4950, 
18320, 0.2509, 
18340, 0.2963, 
18360, 0.3005, 
18380, 0.3563, 
18400, 0.3783, 
18420, 0.4178, 
18440, 0.3881, 
18460, 0.2859, 
18480, 0.3604, 
18500, 0.3061, 
18520, 0.1974, 
18540, 
18560, 
18580, 
18600, 
18620, 
18640, 
18660, 
18680, 
18700, 
18720, 
18740, 
18760, 
18780, 0.4680, 
18800, 0.3392, 
18820, 0.3259, 
18840, 0.6445, 
18860, 0.2536, 
18880, 
18900, 
18920, 0.3632, 
18940, 0.3221, 
18960, 0.3257, 
18980, 0.7614, 
19000, 0.2088, 
19020, 0.4383, 
19040, 
19060, 
19080, 
19100, 0.4187, 
19120, 0.2154, 
19140, 0.3812, 
19160, 0.4521, 
19180, 0.3661, 
19200, 
19220, 
19240, 0.3180, 
19260, 0.3436, 
19280, 0.4454, 
19300, 
19320, 
19340, 
19360, 
19380, 
19400, 0.3415, 
19420, 0.4147, 
19440, 0.3829, 
19460, 0.3300, 
19480, 
19500, 0.3494, 
19520, 0.3647, 
19540, 0.2476, 
19560, 0.4016, 
19580, 0.3688, 
19600, 
19620, 
19640, 
19660, 
19680, 
19700, 0.3536, 
19720, 0.3636, 
19740, 0.6329, 
19760, 0.4535, 
19780, 0.3030, 
19800, 0.4515, 
19820, 0.4364, 
19840, 0.2719, 
19860, 
19880, 
19900, 
19920, 
19940, 0.2494, 
19960, 0.2226, 
19980, 0.4277, 
20000, 
20020, 
20040, 
20060, 
20080, 
20100, 
20120, 
20140, 0.3110, 
20160, 
20180, 
20200, 
20220, 
20240, 0.3082, 
20260, 
20280, 
20300, 
20320, 
20340, 
20360, 
20380, 
20400, 
20420, 
20440, 
20460, 
20480, 
20500, 0.4435, 
20520, 0.4458, 
20540, 0.4484, 
20560, 
20580, 
20600, 
20620, 
20640, 
20660, 
20680, 
20700, 
20720, 
20740, 
20760, 
20780, 
20800, 
20820, 
20840, 
20860, 0.2780, 
20880, 0.3047, 
20900, 0.4202, 
20920, 0.4237, 
20940, 0.4338, 
20960, 
20980, 
21000, 
21020, 0.2783, 
21040, 0.5059, 
21060, 0.4438, 
21080, 0.3320, 
21100, 0.4043, 
21120, 
21140, 
21160, 
21180, 
21200, 
21220, 
21240, 
21260, 0.3937, 
21280, 0.3628, 
21300, 0.2503, 
21320, 0.3210, 
21340, 
21360, 
21380, 0.3413, 
21400, 0.3534, 
21420, 
21440, 
21460, 0.4147, 
21480, 0.3844, 
21500, 0.3376, 
21520, 0.2380, 
21540, 0.4065, 
21560, 0.4448, 
21580, 0.2786, 
21600, 0.4619, 
21620, 0.3841, 
21640, 0.3229, 
21660, 0.5714, 
21680, 0.4057, 
21700, 0.3286, 
21720, 0.3501, 
21740, 0.4161, 
21760, 0.2754, 
21780, 
21800, 
21820, 
21840, 
21860, 0.4478, 
21880, 0.5769, 
21900, 0.4011, 
21920, 0.1449, 
21940, 0.5530, 
21960, 0.3841, 
21980, 
22000, 
22020, 0.3812, 
22040, 0.3000, 
22060, 0.4264, 
22080, 0.3104, 
22100, 
22120, 
22140, 
22160, 
22180, 
22200, 
22220, 
22240, 
22260, 
22280, 
22300, 0.4298, 
22320, 0.4008, 
22340, 0.2256, 
22360, 0.5362, 
22380, 0.3942, 
22400, 0.3423, 
22420, 0.4011, 
22440, 0.4307, 
22460, 0.4458, 
22480, 0.2480, 
22500, 0.3235, 
22520, 
22540, 
22560, 
22580, 
22600, 
22620, 
22640, 
22660, 0.4789, 
22680, 0.1871, 
22700, 
22720, 
22740, 0.2957, 
22760, 0.3476, 
22780, 0.4000, 
22800, 0.3161, 
22820, 0.5305, 
22840, 
22860, 
22880, 
22900, 
22920, 
22940, 
22960, 0.2073, 
22980, 
23000, 
23020, 
23040, 
23060, 
23080, 
23100, 
23120, 0.3643, 
23140, 0.3601, 
23160, 0.5865, 
23180, 0.4438, 
23200, 0.3490, 
23220, 0.2824, 
23240, 0.5602, 
23260, 0.1720, 
23280, 0.7273, 
23300, 0.3829, 
23320, 0.3793, 
23340, 
23360, 
23380, 
23400, 
23420, 
23440, 0.2950, 
23460, 
23480, 
23500, 
23520, 
23540, 0.3085, 
23560, 0.4622, 
23580, 0.2846, 
23600, 0.5150, 
23620, 
23640, 
23660, 
23680, 
23700, 
23720, 
23740, 
23760, 
23780, 
23800, 0.2363, 
23820, 
23840, 
23860, 
23880, 
23900, 
23920, 
23940, 
23960, 0.5500, 
23980, 
24000, 
24020, 
24040, 
24060, 0.2504, 
24080, 
24100, 
24120, 
24140, 
24160, 
24180, 
24200, 
24220, 
24240, 
24260, 
24280, 
24300, 0.5093, 
24320, 0.3319, 
24340, 
24360, 
24380, 
24400, 
24420, 
24440, 
24460, 
24480, 
24500, 0.2246, 
24520, 
24540, 
24560, 0.5025, 
24580, 0.2547, 
24600, 0.4202, 
24620, 0.3365, 
24640, 0.3289, 
24660, 0.4587, 
24680, 0.2266, 
24700, 0.2792, 
24720, 0.3574, 
24740, 0.3319, 
24760, 0.3945, 
24780, 0.2279, 
24800, 
24820, 
24840, 
24860, 
24880, 
24900, 
24920, 0.2282, 
24940, 0.2122, 
24960, 0.3661, 
24980, 0.3094, 
25000, 
25020, 
25040, 
25060, 
25080, 
25100, 
25120, 
25140, 
25160, 0.2601, 
25180, 0.3886, 
25200, 0.6160, 
25220, 0.2876, 
25240, 0.3507, 
25260, 0.3454, 
25280, 0.3072, 
25300, 0.4046, 
25320, 0.3628, 
25340, 0.2776, 
25360, 
25380, 0.2138, 
25400, 
25420, 
25440, 
25460, 
25480, 
25500, 
25520, 
25540, 0.3041, 
25560, 0.2800, 
25580, 0.4451, 
25600, 0.6969, 
25620, 0.1972, 
25640, 
25660, 
25680, 
25700, 
25720, 
25740, 
25760, 
25780, 
25800, 
25820, 0.5093, 
25840, 0.3009, 
25860, 0.2571, 
25880, 0.3096, 
25900, 0.3827, 
25920, 0.3110, 
25940, 0.4098, 
25960, 
25980, 0.2389, 
26000, 0.4732, 
26020, 0.4405, 
26040, 
26060, 0.3343, 
26080, 0.4521, 
26100, 0.3125, 
26120, 0.2732, 
26140, 
26160, 
26180, 
26200, 
26220, 
26240, 
26260, 
26280, 
26300, 
26320, 
26340, 0.2812, 
26360, 
26380, 
26400, 
26420, 
26440, 
26460, 
26480, 0.1741, 
26500, 
26520, 
26540, 
26560, 
26580, 
26600, 
26620, 
26640, 
26660, 
26680, 
26700, 
26720, 
26740, 
26760, 
26780, 
26800, 
26820, 
26840, 
26860, 
26880, 
26900, 
26920, 
26940, 0.2953, 
26960, 0.2987, 
26980, 
27000, 
27020, 
27040, 
27060, 
27080, 
27100, 
27120, 
27140, 
27160, 
27180, 
27200, 
27220, 
27240, 
27260, 
27280, 
27300, 
27320, 
27340, 
27360, 
27380, 
27400, 0.2595, 
27420, 
27440, 
27460, 
27480, 
27500, 0.3916, 
27520, 0.3769, 
27540, 0.2620, 
27560, 0.2536, 
27580, 0.3480, 
27600, 0.5639, 
27620, 
27640, 0.2030, 
27660, 
27680, 
27700, 
27720, 
27740, 0.3783, 
27760, 0.6472, 
27780, 0.3976, 
27800, 0.2251, 
27820, 
27840, 
27860, 
27880, 
27900, 0.3769, 
27920, 0.3264, 
27940, 0.3814, 
27960, 0.4532, 
27980, 0.3623, 
28000, 0.3901, 
28020, 0.3831, 
28040, 0.3868, 
28060, 0.3024, 
28080, 0.3741, 
28100, 
28120, 0.2842, 
28140, 0.2449, 
28160, 0.4633, 
28180, 0.2616, 
28200, 0.5988, 
28220, 0.3415, 
28240, 0.4405, 
28260, 0.4049, 
28280, 0.2596, 
28300, 0.2043, 
28320, 0.4491, 
28340, 0.3376, 
28360, 0.2644, 
28380, 0.2448, 
28400, 0.2810, 
28420, 0.2221, 
28440, 0.4658, 
28460, 0.2387, 
28480, 0.4043, 
28500, 
28520, 
28540, 
28560, 
28580, 
28600, 
28620, 
28640, 0.4175, 
28660, 0.3659, 
28680, 0.3050, 
28700, 0.2486, 
28720, 0.3363, 
28740, 0.2568, 
28760, 
28780, 
28800, 
28820, 0.3619, 
28840, 0.2337, 
28860, 0.2059, 
28880, 0.4563, 
28900, 0.4087, 
28920, 0.5286, 
28940, 
28960, 
28980, 
29000, 
29020, 
29040, 
29060, 
29080, 
29100, 
29120, 
29140, 
29160, 
29180, 
29200, 
29220, 
29240, 0.1909, 
29260, 
29280, 
29300, 
29320, 
29340, 
29360, 
29380, 
29400, 
29420, 
29440, 
29460, 
29480, 
29500, 
29520, 
29540, 
29560, 0.3868, 
29580, 0.5245, 
29600, 0.3932, 
29620, 
29640, 
29660, 
29680, 0.1813, 
29700, 0.4181, 
29720, 0.3652, 
29740, 0.3458, 
29760, 0.5714, 
29780, 0.5236, 
29800, 0.4563, 
29820, 0.3831, 
29840, 0.3320, 
29860, 0.2737, 
29880, 0.3992, 
29900, 0.3210, 
29920, 0.5894, 
29940, 0.2388, 
29960, 0.4158, 
29980, 0.4918, 
30000, 0.2863, 
30020, 0.3365, 
30040, 0.4076, 
30060, 0.4187, 
30080, 0.2211, 
30100, 0.2448, 
30120, 0.2590, 
30140, 0.6494, 
30160, 0.3497, 
30180, 0.4073, 
30200, 
30220, 
30240, 0.2392, 
30260, 
30280, 
30300, 
30320, 
30340, 0.2642, 
30360, 
30380, 
30400, 
30420, 0.2887, 
30440, 0.4205, 
30460, 0.2686, 
30480, 0.3415, 
30500, 0.3288, 
30520, 0.5111, 
30540, 0.3974, 
30560, 0.3427, 
30580, 0.3093, 
30600, 0.3270, 
30620, 
30640, 
30660, 0.2872, 
30680, 0.2291, 
30700, 
30720, 
30740, 
30760, 
30780, 
30800, 
30820, 0.4310, 
30840, 0.4914, 
30860, 0.2266, 
30880, 0.4079, 
30900, 0.2685, 
30920, 0.2108, 
30940, 
30960, 0.4049, 
30980, 0.2430, 
31000, 0.3470, 
31020, 0.3027, 
31040, 0.3665, 
31060, 0.3046, 
31080, 0.3940, 
31100, 
31120, 
31140, 0.3456, 
31160, 
31180, 
31200, 
31220, 
31240, 
31260, 0.2316, 
31280, 
31300, 
31320, 
31340, 
31360, 
31380, 
31400, 
31420, 
31440, 
31460, 0.4228, 
31480, 
31500, 
31520, 
31540, 
31560, 
31580, 
31600, 
31620, 
31640, 
31660, 
31680, 
31700, 0.2405, 
31720, 0.7194, 
31740, 0.3442, 
31760, 
31780, 0.2808, 
31800, 
31820, 
31840, 
31860, 
31880, 
31900, 
31920, 
31940, 
31960, 
31980, 
32000, 
32020, 
32040, 
32060, 
32080, 0.1788, 
32100, 0.3132, 
32120, 0.3055, 
32140, 0.3286, 
32160, 0.5495, 
32180, 0.2897, 
32200, 0.3934, 
32220, 0.3542, 
32240, 0.4323, 
32260, 0.3429, 
32280, 
32300, 
32320, 
32340, 
32360, 
32380, 
32400, 0.2410, 
32420, 
32440, 0.2802, 
32460, 0.3104, 
32480, 0.2801, 
32500, 0.3625, 
32520, 0.4076, 
32540, 0.3963, 
32560, 0.3003, 
32580, 0.3571, 
32600, 0.2633, 
32620, 
32640, 
32660, 
32680, 
32700, 
32720, 0.2780, 
32740, 0.2642, 
32760, 0.2460, 
32780, 0.3361, 
32800, 0.2144, 
32820, 
32840, 
32860, 
32880, 
32900, 
32920, 
32940, 0.4898, 
32960, 0.3776, 
32980, 0.3106, 
33000, 0.2463, 
33020, 0.3256, 
33040, 0.3736, 
33060, 0.2498, 
33080, 0.4573, 
33100, 
33120, 
33140, 
33160, 0.2479, 
33180, 0.5613, 
33200, 
33220, 
33240, 
33260, 0.2055, 
33280, 
33300, 
33320, 
33340, 
33360, 
33380, 
33400, 0.3250, 
33420, 0.4046, 
33440, 0.2527, 
33460, 0.5602, 
33480, 0.3992, 
33500, 0.2362, 
33520, 0.3916, 
33540, 0.2199, 
33560, 0.2004, 
33580, 
33600, 
33620, 
33640, 
33660, 
33680, 
33700, 
33720, 
33740, 0.3793, 
33760, 0.3997, 
33780, 0.3486, 
33800, 0.3376, 
33820, 0.3352, 
33840, 0.2417, 
33860, 0.3571, 
33880, 0.6160, 
33900, 0.3667, 
33920, 0.4563, 
33940, 0.3219, 
33960, 0.3468, 
33980, 0.3608, 
34000, 0.3632, 
34020, 0.4488, 
34040, 0.2128, 
34060, 0.3403, 
34080, 0.4975, 
34100, 0.3708, 
34120, 0.4890, 
34140, 
34160, 
34180, 
34200, 0.3436, 
34220, 0.5775, 
34240, 0.3270, 
34260, 
34280, 
34300, 
34320, 
34340, 
34360, 
34380, 
34400, 
34420, 
34440, 
34460, 
34480, 
34500, 
34520, 0.4501, 
34540, 0.6257, 
34560, 0.5505, 
34580, 0.5098, 
34600, 0.3280, 
34620, 0.5709, 
34640, 0.4542, 
34660, 0.5970, 
34680, 0.2400, 
34700, 0.4539, 
34720, 0.4003, 
34740, 0.3012, 
34760, 0.3599, 
34780, 0.1776, 
34800, 0.2754, 
34820, 0.4084, 
34840, 0.3024, 
34860, 0.4732, 
34880, 0.4478, 
34900, 0.3574, 
34920, 0.3836, 
34940, 0.3802, 
34960, 0.2626, 
34980, 0.3046, 
35000, 0.1954, 
35020, 0.4438, 
35040, 0.2632, 
35060, 0.3595, 
35080, 0.4172, 
35100, 
35120, 
35140, 
35160, 0.2782, 
35180, 
35200, 
35220, 
35240, 
35260, 
35280, 
35300, 
35320, 0.2521, 
35340, 
35360, 0.2825, 
35380, 0.2809, 
35400, 0.3155, 
35420, 
35440, 0.2842, 
35460, 
35480, 
35500, 
35520, 
35540, 
35560, 
35580, 0.4428, 
35600, 0.2940, 
35620, 0.4155, 
35640, 0.4181, 
35660, 0.2041, 
35680, 0.5008, 
35700, 0.3040, 
35720, 0.2768, 
35740, 
35760, 
35780, 
35800, 
35820, 
35840, 
35860, 
35880, 0.3110, 
35900, 
35920, 
35940, 
35960, 
35980, 
36000, 
36020, 0.2796, 
36040, 
36060, 
36080, 
36100, 0.2352, 
36120, 0.3219, 
36140, 
36160, 0.3386, 
36180, 0.2472, 
36200, 0.3764, 
36220, 0.2789, 
36240, 0.2304, 
36260, 0.5076, 
36280, 0.3102, 
36300, 0.2706, 
36320, 0.3361, 
36340, 
36360, 
36380, 0.2900, 
36400, 0.3762, 
36420, 
36440, 0.3755, 
36460, 0.2604, 
36480, 0.2385, 
36500, 0.6237, 
36520, 0.3429, 
36540, 0.3630, 
36560, 0.2817, 
36580, 0.5747, 
36600, 0.3824, 
36620, 0.2055, 
36640, 0.4076, 
36660, 
36680, 
36700, 
36720, 
36740, 0.3279, 
36760, 0.3233, 
36780, 0.2906, 
36800, 0.3398, 
36820, 0.1963, 
36840, 0.3096, 
36860, 0.3378, 
36880, 0.2754, 
36900, 0.2837, 
36920, 0.3576, 
36940, 0.2464, 
36960, 0.2543, 
36980, 0.1985, 
37000, 0.4240, 
37020, 0.3266, 
37040, 0.3419, 
37060, 0.3091, 
37080, 0.2840, 
37100, 0.2440, 
37120, 
37140, 0.5396, 
37160, 
37180, 0.3509, 
37200, 0.3279, 
37220, 0.3442, 
37240, 0.3916, 
37260, 
37280, 0.2251, 
37300, 0.3224, 
37320, 0.3371, 
37340, 0.4988, 
37360, 
37380, 
37400, 
37420, 
37440, 
37460, 
37480, 
37500, 
37520, 
37540, 
37560, 
37580, 
37600, 
37620, 0.1322, 
37640, 0.4376, 
37660, 0.2540, 
37680, 0.3546, 
37700, 0.3697, 
37720, 0.6383, 
37740, 0.4412, 
37760, 0.3846, 
37780, 
37800, 
37820, 0.2878, 
37840, 
37860, 
37880, 
37900, 
37920, 
37940, 
37960, 
37980, 
38000, 
38020, 
38040, 
38060, 
38080, 
38100, 
38120, 
38140, 0.2555, 
38160, 0.3963, 
38180, 0.3612, 
38200, 0.3525, 
38220, 0.3932, 
38240, 0.6129, 
38260, 0.4202, 
38280, 0.3067, 
38300, 0.3839, 
38320, 
38340, 
38360, 
38380, 
38400, 
38420, 
38440, 
38460, 
38480, 
38500, 
38520, 0.2310, 
38540, 
38560, 
38580, 
38600, 
38620, 0.3085, 
38640, 0.2304, 
38660, 0.5128, 
38680, 0.4310, 
38700, 0.3359, 
38720, 
38740, 
38760, 0.3330, 
38780, 0.3937, 
38800, 0.2327, 
38820, 0.5085, 
38840, 0.3231, 
38860, 0.3365, 
38880, 0.3621, 
38900, 0.2921, 
38920, 0.4082, 
38940, 0.4684, 
38960, 0.2453, 
38980, 
39000, 
39020, 
39040, 
39060, 
39080, 
39100, 
39120, 
39140, 
39160, 
39180, 
39200, 
39220, 0.4615, 
39240, 0.3359, 
39260, 
39280, 
39300, 
39320, 0.5613, 
39340, 0.2373, 
39360, 
39380, 0.3122, 
39400, 
39420, 
39440, 
39460, 
39480, 
39500, 0.1965, 
39520, 0.4747, 
39540, 0.3610, 
39560, 
39580, 0.4658, 
39600, 0.2715, 
39620, 0.2868, 
39640, 0.4342, 
39660, 0.3190, 
39680, 0.3711, 
39700, 0.2398, 
39720, 
39740, 
39760, 
39780, 
39800, 0.2746, 
39820, 
39840, 
39860, 
39880, 0.4651, 
39900, 0.3243, 
39920, 0.4301, 
39940, 0.2967, 
39960, 0.2768, 
39980, 0.3079, 
40000, 0.3000, 
40020, 0.2287, 
40040, 0.3507, 
40060, 0.5343, 
40080, 0.6211, 
40100, 0.2376, 
40120, 0.3378, 
40140, 0.3509, 
40160, 0.3947, 
40180, 0.3012, 
40200, 0.3752, 
40220, 0.3425, 
40240, 0.2923, 
40260, 0.3722, 
40280, 0.5245, 
40300, 0.6445, 
40320, 0.3630, 
40340, 
40360, 
40380, 0.2872, 
40400, 0.3708, 
40420, 0.3155, 
40440, 0.2275, 
40460, 
40480, 
40500, 
40520, 0.3254, 
40540, 0.3738, 
40560, 0.3291, 
40580, 0.4448, 
40600, 0.3793, 
40620, 0.3812, 
40640, 
40660, 
40680, 
40700, 
40720, 
40740, 
40760, 
40780, 
40800, 0.2181, 
40820, 0.3670, 
40840, 0.1946, 
40860, 0.4673, 
40880, 0.4274, 
40900, 
40920, 
40940, 
40960, 
40980, 
41000, 
41020, 0.4065, 
41040, 0.3138, 
41060, 0.2540, 
41080, 
41100, 
41120, 
41140, 
41160, 
41180, 
41200, 
41220, 
41240, 
41260, 
41280, 
41300, 
41320, 
41340, 
41360, 
41380, 
41400, 
41420, 
41440, 
41460, 
41480, 0.2085, 
41500, 0.3127, 
41520, 0.3849, 
41540, 0.4295, 
41560, 0.3442, 
41580, 0.3238, 
41600, 0.3436, 
41620, 
41640, 
41660, 
41680, 
41700, 0.1978, 
41720, 
41740, 0.2198, 
41760, 0.4906, 
41780, 
41800, 
41820, 
41840, 
41860, 
41880, 
41900, 
41920, 
41940, 
41960, 
41980, 
42000, 
42020, 0.4402, 
42040, 0.4342, 
42060, 0.3831, 
42080, 0.4732, 
42100, 0.2277, 
42120, 0.3209, 
42140, 0.3335, 
42160, 0.3736, 
42180, 0.3289, 
42200, 0.3839, 
42220, 0.3720, 
42240, 0.2722, 
42260, 0.4721, 
42280, 0.4054, 
42300, 0.3231, 
42320, 0.4292, 
42340, 
42360, 
42380, 
42400, 
42420, 
42440, 
42460, 
42480, 
42500, 
42520, 0.3881, 
42540, 
42560, 
42580, 
42600, 
42620, 
42640, 0.3482, 
42660, 
42680, 
42700, 
42720, 0.2273, 
42740, 
42760, 
42780, 
42800, 0.4190, 
42820, 0.4781, 
42840, 0.3186, 
42860, 0.2091, 
42880, 
42900, 
42920, 0.4608, 
42940, 0.4065, 
42960, 0.5900, 
42980, 
43000, 
43020, 0.2603, 
43040, 
43060, 
43080, 
43100, 
43120, 0.3161, 
43140, 0.3550, 
43160, 0.4107, 
43180, 0.2751, 
43200, 0.1912, 
43220, 0.2883, 
43240, 0.4724, 
43260, 0.3462, 
43280, 
43300, 
43320, 
43340, 0.2583, 
43360, 
43380, 
43400, 
43420, 0.1936, 
43440, 
43460, 
43480, 
43500, 
43520, 
43540, 
43560, 0.3511, 
43580, 0.3619, 
43600, 0.2332, 
43620, 0.6543, 
43640, 0.2765, 
43660, 0.3375, 
43680, 0.4870, 
43700, 0.2549, 
43720, 0.4983, 
43740, 0.3614, 
43760, 0.5929, 
43780, 0.4043, 
43800, 0.4054, 
43820, 
43840, 0.2585, 
43860, 0.2211, 
43880, 0.3200, 
43900, 0.3153, 
43920, 0.3774, 
43940, 0.4762, 
43960, 0.2309, 
43980, 
44000, 
44020, 
44040, 
44060, 0.2036, 
44080, 
44100, 0.4190, 
44120, 0.3291, 
44140, 0.3766, 
44160, 0.2254, 
44180, 
44200, 
44220, 
44240, 
44260, 
44280, 
44300, 
44320, 
44340, 
44360, 0.3122, 
44380, 
44400, 
44420, 
44440, 
44460, 
44480, 
44500, 0.2046, 
44520, 0.3639, 
44540, 0.2278, 
44560, 0.3466, 
44580, 0.3245, 
44600, 0.5786, 
44620, 
44640, 
44660, 
44680, 
44700, 
44720, 0.3210, 
44740, 0.3083, 
44760, 0.4545, 
44780, 0.4228, 
44800, 0.2937, 
44820, 0.2911, 
44840, 0.4412, 
44860, 0.4428, 
44880, 0.1846, 
44900, 0.2395, 
44920, 
44940, 
44960, 
44980, 0.2326, 
45000, 
45020, 
45040, 
45060, 
45080, 
45100, 
45120, 
45140, 
45160, 0.3454, 
45180, 0.4364, 
45200, 0.4464, 
45220, 0.5396, 
45240, 0.4338, 
45260, 0.4277, 
45280, 0.4030, 
45300, 0.2119, 
45320, 0.3771, 
45340, 0.4687, 
45360, 0.3299, 
45380, 0.3458, 
45400, 0.2387, 
45420, 0.3195, 
45440, 0.3170, 
45460, 
45480, 
45500, 
45520, 
45540, 
45560, 
45580, 0.5034, 
45600, 0.3934, 
45620, 0.5964, 
45640, 0.4024, 
45660, 0.3976, 
45680, 0.6459, 
45700, 0.3317, 
45720, 0.2559, 
45740, 0.2920, 
45760, 0.2633, 
45780, 0.3552, 
45800, 0.2386, 
45820, 
45840, 0.3046, 
45860, 0.2076, 
45880, 0.3302, 
45900, 0.2677, 
45920, 0.4724, 
45940, 0.4415, 
45960, 0.2292, 
45980, 0.6897, 
46000, 
46020, 
46040, 0.2908, 
46060, 0.5731, 
46080, 0.3350, 
46100, 
46120, 
46140, 0.5119, 
46160, 0.4231, 
46180, 0.3224, 
46200, 0.5038, 
46220, 0.3317, 
46240, 0.3894, 
46260, 
46280, 0.3593, 
46300, 0.4068, 
46320, 0.2242, 
46340, 
46360, 
46380, 
46400, 0.2563, 
46420, 
46440, 
46460, 0.3304, 
46480, 0.4035, 
46500, 
46520, 0.4819, 
46540, 0.3317, 
46560, 0.3762, 
46580, 0.4013, 
46600, 
46620, 
46640, 
46660, 
46680, 
46700, 
46720, 
46740, 0.2256, 
46760, 
46780, 
46800, 
46820, 
46840, 0.2985, 
46860, 0.4743, 
46880, 0.3505, 
46900, 
46920, 0.2592, 
46940, 
46960, 
46980, 
47000, 
47020, 0.3293, 
47040, 0.4577, 
47060, 0.3052, 
47080, 0.4556, 
47100, 0.4758, 
47120, 
47140, 
47160, 
47180, 0.2087, 
47200, 0.3878, 
47220, 0.7624, 
47240, 0.4370, 
47260, 0.3490, 
47280, 0.2166, 
47300, 0.3376, 
47320, 0.3741, 
47340, 0.2650, 
47360, 0.5758, 
47380, 0.5204, 
47400, 0.2603, 
47420, 0.2729, 
47440, 0.3462, 
47460, 0.2779, 
47480, 
47500, 
47520, 
47540, 
47560, 
47580, 
47600, 
47620, 
47640, 0.4280, 
47660, 0.4164, 
47680, 0.2775, 
47700, 0.1924, 
47720, 
47740, 
47760, 
47780, 
47800, 
47820, 
47840, 
47860, 
47880, 
47900, 0.4317, 
47920, 
47940, 
47960, 
47980, 
48000, 
48020, 
48040, 
48060, 
48080, 
48100, 
48120, 
48140, 
48160, 
48180, 
48200, 0.2928, 
48220, 0.4858, 
48240, 0.3597, 
48260, 0.2612, 
48280, 
48300, 
48320, 
48340, 
48360, 
48380, 
48400, 
48420, 0.2301, 
48440, 0.3270, 
48460, 0.2228, 
48480, 0.3757, 
48500, 0.2191, 
48520, 0.3854, 
48540, 0.3104, 
48560, 0.2398, 
48580, 0.2531, 
48600, 
48620, 
48640, 
48660, 
48680, 
48700, 0.3486, 
48720, 
48740, 
48760, 0.2585, 
48780, 0.3667, 
48800, 0.2876, 
48820, 0.3597, 
48840, 0.3291, 
48860, 0.3263, 
48880, 0.5141, 
48900, 
48920, 
48940, 
48960, 
48980, 
49000, 
49020, 0.2828, 
49040, 0.3212, 
49060, 
49080, 
49100, 
49120, 0.4515, 
49140, 0.2897, 
49160, 0.5775, 
49180, 0.4570, 
49200, 0.5976, 
49220, 0.3922, 
49240, 0.3114, 
49260, 
49280, 0.3836, 
49300, 0.2629, 
49320, 0.3434, 
49340, 0.2925, 
49360, 0.5693, 
49380, 0.3563, 
49400, 
49420, 
49440, 
49460, 
49480, 
49500, 0.3214, 
49520, 0.3540, 
49540, 0.4087, 
49560, 0.4552, 
49580, 0.3625, 
49600, 0.4494, 
49620, 0.1730, 
49640, 0.4878, 
49660, 0.2692, 
49680, 0.3094, 
49700, 0.2278, 
49720, 
49740, 
49760, 0.2455, 
49780, 0.5469, 
49800, 
49820, 
49840, 0.2493, 
49860, 
49880, 
49900, 
49920, 
49940, 
49960, 
49980, 
50000, 
50020, 
50040, 
50060, 
50080, 
50100, 
50120, 
50140, 
50160, 
50180, 
50200, 
50220, 
50240, 
50260, 
50280, 
50300, 
50320, 
50340, 
50360, 
50380, 
50400, 
50420, 
50440, 
50460, 0.3209, 
50480, 0.4110, 
50500, 0.5314, 
50520, 0.6410, 
50540, 0.4545, 
50560, 0.3326, 
50580, 0.2601, 
50600, 0.3569, 
50620, 0.2887, 
50640, 
50660, 0.3992, 
50680, 0.3953, 
50700, 0.6160, 
50720, 0.3472, 
50740, 0.4252, 
50760, 0.4525, 
50780, 0.3769, 
50800, 0.2520, 
50820, 0.3102, 
50840, 0.1786, 
50860, 
50880, 0.2077, 
50900, 0.5676, 
50920, 0.4326, 
50940, 0.3193, 
50960, 0.2747, 
50980, 0.4728, 
51000, 0.2649, 
51020, 0.4695, 
51040, 0.3417, 
51060, 0.2875, 
51080, 
51100, 
51120, 
51140, 
51160, 
51180, 
51200, 
51220, 
51240, 
51260, 
51280, 
51300, 
51320, 0.4464, 
51340, 
51360, 0.3715, 
51380, 0.3369, 
51400, 0.3021, 
51420, 
51440, 
51460, 
51480, 
51500, 
51520, 
51540, 
51560, 
51580, 
51600, 0.2553, 
51620, 
51640, 
51660, 
51680, 
51700, 0.4295, 
51720, 0.4389, 
51740, 0.3295, 
51760, 0.5505, 
51780, 0.3033, 
51800, 0.2679, 
51820, 0.5797, 
51840, 0.4135, 
51860, 0.3536, 
51880, 0.4680, 
51900, 0.4093, 
51920, 0.3145, 
51940, 0.6211, 
51960, 0.3063, 
51980, 0.6472, 
52000, 0.4425, 
52020, 0.5133, 
52040, 0.4608, 
52060, 0.3966, 
52080, 
52100, 
52120, 
52140, 
52160, 
52180, 
52200, 
52220, 
52240, 
52260, 0.2642, 
52280, 0.3797, 
52300, 
52320, 
52340, 
52360, 
52380, 0.3299, 
52400, 0.4563, 
52420, 0.3044, 
52440, 0.5217, 
52460, 
52480, 
52500, 
52520, 0.4062, 
52540, 0.3317, 
52560, 0.4228, 
52580, 0.4310, 
52600, 0.4839, 
52620, 0.2303, 
52640, 0.3476, 
52660, 0.2842, 
52680, 0.4511, 
52700, 0.2123, 
52720, 0.3515, 
52740, 0.2874, 
52760, 0.2680, 
52780, 0.3578, 
52800, 0.2231, 
52820, 0.4431, 
52840, 0.3074, 
52860, 0.3138, 
52880, 0.3659, 
52900, 0.3764, 
52920, 0.4386, 
52940, 0.6054, 
52960, 0.3807, 
52980, 0.3839, 
53000, 
53020, 
53040, 0.3713, 
53060, 0.5894, 
53080, 0.3464, 
53100, 0.3974, 
53120, 0.2667, 
53140, 0.3582, 
53160, 0.3219, 
53180, 0.6383, 
53200, 0.3981, 
53220, 0.4792, 
53240, 0.3233, 
53260, 0.3382, 
53280, 0.3829, 
53300, 
53320, 0.2901, 
53340, 
53360, 
53380, 
53400, 
53420, 
53440, 
53460, 
53480, 0.3023, 
53500, 0.2967, 
53520, 0.4979, 
53540, 0.3604, 
53560, 
53580, 
53600, 
53620, 
53640, 0.2417, 
53660, 
53680, 
53700, 
53720, 
53740, 
53760, 
53780, 
53800, 
53820, 
53840, 
53860, 
53880, 
53900, 0.2841, 
53920, 0.2621, 
53940, 0.3361, 
53960, 
53980, 
54000, 
54020, 0.1638, 
54040, 
54060, 0.3390, 
54080, 0.2956, 
54100, 0.4580, 
54120, 0.4386, 
54140, 0.5515, 
54160, 0.5004, 
54180, 0.5731, 
54200, 0.3431, 
54220, 0.3919, 
54240, 0.2985, 
54260, 0.4332, 
54280, 
54300, 
54320, 
54340, 
54360, 
54380, 
54400, 0.3610, 
54420, 0.3431, 
54440, 0.2004, 
54460, 0.4107, 
54480, 0.4104, 
54500, 0.2824, 
54520, 0.4996, 
54540, 0.3499, 
54560, 0.3170, 
54580, 0.4175, 
54600, 0.3102, 
54620, 0.2385, 
54640, 0.1990, 
54660, 
54680, 0.2396, 
54700, 
54720, 
54740, 0.3474, 
54760, 0.3981, 
54780, 0.2840, 
54800, 0.3335, 
54820, 0.3188, 
54840, 0.5780, 
54860, 0.4955, 
54880, 0.2514, 
54900, 
54920, 
54940, 
54960, 
54980, 
55000, 0.5415, 
55020, 0.4035, 
55040, 0.2954, 
55060, 0.2273, 
55080, 0.3846, 
55100, 0.2249, 
55120, 
55140, 0.2850, 
55160, 0.3259, 
55180, 0.4351, 
55200, 
55220, 0.4231, 
55240, 0.2460, 
55260, 0.2634, 
55280, 0.1618, 
55300, 
55320, 
55340, 
55360, 
55380, 
55400, 
55420, 0.4019, 
55440, 0.4065, 
55460, 0.2573, 
55480, 0.3599, 
55500, 0.3071, 
55520, 
55540, 
55560, 
55580, 
55600, 
55620, 
55640, 
55660, 
55680, 
55700, 
55720, 
55740, 
55760, 
55780, 
55800, 
55820, 0.4505, 
55840, 0.3431, 
55860, 
55880, 0.5150, 
55900, 
55920, 
55940, 0.2743, 
55960, 
55980, 
56000, 
56020, 
56040, 
56060, 
56080, 
56100, 0.5021, 
56120, 0.3822, 
56140, 0.6711, 
56160, 
56180, 
56200, 
56220, 
56240, 
56260, 
56280, 
56300, 
56320, 
56340, 
56360, 
56380, 
56400, 
56420, 
56440, 
56460, 
56480, 
56500, 
56520, 
56540, 
56560, 
56580, 
56600, 0.2738, 
56620, 0.4854, 
56640, 0.5917, 
56660, 0.3359, 
56680, 0.1576, 
56700, 
56720, 
56740, 
56760, 
56780, 
56800, 
56820, 0.3224, 
56840, 0.1837, 
56860, 0.3683, 
56880, 0.4320, 
56900, 0.3834, 
56920, 0.3699, 
56940, 0.4769, 
56960, 0.3829, 
56980, 0.4474, 
57000, 0.3812, 
57020, 0.2892, 
57040, 0.5597, 
57060, 0.3752, 
57080, 0.4444, 
57100, 0.2236, 
57120, 0.4049, 
57140, 0.3866, 
57160, 0.2471, 
57180, 0.3198, 
57200, 0.4930, 
57220, 0.4057, 
57240, 0.3497, 
57260, 
57280, 
57300, 
57320, 
57340, 
57360, 
57380, 
57400, 
57420, 
57440, 0.2765, 
57460, 0.3559, 
57480, 
57500, 
57520, 
57540, 
57560, 0.2757, 
57580, 
57600, 
57620, 
57640, 
57660, 
57680, 
57700, 
57720, 
57740, 
57760, 
57780, 
57800, 
57820, 
57840, 
57860, 
57880, 0.2380, 
57900, 0.3074, 
57920, 
57940, 
57960, 0.4071, 
57980, 0.2000, 
58000, 0.2636, 
58020, 
58040, 
58060, 
58080, 
58100, 
58120, 
58140, 
58160, 
58180, 
58200, 
58220, 
58240, 
58260, 
58280, 
58300, 
58320, 0.3324, 
58340, 0.4930, 
58360, 0.5808, 
58380, 0.4789, 
58400, 0.2612, 
58420, 0.7034, 
58440, 0.5076, 
58460, 0.4878, 
58480, 
58500, 0.2906, 
58520, 
58540, 
58560, 
58580, 
58600, 0.3665, 
58620, 0.2663, 
58640, 
58660, 
58680, 
58700, 
58720, 
58740, 
58760, 
58780, 
58800, 
58820, 
58840, 
58860, 
58880, 
58900, 
58920, 
58940, 
58960, 
58980, 
59000, 
59020, 
59040, 0.5753, 
59060, 0.3324, 
59080, 0.3335, 
59100, 0.2893, 
59120, 0.2908, 
59140, 0.3148, 
59160, 
59180, 
59200, 
59220, 
59240, 0.3595, 
59260, 
59280, 0.3058, 
59300, 
59320, 0.5814, 
59340, 0.2908, 
59360, 0.2620, 
59380, 
59400, 0.4057, 
59420, 0.4850, 
59440, 0.4630, 
59460, 0.3136, 
59480, 0.2985, 
59500, 0.4938, 
59520, 0.3971, 
59540, 0.5742, 
59560, 0.4796, 
59580, 
59600, 
59620, 
59640, 
59660, 0.5923, 
59680, 0.5495, 
59700, 
59720, 
59740, 
59760, 
59780, 
59800, 
59820, 
59840, 
59860, 
59880, 
59900, 
59920, 
59940, 
59960, 
59980, 
60000, 
60020, 
60040, 
60060, 
60080, 0.3839, 
60100, 0.4598, 
60120, 0.5988, 
60140, 0.3456, 
60160, 0.4412, 
60180, 0.2981, 
60200, 0.2595, 
60220, 0.3883, 
60240, 0.2432, 
60260, 0.4594, 
60280, 
60300, 
60320, 0.3358, 
60340, 0.3099, 
60360, 0.2396, 
60380, 
60400, 
60420, 
60440, 
60460, 0.4011, 
60480, 
60500, 
60520, 0.2833, 
60540, 0.3102, 
60560, 0.5592, 
60580, 0.3488, 
60600, 0.5988, 
60620, 0.4454, 
60640, 0.3542, 
60660, 0.5093, 
60680, 0.3259, 
60700, 0.2221, 
60720, 0.5435, 
60740, 0.1984, 
60760, 0.4626, 
60780, 0.2793, 
60800, 
60820, 
60840, 
60860, 
60880, 0.2883, 
60900, 0.3604, 
60920, 0.4988, 
60940, 0.3367, 
60960, 0.2132, 
60980, 0.3552, 
61000, 0.6557, 
61020, 0.3337, 
61040, 0.4127, 
61060, 0.3769, 
61080, 0.4464, 
61100, 0.5063, 
61120, 0.2530, 
61140, 0.3014, 
61160, 0.1757, 
61180, 
61200, 
61220, 
61240, 
61260, 0.3452, 
61280, 
61300, 
61320, 
61340, 
61360, 0.2042, 
61380, 0.5396, 
61400, 0.3151, 
61420, 0.3601, 
61440, 0.4032, 
61460, 0.4894, 
61480, 0.3322, 
61500, 0.6501, 
61520, 0.4468, 
61540, 0.1971, 
61560, 0.5929, 
61580, 0.2747, 
61600, 0.3701, 
61620, 0.2604, 
61640, 0.4591, 
61660, 0.2637, 
61680, 0.2371, 
61700, 0.2610, 
61720, 0.4138, 
61740, 0.4187, 
61760, 0.6257, 
61780, 0.4112, 
61800, 0.5571, 
61820, 0.2871, 
61840, 0.6445, 
61860, 0.3827, 
61880, 0.4040, 
61900, 0.4484, 
61920, 0.3259, 
61940, 
61960, 
61980, 0.3955, 
62000, 
62020, 
62040, 
62060, 0.4043, 
62080, 
62100, 
62120, 0.3851, 
62140, 
62160, 
62180, 
62200, 0.2681, 
62220, 0.5213, 
62240, 
62260, 
62280, 
62300, 
62320, 
62340, 
62360, 
62380, 
62400, 0.3240, 
62420, 0.5089, 
62440, 0.3659, 
62460, 0.2496, 
62480, 0.5008, 
62500, 0.5199, 
62520, 0.2220, 
62540, 0.2950, 
62560, 0.3576, 
62580, 0.2626, 
62600, 0.2503, 
62620, 0.4464, 
62640, 0.2745, 
62660, 0.4866, 
62680, 0.3778, 
62700, 0.3580, 
62720, 0.4104, 
62740, 
62760, 
62780, 
62800, 
62820, 
62840, 
62860, 
62880, 
62900, 
62920, 
62940, 
62960, 
62980, 
63000, 0.2351, 
63020, 0.3382, 
63040, 0.3849, 
63060, 0.5236, 
63080, 0.6445, 
63100, 0.2367, 
63120, 0.4662, 
63140, 0.5310, 
63160, 
63180, 
63200, 
63220, 
63240, 
63260, 
63280, 
63300, 
63320, 
63340, 
63360, 
63380, 
63400, 
63420, 
63440, 
63460, 0.3521, 
63480, 
63500, 
63520, 
63540, 
63560, 
63580, 
63600, 0.3683, 
63620, 0.4878, 
63640, 0.5098, 
63660, 0.4713, 
63680, 0.3650, 
63700, 0.3807, 
63720, 0.3335, 
63740, 0.3741, 
63760, 0.3856, 
63780, 
63800, 
63820, 
63840, 
63860, 
63880, 0.3681, 
63900, 0.3350, 
63920, 0.2904, 
63940, 0.4573, 
63960, 0.3442, 
63980, 0.4112, 
64000, 0.5199, 
64020, 0.5268, 
64040, 0.2886, 
64060, 0.2251, 
64080, 0.4684, 
64100, 0.3170, 
64120, 0.2414, 
64140, 0.2020, 
64160, 0.3674, 
64180, 0.3995, 
64200, 0.2853, 
64220, 0.3138, 
64240, 0.2692, 
64260, 0.4688, 
64280, 0.3542, 
64300, 
64320, 
64340, 
64360, 0.1620, 
64380, 0.4724, 
64400, 0.2572, 
64420, 0.4648, 
64440, 0.2466, 
64460, 0.4412, 
64480, 0.2055, 
64500, 
64520, 
64540, 
64560, 
64580, 0.3641, 
64600, 
64620, 0.2809, 
64640, 
64660, 
64680, 0.3665, 
64700, 
64720, 
64740, 
64760, 
64780, 
64800, 
64820, 
64840, 
64860, 
64880, 
64900, 
64920, 0.3306, 
64940, 0.5017, 
64960, 
64980, 0.4364, 
65000, 0.4084, 
65020, 0.3233, 
65040, 0.4071, 
65060, 
65080, 
65100, 0.1523, 
65120, 0.3722, 
65140, 0.3632, 
65160, 
65180, 
65200, 0.2585, 
65220, 0.3241, 
65240, 0.3094, 
65260, 0.3488, 
65280, 0.2743, 
65300, 0.2016, 
65320, 0.4542, 
65340, 0.2274, 
65360, 0.3029, 
65380, 0.3859, 
65400, 0.3286, 
65420, 
65440, 
65460, 
65480, 
65500, 
65520, 
65540, 
65560, 
65580, 
65600, 
65620, 
65640, 
65660, 
65680, 0.3578, 
65700, 0.3209, 
65720, 0.3656, 
65740, 0.2846, 
65760, 0.4545, 
65780, 0.4800, 
65800, 0.4710, 
65820, 0.3729, 
65840, 
65860, 
65880, 
65900, 
65920, 
65940, 
65960, 
65980, 0.2536, 
66000, 
66020, 
66040, 
66060, 
66080, 0.2639, 
66100, 0.2720, 
66120, 
66140, 0.2861, 
66160, 0.3507, 
66180, 
66200, 
66220, 
66240, 
66260, 
66280, 0.3407, 
66300, 0.2063, 
66320, 0.2804, 
66340, 0.4228, 
66360, 0.2481, 
66380, 0.3155, 
66400, 0.3947, 
66420, 0.3571, 
66440, 
66460, 
66480, 
66500, 0.4016, 
66520, 0.3136, 
66540, 0.3256, 
66560, 0.4289, 
66580, 0.2907, 
66600, 0.4332, 
66620, 0.3061, 
66640, 0.5435, 
66660, 0.3361, 
66680, 
66700, 
66720, 
66740, 
66760, 0.3259, 
66780, 0.4024, 
66800, 0.2791, 
66820, 0.4376, 
66840, 0.2660, 
66860, 0.3916, 
66880, 0.3074, 
66900, 
66920, 
66940, 
66960, 0.2821, 
66980, 
67000, 
67020, 
67040, 
67060, 
67080, 0.4996, 
67100, 0.3452, 
67120, 0.4979, 
67140, 0.5639, 
67160, 
67180, 
67200, 
67220, 
67240, 
67260, 
67280, 
67300, 
67320, 0.3093, 
67340, 
67360, 
67380, 
67400, 
67420, 
67440, 0.2994, 
67460, 
67480, 
67500, 0.3452, 
67520, 0.3974, 
67540, 0.3690, 
67560, 0.6944, 
67580, 0.5469, 
67600, 0.4922, 
67620, 0.4096, 
67640, 0.4172, 
67660, 0.2969, 
67680, 0.2437, 
67700, 0.2647, 
67720, 0.2796, 
67740, 
67760, 
67780, 
67800, 0.5505, 
67820, 0.2852, 
67840, 
67860, 0.3027, 
67880, 
67900, 
67920, 
67940, 
67960, 
67980, 
68000, 0.3171, 
68020, 0.2938, 
68040, 0.3337, 
68060, 0.4065, 
68080, 0.3704, 
68100, 
68120, 0.5505, 
68140, 0.1808, 
68160, 0.4591, 
68180, 0.3458, 
68200, 
68220, 0.3960, 
68240, 0.3460, 
68260, 0.4815, 
68280, 0.4979, 
68300, 0.2937, 
68320, 0.3392, 
68340, 0.4655, 
68360, 0.6211, 
68380, 0.3193, 
68400, 
68420, 
68440, 0.4418, 
68460, 0.3819, 
68480, 
68500, 
68520, 
68540, 
68560, 
68580, 0.5917, 
68600, 0.2428, 
68620, 0.3650, 
68640, 0.3425, 
68660, 0.3608, 
68680, 
68700, 0.3289, 
68720, 0.7417, 
68740, 0.4049, 
68760, 0.2516, 
68780, 
68800, 
68820, 
68840, 
68860, 
68880, 
68900, 0.4323, 
68920, 
68940, 
68960, 
68980, 
69000, 
69020, 0.3241, 
69040, 0.4261, 
69060, 0.3836, 
69080, 0.4019, 
69100, 0.2894, 
69120, 0.4651, 
69140, 0.2048, 
69160, 0.2604, 
69180, 0.2567, 
69200, 0.3679, 
69220, 0.6363, 
69240, 0.4335, 
69260, 0.4283, 
69280, 0.3701, 
69300, 
69320, 
69340, 
69360, 
69380, 0.4605, 
69400, 0.6403, 
69420, 0.3110, 
69440, 0.4644, 
69460, 0.2705, 
69480, 0.3617, 
69500, 0.3601, 
69520, 0.2425, 
69540, 0.2476, 
69560, 0.2849, 
69580, 
69600, 
69620, 
69640, 
69660, 0.3561, 
69680, 0.2897, 
69700, 0.2449, 
69720, 
69740, 0.4511, 
69760, 0.4367, 
69780, 0.3955, 
69800, 
69820, 
69840, 
69860, 
69880, 
69900, 0.3277, 
69920, 0.3474, 
69940, 0.2397, 
69960, 0.3047, 
69980, 0.4249, 
70000, 0.2814, 
70020, 0.3937, 
70040, 0.2719, 
70060, 0.5597, 
70080, 0.2833, 
70100, 0.2521, 
70120, 0.3446, 
70140, 0.2999, 
70160, 0.3743, 
70180, 0.2698, 
70200, 0.3608, 
70220, 0.2594, 
70240, 0.2708, 
70260, 0.2890, 
70280, 0.2681, 
70300, 
70320, 
70340, 
70360, 
70380, 
70400, 
70420, 
70440, 
70460, 0.1471, 
70480, 0.3444, 
70500, 0.3032, 
70520, 0.4515, 
70540, 0.4808, 
70560, 
70580, 
70600, 
70620, 0.3266, 
70640, 0.2885, 
70660, 
70680, 0.1567, 
70700, 
70720, 
70740, 
70760, 
70780, 
70800, 0.5291, 
70820, 
70840, 
70860, 
70880, 
70900, 
70920, 
70940, 
70960, 0.2333, 
70980, 0.2571, 
71000, 0.4971, 
71020, 0.3140, 
71040, 0.3748, 
71060, 0.5676, 
71080, 0.3992, 
71100, 0.3851, 
71120, 0.4573, 
71140, 0.4019, 
71160, 0.3966, 
71180, 0.6515, 
71200, 
71220, 
71240, 
71260, 
71280, 
71300, 
71320, 
71340, 
71360, 
71380, 0.3067, 
71400, 0.4087, 
71420, 0.3284, 
71440, 0.4013, 
71460, 0.2368, 
71480, 0.6243, 
71500, 0.3170, 
71520, 0.4196, 
71540, 0.4295, 
71560, 0.4747, 
71580, 
71600, 
71620, 
71640, 
71660, 
71680, 0.2156, 
71700, 0.5655, 
71720, 0.4228, 
71740, 0.4910, 
71760, 0.3320, 
71780, 0.4252, 
71800, 0.3992, 
71820, 0.4570, 
71840, 
71860, 
71880, 0.2459, 
71900, 0.5848, 
71920, 0.4383, 
71940, 
71960, 
71980, 
72000, 
72020, 
72040, 
72060, 0.3088, 
72080, 0.4141, 
72100, 0.4762, 
72120, 0.3279, 
72140, 0.3146, 
72160, 0.2531, 
72180, 0.4451, 
72200, 0.5150, 
72220, 0.2764, 
72240, 0.3020, 
72260, 0.3574, 
72280, 0.4320, 
72300, 0.4717, 
72320, 0.4677, 
72340, 0.4065, 
72360, 0.4515, 
72380, 0.5747, 
72400, 0.2601, 
72420, 0.4796, 
72440, 0.5089, 
72460, 0.2517, 
72480, 
72500, 
72520, 
72540, 
72560, 
72580, 
72600, 0.3109, 
72620, 0.2722, 
72640, 0.3641, 
72660, 0.3454, 
72680, 
72700, 
72720, 
72740, 
72760, 
72780, 
72800, 
72820, 
72840, 0.2808, 
72860, 0.3071, 
72880, 0.3448, 
72900, 0.4184, 
72920, 0.4918, 
72940, 0.2228, 
72960, 0.3919, 
72980, 0.2316, 
73000, 0.2740, 
73020, 0.3752, 
73040, 0.4313, 
73060, 0.5333, 
73080, 0.6787, 
73100, 0.1847, 
73120, 0.2352, 
73140, 0.4019, 
73160, 0.1969, 
73180, 0.4992, 
73200, 0.3752, 
73220, 0.4594, 
73240, 0.2783, 
73260, 0.3405, 
73280, 0.2764, 
73300, 0.5051, 
73320, 0.5731, 
73340, 0.2245, 
73360, 
73380, 
73400, 0.3984, 
73420, 0.2885, 
73440, 0.3083, 
73460, 0.3866, 
73480, 0.2446, 
73500, 0.2970, 
73520, 0.3466, 
73540, 0.2889, 
73560, 
73580, 
73600, 
73620, 
