2000	2.236	15.067	
4000	1.414	13.191	
6000	4.472	15.133	
8000	2.828	10.440	
10000	3.000	3.317	
12000	3.000	12.042	
14000	4.000	16.673	
16000	4.000	11.180	
18000	2.828	15.937	
20000	4.583	18.385	
22000	3.317	11.402	
24000	2.449	6.164	
26000	2.236	11.662	
28000	2.000	11.225	
30000	1.000	14.457	
32000	1.732	17.146	
34000	3.317	10.440	
36000	2.828	2.449	
38000	2.000	18.138	
40000	4.123	12.728	
42000	3.742	11.225	
44000	2.236	12.042	
46000	4.472	9.434	
48000	1.732	7.550	
50000	3.742	13.638	
52000	4.359	9.434	
54000	3.162	9.487	
56000	3.606	23.281	
58000	2.236	9.381	
60000	2.236	17.029	
62000	3.742	15.000	
64000	1.414	6.708	
66000	1.414	15.033	
68000	5.385	14.491	
70000	3.606	5.831	
72000	4.690	13.379	
