200, 4.3700, 
220, 
240, 
260, 
280, 
300, 
320, 
340, 
360, 
380, 
400, 10.0389, 
420, 
440, 
460, 
480, 5.0784, 
500, 
520, 
540, 
560, 3.5306, 
580, 3.9959, 
600, 4.2952, 
620, 3.8143, 
640, 4.3737, 
660, 4.5582, 
680, 3.7525, 
700, 3.7789, 
720, 4.1392, 
740, 4.6869, 
760, 5.0689, 
780, 4.3742, 
800, 5.5580, 
820, 3.6448, 
840, 4.5609, 
860, 3.3660, 
880, 
900, 3.8355, 
920, 5.3491, 
940, 3.6422, 
960, 6.1091, 
980, 
1000, 
1020, 
1040, 6.2231, 
1060, 3.9613, 
1080, 
1100, 
1120, 
1140, 
1160, 3.9170, 
1180, 4.3140, 
1200, 4.1676, 
1220, 3.8575, 
1240, 4.2392, 
1260, 4.2758, 
1280, 4.3434, 
1300, 5.1092, 
1320, 
1340, 
1360, 
1380, 
1400, 4.9969, 
1420, 4.8031, 
1440, 
1460, 3.3031, 
1480, 3.8919, 
1500, 3.4627, 
1520, 3.3551, 
1540, 4.2450, 
1560, 2.9810, 
1580, 3.9245, 
1600, 
1620, 
1640, 
1660, 
1680, 
1700, 
1720, 
1740, 3.1478, 
1760, 4.7579, 
1780, 4.8196, 
1800, 
1820, 
1840, 
1860, 
1880, 
1900, 7.1352, 
1920, 
1940, 
1960, 
1980, 4.1841, 
2000, 3.6854, 
2020, 4.2528, 
2040, 4.0566, 
2060, 5.2721, 
2080, 4.3249, 
2100, 5.3454, 
2120, 3.9718, 
2140, 3.5203, 
2160, 5.4751, 
2180, 3.5497, 
2200, 4.0979, 
2220, 4.3918, 
2240, 4.6609, 
2260, 5.7037, 
2280, 4.1100, 
2300, 4.1629, 
2320, 
2340, 
2360, 
2380, 
2400, 
2420, 
2440, 
2460, 
2480, 4.5855, 
2500, 4.8956, 
2520, 5.4252, 
2540, 4.5581, 
2560, 3.4294, 
2580, 3.8377, 
2600, 4.8599, 
2620, 
2640, 
2660, 
2680, 4.3282, 
2700, 2.9674, 
2720, 4.9209, 
2740, 
2760, 
2780, 
2800, 
2820, 
2840, 
2860, 6.7997, 
2880, 
2900, 
2920, 
2940, 
2960, 
2980, 3.6523, 
3000, 3.3581, 
3020, 4.1399, 
3040, 4.3908, 
3060, 4.9635, 
3080, 2.9731, 
3100, 
3120, 
3140, 
3160, 
3180, 
3200, 
3220, 
3240, 
3260, 
3280, 
3300, 
3320, 
3340, 
3360, 
3380, 
3400, 
3420, 
3440, 
3460, 
3480, 
3500, 
3520, 
3540, 
3560, 
3580, 
3600, 
3620, 
3640, 
3660, 
3680, 4.5174, 
3700, 3.8168, 
3720, 3.1213, 
3740, 5.0832, 
3760, 4.1637, 
3780, 4.4336, 
3800, 4.8018, 
3820, 4.3670, 
3840, 4.0562, 
3860, 4.2563, 
3880, 5.7878, 
3900, 3.5016, 
3920, 4.4043, 
3940, 4.1470, 
3960, 3.5218, 
3980, 3.3124, 
4000, 3.5985, 
4020, 3.6503, 
4040, 
4060, 
4080, 
4100, 
4120, 
4140, 
4160, 
4180, 
4200, 
4220, 
4240, 3.7386, 
4260, 4.5746, 
4280, 2.9535, 
4300, 3.8562, 
4320, 6.2518, 
4340, 4.4324, 
4360, 3.4915, 
4380, 
4400, 
4420, 
4440, 4.4118, 
4460, 4.8553, 
4480, 4.3257, 
4500, 4.3259, 
4520, 4.7008, 
4540, 4.1393, 
4560, 3.0922, 
4580, 4.4143, 
4600, 
4620, 3.5448, 
4640, 3.8066, 
4660, 4.1503, 
4680, 5.3380, 
4700, 5.2726, 
4720, 3.7479, 
4740, 
4760, 
4780, 3.9976, 
4800, 4.8163, 
4820, 4.2043, 
4840, 
4860, 
4880, 
4900, 
4920, 
4940, 
4960, 
4980, 4.2527, 
5000, 6.0600, 
5020, 3.7232, 
5040, 3.9796, 
5060, 3.5359, 
5080, 3.7220, 
5100, 4.3310, 
5120, 4.6196, 
5140, 3.8475, 
5160, 
5180, 
5200, 
5220, 
5240, 
5260, 
5280, 
5300, 
5320, 
5340, 
5360, 3.9551, 
5380, 
5400, 
5420, 
5440, 
5460, 
5480, 
5500, 
5520, 5.7873, 
5540, 4.2996, 
5560, 4.3659, 
5580, 4.5023, 
5600, 3.4559, 
5620, 4.8983, 
5640, 3.7981, 
5660, 4.7438, 
5680, 4.5939, 
5700, 3.9444, 
5720, 4.0644, 
5740, 4.2940, 
5760, 
5780, 
5800, 
5820, 
5840, 
5860, 6.2944, 
5880, 4.6667, 
5900, 4.1477, 
5920, 3.7841, 
5940, 4.4644, 
5960, 3.3491, 
5980, 3.8646, 
6000, 4.5444, 
6020, 3.3629, 
6040, 
6060, 
6080, 
6100, 
6120, 
6140, 
6160, 
6180, 
6200, 3.4319, 
6220, 4.4908, 
6240, 3.9667, 
6260, 3.6300, 
6280, 3.6231, 
6300, 4.4674, 
6320, 4.0628, 
6340, 5.5751, 
6360, 
6380, 6.3316, 
6400, 3.7101, 
6420, 3.2707, 
6440, 3.6115, 
6460, 4.7367, 
6480, 3.9952, 
6500, 3.9476, 
6520, 3.4438, 
6540, 
6560, 
6580, 
6600, 
6620, 
6640, 
6660, 
6680, 5.0663, 
6700, 3.9595, 
6720, 4.4077, 
6740, 2.8998, 
6760, 4.0422, 
6780, 4.6183, 
6800, 3.9196, 
6820, 5.0892, 
6840, 4.7205, 
6860, 5.3652, 
6880, 4.4124, 
6900, 4.5787, 
6920, 4.4793, 
6940, 4.2220, 
6960, 
6980, 4.8886, 
7000, 4.2824, 
7020, 3.9795, 
7040, 4.9878, 
7060, 4.6227, 
7080, 3.2967, 
7100, 4.4483, 
7120, 5.2857, 
7140, 
7160, 
7180, 
7200, 3.8004, 
7220, 3.8064, 
7240, 3.5109, 
7260, 4.0630, 
7280, 
7300, 
7320, 
7340, 
7360, 
7380, 
7400, 
7420, 4.9109, 
7440, 3.6135, 
7460, 5.2073, 
7480, 3.4378, 
7500, 3.0413, 
7520, 3.1161, 
7540, 3.4394, 
7560, 4.3991, 
7580, 3.1613, 
7600, 
7620, 4.1960, 
7640, 
7660, 
7680, 
7700, 
7720, 5.9920, 
7740, 3.1266, 
7760, 
7780, 
7800, 
7820, 
7840, 
7860, 
7880, 
7900, 
7920, 
7940, 5.2445, 
7960, 3.8577, 
7980, 4.0876, 
8000, 3.7962, 
8020, 3.6602, 
8040, 5.1984, 
8060, 3.8465, 
8080, 4.0420, 
8100, 4.3150, 
8120, 5.0787, 
8140, 3.7656, 
8160, 6.3588, 
8180, 3.8566, 
8200, 4.7169, 
8220, 3.4743, 
8240, 4.0306, 
8260, 
8280, 4.3037, 
8300, 3.7743, 
8320, 
8340, 
8360, 
8380, 
8400, 
8420, 
8440, 
8460, 5.0676, 
8480, 5.0335, 
8500, 5.0231, 
8520, 3.7219, 
8540, 3.2042, 
8560, 4.5859, 
8580, 4.3026, 
8600, 4.9626, 
8620, 4.6699, 
8640, 4.8389, 
8660, 
8680, 
8700, 
8720, 
8740, 
8760, 
8780, 
8800, 
8820, 
8840, 4.0681, 
8860, 
8880, 
8900, 
8920, 3.6667, 
8940, 3.9783, 
8960, 4.6748, 
8980, 3.7648, 
9000, 5.3676, 
9020, 
9040, 
9060, 
9080, 
9100, 
9120, 
9140, 4.7876, 
9160, 5.2217, 
9180, 3.2809, 
9200, 4.6767, 
9220, 5.5279, 
9240, 5.1680, 
9260, 4.8700, 
9280, 5.0552, 
9300, 3.9999, 
9320, 4.0171, 
9340, 5.9044, 
9360, 
9380, 
9400, 
9420, 
9440, 
9460, 6.3760, 
9480, 
9500, 4.9795, 
9520, 4.6778, 
9540, 3.9292, 
9560, 3.8684, 
9580, 3.7663, 
9600, 3.0312, 
9620, 5.2468, 
9640, 4.1919, 
9660, 
9680, 
9700, 
9720, 
9740, 
9760, 
9780, 
9800, 
9820, 
9840, 
9860, 
9880, 
9900, 
9920, 
9940, 
9960, 
9980, 4.4775, 
10000, 3.2623, 
10020, 4.0346, 
10040, 3.1241, 
10060, 3.3046, 
10080, 4.3524, 
10100, 4.8544, 
10120, 
10140, 
10160, 
10180, 
10200, 
10220, 4.0148, 
10240, 
10260, 
10280, 3.9545, 
10300, 4.3789, 
10320, 4.7227, 
10340, 4.3769, 
10360, 4.8882, 
10380, 4.2725, 
10400, 4.4708, 
10420, 
10440, 
10460, 5.3499, 
10480, 3.8241, 
10500, 4.4802, 
10520, 4.0536, 
10540, 3.4984, 
10560, 
10580, 
10600, 6.2284, 
10620, 5.2297, 
10640, 
10660, 
10680, 
10700, 
10720, 
10740, 
10760, 
10780, 
10800, 
10820, 
10840, 
10860, 
10880, 
10900, 4.2285, 
10920, 5.0660, 
10940, 4.5796, 
10960, 5.4386, 
10980, 4.1252, 
11000, 
11020, 4.1066, 
11040, 3.1874, 
11060, 
11080, 
11100, 
11120, 
11140, 
11160, 
11180, 
11200, 
11220, 4.5930, 
11240, 3.7463, 
11260, 4.7167, 
11280, 3.9183, 
11300, 4.2038, 
11320, 4.2868, 
11340, 3.8996, 
11360, 4.6391, 
11380, 3.7097, 
11400, 2.9339, 
11420, 
11440, 
11460, 
11480, 
11500, 
11520, 5.7933, 
11540, 
11560, 
11580, 4.5765, 
11600, 3.9858, 
11620, 
11640, 
11660, 
11680, 
11700, 
11720, 
11740, 
11760, 
11780, 3.9776, 
11800, 
11820, 
11840, 3.7352, 
11860, 3.6051, 
11880, 3.4882, 
11900, 3.9983, 
11920, 4.0507, 
11940, 4.9696, 
11960, 4.5280, 
11980, 3.5344, 
12000, 3.9952, 
12020, 
12040, 
12060, 
12080, 
12100, 
12120, 4.0797, 
12140, 3.7308, 
12160, 5.8785, 
12180, 3.4233, 
12200, 3.7930, 
12220, 4.5481, 
12240, 5.2758, 
12260, 4.2342, 
12280, 3.6619, 
12300, 3.8289, 
12320, 3.4666, 
12340, 3.6883, 
12360, 3.9292, 
12380, 3.9464, 
12400, 4.5033, 
12420, 
12440, 
12460, 
12480, 
12500, 
12520, 
12540, 
12560, 3.4932, 
12580, 5.4345, 
12600, 3.9736, 
12620, 4.4996, 
12640, 3.8054, 
12660, 3.3657, 
12680, 4.2626, 
12700, 4.1638, 
12720, 4.0926, 
12740, 4.5496, 
12760, 3.9132, 
12780, 3.3953, 
12800, 3.8267, 
12820, 4.6323, 
12840, 4.7298, 
12860, 5.8632, 
12880, 3.5766, 
12900, 4.8850, 
12920, 3.6061, 
12940, 4.3605, 
12960, 3.5605, 
12980, 2.9368, 
13000, 4.6122, 
13020, 5.1190, 
13040, 4.8645, 
13060, 2.9035, 
13080, 4.7546, 
13100, 4.0332, 
13120, 
13140, 
13160, 
13180, 
13200, 
13220, 
13240, 
13260, 
13280, 
13300, 5.2686, 
13320, 3.3485, 
13340, 4.2369, 
13360, 
13380, 
13400, 
13420, 4.6258, 
13440, 6.4599, 
13460, 3.6361, 
13480, 5.5101, 
13500, 4.6722, 
13520, 3.8534, 
13540, 4.2229, 
13560, 4.2509, 
13580, 4.1007, 
13600, 4.1635, 
13620, 5.1812, 
13640, 3.6964, 
13660, 
13680, 
13700, 4.2236, 
13720, 
13740, 
13760, 
13780, 
13800, 
13820, 5.7848, 
13840, 
13860, 
13880, 4.3390, 
13900, 4.2403, 
13920, 3.5860, 
13940, 4.2142, 
13960, 4.3728, 
13980, 3.5848, 
14000, 
14020, 4.0940, 
14040, 4.0999, 
14060, 4.9607, 
14080, 5.1918, 
14100, 3.5565, 
14120, 4.1461, 
14140, 4.4058, 
14160, 4.9770, 
14180, 5.0485, 
14200, 4.4923, 
14220, 5.1658, 
14240, 4.6919, 
14260, 5.1917, 
14280, 4.4961, 
14300, 5.8567, 
14320, 3.5518, 
14340, 5.3097, 
14360, 3.1570, 
14380, 4.4269, 
14400, 4.5476, 
14420, 4.4803, 
14440, 6.1267, 
14460, 3.9971, 
14480, 5.6672, 
14500, 4.4234, 
14520, 5.3228, 
14540, 4.0460, 
14560, 3.9697, 
14580, 4.7527, 
14600, 4.6712, 
14620, 3.2110, 
14640, 
14660, 
14680, 
14700, 
14720, 
14740, 
14760, 
14780, 
14800, 
14820, 
14840, 
14860, 
14880, 
14900, 
14920, 
14940, 
14960, 
14980, 
15000, 
15020, 
15040, 
15060, 
15080, 
15100, 
15120, 
15140, 
15160, 
15180, 
15200, 
15220, 
15240, 
15260, 
15280, 4.6215, 
15300, 6.9846, 
15320, 3.3930, 
15340, 
15360, 
15380, 
15400, 5.9047, 
15420, 
15440, 
15460, 
15480, 
15500, 
15520, 
15540, 
15560, 
15580, 
15600, 3.5477, 
15620, 
15640, 
15660, 4.2255, 
15680, 
15700, 
15720, 
15740, 
15760, 6.1903, 
15780, 
15800, 
15820, 6.7659, 
15840, 7.4674, 
15860, 
15880, 
15900, 
15920, 
15940, 
15960, 
15980, 
16000, 4.2091, 
16020, 4.3443, 
16040, 4.4590, 
16060, 3.8603, 
16080, 
16100, 
16120, 
16140, 
16160, 
16180, 
16200, 
16220, 4.4137, 
16240, 
16260, 3.6734, 
16280, 
16300, 
16320, 
16340, 
16360, 5.0362, 
16380, 3.6909, 
16400, 3.7107, 
16420, 4.9593, 
16440, 
16460, 
16480, 
16500, 
16520, 4.7558, 
16540, 5.4394, 
16560, 5.0450, 
16580, 5.0227, 
16600, 
16620, 5.7499, 
16640, 
16660, 
16680, 
16700, 
16720, 3.8012, 
16740, 3.4037, 
16760, 4.7420, 
16780, 4.7357, 
16800, 3.5045, 
16820, 
16840, 4.2170, 
16860, 4.7844, 
16880, 3.6358, 
16900, 4.6381, 
16920, 4.2300, 
16940, 5.0764, 
16960, 4.1646, 
16980, 3.5020, 
17000, 4.4941, 
17020, 4.3328, 
17040, 3.6496, 
17060, 4.2021, 
17080, 
17100, 
17120, 
17140, 4.6442, 
17160, 4.2187, 
17180, 3.5055, 
17200, 
17220, 
17240, 3.8990, 
17260, 3.7090, 
17280, 3.2920, 
17300, 4.5554, 
17320, 3.7742, 
17340, 
17360, 
17380, 
17400, 
17420, 
17440, 
17460, 
17480, 
17500, 
17520, 
17540, 
17560, 5.4653, 
17580, 4.9498, 
17600, 3.9864, 
17620, 4.6213, 
17640, 3.9334, 
17660, 4.3683, 
17680, 3.7245, 
17700, 3.6821, 
17720, 6.5631, 
17740, 3.9385, 
17760, 3.6962, 
17780, 
17800, 
17820, 
17840, 
17860, 4.3319, 
17880, 5.0998, 
17900, 3.7599, 
17920, 3.0799, 
17940, 4.5342, 
17960, 4.1676, 
17980, 4.1334, 
18000, 
18020, 
18040, 
18060, 4.9717, 
18080, 
18100, 
18120, 
18140, 
18160, 
18180, 
18200, 
18220, 
18240, 
18260, 3.6450, 
18280, 3.9771, 
18300, 3.6710, 
18320, 4.6459, 
18340, 4.5527, 
18360, 4.7378, 
18380, 4.1929, 
18400, 4.4088, 
18420, 3.8905, 
18440, 4.4299, 
18460, 4.2897, 
18480, 4.6122, 
18500, 4.2378, 
18520, 5.5488, 
18540, 
18560, 
18580, 
18600, 
18620, 
18640, 
18660, 
18680, 
18700, 
18720, 
18740, 
18760, 
18780, 3.7597, 
18800, 4.4507, 
18820, 5.1436, 
18840, 3.0006, 
18860, 5.4563, 
18880, 
18900, 
18920, 4.3144, 
18940, 4.6237, 
18960, 4.4250, 
18980, 2.7116, 
19000, 4.9861, 
19020, 3.9324, 
19040, 
19060, 
19080, 
19100, 3.6411, 
19120, 6.0642, 
19140, 3.7775, 
19160, 4.1841, 
19180, 4.9192, 
19200, 
19220, 
19240, 4.6253, 
19260, 4.2220, 
19280, 4.1171, 
19300, 
19320, 
19340, 
19360, 
19380, 
19400, 5.1361, 
19420, 4.1559, 
19440, 3.9752, 
19460, 3.6259, 
19480, 
19500, 3.7957, 
19520, 5.7165, 
19540, 5.1546, 
19560, 4.0707, 
19580, 4.4643, 
19600, 
19620, 
19640, 
19660, 
19680, 
19700, 4.0319, 
19720, 3.9295, 
19740, 3.0695, 
19760, 4.9278, 
19780, 4.4404, 
19800, 3.4117, 
19820, 3.9212, 
19840, 5.5953, 
19860, 
19880, 
19900, 
19920, 
19940, 5.1630, 
19960, 5.4803, 
19980, 4.4285, 
20000, 
20020, 
20040, 
20060, 
20080, 
20100, 
20120, 
20140, 4.2330, 
20160, 
20180, 
20200, 
20220, 
20240, 5.2495, 
20260, 
20280, 
20300, 
20320, 
20340, 
20360, 
20380, 
20400, 
20420, 
20440, 
20460, 
20480, 
20500, 3.6273, 
20520, 3.3545, 
20540, 4.0752, 
20560, 
20580, 
20600, 
20620, 
20640, 
20660, 
20680, 
20700, 
20720, 
20740, 
20760, 
20780, 
20800, 
20820, 
20840, 
20860, 5.3448, 
20880, 4.2927, 
20900, 3.7476, 
20920, 3.8658, 
20940, 3.3757, 
20960, 
20980, 
21000, 
21020, 4.1811, 
21040, 3.7730, 
21060, 4.0732, 
21080, 4.3507, 
21100, 3.3895, 
21120, 
21140, 
21160, 
21180, 
21200, 
21220, 
21240, 
21260, 3.9852, 
21280, 4.2593, 
21300, 5.4539, 
21320, 4.2795, 
21340, 
21360, 
21380, 3.9469, 
21400, 4.4908, 
21420, 
21440, 
21460, 3.6315, 
21480, 3.6942, 
21500, 5.5597, 
21520, 4.8803, 
21540, 4.4496, 
21560, 4.1097, 
21580, 5.8974, 
21600, 3.5214, 
21620, 3.7399, 
21640, 5.8770, 
21660, 3.2240, 
21680, 4.0380, 
21700, 4.5026, 
21720, 4.4016, 
21740, 3.7940, 
21760, 5.5080, 
21780, 
21800, 
21820, 
21840, 
21860, 3.4497, 
21880, 3.0872, 
21900, 3.5666, 
21920, 6.5993, 
21940, 3.3768, 
21960, 4.6210, 
21980, 
22000, 
22020, 3.9585, 
22040, 5.0205, 
22060, 3.7007, 
22080, 4.2274, 
22100, 
22120, 
22140, 
22160, 
22180, 
22200, 
22220, 
22240, 
22260, 
22280, 
22300, 4.1029, 
22320, 3.8481, 
22340, 4.6627, 
22360, 3.3010, 
22380, 3.4993, 
22400, 4.5105, 
22420, 4.7769, 
22440, 3.9023, 
22460, 3.6803, 
22480, 5.0175, 
22500, 4.5658, 
22520, 
22540, 
22560, 
22580, 
22600, 
22620, 
22640, 
22660, 3.1944, 
22680, 5.5623, 
22700, 
22720, 
22740, 5.2571, 
22760, 4.5961, 
22780, 3.8925, 
22800, 4.5981, 
22820, 3.4359, 
22840, 
22860, 
22880, 
22900, 
22920, 
22940, 
22960, 5.5845, 
22980, 
23000, 
23020, 
23040, 
23060, 
23080, 
23100, 
23120, 4.2159, 
23140, 4.1241, 
23160, 3.3649, 
23180, 3.7945, 
23200, 4.1301, 
23220, 4.3009, 
23240, 4.4508, 
23260, 6.7594, 
23280, 2.9502, 
23300, 4.4091, 
23320, 4.0057, 
23340, 
23360, 
23380, 
23400, 
23420, 
23440, 4.2093, 
23460, 
23480, 
23500, 
23520, 
23540, 4.9860, 
23560, 3.6694, 
23580, 4.0533, 
23600, 3.9619, 
23620, 
23640, 
23660, 
23680, 
23700, 
23720, 
23740, 
23760, 
23780, 
23800, 5.5875, 
23820, 
23840, 
23860, 
23880, 
23900, 
23920, 
23940, 
23960, 3.7052, 
23980, 
24000, 
24020, 
24040, 
24060, 4.6844, 
24080, 
24100, 
24120, 
24140, 
24160, 
24180, 
24200, 
24220, 
24240, 
24260, 
24280, 
24300, 3.5224, 
24320, 4.1733, 
24340, 
24360, 
24380, 
24400, 
24420, 
24440, 
24460, 
24480, 
24500, 5.8878, 
24520, 
24540, 
24560, 3.5955, 
24580, 5.3265, 
24600, 3.8620, 
24620, 4.5262, 
24640, 4.2110, 
24660, 3.7919, 
24680, 4.8647, 
24700, 4.7120, 
24720, 3.8865, 
24740, 4.5466, 
24760, 3.4119, 
24780, 5.6537, 
24800, 
24820, 
24840, 
24860, 
24880, 
24900, 
24920, 5.9295, 
24940, 5.9965, 
24960, 3.8576, 
24980, 4.3907, 
25000, 
25020, 
25040, 
25060, 
25080, 
25100, 
25120, 
25140, 
25160, 4.4925, 
25180, 3.7139, 
25200, 3.3515, 
25220, 5.4210, 
25240, 4.4947, 
25260, 4.1164, 
25280, 4.2968, 
25300, 4.0504, 
25320, 4.6075, 
25340, 4.8176, 
25360, 
25380, 6.2348, 
25400, 
25420, 
25440, 
25460, 
25480, 
25500, 
25520, 
25540, 4.2491, 
25560, 4.5988, 
25580, 3.5336, 
25600, 2.8597, 
25620, 7.2067, 
25640, 
25660, 
25680, 
25700, 
25720, 
25740, 
25760, 
25780, 
25800, 
25820, 3.9388, 
25840, 4.2930, 
25860, 4.5388, 
25880, 4.7749, 
25900, 4.4777, 
25920, 5.0175, 
25940, 3.8416, 
25960, 
25980, 4.9461, 
26000, 4.4747, 
26020, 3.4991, 
26040, 
26060, 4.0779, 
26080, 3.6340, 
26100, 4.0190, 
26120, 5.3494, 
26140, 
26160, 
26180, 
26200, 
26220, 
26240, 
26260, 
26280, 
26300, 
26320, 
26340, 5.8896, 
26360, 
26380, 
26400, 
26420, 
26440, 
26460, 
26480, 7.0584, 
26500, 
26520, 
26540, 
26560, 
26580, 
26600, 
26620, 
26640, 
26660, 
26680, 
26700, 
26720, 
26740, 
26760, 
26780, 
26800, 
26820, 
26840, 
26860, 
26880, 
26900, 
26920, 
26940, 4.2840, 
26960, 4.8444, 
26980, 
27000, 
27020, 
27040, 
27060, 
27080, 
27100, 
27120, 
27140, 
27160, 
27180, 
27200, 
27220, 
27240, 
27260, 
27280, 
27300, 
27320, 
27340, 
27360, 
27380, 
27400, 5.1902, 
27420, 
27440, 
27460, 
27480, 
27500, 3.9003, 
27520, 4.0535, 
27540, 4.7731, 
27560, 5.1807, 
27580, 5.1123, 
27600, 3.7343, 
27620, 
27640, 6.1503, 
27660, 
27680, 
27700, 
27720, 
27740, 4.0591, 
27760, 3.1043, 
27780, 4.3183, 
27800, 4.9262, 
27820, 
27840, 
27860, 
27880, 
27900, 3.5320, 
27920, 4.8609, 
27940, 3.7817, 
27960, 3.6633, 
27980, 3.8661, 
28000, 4.3090, 
28020, 4.4975, 
28040, 3.8156, 
28060, 4.0710, 
28080, 4.1038, 
28100, 
28120, 4.9416, 
28140, 5.1048, 
28160, 3.7190, 
28180, 4.8959, 
28200, 3.1439, 
28220, 3.6907, 
28240, 3.4118, 
28260, 3.7702, 
28280, 4.6238, 
28300, 4.7748, 
28320, 4.3047, 
28340, 4.0167, 
28360, 5.2321, 
28380, 5.5586, 
28400, 4.6734, 
28420, 5.6203, 
28440, 3.4542, 
28460, 5.3263, 
28480, 3.7603, 
28500, 
28520, 
28540, 
28560, 
28580, 
28600, 
28620, 
28640, 3.6394, 
28660, 3.9725, 
28680, 5.0032, 
28700, 4.2616, 
28720, 4.2116, 
28740, 5.7184, 
28760, 
28780, 
28800, 
28820, 4.5891, 
28840, 5.3234, 
28860, 5.5372, 
28880, 3.6964, 
28900, 3.7274, 
28920, 3.4594, 
28940, 
28960, 
28980, 
29000, 
29020, 
29040, 
29060, 
29080, 
29100, 
29120, 
29140, 
29160, 
29180, 
29200, 
29220, 
29240, 6.3818, 
29260, 
29280, 
29300, 
29320, 
29340, 
29360, 
29380, 
29400, 
29420, 
29440, 
29460, 
29480, 
29500, 
29520, 
29540, 
29560, 4.6499, 
29580, 3.5429, 
29600, 3.6140, 
29620, 
29640, 
29660, 
29680, 6.2073, 
29700, 4.1400, 
29720, 3.9872, 
29740, 4.6963, 
29760, 3.6056, 
29780, 3.6324, 
29800, 3.7181, 
29820, 4.1617, 
29840, 4.1363, 
29860, 5.1379, 
29880, 3.7350, 
29900, 4.2751, 
29920, 3.6292, 
29940, 4.1334, 
29960, 4.2535, 
29980, 4.3150, 
30000, 4.4375, 
30020, 3.9131, 
30040, 3.6483, 
30060, 3.8046, 
30080, 5.2730, 
30100, 4.9265, 
30120, 4.7356, 
30140, 3.2112, 
30160, 3.8694, 
30180, 5.1448, 
30200, 
30220, 
30240, 6.9802, 
30260, 
30280, 
30300, 
30320, 
30340, 7.0352, 
30360, 
30380, 
30400, 
30420, 5.0900, 
30440, 3.7682, 
30460, 5.3807, 
30480, 4.7275, 
30500, 4.6421, 
30520, 3.2777, 
30540, 4.4434, 
30560, 4.3356, 
30580, 3.9217, 
30600, 4.1347, 
30620, 
30640, 
30660, 5.1542, 
30680, 8.4421, 
30700, 
30720, 
30740, 
30760, 
30780, 
30800, 
30820, 3.7568, 
30840, 3.6125, 
30860, 5.1334, 
30880, 3.6714, 
30900, 5.0634, 
30920, 5.6916, 
30940, 
30960, 4.2595, 
30980, 4.7594, 
31000, 4.0236, 
31020, 4.0051, 
31040, 3.8514, 
31060, 5.3177, 
31080, 4.3142, 
31100, 
31120, 
31140, 4.4055, 
31160, 
31180, 
31200, 
31220, 
31240, 
31260, 5.8110, 
31280, 
31300, 
31320, 
31340, 
31360, 
31380, 
31400, 
31420, 
31440, 
31460, 4.5218, 
31480, 
31500, 
31520, 
31540, 
31560, 
31580, 
31600, 
31620, 
31640, 
31660, 
31680, 
31700, 5.2639, 
31720, 2.9696, 
31740, 4.7820, 
31760, 
31780, 4.4602, 
31800, 
31820, 
31840, 
31860, 
31880, 
31900, 
31920, 
31940, 
31960, 
31980, 
32000, 
32020, 
32040, 
32060, 
32080, 6.3872, 
32100, 4.1964, 
32120, 6.0547, 
32140, 4.7765, 
32160, 3.4871, 
32180, 4.1337, 
32200, 4.2320, 
32220, 4.6752, 
32240, 3.3219, 
32260, 4.3063, 
32280, 
32300, 
32320, 
32340, 
32360, 
32380, 
32400, 5.2697, 
32420, 
32440, 4.7766, 
32460, 4.2411, 
32480, 4.9491, 
32500, 3.9158, 
32520, 3.9479, 
32540, 3.9758, 
32560, 4.4033, 
32580, 3.9781, 
32600, 6.1854, 
32620, 
32640, 
32660, 
32680, 
32700, 
32720, 4.8134, 
32740, 4.5926, 
32760, 4.8675, 
32780, 4.4300, 
32800, 5.9136, 
32820, 
32840, 
32860, 
32880, 
32900, 
32920, 
32940, 3.8762, 
32960, 4.1195, 
32980, 4.6137, 
33000, 4.5360, 
33020, 4.9733, 
33040, 3.6415, 
33060, 4.5955, 
33080, 3.3683, 
33100, 
33120, 
33140, 
33160, 5.3915, 
33180, 3.7477, 
33200, 
33220, 
33240, 
33260, 6.4087, 
33280, 
33300, 
33320, 
33340, 
33360, 
33380, 
33400, 4.5445, 
33420, 3.5134, 
33440, 4.3064, 
33460, 3.2205, 
33480, 3.4038, 
33500, 5.1998, 
33520, 3.6885, 
33540, 5.9718, 
33560, 5.2449, 
33580, 
33600, 
33620, 
33640, 
33660, 
33680, 
33700, 
33720, 
33740, 4.2259, 
33760, 3.8456, 
33780, 4.0000, 
33800, 4.7363, 
33820, 4.6350, 
33840, 5.1830, 
33860, 3.8701, 
33880, 3.2832, 
33900, 3.8312, 
33920, 3.6024, 
33940, 5.3863, 
33960, 4.0532, 
33980, 4.4617, 
34000, 4.0950, 
34020, 3.6738, 
34040, 4.9464, 
34060, 3.7418, 
34080, 3.7226, 
34100, 4.8824, 
34120, 3.6673, 
34140, 
34160, 
34180, 
34200, 4.3194, 
34220, 3.4885, 
34240, 4.4135, 
34260, 
34280, 
34300, 
34320, 
34340, 
34360, 
34380, 
34400, 
34420, 
34440, 
34460, 
34480, 
34500, 
34520, 3.2390, 
34540, 3.3405, 
34560, 3.7399, 
34580, 3.3008, 
34600, 4.2421, 
34620, 3.4880, 
34640, 3.4969, 
34660, 3.2712, 
34680, 4.3252, 
34700, 3.5141, 
34720, 3.7731, 
34740, 4.2868, 
34760, 4.4985, 
34780, 5.5874, 
34800, 5.5519, 
34820, 3.6813, 
34840, 5.1932, 
34860, 3.9386, 
34880, 3.4781, 
34900, 4.2654, 
34920, 4.6712, 
34940, 3.8373, 
34960, 4.6768, 
34980, 4.9197, 
35000, 5.6675, 
35020, 3.4933, 
35040, 6.2262, 
35060, 3.7528, 
35080, 3.7297, 
35100, 
35120, 
35140, 
35160, 4.8805, 
35180, 
35200, 
35220, 
35240, 
35260, 
35280, 
35300, 
35320, 5.0139, 
35340, 
35360, 5.3683, 
35380, 4.3245, 
35400, 4.1636, 
35420, 
35440, 4.9054, 
35460, 
35480, 
35500, 
35520, 
35540, 
35560, 
35580, 3.7608, 
35600, 4.0737, 
35620, 3.9604, 
35640, 3.7165, 
35660, 5.5839, 
35680, 3.3787, 
35700, 4.8253, 
35720, 4.4416, 
35740, 
35760, 
35780, 
35800, 
35820, 
35840, 
35860, 
35880, 4.1122, 
35900, 
35920, 
35940, 
35960, 
35980, 
36000, 
36020, 4.4613, 
36040, 
36060, 
36080, 
36100, 5.9309, 
36120, 5.0933, 
36140, 
36160, 4.4250, 
36180, 5.1894, 
36200, 4.3755, 
36220, 4.5904, 
36240, 4.8562, 
36260, 3.8371, 
36280, 4.4978, 
36300, 5.2963, 
36320, 4.2375, 
36340, 
36360, 
36380, 3.7634, 
36400, 4.9551, 
36420, 
36440, 4.1969, 
36460, 5.9258, 
36480, 5.6253, 
36500, 2.9281, 
36520, 3.9952, 
36540, 4.1874, 
36560, 5.4520, 
36580, 3.5720, 
36600, 4.0705, 
36620, 5.0182, 
36640, 4.0360, 
36660, 
36680, 
36700, 
36720, 
36740, 4.3696, 
36760, 4.3563, 
36780, 6.0139, 
36800, 4.1491, 
36820, 5.5416, 
36840, 3.8579, 
36860, 4.8002, 
36880, 4.8746, 
36900, 5.2039, 
36920, 3.7969, 
36940, 4.5662, 
36960, 4.8795, 
36980, 5.4391, 
37000, 3.6205, 
37020, 4.3753, 
37040, 4.5696, 
37060, 4.5445, 
37080, 5.5254, 
37100, 5.2618, 
37120, 
37140, 3.6263, 
37160, 
37180, 3.9671, 
37200, 4.8755, 
37220, 4.1474, 
37240, 3.9846, 
37260, 
37280, 4.5436, 
37300, 5.1480, 
37320, 3.7279, 
37340, 3.6688, 
37360, 
37380, 
37400, 
37420, 
37440, 
37460, 
37480, 
37500, 
37520, 
37540, 
37560, 
37580, 
37600, 
37620, 6.7580, 
37640, 5.1512, 
37660, 5.3244, 
37680, 4.0793, 
37700, 4.1980, 
37720, 3.0406, 
37740, 3.8953, 
37760, 3.8493, 
37780, 
37800, 
37820, 5.0270, 
37840, 
37860, 
37880, 
37900, 
37920, 
37940, 
37960, 
37980, 
38000, 
38020, 
38040, 
38060, 
38080, 
38100, 
38120, 
38140, 5.7210, 
38160, 4.0707, 
38180, 3.9385, 
38200, 4.1458, 
38220, 4.0529, 
38240, 3.1373, 
38260, 3.8331, 
38280, 4.1683, 
38300, 4.2331, 
38320, 
38340, 
38360, 
38380, 
38400, 
38420, 
38440, 
38460, 
38480, 
38500, 
38520, 6.8553, 
38540, 
38560, 
38580, 
38600, 
38620, 4.4956, 
38640, 5.8966, 
38660, 3.5770, 
38680, 3.3943, 
38700, 4.3181, 
38720, 
38740, 
38760, 4.0581, 
38780, 3.4993, 
38800, 5.1865, 
38820, 3.6236, 
38840, 4.5448, 
38860, 4.5190, 
38880, 4.1390, 
38900, 4.9267, 
38920, 3.8453, 
38940, 3.5583, 
38960, 5.2156, 
38980, 
39000, 
39020, 
39040, 
39060, 
39080, 
39100, 
39120, 
39140, 
39160, 
39180, 
39200, 
39220, 5.1864, 
39240, 3.9442, 
39260, 
39280, 
39300, 
39320, 3.1618, 
39340, 5.7803, 
39360, 
39380, 5.7551, 
39400, 
39420, 
39440, 
39460, 
39480, 
39500, 5.6622, 
39520, 4.4688, 
39540, 4.6591, 
39560, 
39580, 3.8348, 
39600, 4.6594, 
39620, 4.2649, 
39640, 3.8301, 
39660, 4.3260, 
39680, 4.2270, 
39700, 5.1382, 
39720, 
39740, 
39760, 
39780, 
39800, 4.9429, 
39820, 
39840, 
39860, 
39880, 3.9097, 
39900, 3.7452, 
39920, 4.5391, 
39940, 4.4006, 
39960, 4.8864, 
39980, 6.2586, 
40000, 4.6285, 
40020, 4.6141, 
40040, 4.3911, 
40060, 3.3061, 
40080, 3.4799, 
40100, 5.4721, 
40120, 4.3658, 
40140, 3.8948, 
40160, 3.7403, 
40180, 4.2159, 
40200, 4.0508, 
40220, 4.7991, 
40240, 4.4830, 
40260, 3.8923, 
40280, 3.3255, 
40300, 3.0600, 
40320, 4.2504, 
40340, 
40360, 
40380, 4.4079, 
40400, 4.0148, 
40420, 3.8989, 
40440, 5.1390, 
40460, 
40480, 
40500, 
40520, 4.6937, 
40540, 4.3703, 
40560, 3.9639, 
40580, 3.5316, 
40600, 6.1420, 
40620, 3.6894, 
40640, 
40660, 
40680, 
40700, 
40720, 
40740, 
40760, 
40780, 
40800, 5.0645, 
40820, 3.7221, 
40840, 5.8435, 
40860, 3.5380, 
40880, 3.7178, 
40900, 
40920, 
40940, 
40960, 
40980, 
41000, 
41020, 4.3209, 
41040, 4.3085, 
41060, 4.4085, 
41080, 
41100, 
41120, 
41140, 
41160, 
41180, 
41200, 
41220, 
41240, 
41260, 
41280, 
41300, 
41320, 
41340, 
41360, 
41380, 
41400, 
41420, 
41440, 
41460, 
41480, 5.6260, 
41500, 5.2229, 
41520, 3.6937, 
41540, 4.0660, 
41560, 4.2272, 
41580, 4.9361, 
41600, 4.3547, 
41620, 
41640, 
41660, 
41680, 
41700, 5.9165, 
41720, 
41740, 4.5952, 
41760, 4.1417, 
41780, 
41800, 
41820, 
41840, 
41860, 
41880, 
41900, 
41920, 
41940, 
41960, 
41980, 
42000, 
42020, 4.8534, 
42040, 3.6867, 
42060, 4.2026, 
42080, 3.7175, 
42100, 5.1611, 
42120, 4.1887, 
42140, 4.8539, 
42160, 3.9311, 
42180, 4.5012, 
42200, 4.0709, 
42220, 5.0092, 
42240, 4.4643, 
42260, 3.5116, 
42280, 3.9131, 
42300, 3.9810, 
42320, 3.9748, 
42340, 
42360, 
42380, 
42400, 
42420, 
42440, 
42460, 
42480, 
42500, 
42520, 3.7695, 
42540, 
42560, 
42580, 
42600, 
42620, 
42640, 4.4137, 
42660, 
42680, 
42700, 
42720, 5.8256, 
42740, 
42760, 
42780, 
42800, 4.0291, 
42820, 3.6242, 
42840, 4.9971, 
42860, 4.9907, 
42880, 
42900, 
42920, 3.2946, 
42940, 4.2573, 
42960, 3.3048, 
42980, 
43000, 
43020, 5.1285, 
43040, 
43060, 
43080, 
43100, 
43120, 4.0834, 
43140, 3.9513, 
43160, 4.1079, 
43180, 5.5940, 
43200, 5.1235, 
43220, 5.1467, 
43240, 3.8220, 
43260, 3.9957, 
43280, 
43300, 
43320, 
43340, 5.9174, 
43360, 
43380, 
43400, 
43420, 7.5805, 
43440, 
43460, 
43480, 
43500, 
43520, 
43540, 
43560, 4.2997, 
43580, 4.1050, 
43600, 4.8271, 
43620, 3.1400, 
43640, 5.1235, 
43660, 4.0425, 
43680, 3.6095, 
43700, 5.1007, 
43720, 3.3701, 
43740, 4.2169, 
43760, 3.1611, 
43780, 4.0520, 
43800, 3.3708, 
43820, 
43840, 4.7797, 
43860, 5.7476, 
43880, 4.8422, 
43900, 4.2556, 
43920, 3.7178, 
43940, 3.5570, 
43960, 5.4006, 
43980, 
44000, 
44020, 
44040, 
44060, 5.2265, 
44080, 
44100, 4.0467, 
44120, 4.4459, 
44140, 3.8150, 
44160, 4.6890, 
44180, 
44200, 
44220, 
44240, 
44260, 
44280, 
44300, 
44320, 
44340, 
44360, 5.6163, 
44380, 
44400, 
44420, 
44440, 
44460, 
44480, 
44500, 5.9279, 
44520, 3.8295, 
44540, 5.4617, 
44560, 4.1341, 
44580, 4.1877, 
44600, 3.4324, 
44620, 
44640, 
44660, 
44680, 
44700, 
44720, 5.1144, 
44740, 5.5164, 
44760, 3.7674, 
44780, 3.4286, 
44800, 4.5972, 
44820, 4.5873, 
44840, 4.4296, 
44860, 4.1917, 
44880, 5.7120, 
44900, 4.4032, 
44920, 
44940, 
44960, 
44980, 6.4158, 
45000, 
45020, 
45040, 
45060, 
45080, 
45100, 
45120, 
45140, 
45160, 4.2900, 
45180, 3.5767, 
45200, 3.7622, 
45220, 3.1271, 
45240, 3.6767, 
45260, 3.5229, 
45280, 4.2309, 
45300, 5.1494, 
45320, 4.2269, 
45340, 3.6276, 
45360, 4.5557, 
45380, 4.7923, 
45400, 4.6229, 
45420, 3.8728, 
45440, 4.2924, 
45460, 
45480, 
45500, 
45520, 
45540, 
45560, 
45580, 3.9788, 
45600, 4.5610, 
45620, 3.2787, 
45640, 3.6858, 
45660, 3.7546, 
45680, 2.8827, 
45700, 4.2554, 
45720, 4.8550, 
45740, 4.8188, 
45760, 5.5606, 
45780, 3.9077, 
45800, 5.3294, 
45820, 
45840, 5.4443, 
45860, 5.0981, 
45880, 4.1331, 
45900, 5.7458, 
45920, 3.9936, 
45940, 3.7885, 
45960, 4.9740, 
45980, 3.0409, 
46000, 
46020, 
46040, 4.0749, 
46060, 3.1469, 
46080, 4.3396, 
46100, 
46120, 
46140, 3.7162, 
46160, 4.3328, 
46180, 4.3675, 
46200, 3.3680, 
46220, 5.1155, 
46240, 3.7403, 
46260, 
46280, 4.2768, 
46300, 4.2252, 
46320, 5.7679, 
46340, 
46360, 
46380, 
46400, 4.5235, 
46420, 
46440, 
46460, 4.5695, 
46480, 3.7237, 
46500, 
46520, 3.4219, 
46540, 4.1397, 
46560, 3.7396, 
46580, 4.1003, 
46600, 
46620, 
46640, 
46660, 
46680, 
46700, 
46720, 
46740, 5.4508, 
46760, 
46780, 
46800, 
46820, 
46840, 4.7151, 
46860, 3.8529, 
46880, 4.1460, 
46900, 
46920, 5.6639, 
46940, 
46960, 
46980, 
47000, 
47020, 4.3343, 
47040, 3.5930, 
47060, 4.0517, 
47080, 3.9917, 
47100, 3.5378, 
47120, 
47140, 
47160, 
47180, 6.1938, 
47200, 4.3154, 
47220, 2.7710, 
47240, 4.3453, 
47260, 4.0997, 
47280, 5.6707, 
47300, 4.1177, 
47320, 3.7708, 
47340, 4.2083, 
47360, 3.4864, 
47380, 4.1191, 
47400, 5.0402, 
47420, 5.4800, 
47440, 4.2754, 
47460, 4.8233, 
47480, 
47500, 
47520, 
47540, 
47560, 
47580, 
47600, 
47620, 
47640, 4.0941, 
47660, 3.7893, 
47680, 4.7491, 
47700, 5.6840, 
47720, 
47740, 
47760, 
47780, 
47800, 
47820, 
47840, 
47860, 
47880, 
47900, 4.3847, 
47920, 
47940, 
47960, 
47980, 
48000, 
48020, 
48040, 
48060, 
48080, 
48100, 
48120, 
48140, 
48160, 
48180, 
48200, 4.6679, 
48220, 3.8426, 
48240, 3.9409, 
48260, 5.2441, 
48280, 
48300, 
48320, 
48340, 
48360, 
48380, 
48400, 
48420, 5.2617, 
48440, 5.6044, 
48460, 4.9158, 
48480, 3.7027, 
48500, 5.5455, 
48520, 4.5647, 
48540, 5.0395, 
48560, 6.4652, 
48580, 5.6605, 
48600, 
48620, 
48640, 
48660, 
48680, 
48700, 4.6354, 
48720, 
48740, 
48760, 5.1507, 
48780, 4.5281, 
48800, 4.7514, 
48820, 4.1445, 
48840, 4.6636, 
48860, 4.2022, 
48880, 3.5272, 
48900, 
48920, 
48940, 
48960, 
48980, 
49000, 
49020, 4.3209, 
49040, 4.3620, 
49060, 
49080, 
49100, 
49120, 3.6321, 
49140, 4.1824, 
49160, 3.8167, 
49180, 3.5099, 
49200, 2.9642, 
49220, 3.5709, 
49240, 4.0648, 
49260, 
49280, 4.0908, 
49300, 4.3793, 
49320, 4.6942, 
49340, 4.4943, 
49360, 2.9433, 
49380, 4.2614, 
49400, 
49420, 
49440, 
49460, 
49480, 
49500, 4.1982, 
49520, 3.7851, 
49540, 3.7070, 
49560, 3.9905, 
49580, 3.7335, 
49600, 3.2109, 
49620, 5.4470, 
49640, 3.2580, 
49660, 4.3939, 
49680, 5.2081, 
49700, 5.3011, 
49720, 
49740, 
49760, 4.6706, 
49780, 3.1284, 
49800, 
49820, 
49840, 6.2271, 
49860, 
49880, 
49900, 
49920, 
49940, 
49960, 
49980, 
50000, 
50020, 
50040, 
50060, 
50080, 
50100, 
50120, 
50140, 
50160, 
50180, 
50200, 
50220, 
50240, 
50260, 
50280, 
50300, 
50320, 
50340, 
50360, 
50380, 
50400, 
50420, 
50440, 
50460, 4.2764, 
50480, 4.4959, 
50500, 3.2747, 
50520, 2.8639, 
50540, 3.9242, 
50560, 4.4535, 
50580, 4.2605, 
50600, 4.2945, 
50620, 4.7532, 
50640, 
50660, 4.2967, 
50680, 3.7126, 
50700, 3.2259, 
50720, 4.6481, 
50740, 4.8089, 
50760, 3.6135, 
50780, 4.4617, 
50800, 4.9701, 
50820, 4.6114, 
50840, 7.1983, 
50860, 
50880, 5.3495, 
50900, 3.0799, 
50920, 3.4827, 
50940, 4.3103, 
50960, 4.8796, 
50980, 3.5162, 
51000, 4.9260, 
51020, 3.4571, 
51040, 5.0822, 
51060, 4.3156, 
51080, 
51100, 
51120, 
51140, 
51160, 
51180, 
51200, 
51220, 
51240, 
51260, 
51280, 
51300, 
51320, 3.8519, 
51340, 
51360, 4.5603, 
51380, 5.1485, 
51400, 5.3035, 
51420, 
51440, 
51460, 
51480, 
51500, 
51520, 
51540, 
51560, 
51580, 
51600, 4.8936, 
51620, 
51640, 
51660, 
51680, 
51700, 3.5349, 
51720, 3.9113, 
51740, 4.5166, 
51760, 3.3784, 
51780, 4.3967, 
51800, 4.4767, 
51820, 2.9696, 
51840, 4.3202, 
51860, 3.5668, 
51880, 3.8219, 
51900, 3.5957, 
51920, 3.9004, 
51940, 3.2557, 
51960, 4.9169, 
51980, 3.0848, 
52000, 3.9692, 
52020, 3.4255, 
52040, 3.7808, 
52060, 4.1448, 
52080, 
52100, 
52120, 
52140, 
52160, 
52180, 
52200, 
52220, 
52240, 
52260, 5.0092, 
52280, 3.8380, 
52300, 
52320, 
52340, 
52360, 
52380, 4.3263, 
52400, 3.7246, 
52420, 4.0627, 
52440, 3.5252, 
52460, 
52480, 
52500, 
52520, 3.9939, 
52540, 3.9232, 
52560, 3.8527, 
52580, 3.5865, 
52600, 3.4769, 
52620, 5.3798, 
52640, 4.4257, 
52660, 4.9717, 
52680, 3.4666, 
52700, 4.8107, 
52720, 4.3425, 
52740, 5.5495, 
52760, 4.8599, 
52780, 4.0502, 
52800, 5.3904, 
52820, 4.2274, 
52840, 4.3906, 
52860, 5.0352, 
52880, 3.8772, 
52900, 4.0936, 
52920, 3.7095, 
52940, 3.4424, 
52960, 4.2294, 
52980, 3.8330, 
53000, 
53020, 
53040, 4.0729, 
53060, 3.7251, 
53080, 4.2388, 
53100, 4.5383, 
53120, 4.5871, 
53140, 4.1538, 
53160, 4.1360, 
53180, 3.2907, 
53200, 4.4888, 
53220, 3.8618, 
53240, 4.1939, 
53260, 3.8173, 
53280, 4.9974, 
53300, 
53320, 4.3265, 
53340, 
53360, 
53380, 
53400, 
53420, 
53440, 
53460, 
53480, 4.1106, 
53500, 4.4755, 
53520, 3.5128, 
53540, 3.9525, 
53560, 
53580, 
53600, 
53620, 
53640, 5.3922, 
53660, 
53680, 
53700, 
53720, 
53740, 
53760, 
53780, 
53800, 
53820, 
53840, 
53860, 
53880, 
53900, 4.7279, 
53920, 5.0205, 
53940, 3.6623, 
53960, 
53980, 
54000, 
54020, 6.0018, 
54040, 
54060, 4.3557, 
54080, 4.8503, 
54100, 3.5542, 
54120, 3.9700, 
54140, 3.1944, 
54160, 4.8113, 
54180, 3.3735, 
54200, 4.6411, 
54220, 4.3082, 
54240, 4.5863, 
54260, 4.4209, 
54280, 
54300, 
54320, 
54340, 
54360, 
54380, 
54400, 4.2854, 
54420, 4.3382, 
54440, 4.9135, 
54460, 3.6775, 
54480, 3.5820, 
54500, 4.7488, 
54520, 3.9947, 
54540, 4.2024, 
54560, 4.1311, 
54580, 3.9644, 
54600, 4.9744, 
54620, 5.1860, 
54640, 7.6825, 
54660, 
54680, 6.5900, 
54700, 
54720, 
54740, 4.0572, 
54760, 3.5432, 
54780, 4.7056, 
54800, 4.0192, 
54820, 5.0582, 
54840, 3.3745, 
54860, 3.7084, 
54880, 5.3817, 
54900, 
54920, 
54940, 
54960, 
54980, 
55000, 3.1429, 
55020, 3.9121, 
55040, 4.7510, 
55060, 5.6142, 
55080, 4.2654, 
55100, 6.2251, 
55120, 
55140, 4.7144, 
55160, 4.4504, 
55180, 3.6561, 
55200, 
55220, 4.1851, 
55240, 4.9639, 
55260, 4.9088, 
55280, 6.6701, 
55300, 
55320, 
55340, 
55360, 
55380, 
55400, 
55420, 3.5719, 
55440, 3.9461, 
55460, 5.8416, 
55480, 4.2922, 
55500, 4.9794, 
55520, 
55540, 
55560, 
55580, 
55600, 
55620, 
55640, 
55660, 
55680, 
55700, 
55720, 
55740, 
55760, 
55780, 
55800, 
55820, 3.5151, 
55840, 4.1318, 
55860, 
55880, 3.6007, 
55900, 
55920, 
55940, 5.9783, 
55960, 
55980, 
56000, 
56020, 
56040, 
56060, 
56080, 
56100, 3.3642, 
56120, 4.0578, 
56140, 2.9323, 
56160, 
56180, 
56200, 
56220, 
56240, 
56260, 
56280, 
56300, 
56320, 
56340, 
56360, 
56380, 
56400, 
56420, 
56440, 
56460, 
56480, 
56500, 
56520, 
56540, 
56560, 
56580, 
56600, 4.5610, 
56620, 3.6200, 
56640, 3.1618, 
56660, 4.2478, 
56680, 5.7325, 
56700, 
56720, 
56740, 
56760, 
56780, 
56800, 
56820, 4.2473, 
56840, 6.2145, 
56860, 4.2175, 
56880, 4.1172, 
56900, 3.7334, 
56920, 4.4586, 
56940, 3.9305, 
56960, 4.0729, 
56980, 4.3625, 
57000, 4.8312, 
57020, 5.0924, 
57040, 3.1552, 
57060, 4.1352, 
57080, 3.6951, 
57100, 5.5831, 
57120, 3.8218, 
57140, 3.6173, 
57160, 4.6187, 
57180, 4.8187, 
57200, 3.9480, 
57220, 4.1599, 
57240, 4.7841, 
57260, 
57280, 
57300, 
57320, 
57340, 
57360, 
57380, 
57400, 
57420, 
57440, 4.8505, 
57460, 3.8524, 
57480, 
57500, 
57520, 
57540, 
57560, 5.5616, 
57580, 
57600, 
57620, 
57640, 
57660, 
57680, 
57700, 
57720, 
57740, 
57760, 
57780, 
57800, 
57820, 
57840, 
57860, 
57880, 6.7797, 
57900, 5.2796, 
57920, 
57940, 
57960, 3.8952, 
57980, 4.6415, 
58000, 4.4656, 
58020, 
58040, 
58060, 
58080, 
58100, 
58120, 
58140, 
58160, 
58180, 
58200, 
58220, 
58240, 
58260, 
58280, 
58300, 
58320, 4.2560, 
58340, 3.6458, 
58360, 3.1412, 
58380, 3.4640, 
58400, 5.3809, 
58420, 2.9281, 
58440, 3.1331, 
58460, 3.2580, 
58480, 
58500, 4.4187, 
58520, 
58540, 
58560, 
58580, 
58600, 4.3858, 
58620, 4.6144, 
58640, 
58660, 
58680, 
58700, 
58720, 
58740, 
58760, 
58780, 
58800, 
58820, 
58840, 
58860, 
58880, 
58900, 
58920, 
58940, 
58960, 
58980, 
59000, 
59020, 
59040, 3.1572, 
59060, 3.7441, 
59080, 4.2249, 
59100, 5.3075, 
59120, 4.2135, 
59140, 4.3317, 
59160, 
59180, 
59200, 
59220, 
59240, 3.8947, 
59260, 
59280, 4.2898, 
59300, 
59320, 3.6391, 
59340, 4.6443, 
59360, 5.3651, 
59380, 
59400, 4.1029, 
59420, 3.4995, 
59440, 3.7203, 
59460, 4.8175, 
59480, 4.6775, 
59500, 3.3072, 
59520, 4.2690, 
59540, 3.3767, 
59560, 3.5790, 
59580, 
59600, 
59620, 
59640, 
59660, 3.5132, 
59680, 3.6314, 
59700, 
59720, 
59740, 
59760, 
59780, 
59800, 
59820, 
59840, 
59860, 
59880, 
59900, 
59920, 
59940, 
59960, 
59980, 
60000, 
60020, 
60040, 
60060, 
60080, 3.7649, 
60100, 3.9479, 
60120, 3.0945, 
60140, 4.5376, 
60160, 4.5550, 
60180, 4.1002, 
60200, 5.0486, 
60220, 4.3473, 
60240, 4.8519, 
60260, 3.4305, 
60280, 
60300, 
60320, 3.7682, 
60340, 5.2238, 
60360, 5.7580, 
60380, 
60400, 
60420, 
60440, 
60460, 6.3507, 
60480, 
60500, 
60520, 5.0309, 
60540, 4.5831, 
60560, 3.1564, 
60580, 3.8190, 
60600, 4.0098, 
60620, 3.8590, 
60640, 4.2743, 
60660, 3.9068, 
60680, 3.9262, 
60700, 5.3643, 
60720, 3.3854, 
60740, 5.6852, 
60760, 3.7202, 
60780, 5.3533, 
60800, 
60820, 
60840, 
60860, 
60880, 4.9053, 
60900, 5.3377, 
60920, 3.5917, 
60940, 4.0910, 
60960, 4.6481, 
60980, 3.8497, 
61000, 3.1684, 
61020, 4.1954, 
61040, 3.9651, 
61060, 3.5442, 
61080, 3.8067, 
61100, 3.6569, 
61120, 5.2855, 
61140, 4.1571, 
61160, 6.4079, 
61180, 
61200, 
61220, 
61240, 
61260, 4.7413, 
61280, 
61300, 
61320, 
61340, 
61360, 5.5598, 
61380, 3.2318, 
61400, 4.5382, 
61420, 4.7230, 
61440, 4.3141, 
61460, 3.5224, 
61480, 4.2533, 
61500, 2.9839, 
61520, 3.7550, 
61540, 5.1340, 
61560, 3.0802, 
61580, 4.5294, 
61600, 3.5878, 
61620, 4.7072, 
61640, 3.8485, 
61660, 5.0282, 
61680, 4.9115, 
61700, 5.4184, 
61720, 4.7519, 
61740, 3.4934, 
61760, 3.0785, 
61780, 3.9898, 
61800, 3.3457, 
61820, 4.4259, 
61840, 2.8760, 
61860, 3.9471, 
61880, 4.1070, 
61900, 3.6329, 
61920, 4.4893, 
61940, 
61960, 
61980, 3.9752, 
62000, 
62020, 
62040, 
62060, 3.8314, 
62080, 
62100, 
62120, 3.7062, 
62140, 
62160, 
62180, 
62200, 4.7390, 
62220, 3.7899, 
62240, 
62260, 
62280, 
62300, 
62320, 
62340, 
62360, 
62380, 
62400, 3.9636, 
62420, 3.4211, 
62440, 4.2148, 
62460, 5.5874, 
62480, 3.7882, 
62500, 3.4225, 
62520, 5.2803, 
62540, 4.1592, 
62560, 3.4584, 
62580, 5.3423, 
62600, 5.0501, 
62620, 3.6570, 
62640, 4.9955, 
62660, 4.2742, 
62680, 3.7743, 
62700, 3.9954, 
62720, 3.8633, 
62740, 
62760, 
62780, 
62800, 
62820, 
62840, 
62860, 
62880, 
62900, 
62920, 
62940, 
62960, 
62980, 
63000, 5.4377, 
63020, 4.1679, 
63040, 4.7688, 
63060, 3.5182, 
63080, 2.9722, 
63100, 5.5455, 
63120, 3.9924, 
63140, 3.6143, 
63160, 
63180, 
63200, 
63220, 
63240, 
63260, 
63280, 
63300, 
63320, 
63340, 
63360, 
63380, 
63400, 
63420, 
63440, 
63460, 3.8963, 
63480, 
63500, 
63520, 
63540, 
63560, 
63580, 
63600, 4.4189, 
63620, 3.2028, 
63640, 3.2594, 
63660, 4.0634, 
63680, 3.5715, 
63700, 4.5103, 
63720, 4.4723, 
63740, 3.9412, 
63760, 4.3833, 
63780, 
63800, 
63820, 
63840, 
63860, 
63880, 4.4929, 
63900, 4.0398, 
63920, 4.1617, 
63940, 4.0339, 
63960, 4.0107, 
63980, 4.0634, 
64000, 3.5301, 
64020, 3.4654, 
64040, 4.8351, 
64060, 5.0733, 
64080, 3.7932, 
64100, 4.1960, 
64120, 4.7290, 
64140, 6.5798, 
64160, 3.8947, 
64180, 3.5536, 
64200, 4.5815, 
64220, 4.1405, 
64240, 5.0594, 
64260, 3.8980, 
64280, 4.4410, 
64300, 
64320, 
64340, 
64360, 6.4475, 
64380, 3.4753, 
64400, 5.0203, 
64420, 4.4201, 
64440, 4.8955, 
64460, 3.8140, 
64480, 5.2236, 
64500, 
64520, 
64540, 
64560, 
64580, 5.1765, 
64600, 
64620, 4.4301, 
64640, 
64660, 
64680, 4.5627, 
64700, 
64720, 
64740, 
64760, 
64780, 
64800, 
64820, 
64840, 
64860, 
64880, 
64900, 
64920, 4.0424, 
64940, 3.5473, 
64960, 
64980, 4.0230, 
65000, 3.8045, 
65020, 4.0434, 
65040, 3.9783, 
65060, 
65080, 
65100, 5.8429, 
65120, 3.7904, 
65140, 3.7425, 
65160, 
65180, 
65200, 4.1374, 
65220, 4.0572, 
65240, 4.4083, 
65260, 4.0458, 
65280, 5.1354, 
65300, 5.2123, 
65320, 3.7190, 
65340, 5.4856, 
65360, 4.3259, 
65380, 4.5450, 
65400, 4.1092, 
65420, 
65440, 
65460, 
65480, 
65500, 
65520, 
65540, 
65560, 
65580, 
65600, 
65620, 
65640, 
65660, 
65680, 3.6028, 
65700, 4.0224, 
65720, 3.8434, 
65740, 4.5623, 
65760, 3.6468, 
65780, 3.5022, 
65800, 3.3574, 
65820, 3.9435, 
65840, 
65860, 
65880, 
65900, 
65920, 
65940, 
65960, 
65980, 4.5245, 
66000, 
66020, 
66040, 
66060, 
66080, 5.3588, 
66100, 4.1073, 
66120, 
66140, 4.5676, 
66160, 4.8085, 
66180, 
66200, 
66220, 
66240, 
66260, 
66280, 5.0611, 
66300, 5.5384, 
66320, 4.6772, 
66340, 3.5708, 
66360, 5.1242, 
66380, 4.3966, 
66400, 3.9982, 
66420, 4.5543, 
66440, 
66460, 
66480, 
66500, 3.9283, 
66520, 3.6642, 
66540, 4.5093, 
66560, 4.1782, 
66580, 4.1334, 
66600, 3.4933, 
66620, 4.0726, 
66640, 3.1657, 
66660, 3.9704, 
66680, 
66700, 
66720, 
66740, 
66760, 4.4849, 
66780, 3.4774, 
66800, 4.8738, 
66820, 3.9412, 
66840, 5.2822, 
66860, 4.4554, 
66880, 4.9440, 
66900, 
66920, 
66940, 
66960, 4.9764, 
66980, 
67000, 
67020, 
67040, 
67060, 
67080, 3.6328, 
67100, 3.9254, 
67120, 3.3860, 
67140, 3.6223, 
67160, 
67180, 
67200, 
67220, 
67240, 
67260, 
67280, 
67300, 
67320, 7.3771, 
67340, 
67360, 
67380, 
67400, 
67420, 
67440, 5.4354, 
67460, 
67480, 
67500, 4.5936, 
67520, 3.7275, 
67540, 3.6701, 
67560, 2.9049, 
67580, 3.2109, 
67600, 3.4261, 
67620, 4.1117, 
67640, 3.7172, 
67660, 4.5213, 
67680, 5.4812, 
67700, 5.2651, 
67720, 5.0449, 
67740, 
67760, 
67780, 
67800, 3.0430, 
67820, 5.0104, 
67840, 
67860, 4.3934, 
67880, 
67900, 
67920, 
67940, 
67960, 
67980, 
68000, 4.5790, 
68020, 4.4739, 
68040, 4.2421, 
68060, 4.0989, 
68080, 5.0939, 
68100, 
68120, 3.2430, 
68140, 6.3093, 
68160, 3.8533, 
68180, 4.8366, 
68200, 
68220, 4.4347, 
68240, 3.7301, 
68260, 3.8092, 
68280, 3.6685, 
68300, 4.6353, 
68320, 4.1338, 
68340, 4.5542, 
68360, 2.9765, 
68380, 4.0387, 
68400, 
68420, 
68440, 3.5919, 
68460, 4.2144, 
68480, 
68500, 
68520, 
68540, 
68560, 
68580, 3.5282, 
68600, 5.4008, 
68620, 3.8640, 
68640, 3.8395, 
68660, 4.1984, 
68680, 
68700, 4.3599, 
68720, 3.2930, 
68740, 4.0295, 
68760, 4.7113, 
68780, 
68800, 
68820, 
68840, 
68860, 
68880, 
68900, 4.3011, 
68920, 
68940, 
68960, 
68980, 
69000, 
69020, 5.2121, 
69040, 3.9545, 
69060, 3.7159, 
69080, 3.5426, 
69100, 4.7347, 
69120, 4.8033, 
69140, 4.9875, 
69160, 4.4173, 
69180, 5.7989, 
69200, 4.5703, 
69220, 3.7215, 
69240, 3.5500, 
69260, 4.0477, 
69280, 4.2687, 
69300, 
69320, 
69340, 
69360, 
69380, 3.3416, 
69400, 2.9972, 
69420, 4.2195, 
69440, 3.9656, 
69460, 5.1605, 
69480, 4.2922, 
69500, 4.5747, 
69520, 5.1414, 
69540, 5.0330, 
69560, 4.2450, 
69580, 
69600, 
69620, 
69640, 
69660, 4.5674, 
69680, 5.8884, 
69700, 6.3475, 
69720, 
69740, 3.8764, 
69760, 3.6202, 
69780, 4.1391, 
69800, 
69820, 
69840, 
69860, 
69880, 
69900, 4.9453, 
69920, 3.8208, 
69940, 4.8904, 
69960, 4.4839, 
69980, 3.6528, 
70000, 5.0084, 
70020, 4.1122, 
70040, 4.7670, 
70060, 3.2093, 
70080, 5.2193, 
70100, 5.2356, 
70120, 4.0689, 
70140, 4.1017, 
70160, 4.6084, 
70180, 4.9048, 
70200, 3.8451, 
70220, 4.3337, 
70240, 4.7512, 
70260, 4.7177, 
70280, 4.8342, 
70300, 
70320, 
70340, 
70360, 
70380, 
70400, 
70420, 
70440, 
70460, 8.1583, 
70480, 3.9324, 
70500, 4.2547, 
70520, 3.6343, 
70540, 3.4285, 
70560, 
70580, 
70600, 
70620, 4.4279, 
70640, 4.3602, 
70660, 
70680, 6.5759, 
70700, 
70720, 
70740, 
70760, 
70780, 
70800, 3.4903, 
70820, 
70840, 
70860, 
70880, 
70900, 
70920, 
70940, 
70960, 4.8149, 
70980, 6.3156, 
71000, 3.4988, 
71020, 4.8425, 
71040, 4.1811, 
71060, 3.1221, 
71080, 4.1320, 
71100, 5.2392, 
71120, 3.8385, 
71140, 3.4291, 
71160, 4.3184, 
71180, 3.3438, 
71200, 
71220, 
71240, 
71260, 
71280, 
71300, 
71320, 
71340, 
71360, 
71380, 4.3941, 
71400, 4.1554, 
71420, 4.1847, 
71440, 3.7057, 
71460, 4.8968, 
71480, 3.0660, 
71500, 4.5222, 
71520, 3.8159, 
71540, 4.6574, 
71560, 4.1282, 
71580, 
71600, 
71620, 
71640, 
71660, 
71680, 5.3712, 
71700, 3.4216, 
71720, 4.1491, 
71740, 3.9320, 
71760, 4.8084, 
71780, 3.5277, 
71800, 4.0072, 
71820, 4.0053, 
71840, 
71860, 
71880, 4.8833, 
71900, 3.7928, 
71920, 4.1603, 
71940, 
71960, 
71980, 
72000, 
72020, 
72040, 
72060, 3.8518, 
72080, 3.8216, 
72100, 3.5946, 
72120, 4.2950, 
72140, 4.0106, 
72160, 5.0900, 
72180, 3.2836, 
72200, 3.5572, 
72220, 4.6241, 
72240, 4.5015, 
72260, 4.3046, 
72280, 3.4966, 
72300, 3.6787, 
72320, 3.5148, 
72340, 3.6620, 
72360, 3.5848, 
72380, 3.8910, 
72400, 4.7595, 
72420, 4.0591, 
72440, 3.5337, 
72460, 4.7921, 
72480, 
72500, 
72520, 
72540, 
72560, 
72580, 
72600, 4.7591, 
72620, 5.3629, 
72640, 3.8416, 
72660, 4.3001, 
72680, 
72700, 
72720, 
72740, 
72760, 
72780, 
72800, 
72820, 
72840, 5.3906, 
72860, 4.7478, 
72880, 5.0546, 
72900, 3.8311, 
72920, 3.8455, 
72940, 5.3692, 
72960, 3.9238, 
72980, 5.1616, 
73000, 4.5743, 
73020, 3.8122, 
73040, 4.3620, 
73060, 3.4889, 
73080, 3.6326, 
73100, 5.0627, 
73120, 5.0177, 
73140, 3.6340, 
73160, 6.1098, 
73180, 3.2874, 
73200, 3.7482, 
73220, 3.9802, 
73240, 4.6490, 
73260, 4.0995, 
73280, 4.6353, 
73300, 3.2479, 
73320, 3.6307, 
73340, 5.6626, 
73360, 
73380, 
73400, 3.5602, 
73420, 4.2126, 
73440, 4.8275, 
73460, 3.7591, 
73480, 4.6626, 
73500, 5.8695, 
73520, 4.1378, 
73540, 4.2938, 
73560, 
73580, 
73600, 
73620, 
