2000	2.088	4.519	
4000	1.949	4.450	
6000	2.056	5.165	
8000	1.899	3.776	
10000	1.999	4.079	
12000	1.971	4.681	
14000	1.864	6.251	
16000	1.891	4.889	
18000	1.988	6.023	
20000	2.038	7.178	
22000	1.888	5.170	
24000	1.949	3.475	
26000	1.897	4.368	
28000	1.988	5.674	
30000	1.951	5.369	
32000	1.932	7.609	
34000	1.975	5.231	
36000	1.950	3.423	
38000	2.015	6.068	
40000	1.895	5.592	
42000	2.036	4.065	
44000	1.957	4.795	
46000	2.062	3.912	
48000	2.026	3.987	
50000	1.908	5.314	
52000	1.926	4.192	
54000	2.026	4.927	
56000	1.968	8.491	
58000	1.936	4.786	
60000	1.963	6.529	
62000	1.946	6.267	
64000	1.879	3.504	
66000	1.852	4.028	
68000	2.005	4.777	
70000	2.118	4.429	
72000	1.916	4.469	
