0.0000	1.2866	2.7341	2.6118	2.7945	3.1646	3.9422	4.1584	4.7851	4.7625	4.7354	4.8057	4.2593	4.4662	4.6510	3.9996	3.5138	3.3981	3.2874	3.4095	4.0181	4.3031	4.2404	4.7953	4.8261	5.7090	5.8739	6.6518	6.8059	6.7228	7.1844	6.3273	6.7052	7.5707	7.6586	7.5834	7.2165	7.4406	7.1713	7.7106	7.7262	8.5097	8.5734	8.9192	8.5871	8.8942	9.4699	9.9058	9.4985	9.1553	
0.0000	0.0000	1.5731	1.8090	2.2690	2.6851	3.2167	3.2037	3.9944	3.9479	3.9638	4.2068	3.7022	3.8839	4.0140	3.5140	3.1898	3.0551	3.0206	3.2915	3.9984	4.4134	4.4753	5.2153	5.3126	6.1814	6.4229	7.1883	7.3758	7.3502	7.7848	6.8344	7.1308	8.0933	8.2082	8.1922	7.8869	8.1026	7.7711	8.2174	8.1623	8.9554	9.0409	9.3930	9.0371	9.3275	9.9405	10.4459	10.0431	9.7067	
0.0000	0.0000	0.0000	1.5731	2.0161	2.1173	2.8145	2.5883	3.5158	3.4362	3.4425	4.0780	3.5747	3.7648	3.8231	3.4639	3.3743	3.0454	3.0987	3.4493	4.3164	4.9368	4.9878	5.8743	6.0441	6.8839	7.1215	7.8381	8.0018	8.0235	8.4142	7.3511	7.5582	8.5720	8.6801	8.7451	8.5302	8.7800	8.3560	8.6899	8.5185	9.2569	9.3929	9.7349	9.3271	9.5978	10.2460	10.8458	10.4479	10.0936	
0.0000	0.0000	0.0000	0.0000	1.5731	1.6180	2.0980	2.3352	3.3616	3.4662	3.2928	3.8047	3.3244	3.6683	3.5530	3.3108	3.0956	2.8991	2.9983	3.4234	4.1141	4.6145	4.9663	5.8748	6.0516	6.8875	6.8958	7.6663	7.8152	7.8129	8.2188	7.1608	7.3150	8.2600	8.2668	8.3154	8.1631	8.4390	8.1528	8.6588	8.5075	9.1577	9.2934	9.6483	9.2496	9.5304	10.2357	10.8282	10.4759	10.1564	
0.0000	0.0000	0.0000	0.0000	0.0000	1.3901	2.0266	2.4070	3.3966	3.4179	3.3504	3.7559	2.9620	3.5956	3.4845	3.3207	3.3286	2.8818	3.2710	3.7461	4.5732	5.1449	5.3956	6.2414	6.4286	7.2410	7.3876	8.1497	8.2526	8.3382	8.7338	7.6826	7.9083	8.8293	8.9549	8.9862	8.7245	8.9270	8.6666	9.1438	9.0230	9.6678	9.6887	10.1248	9.6959	10.0020	10.6322	11.2113	10.8500	10.5647	
0.0000	0.0000	0.0000	0.0000	0.0000	0.0000	1.5731	2.3697	3.1527	3.2204	3.1714	3.5686	2.5394	3.3282	3.3918	3.2499	3.1118	2.7104	2.9268	3.2452	4.1952	4.7842	4.8944	5.9382	6.1050	6.9164	7.0005	7.7300	7.8989	8.0169	8.3751	7.2666	7.3691	8.2640	8.4104	8.5055	8.3757	8.6215	8.3562	8.8778	8.7450	9.2940	9.2529	9.6705	9.1944	9.5505	10.2944	10.9129	10.6069	10.3281	
0.0000	0.0000	0.0000	0.0000	0.0000	0.0000	0.0000	1.5731	2.4491	2.8281	3.1050	3.3407	2.6919	3.6936	3.8188	3.9882	4.0499	3.6937	4.1039	4.4783	5.2642	5.8247	6.0794	7.1451	7.3630	8.2117	8.2559	9.0633	9.2538	9.3693	9.7330	8.5760	8.5660	9.5114	9.6438	9.7544	9.6977	9.9627	9.7241	10.2509	10.0767	10.6457	10.6713	11.0813	10.6109	10.9560	11.7411	12.4042	12.1019	11.8095	
0.0000	0.0000	0.0000	0.0000	0.0000	0.0000	0.0000	0.0000	1.2866	2.0113	2.5856	2.7369	2.5161	3.3512	3.4751	3.8342	4.1448	4.0435	4.4109	4.9717	5.5914	6.1069	6.5038	7.5045	7.6793	8.4300	8.4849	9.3314	9.4249	9.5366	9.8162	8.6619	8.7127	9.6948	9.7990	9.8371	9.7357	10.0023	9.7755	10.2242	10.0455	10.7139	10.8762	11.3067	10.9495	11.1636	11.9428	12.6418	12.2888	12.0081	
0.0000	0.0000	0.0000	0.0000	0.0000	0.0000	0.0000	0.0000	0.0000	1.3660	2.2749	2.4620	2.5326	3.2685	3.5352	4.0372	4.4538	4.7234	4.8825	5.2814	5.8646	6.2498	6.6912	7.7407	7.7894	8.4638	8.4971	9.3755	9.4849	9.6634	9.8248	8.6799	8.7242	9.7346	9.8130	9.7864	9.7531	10.0626	9.8735	10.2718	10.0717	10.7590	10.9939	11.3674	11.0814	11.2449	12.1204	12.8228	12.4638	12.1996	
0.0000	0.0000	0.0000	0.0000	0.0000	0.0000	0.0000	0.0000	0.0000	0.0000	1.3901	1.9804	2.1486	2.4696	2.5633	3.1343	3.8114	4.2987	4.4451	4.8266	5.3441	5.7034	6.1824	7.1568	7.1802	7.8320	7.9618	8.8624	8.9935	9.2366	9.3889	8.2435	8.3354	9.4619	9.5856	9.5521	9.5311	9.8702	9.6062	9.9465	9.7718	10.5103	10.7982	11.1399	10.8646	10.9732	11.8055	12.4575	12.0908	11.7934	
0.0000	0.0000	0.0000	0.0000	0.0000	0.0000	0.0000	0.0000	0.0000	0.0000	0.0000	1.4937	1.7159	1.7159	2.0640	2.4920	3.2891	3.7008	3.9380	4.3792	4.8292	5.2447	5.7249	6.6184	6.7266	7.3489	7.4628	8.4027	8.5090	8.7311	8.9020	7.7103	7.7361	8.9235	9.0795	9.0637	9.0782	9.4490	9.1532	9.5739	9.4613	10.2110	10.5053	10.8893	10.5856	10.6684	11.4519	12.1079	11.7876	11.4558	
0.0000	0.0000	0.0000	0.0000	0.0000	0.0000	0.0000	0.0000	0.0000	0.0000	0.0000	0.0000	1.5731	1.5161	2.3428	2.6081	3.4392	3.9861	4.3235	4.6431	5.1245	5.4812	5.8656	6.6269	6.6862	7.3004	7.4181	8.4258	8.5696	8.8143	9.0312	7.8477	7.7448	8.9589	9.2251	9.2621	9.2761	9.6155	9.3473	9.9086	9.9330	10.6898	10.8903	11.3602	11.0543	11.1325	11.8780	12.5058	12.2408	11.9156	
0.0000	0.0000	0.0000	0.0000	0.0000	0.0000	0.0000	0.0000	0.0000	0.0000	0.0000	0.0000	0.0000	1.4142	2.1180	2.4336	2.8428	3.0406	3.4197	4.0062	4.5984	4.9414	5.2835	6.1873	6.3032	6.9504	7.1506	8.0400	8.2127	8.3923	8.6345	7.4707	7.4437	8.5505	8.8062	8.8515	8.8105	9.0786	8.8048	9.3508	9.3826	10.0661	10.1152	10.6061	10.2573	10.4296	11.1703	11.8139	11.5309	11.2525	
0.0000	0.0000	0.0000	0.0000	0.0000	0.0000	0.0000	0.0000	0.0000	0.0000	0.0000	0.0000	0.0000	0.0000	1.5490	1.5590	2.5398	3.0042	3.4203	3.9682	4.3024	4.6491	4.9836	5.6918	5.7761	6.3067	6.5689	7.4562	7.5973	7.7963	8.0348	6.8744	6.8270	8.0573	8.3612	8.4622	8.4384	8.7060	8.3266	8.8006	8.8818	9.6246	9.7933	10.2926	9.9954	10.0265	10.6808	11.3144	11.0400	10.7276	
0.0000	0.0000	0.0000	0.0000	0.0000	0.0000	0.0000	0.0000	0.0000	0.0000	0.0000	0.0000	0.0000	0.0000	0.0000	1.4937	2.5607	3.2000	3.5455	3.8984	4.2636	4.6065	5.0517	5.7651	5.6580	6.2347	6.4804	7.3017	7.5372	7.8686	8.1651	7.1118	7.2203	8.4801	8.7433	8.8867	8.8329	9.0819	8.6965	9.0596	9.1268	9.8539	10.0699	10.4631	10.1787	10.1884	10.7863	11.3113	11.0097	10.7054	
0.0000	0.0000	0.0000	0.0000	0.0000	0.0000	0.0000	0.0000	0.0000	0.0000	0.0000	0.0000	0.0000	0.0000	0.0000	0.0000	1.4696	2.2168	2.4659	2.8882	3.1063	3.6001	3.9614	4.6128	4.7176	5.3124	5.5617	6.4472	6.6112	6.8723	7.2441	6.0952	6.1188	7.3879	7.7405	7.9372	7.8719	8.1258	7.7195	8.3017	8.4454	9.0931	9.2274	9.7322	9.3646	9.4234	9.9654	10.5077	10.2663	9.9411	
0.0000	0.0000	0.0000	0.0000	0.0000	0.0000	0.0000	0.0000	0.0000	0.0000	0.0000	0.0000	0.0000	0.0000	0.0000	0.0000	0.0000	1.3107	1.2866	1.7159	2.0113	2.4784	2.8496	3.6277	3.8370	4.5178	4.7223	5.6080	5.8753	6.0298	6.5005	5.3756	5.3656	6.5508	6.8979	7.1081	7.0781	7.2799	6.9932	7.7778	7.9635	8.4869	8.4669	8.9804	8.5558	8.7526	9.3223	9.8007	9.5935	9.3108	
0.0000	0.0000	0.0000	0.0000	0.0000	0.0000	0.0000	0.0000	0.0000	0.0000	0.0000	0.0000	0.0000	0.0000	0.0000	0.0000	0.0000	0.0000	1.2071	2.2168	2.6100	3.1458	3.1583	3.9885	4.4021	5.0388	5.3608	6.0832	6.2899	6.3474	6.7833	5.6474	5.6916	6.7080	7.1002	7.3170	7.2681	7.4231	7.1128	7.8028	7.9201	8.4330	8.3037	8.8313	8.3452	8.6143	9.2083	9.7461	9.5293	9.2656	
0.0000	0.0000	0.0000	0.0000	0.0000	0.0000	0.0000	0.0000	0.0000	0.0000	0.0000	0.0000	0.0000	0.0000	0.0000	0.0000	0.0000	0.0000	0.0000	1.3901	1.6626	2.1747	2.2826	3.2452	3.6028	4.3415	4.6115	5.3883	5.6247	5.6575	6.0970	4.9672	5.0612	6.0894	6.3627	6.4816	6.4488	6.6775	6.3934	7.1408	7.2524	7.7192	7.6165	8.1165	7.6186	7.9473	8.5538	9.0580	8.8336	8.5460	
0.0000	0.0000	0.0000	0.0000	0.0000	0.0000	0.0000	0.0000	0.0000	0.0000	0.0000	0.0000	0.0000	0.0000	0.0000	0.0000	0.0000	0.0000	0.0000	0.0000	1.5731	2.0956	2.0527	3.0897	3.0847	3.8722	3.9879	4.8065	5.1429	5.4114	5.8621	4.8420	5.0679	6.0187	6.3231	6.4395	6.4094	6.6530	6.5321	7.3046	7.4271	7.7918	7.6300	8.0454	7.5349	7.9136	8.5570	8.9272	8.7287	8.4827	
0.0000	0.0000	0.0000	0.0000	0.0000	0.0000	0.0000	0.0000	0.0000	0.0000	0.0000	0.0000	0.0000	0.0000	0.0000	0.0000	0.0000	0.0000	0.0000	0.0000	0.0000	1.1036	1.6750	2.4171	2.7444	3.4291	3.4179	4.3054	4.6161	4.6502	5.2703	4.1877	4.1369	5.2924	5.5597	5.8252	5.9372	6.1101	5.9597	6.9039	7.1348	7.4383	7.4310	7.8975	7.4335	7.6740	8.1655	8.5444	8.3942	8.1112	
0.0000	0.0000	0.0000	0.0000	0.0000	0.0000	0.0000	0.0000	0.0000	0.0000	0.0000	0.0000	0.0000	0.0000	0.0000	0.0000	0.0000	0.0000	0.0000	0.0000	0.0000	0.0000	1.3107	1.9319	2.1847	3.1343	3.1202	4.0602	4.4934	4.5181	5.1852	4.2462	4.2337	5.2859	5.5838	5.7449	5.9284	6.0840	6.0676	6.9660	7.2099	7.4917	7.3975	7.7936	7.2881	7.6488	8.1638	8.4450	8.3226	8.0415	
0.0000	0.0000	0.0000	0.0000	0.0000	0.0000	0.0000	0.0000	0.0000	0.0000	0.0000	0.0000	0.0000	0.0000	0.0000	0.0000	0.0000	0.0000	0.0000	0.0000	0.0000	0.0000	0.0000	1.4937	1.8456	2.7500	3.0313	3.8070	4.3386	4.4408	5.0388	4.1616	4.2239	5.1866	5.6264	5.7627	5.9787	6.1302	6.0025	6.7446	6.9287	7.2401	6.9954	7.3761	6.7901	7.2829	7.8846	8.1549	8.0407	7.8099	
0.0000	0.0000	0.0000	0.0000	0.0000	0.0000	0.0000	0.0000	0.0000	0.0000	0.0000	0.0000	0.0000	0.0000	0.0000	0.0000	0.0000	0.0000	0.0000	0.0000	0.0000	0.0000	0.0000	0.0000	1.3107	2.2749	2.4604	3.2913	3.8260	3.8070	4.6818	3.9881	4.0406	4.9888	5.5393	5.7535	5.8621	5.9363	5.7362	6.5116	6.8039	7.2155	7.0827	7.4386	6.9096	7.2942	7.6551	7.8042	7.7120	7.4341	
0.0000	0.0000	0.0000	0.0000	0.0000	0.0000	0.0000	0.0000	0.0000	0.0000	0.0000	0.0000	0.0000	0.0000	0.0000	0.0000	0.0000	0.0000	0.0000	0.0000	0.0000	0.0000	0.0000	0.0000	0.0000	1.4696	1.7661	2.6714	3.3543	3.5903	4.3291	3.7961	4.1554	4.9168	5.3941	5.5284	5.7717	5.7800	5.8007	6.5372	6.8886	7.2021	6.9845	7.3311	6.9127	7.2656	7.6846	7.6896	7.5664	7.3977	
0.0000	0.0000	0.0000	0.0000	0.0000	0.0000	0.0000	0.0000	0.0000	0.0000	0.0000	0.0000	0.0000	0.0000	0.0000	0.0000	0.0000	0.0000	0.0000	0.0000	0.0000	0.0000	0.0000	0.0000	0.0000	0.0000	1.5731	1.7749	2.6401	2.8444	3.4077	3.2058	3.8616	4.4693	4.7889	4.8746	5.2902	5.2416	5.3425	6.0548	6.4829	6.6939	6.5143	6.8050	6.5796	6.7839	7.2141	7.0157	6.8829	6.9446	
0.0000	0.0000	0.0000	0.0000	0.0000	0.0000	0.0000	0.0000	0.0000	0.0000	0.0000	0.0000	0.0000	0.0000	0.0000	0.0000	0.0000	0.0000	0.0000	0.0000	0.0000	0.0000	0.0000	0.0000	0.0000	0.0000	0.0000	1.3901	1.8544	2.2470	2.8958	2.6306	3.1180	3.6915	4.0315	4.2263	4.5838	4.5610	4.8327	5.7247	6.2072	6.3505	6.2516	6.6033	6.4063	6.4905	6.9381	6.8477	6.8309	6.7732	
0.0000	0.0000	0.0000	0.0000	0.0000	0.0000	0.0000	0.0000	0.0000	0.0000	0.0000	0.0000	0.0000	0.0000	0.0000	0.0000	0.0000	0.0000	0.0000	0.0000	0.0000	0.0000	0.0000	0.0000	0.0000	0.0000	0.0000	0.0000	1.4937	1.9571	2.5712	2.9175	3.6475	3.9288	4.1320	4.4609	4.8358	4.6847	4.9013	5.6164	6.0750	6.0365	5.8943	6.0346	5.9388	5.9939	6.4516	6.1029	6.0626	6.2867	
0.0000	0.0000	0.0000	0.0000	0.0000	0.0000	0.0000	0.0000	0.0000	0.0000	0.0000	0.0000	0.0000	0.0000	0.0000	0.0000	0.0000	0.0000	0.0000	0.0000	0.0000	0.0000	0.0000	0.0000	0.0000	0.0000	0.0000	0.0000	0.0000	1.3901	1.7216	2.0161	2.9893	3.0640	3.3956	3.7112	3.8942	3.8173	4.0075	4.7163	5.2100	5.1878	5.1553	5.4535	5.3742	5.2217	5.5510	5.3675	5.4283	5.4881	
0.0000	0.0000	0.0000	0.0000	0.0000	0.0000	0.0000	0.0000	0.0000	0.0000	0.0000	0.0000	0.0000	0.0000	0.0000	0.0000	0.0000	0.0000	0.0000	0.0000	0.0000	0.0000	0.0000	0.0000	0.0000	0.0000	0.0000	0.0000	0.0000	0.0000	1.4696	1.9214	2.6879	2.7159	2.8875	3.3866	3.4492	3.2996	3.3898	4.2283	4.8071	4.8927	5.0175	5.2578	5.2541	5.0510	5.2912	5.1113	5.1185	5.1373	
0.0000	0.0000	0.0000	0.0000	0.0000	0.0000	0.0000	0.0000	0.0000	0.0000	0.0000	0.0000	0.0000	0.0000	0.0000	0.0000	0.0000	0.0000	0.0000	0.0000	0.0000	0.0000	0.0000	0.0000	0.0000	0.0000	0.0000	0.0000	0.0000	0.0000	0.0000	1.4937	2.4659	2.2444	2.2842	2.4263	2.5980	2.6204	2.9138	3.7752	4.5037	4.4985	4.7148	4.8581	5.1502	4.6881	5.0019	4.7000	4.7093	4.8299	
0.0000	0.0000	0.0000	0.0000	0.0000	0.0000	0.0000	0.0000	0.0000	0.0000	0.0000	0.0000	0.0000	0.0000	0.0000	0.0000	0.0000	0.0000	0.0000	0.0000	0.0000	0.0000	0.0000	0.0000	0.0000	0.0000	0.0000	0.0000	0.0000	0.0000	0.0000	0.0000	1.4937	1.9732	2.2247	2.4571	2.7305	2.8684	2.9913	3.9140	4.5245	4.5661	4.7946	5.2254	5.2790	4.8613	5.2069	5.5137	5.5394	5.3502	
0.0000	0.0000	0.0000	0.0000	0.0000	0.0000	0.0000	0.0000	0.0000	0.0000	0.0000	0.0000	0.0000	0.0000	0.0000	0.0000	0.0000	0.0000	0.0000	0.0000	0.0000	0.0000	0.0000	0.0000	0.0000	0.0000	0.0000	0.0000	0.0000	0.0000	0.0000	0.0000	0.0000	1.5731	2.1634	2.6503	2.9320	3.1432	2.9663	4.1041	4.7551	4.9252	5.2249	5.7651	5.7737	5.3170	5.7761	6.3016	6.4069	6.1339	
0.0000	0.0000	0.0000	0.0000	0.0000	0.0000	0.0000	0.0000	0.0000	0.0000	0.0000	0.0000	0.0000	0.0000	0.0000	0.0000	0.0000	0.0000	0.0000	0.0000	0.0000	0.0000	0.0000	0.0000	0.0000	0.0000	0.0000	0.0000	0.0000	0.0000	0.0000	0.0000	0.0000	0.0000	1.3107	2.1991	2.5795	2.6578	2.7444	3.8280	4.5862	4.6163	4.7934	5.2703	5.4395	4.9064	5.3471	5.7281	5.8673	5.7331	
0.0000	0.0000	0.0000	0.0000	0.0000	0.0000	0.0000	0.0000	0.0000	0.0000	0.0000	0.0000	0.0000	0.0000	0.0000	0.0000	0.0000	0.0000	0.0000	0.0000	0.0000	0.0000	0.0000	0.0000	0.0000	0.0000	0.0000	0.0000	0.0000	0.0000	0.0000	0.0000	0.0000	0.0000	0.0000	1.3107	2.1373	2.1933	2.7020	3.8476	4.6099	4.5022	4.7851	5.0976	5.4575	4.8757	5.2838	5.5626	5.6380	5.5978	
0.0000	0.0000	0.0000	0.0000	0.0000	0.0000	0.0000	0.0000	0.0000	0.0000	0.0000	0.0000	0.0000	0.0000	0.0000	0.0000	0.0000	0.0000	0.0000	0.0000	0.0000	0.0000	0.0000	0.0000	0.0000	0.0000	0.0000	0.0000	0.0000	0.0000	0.0000	0.0000	0.0000	0.0000	0.0000	0.0000	1.5731	2.0856	2.6285	3.7600	4.5285	4.5085	4.7382	5.0003	5.3950	4.8940	5.3168	5.5648	5.6170	5.5514	
0.0000	0.0000	0.0000	0.0000	0.0000	0.0000	0.0000	0.0000	0.0000	0.0000	0.0000	0.0000	0.0000	0.0000	0.0000	0.0000	0.0000	0.0000	0.0000	0.0000	0.0000	0.0000	0.0000	0.0000	0.0000	0.0000	0.0000	0.0000	0.0000	0.0000	0.0000	0.0000	0.0000	0.0000	0.0000	0.0000	0.0000	1.1830	1.4659	2.7138	3.4434	3.7685	4.1445	4.5144	4.8900	4.3896	4.8043	5.1962	5.1832	4.9517	
0.0000	0.0000	0.0000	0.0000	0.0000	0.0000	0.0000	0.0000	0.0000	0.0000	0.0000	0.0000	0.0000	0.0000	0.0000	0.0000	0.0000	0.0000	0.0000	0.0000	0.0000	0.0000	0.0000	0.0000	0.0000	0.0000	0.0000	0.0000	0.0000	0.0000	0.0000	0.0000	0.0000	0.0000	0.0000	0.0000	0.0000	0.0000	1.3901	2.3910	3.1142	3.3654	3.5590	4.0161	4.5571	4.0171	4.4182	4.7723	4.7118	4.7722	
0.0000	0.0000	0.0000	0.0000	0.0000	0.0000	0.0000	0.0000	0.0000	0.0000	0.0000	0.0000	0.0000	0.0000	0.0000	0.0000	0.0000	0.0000	0.0000	0.0000	0.0000	0.0000	0.0000	0.0000	0.0000	0.0000	0.0000	0.0000	0.0000	0.0000	0.0000	0.0000	0.0000	0.0000	0.0000	0.0000	0.0000	0.0000	0.0000	1.4696	2.3251	2.8384	3.3284	3.6131	4.0866	3.4283	3.7433	4.2499	4.2441	4.0221	
0.0000	0.0000	0.0000	0.0000	0.0000	0.0000	0.0000	0.0000	0.0000	0.0000	0.0000	0.0000	0.0000	0.0000	0.0000	0.0000	0.0000	0.0000	0.0000	0.0000	0.0000	0.0000	0.0000	0.0000	0.0000	0.0000	0.0000	0.0000	0.0000	0.0000	0.0000	0.0000	0.0000	0.0000	0.0000	0.0000	0.0000	0.0000	0.0000	0.0000	1.2866	2.0956	2.6851	2.6893	3.4692	2.6706	2.7726	3.5507	3.3921	3.4236	
0.0000	0.0000	0.0000	0.0000	0.0000	0.0000	0.0000	0.0000	0.0000	0.0000	0.0000	0.0000	0.0000	0.0000	0.0000	0.0000	0.0000	0.0000	0.0000	0.0000	0.0000	0.0000	0.0000	0.0000	0.0000	0.0000	0.0000	0.0000	0.0000	0.0000	0.0000	0.0000	0.0000	0.0000	0.0000	0.0000	0.0000	0.0000	0.0000	0.0000	0.0000	1.3901	2.0178	2.3681	2.8213	2.4604	2.9820	3.9249	3.7754	3.7893	
0.0000	0.0000	0.0000	0.0000	0.0000	0.0000	0.0000	0.0000	0.0000	0.0000	0.0000	0.0000	0.0000	0.0000	0.0000	0.0000	0.0000	0.0000	0.0000	0.0000	0.0000	0.0000	0.0000	0.0000	0.0000	0.0000	0.0000	0.0000	0.0000	0.0000	0.0000	0.0000	0.0000	0.0000	0.0000	0.0000	0.0000	0.0000	0.0000	0.0000	0.0000	0.0000	1.2866	1.8195	2.2216	1.6714	2.4029	3.4538	3.4500	3.5300	
0.0000	0.0000	0.0000	0.0000	0.0000	0.0000	0.0000	0.0000	0.0000	0.0000	0.0000	0.0000	0.0000	0.0000	0.0000	0.0000	0.0000	0.0000	0.0000	0.0000	0.0000	0.0000	0.0000	0.0000	0.0000	0.0000	0.0000	0.0000	0.0000	0.0000	0.0000	0.0000	0.0000	0.0000	0.0000	0.0000	0.0000	0.0000	0.0000	0.0000	0.0000	0.0000	0.0000	1.4696	1.7749	1.5607	2.3283	3.1458	3.1893	3.5598	
0.0000	0.0000	0.0000	0.0000	0.0000	0.0000	0.0000	0.0000	0.0000	0.0000	0.0000	0.0000	0.0000	0.0000	0.0000	0.0000	0.0000	0.0000	0.0000	0.0000	0.0000	0.0000	0.0000	0.0000	0.0000	0.0000	0.0000	0.0000	0.0000	0.0000	0.0000	0.0000	0.0000	0.0000	0.0000	0.0000	0.0000	0.0000	0.0000	0.0000	0.0000	0.0000	0.0000	0.0000	1.4696	1.1036	2.0527	2.7077	2.6285	3.1992	
0.0000	0.0000	0.0000	0.0000	0.0000	0.0000	0.0000	0.0000	0.0000	0.0000	0.0000	0.0000	0.0000	0.0000	0.0000	0.0000	0.0000	0.0000	0.0000	0.0000	0.0000	0.0000	0.0000	0.0000	0.0000	0.0000	0.0000	0.0000	0.0000	0.0000	0.0000	0.0000	0.0000	0.0000	0.0000	0.0000	0.0000	0.0000	0.0000	0.0000	0.0000	0.0000	0.0000	0.0000	0.0000	1.3901	2.2525	3.1154	3.1258	3.5251	
0.0000	0.0000	0.0000	0.0000	0.0000	0.0000	0.0000	0.0000	0.0000	0.0000	0.0000	0.0000	0.0000	0.0000	0.0000	0.0000	0.0000	0.0000	0.0000	0.0000	0.0000	0.0000	0.0000	0.0000	0.0000	0.0000	0.0000	0.0000	0.0000	0.0000	0.0000	0.0000	0.0000	0.0000	0.0000	0.0000	0.0000	0.0000	0.0000	0.0000	0.0000	0.0000	0.0000	0.0000	0.0000	0.0000	1.4937	2.3842	2.4175	2.7758	
0.0000	0.0000	0.0000	0.0000	0.0000	0.0000	0.0000	0.0000	0.0000	0.0000	0.0000	0.0000	0.0000	0.0000	0.0000	0.0000	0.0000	0.0000	0.0000	0.0000	0.0000	0.0000	0.0000	0.0000	0.0000	0.0000	0.0000	0.0000	0.0000	0.0000	0.0000	0.0000	0.0000	0.0000	0.0000	0.0000	0.0000	0.0000	0.0000	0.0000	0.0000	0.0000	0.0000	0.0000	0.0000	0.0000	0.0000	1.7321	2.0338	2.2233	
0.0000	0.0000	0.0000	0.0000	0.0000	0.0000	0.0000	0.0000	0.0000	0.0000	0.0000	0.0000	0.0000	0.0000	0.0000	0.0000	0.0000	0.0000	0.0000	0.0000	0.0000	0.0000	0.0000	0.0000	0.0000	0.0000	0.0000	0.0000	0.0000	0.0000	0.0000	0.0000	0.0000	0.0000	0.0000	0.0000	0.0000	0.0000	0.0000	0.0000	0.0000	0.0000	0.0000	0.0000	0.0000	0.0000	0.0000	0.0000	1.2071	1.6626	
0.0000	0.0000	0.0000	0.0000	0.0000	0.0000	0.0000	0.0000	0.0000	0.0000	0.0000	0.0000	0.0000	0.0000	0.0000	0.0000	0.0000	0.0000	0.0000	0.0000	0.0000	0.0000	0.0000	0.0000	0.0000	0.0000	0.0000	0.0000	0.0000	0.0000	0.0000	0.0000	0.0000	0.0000	0.0000	0.0000	0.0000	0.0000	0.0000	0.0000	0.0000	0.0000	0.0000	0.0000	0.0000	0.0000	0.0000	0.0000	0.0000	1.5490	
0.0000	0.0000	0.0000	0.0000	0.0000	0.0000	0.0000	0.0000	0.0000	0.0000	0.0000	0.0000	0.0000	0.0000	0.0000	0.0000	0.0000	0.0000	0.0000	0.0000	0.0000	0.0000	0.0000	0.0000	0.0000	0.0000	0.0000	0.0000	0.0000	0.0000	0.0000	0.0000	0.0000	0.0000	0.0000	0.0000	0.0000	0.0000	0.0000	0.0000	0.0000	0.0000	0.0000	0.0000	0.0000	0.0000	0.0000	0.0000	0.0000	0.0000	
