  0.136728E+00  0.189490E+02  0.922856E-01
  0.141068E+00  0.187639E+02  0.897137E-01
  0.145409E+00  0.187416E+02  0.875298E-01
  0.149749E+00  0.187907E+02  0.855814E-01
  0.154090E+00  0.187637E+02  0.836794E-01
  0.158430E+00  0.186671E+02  0.819005E-01
  0.162771E+00  0.185237E+02  0.799694E-01
  0.167111E+00  0.183801E+02  0.783208E-01
  0.171452E+00  0.183882E+02  0.769463E-01
  0.175793E+00  0.182572E+02  0.754830E-01
  0.180133E+00  0.182241E+02  0.742250E-01
  0.184474E+00  0.181510E+02  0.728971E-01
  0.188814E+00  0.179555E+02  0.715652E-01
  0.193155E+00  0.178114E+02  0.702156E-01
  0.197495E+00  0.177236E+02  0.690119E-01
  0.201836E+00  0.176164E+02  0.680638E-01
  0.206177E+00  0.176015E+02  0.670106E-01
  0.210517E+00  0.175282E+02  0.660332E-01
  0.214858E+00  0.173270E+02  0.650136E-01
  0.219198E+00  0.172592E+02  0.641457E-01
  0.223539E+00  0.172276E+02  0.633574E-01
  0.227879E+00  0.170859E+02  0.637483E-01
  0.232220E+00  0.169507E+02  0.640081E-01
  0.236560E+00  0.168105E+02  0.639158E-01
  0.240901E+00  0.166013E+02  0.636018E-01
  0.245242E+00  0.165064E+02  0.633293E-01
  0.249582E+00  0.163162E+02  0.629264E-01
  0.253923E+00  0.162372E+02  0.625654E-01
  0.258263E+00  0.160346E+02  0.620572E-01
  0.262604E+00  0.160021E+02  0.617238E-01
  0.266944E+00  0.158308E+02  0.613267E-01
  0.271285E+00  0.156353E+02  0.608329E-01
  0.275626E+00  0.154925E+02  0.604251E-01
  0.279966E+00  0.153702E+02  0.599830E-01
  0.284307E+00  0.152153E+02  0.595382E-01
  0.288647E+00  0.150418E+02  0.590261E-01
  0.292988E+00  0.150069E+02  0.573593E-01
  0.297328E+00  0.149183E+02  0.559216E-01
  0.301669E+00  0.146797E+02  0.547531E-01
  0.306009E+00  0.145679E+02  0.538360E-01
  0.310350E+00  0.144354E+02  0.530226E-01
  0.314690E+00  0.142499E+02  0.521803E-01
  0.319031E+00  0.140929E+02  0.514470E-01
  0.323372E+00  0.139836E+02  0.507646E-01
  0.327712E+00  0.138817E+02  0.501210E-01
  0.332053E+00  0.137429E+02  0.495609E-01
  0.336393E+00  0.135350E+02  0.488994E-01
  0.340734E+00  0.134508E+02  0.483393E-01
  0.345074E+00  0.132480E+02  0.476827E-01
  0.349415E+00  0.131574E+02  0.472346E-01
  0.353756E+00  0.131082E+02  0.467481E-01
  0.358096E+00  0.128967E+02  0.461252E-01
  0.362437E+00  0.127195E+02  0.456414E-01
  0.366777E+00  0.125549E+02  0.451344E-01
  0.371118E+00  0.124368E+02  0.446918E-01
  0.375458E+00  0.123058E+02  0.442036E-01
  0.379799E+00  0.121114E+02  0.437019E-01
  0.384139E+00  0.120223E+02  0.432681E-01
  0.388480E+00  0.118417E+02  0.428093E-01
  0.392821E+00  0.117048E+02  0.423581E-01
  0.397161E+00  0.116283E+02  0.419812E-01
  0.401502E+00  0.114884E+02  0.415860E-01
  0.405842E+00  0.113541E+02  0.411804E-01
  0.410183E+00  0.112049E+02  0.407787E-01
  0.414523E+00  0.111036E+02  0.404550E-01
  0.418864E+00  0.109205E+02  0.400029E-01
  0.423204E+00  0.108062E+02  0.397014E-01
  0.427545E+00  0.107151E+02  0.393939E-01
  0.431886E+00  0.105881E+02  0.389994E-01
  0.436226E+00  0.104056E+02  0.386121E-01
  0.440567E+00  0.103430E+02  0.383228E-01
  0.444907E+00  0.102089E+02  0.379889E-01
  0.449248E+00  0.100599E+02  0.376445E-01
  0.453588E+00  0.998227E+01  0.373698E-01
  0.457929E+00  0.992586E+01  0.370757E-01
  0.462269E+00  0.972806E+01  0.367074E-01
  0.466610E+00  0.959035E+01  0.363756E-01
  0.470951E+00  0.950547E+01  0.360724E-01
  0.475291E+00  0.936813E+01  0.357800E-01
  0.479632E+00  0.932411E+01  0.355553E-01
  0.483972E+00  0.926362E+01  0.352876E-01
  0.488313E+00  0.907059E+01  0.349006E-01
  0.492653E+00  0.899544E+01  0.346890E-01
  0.496994E+00  0.885039E+01  0.343794E-01
  0.501335E+00  0.879073E+01  0.341141E-01
  0.505675E+00  0.868797E+01  0.338714E-01
  0.510016E+00  0.863045E+01  0.336903E-01
  0.514356E+00  0.848321E+01  0.333925E-01
  0.518697E+00  0.839364E+01  0.331667E-01
  0.523037E+00  0.829266E+01  0.333854E-01
  0.527378E+00  0.819584E+01  0.334974E-01
  0.531718E+00  0.809521E+01  0.334946E-01
  0.536059E+00  0.802711E+01  0.334756E-01
  0.540400E+00  0.794315E+01  0.334226E-01
  0.544740E+00  0.784351E+01  0.333445E-01
  0.549081E+00  0.774932E+01  0.332499E-01
  0.553421E+00  0.763163E+01  0.330883E-01
  0.557762E+00  0.751801E+01  0.329802E-01
  0.562102E+00  0.750272E+01  0.329196E-01
  0.566443E+00  0.739691E+01  0.327979E-01
  0.570783E+00  0.729277E+01  0.326523E-01
  0.575124E+00  0.723883E+01  0.325463E-01
  0.579465E+00  0.714233E+01  0.324152E-01
  0.583805E+00  0.705268E+01  0.322628E-01
  0.588146E+00  0.698733E+01  0.321480E-01
  0.592486E+00  0.687495E+01  0.320054E-01
  0.596827E+00  0.681496E+01  0.318849E-01
  0.601167E+00  0.674947E+01  0.317615E-01
  0.605508E+00  0.669876E+01  0.316667E-01
  0.609849E+00  0.659664E+01  0.314619E-01
  0.614189E+00  0.648537E+01  0.313141E-01
  0.618530E+00  0.644890E+01  0.311992E-01
  0.622870E+00  0.638952E+01  0.310869E-01
  0.627211E+00  0.632428E+01  0.309888E-01
  0.631551E+00  0.625557E+01  0.308808E-01
  0.635892E+00  0.613796E+01  0.307102E-01
  0.640232E+00  0.604826E+01  0.305468E-01
  0.644573E+00  0.602369E+01  0.304417E-01
  0.648914E+00  0.593492E+01  0.302871E-01
  0.653254E+00  0.586114E+01  0.301410E-01
  0.657595E+00  0.580165E+01  0.300038E-01
  0.661935E+00  0.575203E+01  0.299114E-01
  0.666276E+00  0.568861E+01  0.297764E-01
  0.670616E+00  0.566235E+01  0.296683E-01
  0.674957E+00  0.561450E+01  0.295613E-01
  0.679297E+00  0.552142E+01  0.294164E-01
  0.683638E+00  0.548957E+01  0.293144E-01
  0.687979E+00  0.545910E+01  0.292232E-01
  0.692319E+00  0.536056E+01  0.290630E-01
  0.696660E+00  0.531079E+01  0.289522E-01
  0.701000E+00  0.526091E+01  0.288283E-01
  0.705341E+00  0.515286E+01  0.287059E-01
  0.709681E+00  0.513050E+01  0.286139E-01
  0.714022E+00  0.512608E+01  0.285221E-01
  0.718362E+00  0.504077E+01  0.283790E-01
  0.722703E+00  0.500014E+01  0.282955E-01
  0.727044E+00  0.495489E+01  0.282006E-01
  0.731384E+00  0.490497E+01  0.280874E-01
  0.735725E+00  0.480485E+01  0.279245E-01
  0.740065E+00  0.474922E+01  0.278036E-01
  0.744406E+00  0.472109E+01  0.276927E-01
  0.748746E+00  0.468608E+01  0.275797E-01
  0.753087E+00  0.464108E+01  0.274606E-01
  0.757428E+00  0.454804E+01  0.273215E-01
  0.761768E+00  0.452493E+01  0.272330E-01
  0.766109E+00  0.452699E+01  0.271501E-01
  0.770449E+00  0.449823E+01  0.270428E-01
  0.774790E+00  0.444041E+01  0.268983E-01
  0.779130E+00  0.440735E+01  0.267820E-01
  0.783471E+00  0.431209E+01  0.266237E-01
  0.787811E+00  0.430205E+01  0.265543E-01
  0.792152E+00  0.425186E+01  0.264407E-01
  0.796493E+00  0.421050E+01  0.263143E-01
  0.800833E+00  0.417062E+01  0.262199E-01
  0.805174E+00  0.417799E+01  0.261757E-01
  0.809514E+00  0.410880E+01  0.260366E-01
  0.813855E+00  0.403384E+01  0.259251E-01
  0.818195E+00  0.400805E+01  0.258533E-01
  0.822536E+00  0.400667E+01  0.257996E-01
  0.826876E+00  0.393046E+01  0.256820E-01
  0.831217E+00  0.391847E+01  0.256316E-01
  0.835557E+00  0.385405E+01  0.258114E-01
  0.839898E+00  0.379605E+01  0.261096E-01
  0.844239E+00  0.375634E+01  0.262826E-01
  0.848579E+00  0.376752E+01  0.264382E-01
  0.852920E+00  0.373687E+01  0.265007E-01
  0.857260E+00  0.370763E+01  0.265871E-01
  0.861601E+00  0.367496E+01  0.266377E-01
  0.865941E+00  0.360688E+01  0.266297E-01
  0.870282E+00  0.357056E+01  0.266114E-01
  0.874623E+00  0.353820E+01  0.265711E-01
  0.878963E+00  0.350909E+01  0.265559E-01
  0.883304E+00  0.349741E+01  0.265479E-01
  0.887644E+00  0.343554E+01  0.265193E-01
  0.891985E+00  0.336834E+01  0.264919E-01
  0.896325E+00  0.337449E+01  0.265673E-01
  0.900666E+00  0.333064E+01  0.265880E-01
  0.905007E+00  0.330020E+01  0.265800E-01
  0.909347E+00  0.328265E+01  0.265674E-01
  0.913688E+00  0.324849E+01  0.265851E-01
  0.918028E+00  0.324813E+01  0.266237E-01
  0.922369E+00  0.323858E+01  0.266519E-01
  0.926709E+00  0.317948E+01  0.266156E-01
  0.931050E+00  0.315181E+01  0.266241E-01
  0.935390E+00  0.319322E+01  0.266799E-01
  0.939731E+00  0.315106E+01  0.266467E-01
  0.944071E+00  0.307766E+01  0.266075E-01
  0.948412E+00  0.305442E+01  0.265872E-01
  0.952753E+00  0.300624E+01  0.265930E-01
  0.957093E+00  0.298854E+01  0.265960E-01
  0.961434E+00  0.300783E+01  0.266458E-01
  0.965774E+00  0.296439E+01  0.266775E-01
  0.970115E+00  0.293428E+01  0.266782E-01
  0.974455E+00  0.289465E+01  0.266180E-01
  0.978796E+00  0.287574E+01  0.266050E-01
  0.983136E+00  0.283805E+01  0.265344E-01
  0.987477E+00  0.282474E+01  0.264999E-01
  0.991818E+00  0.281270E+01  0.264484E-01
  0.996158E+00  0.279719E+01  0.263995E-01
  0.100050E+01  0.276867E+01  0.263376E-01
  0.100484E+01  0.275545E+01  0.262927E-01
  0.100918E+01  0.269687E+01  0.262103E-01
  0.101352E+01  0.270026E+01  0.261735E-01
  0.101786E+01  0.266343E+01  0.261060E-01
  0.102220E+01  0.265732E+01  0.260788E-01
  0.102654E+01  0.260473E+01  0.260466E-01
  0.103088E+01  0.258062E+01  0.264173E-01
  0.103522E+01  0.259580E+01  0.269578E-01
  0.103956E+01  0.256734E+01  0.279504E-01
  0.104390E+01  0.254563E+01  0.287076E-01
  0.104825E+01  0.253167E+01  0.293385E-01
  0.105259E+01  0.252012E+01  0.298432E-01
  0.105693E+01  0.250084E+01  0.299097E-01
  0.106127E+01  0.250062E+01  0.295205E-01
  0.106561E+01  0.245630E+01  0.293169E-01
  0.106995E+01  0.243963E+01  0.292596E-01
  0.107429E+01  0.244847E+01  0.293241E-01
  0.107863E+01  0.243486E+01  0.294030E-01
  0.108297E+01  0.237412E+01  0.294986E-01
  0.108731E+01  0.234166E+01  0.296478E-01
  0.109165E+01  0.230584E+01  0.298390E-01
  0.109599E+01  0.236635E+01  0.301177E-01
  0.110033E+01  0.234042E+01  0.301491E-01
  0.110467E+01  0.232720E+01  0.293592E-01
  0.110901E+01  0.233597E+01  0.288371E-01
  0.111335E+01  0.232245E+01  0.284944E-01
  0.111769E+01  0.225536E+01  0.281114E-01
  0.112203E+01  0.221894E+01  0.278561E-01
  0.112637E+01  0.224511E+01  0.277226E-01
  0.113072E+01  0.216346E+01  0.274557E-01
  0.113506E+01  0.216709E+01  0.273026E-01
  0.113940E+01  0.218263E+01  0.272055E-01
  0.114374E+01  0.218703E+01  0.270981E-01
  0.114808E+01  0.212982E+01  0.269272E-01
  0.115242E+01  0.213647E+01  0.268419E-01
  0.115676E+01  0.213053E+01  0.267102E-01
  0.116110E+01  0.209655E+01  0.265566E-01
  0.116544E+01  0.210902E+01  0.264306E-01
  0.116978E+01  0.205035E+01  0.262352E-01
  0.117412E+01  0.204846E+01  0.261358E-01
  0.117846E+01  0.200976E+01  0.260278E-01
  0.118280E+01  0.201082E+01  0.259236E-01
  0.118714E+01  0.197462E+01  0.258425E-01
  0.119148E+01  0.196744E+01  0.257691E-01
  0.119582E+01  0.199911E+01  0.257408E-01
  0.120016E+01  0.198428E+01  0.256653E-01
  0.120450E+01  0.192244E+01  0.255177E-01
  0.120885E+01  0.189408E+01  0.254521E-01
  0.121319E+01  0.189584E+01  0.254330E-01
  0.121753E+01  0.189249E+01  0.253255E-01
  0.122187E+01  0.188494E+01  0.252983E-01
  0.122621E+01  0.188236E+01  0.252615E-01
  0.123055E+01  0.187540E+01  0.251926E-01
  0.123489E+01  0.182159E+01  0.250745E-01
  0.123923E+01  0.179652E+01  0.249695E-01
  0.124357E+01  0.179912E+01  0.249506E-01
  0.124791E+01  0.180065E+01  0.249026E-01
  0.125225E+01  0.178328E+01  0.248439E-01
  0.125659E+01  0.181117E+01  0.248490E-01
  0.126093E+01  0.177983E+01  0.247601E-01
  0.126527E+01  0.176806E+01  0.246835E-01
  0.126961E+01  0.173452E+01  0.246186E-01
  0.127395E+01  0.171506E+01  0.245582E-01
  0.127829E+01  0.169297E+01  0.244862E-01
  0.128263E+01  0.174122E+01  0.245135E-01
  0.128698E+01  0.169777E+01  0.244278E-01
  0.129132E+01  0.170612E+01  0.244224E-01
  0.129566E+01  0.170206E+01  0.243588E-01
  0.130000E+01  0.167160E+01  0.242782E-01
  0.130434E+01  0.166642E+01  0.242440E-01
  0.130868E+01  0.166803E+01  0.241911E-01
  0.131302E+01  0.163650E+01  0.241239E-01
  0.131736E+01  0.162870E+01  0.240815E-01
  0.132170E+01  0.161888E+01  0.240352E-01
  0.132604E+01  0.158388E+01  0.239812E-01
  0.133038E+01  0.158753E+01  0.239309E-01
  0.133472E+01  0.158934E+01  0.238712E-01
  0.133906E+01  0.158026E+01  0.237895E-01
  0.134340E+01  0.156814E+01  0.236871E-01
  0.134774E+01  0.157587E+01  0.236429E-01
  0.135208E+01  0.151084E+01  0.235147E-01
  0.135642E+01  0.154836E+01  0.234992E-01
  0.136077E+01  0.152662E+01  0.234086E-01
  0.136511E+01  0.149841E+01  0.233117E-01
  0.136945E+01  0.151144E+01  0.232914E-01
  0.137379E+01  0.147682E+01  0.231792E-01
  0.137813E+01  0.146495E+01  0.231008E-01
  0.138247E+01  0.146988E+01  0.230528E-01
  0.138681E+01  0.146011E+01  0.230095E-01
  0.139115E+01  0.147498E+01  0.229977E-01
  0.139549E+01  0.146144E+01  0.229585E-01
  0.139983E+01  0.143952E+01  0.229058E-01
  0.140417E+01  0.142795E+01  0.228576E-01
  0.140851E+01  0.145354E+01  0.228504E-01
  0.141285E+01  0.144542E+01  0.228194E-01
  0.141719E+01  0.138580E+01  0.227232E-01
  0.142153E+01  0.137518E+01  0.226823E-01
  0.142587E+01  0.138952E+01  0.226717E-01
  0.143021E+01  0.137814E+01  0.226397E-01
  0.143456E+01  0.140472E+01  0.226228E-01
  0.143890E+01  0.138331E+01  0.225603E-01
  0.144324E+01  0.137922E+01  0.225425E-01
  0.144758E+01  0.135119E+01  0.224882E-01
  0.145192E+01  0.130501E+01  0.224099E-01
  0.145626E+01  0.133656E+01  0.224277E-01
  0.146060E+01  0.132096E+01  0.223914E-01
  0.146494E+01  0.126667E+01  0.222572E-01
  0.146928E+01  0.129150E+01  0.222150E-01
  0.147362E+01  0.128883E+01  0.221572E-01
  0.147796E+01  0.130590E+01  0.221566E-01
  0.148230E+01  0.128875E+01  0.220904E-01
  0.148664E+01  0.127998E+01  0.220516E-01
  0.149098E+01  0.124937E+01  0.219807E-01
  0.149532E+01  0.126656E+01  0.219658E-01
  0.149966E+01  0.125029E+01  0.219281E-01
  0.150400E+01  0.126363E+01  0.219246E-01
  0.150834E+01  0.126028E+01  0.218923E-01
  0.151269E+01  0.124390E+01  0.218740E-01
  0.151703E+01  0.123315E+01  0.218733E-01
  0.152137E+01  0.122686E+01  0.218731E-01
  0.152571E+01  0.122499E+01  0.218843E-01
  0.153005E+01  0.118665E+01  0.218146E-01
  0.153439E+01  0.114823E+01  0.217244E-01
  0.153873E+01  0.118675E+01  0.217539E-01
  0.154307E+01  0.120929E+01  0.217520E-01
  0.154741E+01  0.120833E+01  0.217316E-01
  0.155175E+01  0.119465E+01  0.216894E-01
  0.155609E+01  0.117257E+01  0.216248E-01
  0.156043E+01  0.116515E+01  0.215913E-01
  0.156477E+01  0.114316E+01  0.215203E-01
  0.156911E+01  0.115994E+01  0.215258E-01
  0.157345E+01  0.114669E+01  0.214856E-01
  0.157779E+01  0.116026E+01  0.214709E-01
  0.158213E+01  0.113660E+01  0.214244E-01
  0.158647E+01  0.113541E+01  0.213852E-01
  0.159082E+01  0.114245E+01  0.213768E-01
  0.159516E+01  0.114337E+01  0.213690E-01
  0.159950E+01  0.113486E+01  0.213425E-01
  0.160384E+01  0.109285E+01  0.212810E-01
  0.160818E+01  0.107262E+01  0.212113E-01
  0.161252E+01  0.107490E+01  0.211982E-01
  0.161686E+01  0.108354E+01  0.211863E-01
  0.162120E+01  0.106515E+01  0.211344E-01
  0.162554E+01  0.111264E+01  0.211663E-01
  0.162988E+01  0.110126E+01  0.211155E-01
  0.163422E+01  0.106082E+01  0.210597E-01
  0.163856E+01  0.105975E+01  0.210458E-01
  0.164290E+01  0.105896E+01  0.210201E-01
  0.164724E+01  0.107371E+01  0.209889E-01
  0.165158E+01  0.105464E+01  0.209503E-01
  0.165592E+01  0.101427E+01  0.208787E-01
  0.166026E+01  0.101395E+01  0.208501E-01
  0.166460E+01  0.101247E+01  0.208255E-01
  0.166894E+01  0.102540E+01  0.208310E-01
  0.167328E+01  0.102099E+01  0.208114E-01
  0.167763E+01  0.100064E+01  0.207518E-01
  0.168197E+01  0.993979E+00  0.207263E-01
  0.168631E+01  0.100967E+01  0.207137E-01
  0.169065E+01  0.974671E+00  0.206549E-01
  0.169499E+01  0.989494E+00  0.206401E-01
  0.169933E+01  0.982906E+00  0.206245E-01
  0.170367E+01  0.964471E+00  0.205848E-01
  0.170801E+01  0.972098E+00  0.205623E-01
  0.171235E+01  0.984135E+00  0.205359E-01
  0.171669E+01  0.959146E+00  0.204992E-01
  0.172103E+01  0.951884E+00  0.204625E-01
  0.172537E+01  0.960965E+00  0.204595E-01
  0.172971E+01  0.934256E+00  0.204036E-01
  0.173405E+01  0.953616E+00  0.203920E-01
  0.173839E+01  0.966772E+00  0.203871E-01
  0.174273E+01  0.952159E+00  0.203468E-01
  0.174707E+01  0.936127E+00  0.203095E-01
  0.175141E+01  0.921863E+00  0.202900E-01
  0.175576E+01  0.928191E+00  0.202718E-01
  0.176010E+01  0.928226E+00  0.202499E-01
  0.176444E+01  0.923382E+00  0.202129E-01
  0.176878E+01  0.891732E+00  0.201640E-01
  0.177312E+01  0.920318E+00  0.201720E-01
  0.177746E+01  0.898270E+00  0.201372E-01
  0.178180E+01  0.896907E+00  0.201018E-01
  0.178614E+01  0.885411E+00  0.200791E-01
  0.179048E+01  0.872564E+00  0.200254E-01
  0.179482E+01  0.879107E+00  0.200109E-01
  0.179916E+01  0.892211E+00  0.200078E-01
  0.180350E+01  0.898220E+00  0.199934E-01
  0.180784E+01  0.898304E+00  0.199530E-01
  0.181218E+01  0.845625E+00  0.198888E-01
  0.181652E+01  0.870424E+00  0.199188E-01
  0.182086E+01  0.872261E+00  0.199014E-01
  0.182520E+01  0.863305E+00  0.198682E-01
  0.182954E+01  0.861793E+00  0.198437E-01
  0.183389E+01  0.824031E+00  0.197749E-01
  0.183823E+01  0.828069E+00  0.197565E-01
  0.184257E+01  0.805554E+00  0.197296E-01
  0.184691E+01  0.846687E+00  0.198688E-01
  0.185125E+01  0.856382E+00  0.203329E-01
  0.185559E+01  0.840867E+00  0.206032E-01
  0.185993E+01  0.839945E+00  0.208218E-01
  0.186427E+01  0.834717E+00  0.210110E-01
  0.186861E+01  0.811853E+00  0.211375E-01
  0.187295E+01  0.828426E+00  0.213101E-01
  0.187729E+01  0.816617E+00  0.214234E-01
  0.188163E+01  0.776723E+00  0.215102E-01
  0.188597E+01  0.792009E+00  0.216616E-01
  0.189031E+01  0.802711E+00  0.217840E-01
  0.189465E+01  0.771194E+00  0.218670E-01
  0.189899E+01  0.772730E+00  0.219592E-01
  0.190333E+01  0.783236E+00  0.220826E-01
  0.190768E+01  0.783484E+00  0.221860E-01
  0.191202E+01  0.794531E+00  0.221725E-01
  0.191636E+01  0.795655E+00  0.216475E-01
  0.192070E+01  0.773028E+00  0.212964E-01
  0.192504E+01  0.769791E+00  0.210881E-01
  0.192938E+01  0.776990E+00  0.209391E-01
  0.193372E+01  0.777677E+00  0.208165E-01
  0.193806E+01  0.788854E+00  0.207192E-01
  0.194240E+01  0.744591E+00  0.206059E-01
  0.194674E+01  0.752905E+00  0.205332E-01
  0.195108E+01  0.750769E+00  0.204493E-01
  0.195542E+01  0.751197E+00  0.203741E-01
  0.195976E+01  0.779622E+00  0.203334E-01
  0.196410E+01  0.763102E+00  0.202709E-01
  0.196844E+01  0.723117E+00  0.201531E-01
  0.197278E+01  0.756842E+00  0.201273E-01
  0.197712E+01  0.733886E+00  0.200542E-01
  0.198147E+01  0.719086E+00  0.199996E-01
  0.198581E+01  0.753531E+00  0.200192E-01
  0.199015E+01  0.730739E+00  0.199574E-01
  0.199449E+01  0.728084E+00  0.199034E-01
  0.199883E+01  0.725411E+00  0.198624E-01
  0.200317E+01  0.706299E+00  0.198077E-01
  0.200751E+01  0.732847E+00  0.197883E-01
  0.201185E+01  0.702267E+00  0.197151E-01
  0.201619E+01  0.691556E+00  0.196705E-01
  0.202053E+01  0.699060E+00  0.196381E-01
  0.202487E+01  0.710230E+00  0.196122E-01
  0.202921E+01  0.680188E+00  0.195550E-01
  0.203355E+01  0.690534E+00  0.194915E-01
  0.203789E+01  0.689390E+00  0.194423E-01
  0.204223E+01  0.704250E+00  0.193975E-01
  0.204657E+01  0.703813E+00  0.193497E-01
  0.205091E+01  0.682409E+00  0.192694E-01
  0.205525E+01  0.686335E+00  0.192136E-01
  0.205959E+01  0.693054E+00  0.191700E-01
  0.206394E+01  0.674023E+00  0.190997E-01
  0.206828E+01  0.680476E+00  0.190602E-01
  0.207262E+01  0.671439E+00  0.189966E-01
  0.207696E+01  0.667723E+00  0.189490E-01
  0.208130E+01  0.685877E+00  0.189211E-01
  0.208564E+01  0.681430E+00  0.188707E-01
  0.208998E+01  0.645288E+00  0.188091E-01
  0.209432E+01  0.648391E+00  0.187842E-01
  0.209866E+01  0.679908E+00  0.187896E-01
  0.210300E+01  0.657052E+00  0.187528E-01
  0.210734E+01  0.654442E+00  0.187334E-01
  0.211168E+01  0.668287E+00  0.187302E-01
  0.211602E+01  0.638259E+00  0.186685E-01
  0.212036E+01  0.660128E+00  0.186312E-01
  0.212470E+01  0.668910E+00  0.186049E-01
  0.212904E+01  0.644189E+00  0.185537E-01
  0.213339E+01  0.612730E+00  0.184915E-01
  0.213773E+01  0.632578E+00  0.184826E-01
  0.214207E+01  0.618727E+00  0.184759E-01
  0.214641E+01  0.631172E+00  0.184429E-01
  0.215075E+01  0.621667E+00  0.184197E-01
  0.215509E+01  0.628103E+00  0.184040E-01
  0.215943E+01  0.626838E+00  0.183921E-01
  0.216377E+01  0.619764E+00  0.183784E-01
  0.216811E+01  0.618753E+00  0.183429E-01
  0.217245E+01  0.631933E+00  0.183352E-01
  0.217679E+01  0.636522E+00  0.183451E-01
  0.218113E+01  0.604498E+00  0.183094E-01
  0.218547E+01  0.584625E+00  0.182938E-01
  0.218981E+01  0.617380E+00  0.183072E-01
  0.219415E+01  0.615569E+00  0.182858E-01
  0.219849E+01  0.606265E+00  0.182769E-01
  0.220283E+01  0.612539E+00  0.182505E-01
  0.220717E+01  0.609238E+00  0.182171E-01
  0.221151E+01  0.579047E+00  0.181718E-01
  0.221585E+01  0.599364E+00  0.181973E-01
  0.222020E+01  0.612459E+00  0.182063E-01
  0.222454E+01  0.585041E+00  0.181542E-01
  0.222888E+01  0.573689E+00  0.181306E-01
  0.223322E+01  0.588712E+00  0.181015E-01
  0.223756E+01  0.595202E+00  0.180925E-01
  0.224190E+01  0.564154E+00  0.180460E-01
  0.224624E+01  0.567671E+00  0.180326E-01
  0.225058E+01  0.560868E+00  0.180094E-01
  0.225492E+01  0.549957E+00  0.179940E-01
  0.225926E+01  0.574426E+00  0.179895E-01
  0.226360E+01  0.580721E+00  0.179657E-01
  0.226794E+01  0.577803E+00  0.179711E-01
  0.227228E+01  0.574140E+00  0.179415E-01
  0.227662E+01  0.591828E+00  0.179255E-01
  0.228096E+01  0.563534E+00  0.178839E-01
  0.228530E+01  0.568564E+00  0.178951E-01
  0.228965E+01  0.551915E+00  0.178635E-01
  0.229399E+01  0.558979E+00  0.178388E-01
  0.229833E+01  0.543385E+00  0.178129E-01
  0.230267E+01  0.536034E+00  0.177941E-01
  0.230701E+01  0.540084E+00  0.177822E-01
  0.231135E+01  0.549183E+00  0.177766E-01
  0.231569E+01  0.537603E+00  0.177379E-01
  0.232003E+01  0.553987E+00  0.177287E-01
  0.232437E+01  0.567268E+00  0.177364E-01
  0.232871E+01  0.529847E+00  0.176803E-01
  0.233305E+01  0.504946E+00  0.176456E-01
  0.233739E+01  0.523951E+00  0.176465E-01
  0.234173E+01  0.556864E+00  0.176612E-01
  0.234607E+01  0.533035E+00  0.176260E-01
  0.235041E+01  0.557631E+00  0.176386E-01
  0.235475E+01  0.569012E+00  0.176210E-01
  0.235909E+01  0.573506E+00  0.176025E-01
  0.236343E+01  0.542250E+00  0.175659E-01
  0.236777E+01  0.536166E+00  0.175453E-01
  0.237211E+01  0.517496E+00  0.175140E-01
  0.237646E+01  0.541289E+00  0.175228E-01
  0.238080E+01  0.516368E+00  0.174897E-01
  0.238514E+01  0.508711E+00  0.174627E-01
  0.238948E+01  0.500987E+00  0.174346E-01
  0.239382E+01  0.515603E+00  0.174410E-01
  0.239816E+01  0.513724E+00  0.174143E-01
  0.240250E+01  0.512176E+00  0.173977E-01
  0.240684E+01  0.497306E+00  0.173657E-01
  0.241118E+01  0.517913E+00  0.173626E-01
  0.241552E+01  0.518443E+00  0.173601E-01
  0.241986E+01  0.506255E+00  0.173258E-01
  0.242420E+01  0.522494E+00  0.173072E-01
  0.242854E+01  0.502408E+00  0.172879E-01
  0.243288E+01  0.531859E+00  0.172838E-01
  0.243722E+01  0.507088E+00  0.172640E-01
  0.244156E+01  0.509097E+00  0.172538E-01
  0.244591E+01  0.493685E+00  0.172077E-01
  0.245024E+01  0.500354E+00  0.172134E-01
  0.245459E+01  0.503682E+00  0.172050E-01
  0.245893E+01  0.493402E+00  0.171870E-01
  0.246327E+01  0.482861E+00  0.171553E-01
  0.246761E+01  0.513873E+00  0.171663E-01
  0.247195E+01  0.505602E+00  0.171429E-01
  0.247629E+01  0.479210E+00  0.171138E-01
  0.248063E+01  0.506933E+00  0.171321E-01
  0.248497E+01  0.478787E+00  0.170888E-01
  0.248931E+01  0.479969E+00  0.170674E-01
  0.249365E+01  0.481871E+00  0.170402E-01
  0.249799E+01  0.486130E+00  0.170222E-01
  0.250233E+01  0.511442E+00  0.170510E-01
  0.250667E+01  0.509521E+00  0.170367E-01
  0.251101E+01  0.483674E+00  0.170025E-01
  0.251535E+01  0.483717E+00  0.169838E-01
  0.251969E+01  0.477553E+00  0.169539E-01
  0.252404E+01  0.462554E+00  0.169341E-01
  0.252838E+01  0.486355E+00  0.169258E-01
  0.253272E+01  0.472679E+00  0.169066E-01
  0.253706E+01  0.461799E+00  0.168888E-01
  0.254140E+01  0.446499E+00  0.168571E-01
  0.254574E+01  0.446989E+00  0.168519E-01
  0.255008E+01  0.476293E+00  0.168645E-01
  0.255442E+01  0.492565E+00  0.168635E-01
  0.255876E+01  0.497222E+00  0.168432E-01
  0.256310E+01  0.455426E+00  0.167830E-01
  0.256744E+01  0.457698E+00  0.167809E-01
  0.257178E+01  0.450600E+00  0.167789E-01
  0.257612E+01  0.461185E+00  0.167547E-01
  0.258046E+01  0.446865E+00  0.167369E-01
  0.258480E+01  0.446398E+00  0.167279E-01
  0.258914E+01  0.433099E+00  0.166834E-01
  0.259348E+01  0.467314E+00  0.167116E-01
  0.259782E+01  0.481876E+00  0.167041E-01
  0.260216E+01  0.453446E+00  0.166747E-01
  0.260650E+01  0.469187E+00  0.166648E-01
  0.261085E+01  0.457436E+00  0.166531E-01
  0.261519E+01  0.448611E+00  0.166243E-01
  0.261953E+01  0.427017E+00  0.165896E-01
  0.262387E+01  0.441168E+00  0.165831E-01
  0.262821E+01  0.450750E+00  0.165838E-01
  0.263255E+01  0.444593E+00  0.165545E-01
  0.263689E+01  0.438628E+00  0.165428E-01
  0.264123E+01  0.433549E+00  0.165175E-01
  0.264557E+01  0.425483E+00  0.165037E-01
  0.264991E+01  0.417956E+00  0.164902E-01
  0.265425E+01  0.408490E+00  0.164982E-01
  0.265859E+01  0.437664E+00  0.166952E-01
  0.266293E+01  0.437022E+00  0.170160E-01
  0.266727E+01  0.437077E+00  0.171940E-01
  0.267161E+01  0.416845E+00  0.173134E-01
  0.267595E+01  0.426941E+00  0.174601E-01
  0.268030E+01  0.419193E+00  0.175844E-01
  0.268464E+01  0.430374E+00  0.177125E-01
  0.268898E+01  0.445787E+00  0.178267E-01
  0.269332E+01  0.446973E+00  0.179097E-01
  0.269766E+01  0.421690E+00  0.179661E-01
  0.270200E+01  0.437245E+00  0.180712E-01
  0.270634E+01  0.447987E+00  0.181422E-01
  0.271068E+01  0.431097E+00  0.182210E-01
  0.271502E+01  0.421032E+00  0.182812E-01
  0.271936E+01  0.453654E+00  0.183997E-01
  0.272370E+01  0.444116E+00  0.182407E-01
  0.272804E+01  0.401561E+00  0.178502E-01
  0.273238E+01  0.409706E+00  0.176453E-01
  0.273672E+01  0.403830E+00  0.175283E-01
  0.274106E+01  0.402028E+00  0.174267E-01
  0.274540E+01  0.385424E+00  0.173254E-01
  0.274974E+01  0.397269E+00  0.172550E-01
  0.275408E+01  0.403553E+00  0.172094E-01
  0.275842E+01  0.412206E+00  0.171628E-01
  0.276277E+01  0.448048E+00  0.171413E-01
  0.276711E+01  0.425999E+00  0.170580E-01
  0.277145E+01  0.436726E+00  0.170313E-01
  0.277579E+01  0.407519E+00  0.169662E-01
  0.278013E+01  0.380921E+00  0.169025E-01
  0.278447E+01  0.413756E+00  0.168966E-01
  0.278881E+01  0.414470E+00  0.168365E-01
  0.279315E+01  0.406411E+00  0.167815E-01
  0.279749E+01  0.392849E+00  0.167255E-01
  0.280183E+01  0.383594E+00  0.166685E-01
  0.280617E+01  0.393385E+00  0.166086E-01
  0.281051E+01  0.396682E+00  0.165807E-01
  0.281485E+01  0.421571E+00  0.165549E-01
  0.281919E+01  0.403337E+00  0.164960E-01
  0.282353E+01  0.393954E+00  0.164356E-01
  0.282787E+01  0.367687E+00  0.163607E-01
  0.283221E+01  0.394236E+00  0.163448E-01
  0.283656E+01  0.390580E+00  0.163049E-01
  0.284090E+01  0.368171E+00  0.162425E-01
  0.284524E+01  0.362680E+00  0.161990E-01
  0.284958E+01  0.356677E+00  0.161595E-01
  0.285392E+01  0.366162E+00  0.161314E-01
  0.285826E+01  0.374652E+00  0.161107E-01
  0.286260E+01  0.389933E+00  0.161041E-01
  0.286694E+01  0.375524E+00  0.160723E-01
  0.287128E+01  0.371893E+00  0.160518E-01
  0.287562E+01  0.383318E+00  0.160435E-01
  0.287996E+01  0.386958E+00  0.160444E-01
  0.288430E+01  0.393319E+00  0.160315E-01
  0.288864E+01  0.398158E+00  0.160224E-01
  0.289298E+01  0.368853E+00  0.159875E-01
  0.289732E+01  0.392051E+00  0.159981E-01
  0.290166E+01  0.392381E+00  0.159689E-01
  0.290600E+01  0.391419E+00  0.159532E-01
  0.291034E+01  0.379963E+00  0.159343E-01
  0.291468E+01  0.375568E+00  0.159732E-01
  0.291903E+01  0.377725E+00  0.162193E-01
  0.292337E+01  0.395588E+00  0.164952E-01
  0.292771E+01  0.387846E+00  0.166033E-01
  0.293205E+01  0.362770E+00  0.166652E-01
  0.293639E+01  0.371524E+00  0.167722E-01
  0.294073E+01  0.370714E+00  0.168875E-01
  0.294507E+01  0.349801E+00  0.169489E-01
  0.294941E+01  0.367755E+00  0.170463E-01
  0.295375E+01  0.393118E+00  0.171563E-01
  0.295809E+01  0.387515E+00  0.172258E-01
  0.296243E+01  0.368542E+00  0.172716E-01
  0.296677E+01  0.378514E+00  0.173312E-01
  0.297111E+01  0.363734E+00  0.173470E-01
  0.297545E+01  0.363257E+00  0.173767E-01
  0.297979E+01  0.347571E+00  0.173933E-01
  0.298413E+01  0.359321E+00  0.174223E-01
  0.298848E+01  0.389860E+00  0.174694E-01
  0.299281E+01  0.385579E+00  0.174892E-01
  0.299716E+01  0.352271E+00  0.174676E-01
  0.300150E+01  0.386429E+00  0.175204E-01
  0.300584E+01  0.353492E+00  0.175106E-01
  0.301018E+01  0.343208E+00  0.175184E-01
  0.301452E+01  0.356224E+00  0.175539E-01
  0.301886E+01  0.360219E+00  0.175827E-01
  0.302320E+01  0.350961E+00  0.175772E-01
  0.302754E+01  0.380916E+00  0.176212E-01
  0.303188E+01  0.371202E+00  0.176227E-01
  0.303622E+01  0.375066E+00  0.176475E-01
  0.304056E+01  0.371624E+00  0.176579E-01
  0.304490E+01  0.335769E+00  0.176425E-01
  0.304924E+01  0.355082E+00  0.176804E-01
  0.305358E+01  0.366368E+00  0.177091E-01
  0.305792E+01  0.369840E+00  0.177280E-01
  0.306226E+01  0.359784E+00  0.177149E-01
  0.306661E+01  0.358976E+00  0.177267E-01
  0.307095E+01  0.378464E+00  0.177613E-01
  0.307529E+01  0.377170E+00  0.177732E-01
  0.307963E+01  0.378694E+00  0.177839E-01
  0.308397E+01  0.339852E+00  0.177642E-01
  0.308831E+01  0.335851E+00  0.177654E-01
  0.309265E+01  0.325494E+00  0.177843E-01
  0.309699E+01  0.333498E+00  0.178027E-01
  0.310133E+01  0.353828E+00  0.178015E-01
  0.310567E+01  0.343717E+00  0.177673E-01
  0.311001E+01  0.368507E+00  0.177658E-01
  0.311435E+01  0.371714E+00  0.177555E-01
  0.311869E+01  0.363987E+00  0.177532E-01
  0.312303E+01  0.353668E+00  0.177447E-01
  0.312737E+01  0.338486E+00  0.177168E-01
  0.313171E+01  0.355876E+00  0.177593E-01
  0.313605E+01  0.334258E+00  0.177502E-01
  0.314039E+01  0.352734E+00  0.177776E-01
  0.314473E+01  0.352507E+00  0.177852E-01
  0.314907E+01  0.339039E+00  0.177809E-01
  0.315342E+01  0.348245E+00  0.177978E-01
  0.315776E+01  0.341169E+00  0.177989E-01
  0.316210E+01  0.338562E+00  0.177985E-01
  0.316644E+01  0.356429E+00  0.178298E-01
  0.317078E+01  0.361971E+00  0.178439E-01
  0.317512E+01  0.339753E+00  0.178285E-01
  0.317946E+01  0.328205E+00  0.178343E-01
  0.318380E+01  0.353281E+00  0.178688E-01
  0.318814E+01  0.346550E+00  0.178650E-01
  0.319248E+01  0.340686E+00  0.178511E-01
  0.319682E+01  0.339339E+00  0.178518E-01
  0.320116E+01  0.352897E+00  0.178908E-01
  0.320550E+01  0.333677E+00  0.178680E-01
  0.320984E+01  0.325574E+00  0.178743E-01
  0.321418E+01  0.324098E+00  0.178694E-01
  0.321852E+01  0.334624E+00  0.179126E-01
  0.322287E+01  0.326304E+00  0.179042E-01
  0.322721E+01  0.308450E+00  0.178867E-01
  0.323155E+01  0.333216E+00  0.179337E-01
  0.323589E+01  0.348280E+00  0.179493E-01
  0.324023E+01  0.334405E+00  0.179393E-01
  0.324457E+01  0.288623E+00  0.178961E-01
  0.324891E+01  0.303979E+00  0.179254E-01
  0.325325E+01  0.305419E+00  0.179194E-01
  0.325759E+01  0.308572E+00  0.179386E-01
  0.326193E+01  0.340086E+00  0.179808E-01
  0.326627E+01  0.342919E+00  0.179914E-01
  0.327061E+01  0.320735E+00  0.179921E-01
  0.327495E+01  0.339456E+00  0.180090E-01
  0.327929E+01  0.316535E+00  0.179988E-01
  0.328363E+01  0.337931E+00  0.180137E-01
  0.328797E+01  0.314894E+00  0.179840E-01
  0.329231E+01  0.318985E+00  0.180093E-01
  0.329665E+01  0.310963E+00  0.180004E-01
  0.330099E+01  0.312507E+00  0.180106E-01
  0.330533E+01  0.348003E+00  0.180461E-01
  0.330968E+01  0.322180E+00  0.180342E-01
  0.331402E+01  0.335717E+00  0.180588E-01
  0.331836E+01  0.319351E+00  0.180577E-01
  0.332270E+01  0.337204E+00  0.180901E-01
  0.332704E+01  0.321115E+00  0.180689E-01
  0.333138E+01  0.312261E+00  0.180440E-01
  0.333572E+01  0.327210E+00  0.180700E-01
  0.334006E+01  0.332506E+00  0.180966E-01
  0.334440E+01  0.337025E+00  0.180964E-01
  0.334874E+01  0.331990E+00  0.180879E-01
  0.335308E+01  0.322217E+00  0.180880E-01
  0.335742E+01  0.353893E+00  0.181423E-01
  0.336176E+01  0.314145E+00  0.180829E-01
  0.336610E+01  0.314782E+00  0.180942E-01
  0.337044E+01  0.313969E+00  0.181171E-01
  0.337478E+01  0.315683E+00  0.181132E-01
  0.337913E+01  0.312438E+00  0.181295E-01
  0.338347E+01  0.305090E+00  0.181224E-01
  0.338781E+01  0.320314E+00  0.181337E-01
  0.339215E+01  0.317870E+00  0.181500E-01
  0.339649E+01  0.305000E+00  0.181224E-01
  0.340083E+01  0.332314E+00  0.181640E-01
  0.340517E+01  0.302698E+00  0.181230E-01
  0.340951E+01  0.305626E+00  0.181339E-01
  0.341385E+01  0.299695E+00  0.181528E-01
  0.341819E+01  0.299256E+00  0.181718E-01
  0.342253E+01  0.311117E+00  0.182024E-01
  0.342687E+01  0.307354E+00  0.181937E-01
  0.343121E+01  0.301246E+00  0.181768E-01
  0.343555E+01  0.293854E+00  0.181729E-01
  0.343989E+01  0.258601E+00  0.181318E-01
  0.344423E+01  0.293897E+00  0.181734E-01
  0.344857E+01  0.308065E+00  0.182000E-01
  0.345291E+01  0.319613E+00  0.182060E-01
  0.345725E+01  0.291663E+00  0.181887E-01
  0.346159E+01  0.292562E+00  0.181913E-01
  0.346594E+01  0.269835E+00  0.182551E-01
  0.347028E+01  0.302851E+00  0.188900E-01
  0.347462E+01  0.302564E+00  0.192559E-01
  0.347896E+01  0.277955E+00  0.194700E-01
  0.348330E+01  0.294164E+00  0.197100E-01
  0.348764E+01  0.282373E+00  0.199266E-01
  0.349198E+01  0.274983E+00  0.201310E-01
  0.349632E+01  0.292358E+00  0.203372E-01
  0.350066E+01  0.321204E+00  0.205628E-01
  0.350500E+01  0.278507E+00  0.207415E-01
  0.350934E+01  0.291238E+00  0.209488E-01
  0.351368E+01  0.306459E+00  0.211559E-01
  0.351802E+01  0.309496E+00  0.213330E-01
  0.352236E+01  0.276437E+00  0.214769E-01
  0.352670E+01  0.312045E+00  0.217407E-01
  0.353104E+01  0.316855E+00  0.219418E-01
  0.353539E+01  0.304916E+00  0.221126E-01
  0.353973E+01  0.294198E+00  0.222805E-01
  0.354407E+01  0.245679E+00  0.223642E-01
  0.354841E+01  0.264347E+00  0.225550E-01
  0.355275E+01  0.320589E+00  0.228192E-01
  0.355709E+01  0.278220E+00  0.229387E-01
  0.356143E+01  0.286129E+00  0.231553E-01
  0.356577E+01  0.275010E+00  0.233111E-01
  0.357011E+01  0.297254E+00  0.234308E-01
  0.357445E+01  0.296297E+00  0.234990E-01
  0.357879E+01  0.292077E+00  0.236257E-01
  0.358313E+01  0.314965E+00  0.237422E-01
  0.358747E+01  0.315056E+00  0.238248E-01
  0.359181E+01  0.329583E+00  0.239393E-01
  0.359615E+01  0.286542E+00  0.239904E-01
  0.360049E+01  0.254595E+00  0.240421E-01
  0.360483E+01  0.287326E+00  0.241751E-01
  0.360917E+01  0.267113E+00  0.242308E-01
  0.361352E+01  0.264150E+00  0.243185E-01
  0.361786E+01  0.268428E+00  0.243793E-01
  0.362220E+01  0.291324E+00  0.244233E-01
  0.362654E+01  0.277017E+00  0.244900E-01
  0.363088E+01  0.287313E+00  0.245990E-01
  0.363522E+01  0.307957E+00  0.247156E-01
  0.363956E+01  0.294641E+00  0.247780E-01
  0.364390E+01  0.292707E+00  0.248660E-01
  0.364824E+01  0.280119E+00  0.249561E-01
  0.365258E+01  0.260042E+00  0.250271E-01
  0.365692E+01  0.279010E+00  0.251729E-01
  0.366126E+01  0.275713E+00  0.252684E-01
  0.366560E+01  0.312048E+00  0.253548E-01
  0.366994E+01  0.319675E+00  0.254810E-01
  0.367428E+01  0.277123E+00  0.255857E-01
  0.367862E+01  0.247837E+00  0.256109E-01
  0.368296E+01  0.260396E+00  0.256842E-01
  0.368730E+01  0.280122E+00  0.258403E-01
  0.369164E+01  0.284921E+00  0.259508E-01
  0.369599E+01  0.275830E+00  0.259855E-01
  0.370033E+01  0.283395E+00  0.261169E-01
  0.370467E+01  0.278077E+00  0.262419E-01
  0.370901E+01  0.263351E+00  0.263067E-01
  0.371335E+01  0.281501E+00  0.263653E-01
  0.371769E+01  0.295480E+00  0.264851E-01
  0.372203E+01  0.283269E+00  0.266329E-01
  0.372637E+01  0.286761E+00  0.267163E-01
  0.373071E+01  0.263606E+00  0.268018E-01
  0.373505E+01  0.247702E+00  0.268910E-01
  0.373939E+01  0.267726E+00  0.269762E-01
  0.374373E+01  0.248525E+00  0.270715E-01
  0.374807E+01  0.285218E+00  0.272367E-01
  0.375241E+01  0.269131E+00  0.273344E-01
  0.375675E+01  0.253935E+00  0.274320E-01
  0.376109E+01  0.287304E+00  0.275980E-01
  0.376544E+01  0.293497E+00  0.277121E-01
  0.376978E+01  0.254532E+00  0.277166E-01
  0.377412E+01  0.245166E+00  0.278287E-01
  0.377846E+01  0.236976E+00  0.279281E-01
  0.378280E+01  0.252055E+00  0.280790E-01
  0.378714E+01  0.282278E+00  0.282595E-01
  0.379148E+01  0.224933E+00  0.282580E-01
  0.379582E+01  0.255716E+00  0.283905E-01
  0.380016E+01  0.290569E+00  0.285159E-01
  0.380450E+01  0.264761E+00  0.286637E-01
  0.380884E+01  0.259018E+00  0.287650E-01
  0.381318E+01  0.264039E+00  0.289213E-01
  0.381752E+01  0.287975E+00  0.290666E-01
  0.382186E+01  0.275552E+00  0.291821E-01
  0.382620E+01  0.284726E+00  0.292961E-01
  0.383054E+01  0.256529E+00  0.293449E-01
  0.383488E+01  0.283705E+00  0.294858E-01
  0.383922E+01  0.271453E+00  0.295968E-01
  0.384356E+01  0.281154E+00  0.297426E-01
  0.384790E+01  0.268583E+00  0.297935E-01
  0.385225E+01  0.261354E+00  0.299510E-01
  0.385659E+01  0.203648E+00  0.300152E-01
  0.386093E+01  0.222211E+00  0.301571E-01
  0.386527E+01  0.252087E+00  0.303295E-01
  0.386961E+01  0.230145E+00  0.304459E-01
  0.387395E+01  0.290465E+00  0.306923E-01
  0.387829E+01  0.254046E+00  0.306632E-01
  0.388263E+01  0.227834E+00  0.307919E-01
  0.388697E+01  0.277221E+00  0.310005E-01
  0.389131E+01  0.287019E+00  0.310939E-01
  0.389565E+01  0.237597E+00  0.311822E-01
  0.389999E+01  0.230383E+00  0.313215E-01
  0.390433E+01  0.254654E+00  0.315267E-01
  0.390867E+01  0.275282E+00  0.317583E-01
  0.391301E+01  0.262171E+00  0.318721E-01
  0.391735E+01  0.237451E+00  0.318993E-01
  0.392170E+01  0.254546E+00  0.320482E-01
  0.392604E+01  0.218871E+00  0.322036E-01
  0.393038E+01  0.214300E+00  0.323090E-01
  0.393472E+01  0.259335E+00  0.325450E-01
  0.393906E+01  0.293901E+00  0.328348E-01
  0.394340E+01  0.248474E+00  0.328004E-01
  0.394774E+01  0.206813E+00  0.327723E-01
  0.395208E+01  0.215811E+00  0.328842E-01
  0.395642E+01  0.238107E+00  0.329596E-01
  0.396076E+01  0.244745E+00  0.329779E-01
  0.396510E+01  0.287959E+00  0.331121E-01
  0.396944E+01  0.242447E+00  0.330736E-01
  0.397378E+01  0.256673E+00  0.331439E-01
  0.397812E+01  0.307566E+00  0.332111E-01
  0.398246E+01  0.260134E+00  0.331506E-01
  0.398680E+01  0.286249E+00  0.333585E-01
  0.399114E+01  0.271386E+00  0.333866E-01
  0.399548E+01  0.230660E+00  0.335179E-01
  0.399982E+01  0.269429E+00  0.337461E-01
  0.400417E+01  0.216201E+00  0.337831E-01
  0.400851E+01  0.224411E+00  0.339585E-01
  0.401285E+01  0.244494E+00  0.341399E-01
  0.401719E+01  0.278575E+00  0.343989E-01
  0.402153E+01  0.268233E+00  0.345578E-01
  0.402587E+01  0.274959E+00  0.347345E-01
  0.403021E+01  0.253469E+00  0.348647E-01
  0.403455E+01  0.254112E+00  0.350106E-01
  0.403889E+01  0.238596E+00  0.351637E-01
  0.404323E+01  0.231032E+00  0.353191E-01
  0.404757E+01  0.213750E+00  0.354962E-01
  0.405191E+01  0.217251E+00  0.356739E-01
  0.405625E+01  0.237484E+00  0.358577E-01
  0.406059E+01  0.240648E+00  0.361256E-01
  0.406493E+01  0.244228E+00  0.363257E-01
  0.406927E+01  0.245670E+00  0.364919E-01
  0.407361E+01  0.214092E+00  0.366538E-01
  0.407796E+01  0.263188E+00  0.370074E-01
  0.408230E+01  0.255994E+00  0.372366E-01
  0.408664E+01  0.204121E+00  0.373151E-01
  0.409098E+01  0.210511E+00  0.374726E-01
  0.409532E+01  0.229010E+00  0.376830E-01
  0.409966E+01  0.218572E+00  0.379778E-01
  0.410400E+01  0.221671E+00  0.381496E-01
  0.410834E+01  0.265778E+00  0.383547E-01
  0.411268E+01  0.237921E+00  0.385366E-01
  0.411702E+01  0.266624E+00  0.389444E-01
  0.412136E+01  0.258764E+00  0.390826E-01
  0.412570E+01  0.255348E+00  0.392660E-01
  0.413004E+01  0.201433E+00  0.395019E-01
  0.413438E+01  0.229234E+00  0.398212E-01
  0.413872E+01  0.254683E+00  0.400595E-01
  0.414306E+01  0.254606E+00  0.403716E-01
  0.414740E+01  0.226314E+00  0.405505E-01
  0.415174E+01  0.181518E+00  0.407658E-01
  0.415609E+01  0.248148E+00  0.410415E-01
  0.416043E+01  0.288820E+00  0.414889E-01
  0.416477E+01  0.274148E+00  0.416606E-01
  0.416911E+01  0.220129E+00  0.418126E-01
  0.417345E+01  0.186389E+00  0.420480E-01
  0.417779E+01  0.179097E+00  0.423725E-01
  0.418213E+01  0.203215E+00  0.427106E-01
  0.418647E+01  0.230547E+00  0.429467E-01
  0.419081E+01  0.232286E+00  0.432787E-01
  0.419515E+01  0.257771E+00  0.435963E-01
  0.419949E+01  0.252780E+00  0.437791E-01
  0.420383E+01  0.248888E+00  0.441663E-01
  0.420817E+01  0.266320E+00  0.447175E-01
  0.421251E+01  0.232879E+00  0.449309E-01
  0.421685E+01  0.207577E+00  0.451710E-01
  0.422119E+01  0.219760E+00  0.455680E-01
  0.422553E+01  0.265276E+00  0.460906E-01
  0.422987E+01  0.228568E+00  0.464375E-01
  0.423421E+01  0.243436E+00  0.468063E-01
  0.423855E+01  0.245857E+00  0.471809E-01
  0.424290E+01  0.225522E+00  0.475149E-01
  0.424724E+01  0.240752E+00  0.479106E-01
  0.425158E+01  0.213415E+00  0.482058E-01
  0.425592E+01  0.125054E+00  0.484225E-01
  0.426026E+01  0.174511E+00  0.488365E-01
  0.426460E+01  0.258909E+00  0.493645E-01
  0.426894E+01  0.190950E+00  0.497313E-01
  0.427328E+01  0.175965E+00  0.503083E-01
  0.427762E+01  0.227162E+00  0.508665E-01
  0.428196E+01  0.248634E+00  0.513075E-01
  0.428630E+01  0.225661E+00  0.518332E-01
  0.429064E+01  0.205319E+00  0.522572E-01
  0.429498E+01  0.209044E+00  0.527991E-01
  0.429932E+01  0.253702E+00  0.532871E-01
  0.430366E+01  0.189118E+00  0.538643E-01
  0.430800E+01  0.211492E+00  0.544839E-01
  0.431234E+01  0.213629E+00  0.550775E-01
  0.431669E+01  0.314873E+00  0.558404E-01
  0.432103E+01  0.347672E+00  0.566723E-01
  0.432537E+01  0.274955E+00  0.572012E-01
  0.432971E+01  0.253310E+00  0.576651E-01
  0.433405E+01  0.186981E+00  0.582810E-01
  0.433839E+01  0.234092E+00  0.591622E-01
  0.434273E+01  0.234174E+00  0.598183E-01
  0.434707E+01  0.177073E+00  0.601809E-01
  0.435141E+01  0.173320E+00  0.609093E-01
  0.435575E+01  0.181983E+00  0.620014E-01
  0.436009E+01  0.229806E+00  0.630516E-01
  0.436443E+01  0.224248E+00  0.635215E-01
  0.436877E+01  0.256979E+00  0.646412E-01
  0.437311E+01  0.215602E+00  0.654788E-01
  0.437745E+01  0.200970E+00  0.661720E-01
  0.438179E+01  0.295143E+00  0.676263E-01
  0.438613E+01  0.236246E+00  0.686081E-01
  0.439048E+01  0.134199E+00  0.693715E-01
  0.439482E+01  0.308518E+00  0.709049E-01
  0.439916E+01  0.206466E+00  0.721355E-01
  0.440350E+01  0.188700E+00  0.735655E-01
  0.440784E+01  0.243710E+00  0.748374E-01
  0.441218E+01  0.745255E-01  0.755521E-01
  0.441652E+01  0.140117E+00  0.772746E-01
  0.442086E+01  0.312908E+00  0.797866E-01
  0.442520E+01  0.273686E+00  0.811150E-01
  0.442954E+01  0.216686E+00  0.832380E-01
  0.443388E+01  0.333229E+00  0.854812E-01
  0.443822E+01  0.351712E+00  0.872743E-01
  0.444256E+01  0.247676E+00  0.895198E-01
  0.444690E+01  0.299585E+00  0.924586E-01
  0.445124E+01  0.196494E+00  0.946964E-01
  0.445558E+01  0.148796E+00  0.972947E-01
  0.445992E+01  0.150478E+00  0.101196E+00
  0.446427E+01  0.136804E+00  0.103754E+00
  0.446861E+01  0.291886E+00  0.108817E+00
  0.447295E+01  0.363120E+00  0.112622E+00
  0.447729E+01  0.279272E+00  0.117326E+00
  0.448163E+01  0.329328E+00  0.123786E+00
  0.448597E+01  0.267302E+00  0.129638E+00
  0.449031E+01  0.203190E+00  0.135502E+00
  0.449465E+01  0.395418E+00  0.146147E+00
  0.449899E+01  0.165035E+00  0.156231E+00
  0.450333E+01  0.180512E+00  0.170018E+00
  0.450767E+01  0.204268E+00  0.188103E+00
  0.451201E+01  0.345534E+00  0.216296E+00
  0.451635E+01  0.117724E+00  0.255505E+00
  0.452069E+01 -0.776405E-01  0.336412E+00
  0.452503E+01  0.565512E+00  0.598890E+00
