0.0027543000	5557.4060000000	1848.4410000000
0.0030174100	2022.2710000000	1107.3600000000
0.0032805200	767.9106000000	857.6956000000
0.0035436300	880.3633000000	669.2051000000
0.0038067400	1019.5980000000	577.2290000000
0.0040698500	663.9591000000	495.0234000000
0.0043329600	1192.5660000000	402.3376000000
0.0045960800	1698.7880000000	374.9767000000
0.0048591900	1327.9760000000	303.6224000000
0.0051223000	1400.7690000000	272.9443000000
0.0053854100	1182.5350000000	244.0275000000
0.0056485200	1186.0310000000	212.4111000000
0.0059116300	1018.5230000000	199.2729000000
0.0061747400	1464.3060000000	183.6386000000
0.0064378500	1391.0290000000	169.0887000000
0.0067009600	1283.0010000000	158.0003000000
0.0069640700	1334.8410000000	143.2015000000
0.0072271800	1306.6070000000	139.8707000000
0.0074902900	1016.1320000000	123.0706000000
0.0077534000	1210.6340000000	121.4952000000
0.0080165100	1294.3100000000	117.1991000000
0.0082796300	1102.2290000000	108.1876000000
0.0085427400	1115.0090000000	107.6763000000
0.0088058500	1136.1270000000	98.1981300000
0.0090689600	1177.2970000000	99.2322300000
0.0093320700	1128.6620000000	93.4658000000
0.0095951800	1304.2150000000	93.3014000000
0.0098582900	1148.1430000000	89.3611000000
0.0101214000	1050.7560000000	82.8363400000
0.0103845000	1303.8860000000	86.8255400000
0.0106476000	1229.6310000000	82.1804500000
0.0109107000	1197.2910000000	79.6230000000
0.0111738000	1036.7260000000	77.4854900000
0.0114370000	1219.2220000000	74.9826600000
0.0117001000	1114.3030000000	75.2877500000
0.0119632000	1067.1000000000	71.1802400000
0.0122263000	1214.5550000000	74.2736100000
0.0124894000	1158.2220000000	71.7564400000
0.0127525000	1014.4950000000	67.2365500000
0.0130156000	1018.9300000000	67.5913200000
0.0132787000	1169.5030000000	66.6290700000
0.0135418000	1133.9000000000	66.8531200000
0.0138050000	1148.8690000000	65.7816500000
0.0140681000	1092.7200000000	63.4680200000
0.0143312000	1165.9490000000	66.2780800000
0.0145943000	1115.1740000000	63.3309100000
0.0148574000	1130.3760000000	66.0942100000
0.0151205000	993.1937000000	63.0669700000
0.0153836000	1081.9340000000	63.5642600000
0.0156467000	961.8136000000	63.0500200000
0.0159098000	1031.3620000000	61.8027200000
0.0161729000	987.2002000000	62.9900900000
0.0164361000	939.2572000000	60.7525600000
0.0166992000	967.9494000000	61.4142600000
0.0169623000	986.1255000000	60.4825100000
0.0172254000	1047.7840000000	61.6357000000
0.0174885000	982.9109000000	60.8156900000
0.0177516000	1000.3590000000	58.5387500000
0.0180147000	976.5979000000	59.4049400000
0.0182778000	970.4785000000	58.3735600000
0.0185409000	1060.9620000000	60.1676300000
0.0188041000	1127.2770000000	61.2436500000
0.0190672000	992.6321000000	57.5715600000
0.0193303000	1073.7910000000	59.7284400000
0.0195934000	962.1148000000	56.5152900000
0.0198565000	1013.1490000000	57.3738400000
0.0201196000	979.4445000000	57.6926900000
0.0203827000	1053.0990000000	56.7769100000
0.0206458000	943.4178000000	55.9470300000
0.0209089000	1060.8940000000	56.7414800000
0.0211721000	934.5302000000	55.1307900000
0.0214352000	1091.3740000000	56.6761200000
0.0216983000	1055.1710000000	56.4754000000
0.0219614000	916.0202000000	54.6016400000
0.0222245000	1016.5480000000	54.8204700000
0.0224876000	910.6716000000	53.4520400000
0.0227507000	978.7764000000	54.2253800000
0.0230138000	998.2092000000	53.8503700000
0.0232769000	971.1660000000	54.3376000000
0.0235400000	968.6872000000	52.5448800000
0.0238032000	954.4152000000	53.1513000000
0.0240663000	886.0838000000	51.7670800000
0.0243294000	839.1168000000	50.7842100000
0.0245925000	937.8533000000	51.7039500000
0.0248556000	897.7260000000	51.1321000000
0.0251187000	859.4307000000	51.3030000000
0.0253818000	903.8144000000	50.3891700000
0.0256449000	889.6615000000	50.7753000000
0.0259080000	934.3947000000	50.1236700000
0.0261712000	897.2090000000	49.7742300000
0.0264343000	820.1265000000	49.2485700000
0.0266974000	833.1572000000	48.4515000000
0.0269605000	970.4398000000	50.3183900000
0.0272236000	953.0626000000	49.7196200000
0.0274867000	871.2666000000	49.0866700000
0.0277498000	902.4346000000	49.4697100000
0.0280129000	910.5089000000	48.5057200000
0.0282760000	823.5154000000	47.4725000000
0.0285392000	818.7235000000	46.5452100000
0.0288023000	861.8078000000	47.6374900000
0.0290654000	859.6553000000	47.0147100000
0.0293285000	862.0779000000	46.6771800000
0.0295916000	820.4518000000	47.3440100000
0.0298547000	813.4911000000	46.1162700000
0.0301178000	859.5246000000	46.8600800000
0.0303809000	868.7714000000	45.9746200000
0.0306440000	874.0804000000	46.4851800000
0.0309071000	792.8992000000	45.0965100000
0.0311703000	858.0761000000	45.4510800000
0.0314334000	786.4294000000	44.2565500000
0.0316965000	804.9278000000	44.4610500000
0.0319596000	678.8121000000	43.6638800000
0.0322227000	742.4475000000	43.4657800000
0.0324858000	847.4263000000	44.7480400000
0.0327489000	814.8640000000	44.7164700000
0.0330120000	728.0796000000	43.0561100000
0.0332751000	755.2885000000	43.8840600000
0.0335383000	702.9419000000	42.4698400000
0.0338014000	758.4092000000	42.8740800000
0.0340645000	697.7589000000	42.4432100000
0.0343276000	719.2318000000	42.3363100000
0.0345907000	784.6197000000	43.3463000000
0.0348538000	739.1574000000	41.1747000000
0.0351169000	758.3917000000	42.5307400000
0.0353800000	792.9176000000	42.8601400000
0.0356431000	794.9287000000	42.0619100000
0.0359063000	751.4639000000	42.1026800000
0.0361694000	758.9185000000	41.7206000000
0.0364325000	750.2817000000	42.0816600000
0.0366956000	725.5544000000	40.9799900000
0.0369587000	821.3474000000	41.6902000000
0.0372218000	759.1363000000	42.6502200000
0.0374849000	803.2043000000	42.9497000000
0.0377480000	680.7534000000	43.0751900000
0.0380111000	591.1795000000	41.2054900000
0.0382742000	738.1659000000	43.1733700000
0.0385374000	772.1109000000	44.6414300000
0.0388005000	701.3114000000	43.2904300000
0.0390636000	679.3437000000	43.6592400000
0.0393267000	761.4572000000	43.9452600000
0.0395898000	672.5814000000	43.4282100000
0.0398529000	692.6126000000	43.8156100000
0.0401160000	709.7671000000	44.0145800000
0.0403791000	593.8509000000	43.4662600000
0.0406422000	718.3313000000	44.0449900000
0.0409054000	737.8454000000	45.2662400000
0.0411685000	700.0401000000	44.8738100000
0.0414316000	637.0776000000	43.5895200000
0.0416947000	680.3565000000	44.6005700000
0.0419578000	685.3013000000	43.6069500000
0.0422209000	525.5708000000	43.0000500000
0.0424840000	696.3065000000	44.5096500000
0.0427471000	637.2044000000	43.1847900000
0.0430102000	600.6219000000	41.7468400000
0.0432734000	595.3479000000	41.0283000000
0.0435365000	565.3321000000	40.6839900000
0.0437996000	613.2131000000	39.7178700000
0.0440627000	552.1890000000	39.7978500000
0.0443258000	635.1653000000	20.6221700000
0.0445889000	635.4073000000	20.2673600000
0.0448520000	639.4378000000	20.4058900000
0.0451151000	670.5380000000	20.2929300000
0.0453782000	633.5448000000	20.0648400000
0.0456413000	617.1865000000	19.6451500000
0.0459045000	597.1400000000	19.5136600000
0.0461676000	598.2194000000	19.5778000000
0.0464307000	588.6663000000	19.3342200000
0.0466938000	583.3072000000	19.2488300000
0.0469569000	590.1272000000	19.3708500000
0.0472200000	600.0633000000	19.1587000000
0.0474831000	584.4243000000	19.2576000000
0.0477462000	542.4541000000	18.5194100000
0.0480093000	553.5676000000	18.9408300000
0.0482725000	577.8683000000	18.5817600000
0.0485356000	571.2152000000	18.7427600000
0.0487987000	561.9454000000	18.5626100000
0.0490618000	570.0043000000	18.6530400000
0.0493249000	577.7234000000	18.7919100000
0.0495880000	552.9105000000	18.4075400000
0.0498511000	583.2345000000	18.6628500000
0.0501142000	567.3192000000	18.3340900000
0.0503773000	526.3404000000	18.1574700000
0.0506405000	542.8001000000	18.2207800000
0.0509036000	547.6332000000	18.5148900000
0.0511667000	553.2191000000	18.5958600000
0.0514298000	502.3205000000	18.0909000000
0.0516929000	491.6055000000	18.3053400000
0.0519560000	535.5659000000	18.8423400000
0.0522191000	545.9648000000	19.1236000000
0.0524822000	518.5763000000	18.7545100000
0.0527453000	510.2680000000	18.7123600000
0.0530084000	532.1505000000	19.1390100000
0.0532716000	501.9161000000	18.5831100000
0.0535347000	505.2810000000	18.6617200000
0.0537978000	485.8703000000	18.4141500000
0.0540609000	484.7550000000	18.0783800000
0.0543240000	480.4433000000	17.9836600000
0.0545871000	472.0448000000	17.5041300000
0.0548502000	477.8541000000	17.4230300000
0.0551133000	484.6390000000	17.3948000000
0.0553764000	476.2243000000	17.3136500000
0.0556396000	489.3758000000	17.0966000000
0.0559027000	488.1334000000	17.3728400000
0.0561658000	456.5986000000	16.8104400000
0.0564289000	472.2963000000	17.0072100000
0.0566920000	477.8559000000	17.0844600000
0.0569551000	462.4287000000	16.6971000000
0.0572182000	425.2639000000	16.5062000000
0.0574813000	467.2909000000	16.7079700000
0.0577444000	473.7469000000	16.8782400000
0.0580076000	440.0420000000	16.1343200000
0.0582707000	452.0938000000	16.4455400000
0.0585338000	457.3768000000	16.5911700000
0.0587969000	455.9890000000	16.4065600000
0.0590600000	464.2026000000	16.5672700000
0.0593231000	404.9035000000	16.0952700000
0.0595862000	436.7986000000	16.1393200000
0.0598493000	429.2785000000	16.1333800000
0.0601124000	431.6441000000	16.1285500000
0.0603755000	409.8780000000	15.8918200000
0.0606387000	456.6971000000	16.2213700000
0.0609018000	415.5978000000	15.9257800000
0.0611649000	425.2848000000	15.9966600000
0.0614280000	406.7970000000	15.5674800000
0.0616911000	423.4340000000	15.7264200000
0.0619542000	420.7625000000	15.8910300000
0.0622173000	403.5410000000	6.5148600000
0.0624804000	385.3050000000	6.4575200000
0.0627435000	403.9980000000	6.4581400000
0.0630067000	391.4230000000	6.4136500000
0.0632698000	387.1690000000	6.4435800000
0.0635329000	396.1180000000	6.3123500000
0.0637960000	385.9020000000	6.3480500000
0.0640591000	369.3570000000	6.1809200000
0.0643222000	380.1880000000	6.2197400000
0.0645853000	368.9840000000	6.2378000000
0.0648484000	370.1790000000	6.0877400000
0.0651115000	376.4650000000	6.2086500000
0.0653747000	368.8600000000	6.1223800000
0.0656378000	375.9760000000	6.1391500000
0.0659009000	362.3030000000	6.0879700000
0.0661640000	357.1460000000	5.9785900000
0.0664271000	358.1690000000	6.1143700000
0.0666902000	361.8470000000	6.0081600000
0.0669533000	353.8760000000	6.0092100000
0.0672164000	362.8690000000	6.0084900000
0.0674795000	337.0540000000	5.9003500000
0.0677427000	358.3630000000	6.0104000000
0.0680058000	358.9980000000	5.9652400000
0.0682689000	349.5960000000	5.9337700000
0.0685320000	338.3380000000	5.8808600000
0.0687951000	338.1310000000	5.8975300000
0.0690582000	333.7040000000	5.8347300000
0.0693213000	339.6970000000	5.8144700000
0.0695844000	334.8280000000	5.8070400000
0.0698475000	328.3340000000	5.7662800000
0.0701106000	323.2540000000	5.7807500000
0.0703738000	326.4950000000	5.7764600000
0.0706369000	329.6250000000	5.7343100000
0.0709000000	321.5800000000	5.7297800000
0.0711631000	313.0490000000	5.5574600000
0.0714262000	323.6240000000	5.6650000000
0.0716893000	317.5500000000	5.6018300000
0.0719524000	314.4990000000	5.6298600000
0.0722155000	320.6080000000	5.6269100000
0.0724786000	309.9200000000	5.5661000000
0.0727418000	308.5060000000	5.5529100000
0.0730049000	307.7270000000	5.5284300000
0.0732680000	303.8210000000	5.5097300000
0.0735311000	304.5590000000	5.4788900000
0.0737942000	305.5090000000	5.4633900000
0.0740573000	294.9070000000	5.4252200000
0.0743204000	293.7000000000	5.4128400000
0.0745835000	296.8420000000	5.4149200000
0.0748466000	290.4590000000	5.3585800000
0.0751098000	297.3490000000	5.3764700000
0.0753729000	280.1540000000	5.3143700000
0.0756360000	290.6610000000	5.3028200000
0.0758991000	285.6240000000	5.2954400000
0.0761622000	280.5030000000	5.2751900000
0.0764253000	281.8930000000	5.2882200000
0.0766884000	279.1910000000	5.2452200000
0.0769515000	279.1990000000	5.2142900000
0.0772146000	266.1860000000	5.1990900000
0.0774777000	280.1350000000	5.1543000000
0.0777409000	280.8020000000	5.3468600000
0.0780040000	267.9150000000	5.2837400000
0.0782671000	264.1710000000	5.3310100000
0.0785302000	265.9570000000	5.4112500000
0.0787933000	266.7910000000	5.4249700000
0.0790564000	266.2170000000	5.4933400000
0.0793195000	249.9360000000	5.2922100000
0.0795826000	263.2900000000	5.3998100000
0.0798457000	268.0090000000	5.4729400000
0.0801089000	258.9710000000	5.3748900000
0.0803720000	253.7390000000	5.3761100000
0.0806351000	251.9870000000	5.1816500000
0.0808982000	255.1400000000	5.2299200000
0.0811613000	261.5550000000	5.1759300000
0.0814244000	253.3810000000	5.0667200000
0.0816875000	248.8960000000	5.0731300000
0.0819506000	250.7730000000	4.9675100000
0.0822137000	249.4580000000	5.0275900000
0.0824769000	249.7890000000	4.9972100000
0.0827400000	244.0470000000	4.9280200000
0.0830031000	244.5140000000	4.9631200000
0.0832662000	243.7420000000	4.9370400000
0.0835293000	240.4060000000	4.9148900000
0.0837924000	240.3910000000	4.8360300000
0.0840555000	230.3610000000	4.8106800000
0.0843186000	234.8210000000	4.8742900000
0.0845817000	239.8950000000	4.8252500000
0.0848448000	238.8310000000	4.8741200000
0.0851080000	225.3910000000	4.7279000000
0.0853711000	235.6450000000	4.8168000000
0.0856342000	225.8610000000	4.7676700000
0.0858973000	225.2530000000	4.7417000000
0.0861604000	224.6440000000	4.7361400000
0.0864235000	229.3730000000	4.6934600000
0.0866866000	227.3120000000	4.7065000000
0.0869497000	222.0130000000	4.6368800000
0.0872128000	214.4420000000	4.5878300000
0.0874760000	222.0130000000	4.6579300000
0.0877391000	215.5810000000	4.5979700000
0.0880022000	212.3590000000	4.6054400000
0.0882653000	214.7940000000	4.5102300000
0.0885284000	211.3860000000	4.5433500000
0.0887915000	213.7790000000	4.5528100000
0.0890546000	221.1890000000	4.5539000000
0.0893177000	209.9670000000	4.5732600000
0.0895808000	218.9990000000	4.5133500000
0.0898440000	203.8040000000	4.5299200000
0.0901071000	201.4350000000	4.4520800000
0.0903702000	209.4850000000	4.4821100000
0.0906333000	206.3180000000	4.5203600000
0.0908964000	205.5450000000	4.4758000000
0.0911595000	208.3490000000	4.5247200000
0.0914226000	198.4570000000	4.4223000000
0.0916857000	199.8410000000	4.4549100000
0.0919488000	200.9390000000	4.4350200000
0.0922119000	188.6660000000	4.3842700000
0.0924751000	196.4340000000	4.4292200000
0.0927382000	199.9340000000	4.3739100000
0.0930013000	202.1510000000	4.5076400000
0.0932644000	199.3210000000	4.5511000000
0.0935275000	193.0970000000	4.5311100000
0.0937906000	193.4080000000	4.5372400000
0.0940537000	198.7120000000	4.6123700000
0.0943168000	194.4000000000	4.6325500000
0.0945799000	188.8340000000	4.5842100000
0.0948431000	189.7320000000	4.6340400000
0.0951062000	181.9170000000	4.5995200000
0.0953693000	190.5520000000	4.6479000000
0.0956324000	193.3080000000	4.7100800000
0.0958955000	185.5410000000	4.6307700000
0.0961586000	192.9900000000	4.6736700000
0.0964217000	179.1900000000	4.6714400000
0.0966848000	187.1030000000	4.6877300000
0.0969479000	183.9290000000	4.7067800000
0.0972111000	181.3740000000	4.6497500000
0.0974742000	183.3870000000	4.7348800000
0.0977373000	177.0330000000	4.6737000000
0.0980004000	182.5790000000	4.7305800000
0.0982635000	172.7700000000	4.6858800000
0.0985266000	177.3230000000	4.5996500000
0.0987897000	177.6540000000	4.5786200000
0.0990528000	177.4460000000	4.4895200000
0.0993159000	175.3150000000	4.4463900000
0.0995790000	172.4000000000	4.4406500000
0.0998422000	173.1640000000	4.3934200000
0.1001050000	176.1980000000	4.4162000000
0.1003680000	175.2530000000	4.3409000000
0.1006310000	172.3970000000	4.3188100000
0.1008950000	169.8480000000	4.2918800000
0.1011580000	167.5130000000	4.3076600000
0.1014210000	167.4800000000	4.2902000000
0.1016840000	164.2480000000	4.2284900000
0.1019470000	170.3610000000	4.2829000000
0.1022100000	165.6230000000	4.2207200000
0.1024730000	167.2800000000	4.2459000000
0.1027360000	166.6530000000	4.2040900000
0.1029990000	161.2450000000	4.1537400000
0.1032630000	158.8840000000	4.2009100000
0.1035260000	162.6070000000	4.1384000000
0.1037890000	156.3910000000	4.1496900000
0.1040520000	161.4500000000	4.1170000000
0.1043150000	153.4340000000	4.0947100000
0.1045780000	160.0670000000	4.1266900000
0.1048410000	159.8630000000	4.1177200000
0.1051040000	153.0270000000	4.0856700000
0.1053670000	155.2340000000	4.0470400000
0.1056310000	155.6290000000	4.0927800000
0.1058940000	151.6310000000	4.0098300000
0.1061570000	158.7440000000	4.0190700000
0.1064200000	146.6560000000	4.0265900000
0.1066830000	151.1330000000	3.9599500000
0.1069460000	152.4640000000	4.0143400000
0.1072090000	155.0960000000	3.9833800000
0.1074720000	146.7690000000	3.9488100000
0.1077350000	152.4790000000	3.9913800000
0.1079990000	150.1160000000	3.9078300000
0.1082620000	151.1200000000	3.9645600000
0.1085250000	147.3300000000	3.8915100000
0.1087880000	143.2070000000	3.8994500000
0.1090510000	143.8280000000	3.9109900000
0.1093140000	140.1970000000	3.8469000000
0.1095770000	144.1010000000	3.8778900000
0.1098400000	146.0210000000	3.8592600000
0.1101030000	138.2070000000	3.8418600000
0.1103670000	137.2170000000	3.8399900000
0.1106300000	144.2530000000	3.8105900000
0.1108930000	143.9250000000	3.8827400000
0.1111560000	138.8870000000	3.8147800000
0.1114190000	144.9690000000	3.8397800000
0.1116820000	140.6420000000	3.7996700000
0.1119450000	136.2690000000	3.7853100000
0.1122080000	146.3930000000	3.8401900000
0.1124710000	136.5750000000	3.7924900000
0.1127350000	136.0310000000	3.7980300000
0.1129980000	132.1100000000	3.7488800000
0.1132610000	130.4610000000	3.7606000000
0.1135240000	132.9210000000	3.7534600000
0.1137870000	129.0170000000	3.7168200000
0.1140500000	138.9260000000	3.7245200000
0.1143130000	125.2010000000	3.6773500000
0.1145760000	135.2080000000	3.7355400000
0.1148390000	134.0360000000	3.7272900000
0.1151030000	135.6730000000	3.7020100000
0.1153660000	126.9010000000	3.6803900000
0.1156290000	126.9620000000	3.6709900000
0.1158920000	127.5190000000	3.6935000000
0.1161550000	120.8240000000	3.6327700000
0.1164180000	130.3500000000	3.6500400000
0.1166810000	120.5130000000	3.6184300000
0.1169440000	127.9040000000	3.6536300000
0.1172070000	130.2470000000	3.6738700000
0.1174710000	123.3260000000	3.6059600000
0.1177340000	123.3500000000	3.6361000000
0.1179970000	132.3360000000	3.6611400000
0.1182600000	127.2170000000	3.6145200000
0.1185230000	119.1260000000	3.6089600000
0.1187860000	120.7880000000	3.5679000000
0.1190490000	121.0070000000	3.6025300000
0.1193120000	121.0530000000	3.5585500000
0.1195750000	119.8340000000	3.5393200000
0.1198390000	116.3030000000	3.5548900000
0.1201020000	125.5090000000	3.5532400000
0.1203650000	118.9600000000	3.5429800000
0.1206280000	118.9550000000	3.5154600000
0.1208910000	124.2450000000	3.5533800000
0.1211540000	113.1920000000	3.5045900000
0.1214170000	109.4500000000	3.4973300000
0.1216800000	115.4880000000	3.4976800000
0.1219430000	120.6820000000	3.4843800000
0.1222070000	119.3830000000	3.5277800000
0.1224700000	111.0770000000	3.4679600000
0.1227330000	115.9950000000	3.4207500000
0.1229960000	116.4540000000	3.4723900000
0.1232590000	114.8060000000	3.4381500000
0.1235220000	107.8700000000	3.4463700000
0.1237850000	110.4840000000	3.4315400000
0.1240480000	110.8970000000	3.4373500000
0.1243110000	106.5100000000	3.4088500000
0.1245750000	111.2230000000	3.4315400000
0.1248380000	108.4450000000	3.4264600000
0.1251010000	114.7430000000	3.3840500000
0.1253640000	111.8970000000	3.4208400000
0.1256270000	117.0370000000	3.4480300000
0.1258900000	109.7490000000	3.4103200000
0.1261530000	109.7530000000	3.4215100000
0.1264160000	111.4180000000	3.3817700000
0.1266790000	112.6250000000	3.4357400000
0.1269430000	109.5050000000	3.4031700000
0.1272060000	110.3560000000	3.3886700000
0.1274690000	109.6000000000	3.3891200000
0.1277320000	110.9050000000	3.3609000000
0.1279950000	103.6880000000	3.3693400000
0.1282580000	110.5240000000	3.3649100000
0.1285210000	106.0700000000	3.3575400000
0.1287840000	108.6890000000	3.3520400000
0.1290470000	106.5810000000	3.3224100000
0.1293110000	102.4230000000	3.3336000000
0.1295740000	101.5260000000	3.2804700000
0.1298370000	105.6600000000	3.3418600000
0.1301000000	97.5683000000	3.3011300000
0.1303630000	102.4850000000	3.2993400000
0.1306260000	94.5050000000	3.2497700000
0.1308890000	106.6230000000	3.3184500000
0.1311520000	98.1929000000	3.3091500000
0.1314150000	102.3550000000	3.2870400000
0.1316790000	103.9810000000	3.2870000000
0.1319420000	101.5250000000	3.2586000000
0.1322050000	97.9511000000	3.2595300000
0.1324680000	105.5090000000	3.2904400000
0.1327310000	98.9505000000	3.2612900000
0.1329940000	98.3022000000	3.2359500000
0.1332570000	90.6153000000	3.2082400000
0.1335200000	92.3412000000	3.2250100000
0.1337830000	95.3892000000	3.2292500000
0.1340470000	103.1660000000	3.2518900000
0.1343100000	96.9621000000	3.2298700000
0.1345730000	97.8369000000	3.2508700000
0.1348360000	96.8386000000	3.1854400000
0.1350990000	94.5612000000	3.2036700000
0.1353620000	94.0250000000	3.1781100000
0.1356250000	95.4674000000	3.1906100000
0.1358880000	91.8085000000	3.1757500000
0.1361510000	94.7256000000	3.1832000000
0.1364150000	92.3391000000	3.1890900000
0.1366780000	95.6566000000	3.1750200000
0.1369410000	92.1546000000	3.1596400000
0.1372040000	99.4239000000	3.1769400000
0.1374670000	91.5790000000	3.1486700000
0.1377300000	92.6715000000	3.1407100000
0.1379930000	90.0245000000	3.1250400000
0.1382560000	91.3764000000	3.1598800000
0.1385190000	88.6341000000	3.1384200000
0.1387830000	90.6849000000	3.1443200000
0.1390460000	90.8885000000	3.1337100000
0.1393090000	88.3405000000	3.1202400000
0.1395720000	92.9517000000	3.1137200000
0.1398350000	89.3371000000	3.1016300000
0.1400980000	86.9691000000	3.1028100000
0.1403610000	88.2196000000	3.0838200000
0.1406240000	88.2515000000	3.0970400000
0.1408870000	87.3707000000	3.1005400000
0.1411510000	85.4153000000	3.0983300000
0.1414140000	89.6903000000	3.0941400000
0.1416770000	85.6136000000	3.0578400000
0.1419400000	86.9451000000	3.0903300000
0.1422030000	85.6790000000	3.0813300000
0.1424660000	90.0355000000	3.0900400000
0.1427290000	86.4275000000	3.0668700000
0.1429920000	89.2614000000	3.0608400000
0.1432550000	84.9286000000	3.0736100000
0.1435190000	81.2990000000	3.0129600000
0.1437820000	82.7679000000	3.0391900000
0.1440450000	86.2012000000	3.0581300000
0.1443080000	82.3649000000	3.0096100000
0.1445710000	82.1813000000	3.0651700000
0.1448340000	83.6723000000	3.0345600000
0.1450970000	83.4801000000	3.0255600000
0.1453600000	79.1181000000	3.0095700000
0.1456230000	84.9647000000	3.0178000000
0.1458870000	79.0723000000	3.0143000000
0.1461500000	80.9256000000	2.9943300000
0.1464130000	77.2834000000	3.0126600000
0.1466760000	82.7084000000	3.0084000000
0.1469390000	80.3209000000	2.9988000000
0.1472020000	84.9214000000	3.0091400000
0.1474650000	81.0641000000	2.9692500000
0.1477280000	81.1540000000	3.0094700000
0.1479910000	80.3035000000	2.9659900000
0.1482550000	81.6057000000	3.0105500000
0.1485180000	76.9822000000	2.9487400000
0.1487810000	81.6407000000	3.0222800000
0.1490440000	82.4105000000	3.0814000000
0.1493070000	78.7174000000	3.0705700000
0.1495700000	79.9379000000	3.0841700000
0.1498330000	77.9815000000	3.0868500000
0.1500960000	80.6887000000	3.1122100000
0.1503590000	84.0255000000	3.1329700000
0.1506230000	77.8031000000	3.1243400000
0.1508860000	79.3321000000	3.1453200000
0.1511490000	79.2740000000	3.1518800000
0.1514120000	75.5105000000	3.1719400000
0.1516750000	74.0535000000	3.1494700000
0.1519380000	72.3633000000	3.1336100000
0.1522010000	75.6976000000	3.1939100000
0.1524640000	75.9520000000	3.1601700000
0.1527270000	76.3024000000	3.2018000000
0.1529910000	73.4347000000	3.1751000000
0.1532540000	73.3641000000	3.1997900000
0.1535170000	74.7513000000	3.2138800000
0.1537800000	70.7190000000	3.1572900000
0.1540430000	73.4392000000	3.2227300000
0.1543060000	74.6425000000	3.1208200000
0.1545690000	73.5053000000	3.1406800000
0.1548320000	69.6244000000	3.1357200000
0.1550950000	66.5872000000	3.0375700000
0.1553590000	65.3411000000	3.0602100000
0.1556220000	70.6915000000	3.0362100000
0.1558850000	68.3561000000	3.0724100000
0.1561480000	76.2726000000	3.0609800000
0.1564110000	76.1802000000	3.0295800000
0.1566740000	73.7782000000	3.0309300000
0.1569370000	65.8251000000	2.9898000000
0.1572000000	72.3699000000	3.0257000000
0.1574630000	75.9330000000	2.9788000000
0.1577270000	68.2008000000	2.9875500000
0.1579900000	68.0707000000	2.9991700000
0.1582530000	73.7671000000	2.9862900000
0.1585160000	72.2776000000	2.9859800000
0.1587790000	69.0974000000	2.9250100000
0.1590420000	67.7272000000	2.9613300000
0.1593050000	68.9325000000	2.9506200000
0.1595680000	66.6275000000	2.9244700000
0.1598310000	69.2647000000	2.9542500000
0.1600950000	71.9310000000	2.9247200000
0.1603580000	64.8365000000	2.9210200000
0.1606210000	69.9965000000	2.9459700000
0.1608840000	65.3321000000	2.9188300000
0.1611470000	69.2904000000	2.9329900000
0.1614100000	70.7363000000	2.9106500000
0.1616730000	69.3042000000	2.9203700000
0.1619360000	68.4513000000	2.9039800000
0.1621990000	68.3236000000	2.9121600000
0.1624630000	64.9628000000	2.8965900000
0.1627260000	71.7342000000	2.9211900000
0.1629890000	70.2780000000	2.9089600000
0.1632520000	66.3183000000	2.8824800000
0.1635150000	68.9219000000	2.9140700000
0.1637780000	65.7158000000	2.9052400000
0.1640410000	62.6002000000	2.8419500000
0.1643040000	64.9254000000	2.8798700000
0.1645670000	68.7686000000	2.8955200000
0.1648310000	66.6470000000	2.8939000000
0.1650940000	67.6301000000	2.8758900000
0.1653570000	68.4109000000	2.8738400000
0.1656200000	65.9356000000	2.8858600000
0.1658830000	69.3308000000	2.9014800000
0.1661460000	63.4177000000	2.8837300000
0.1664090000	67.7110000000	2.8710400000
0.1666720000	66.8901000000	2.8397800000
0.1669350000	60.7051000000	2.8640800000
0.1671990000	63.2987000000	2.8485000000
0.1674620000	64.7028000000	2.8609200000
0.1677250000	60.8618000000	2.8275000000
0.1679880000	61.3430000000	2.8395000000
0.1682510000	56.5147000000	2.7948100000
0.1685140000	58.5980000000	2.8224900000
0.1687770000	62.5169000000	2.8282800000
0.1690400000	57.3553000000	2.7818600000
0.1693030000	58.8443000000	2.8085100000
0.1695670000	58.6811000000	2.7918500000
0.1698300000	65.7867000000	2.8179100000
0.1700930000	64.6204000000	2.8229000000
0.1703560000	65.1684000000	2.8064100000
0.1706190000	57.8128000000	2.8182400000
0.1708820000	62.5321000000	2.7731000000
0.1711450000	59.7994000000	2.8185400000
0.1714080000	62.3115000000	2.7823800000
0.1716710000	61.5052000000	2.7959800000
0.1719340000	59.5555000000	2.7964500000
0.1721980000	59.7134000000	2.7690800000
0.1724610000	65.0481000000	2.8283900000
0.1727240000	55.2852000000	2.7668700000
0.1729870000	62.1880000000	2.7891600000
0.1732500000	57.8027000000	2.7639000000
0.1735130000	63.9835000000	2.7962600000
0.1737760000	61.3929000000	2.7927300000
0.1740390000	61.4787000000	2.7838600000
0.1743020000	61.7606000000	2.7919500000
0.1745660000	58.4201000000	2.7661700000
0.1748290000	58.0216000000	2.7454000000
0.1750920000	54.4445000000	2.7772500000
0.1753550000	59.1363000000	2.7427400000
0.1756180000	57.5045000000	2.7627200000
0.1758810000	57.7835000000	2.7727400000
0.1761440000	57.1458000000	2.7659900000
0.1764070000	55.7481000000	2.7302000000
0.1766700000	58.6357000000	2.7472700000
0.1769340000	53.5354000000	2.7412400000
0.1771970000	58.1844000000	2.7291800000
0.1774600000	56.7087000000	2.7417800000
0.1777230000	61.5517000000	2.7517000000
0.1779860000	58.9929000000	2.7175300000
0.1782490000	55.3579000000	2.7461200000
0.1785120000	55.0571000000	2.7166600000
0.1787750000	56.8187000000	2.7535900000
0.1790380000	52.8996000000	2.7125900000
0.1793020000	52.8012000000	2.7105100000
0.1795650000	53.7085000000	2.7260500000
0.1798280000	55.6056000000	2.7094900000
0.1800910000	57.2751000000	2.7637500000
0.1803540000	56.9391000000	2.7039000000
0.1806170000	50.5373000000	2.7354400000
0.1808800000	58.3276000000	2.7104800000
0.1811430000	50.6585000000	2.6847100000
0.1814060000	55.1305000000	2.7281900000
0.1816700000	56.9286000000	2.6822000000
0.1819330000	52.9323000000	2.6971000000
0.1821960000	59.2417000000	2.7104600000
0.1824590000	54.1223000000	2.6934100000
0.1827220000	53.1728000000	2.6966800000
0.1829850000	58.5805000000	2.6913000000
0.1832480000	49.4057000000	2.7141400000
0.1835110000	54.2558000000	2.7013300000
0.1837740000	53.5001000000	2.7028300000
0.1840380000	54.0103000000	2.7328300000
0.1843010000	50.4598000000	2.6709800000
0.1845640000	53.4888000000	2.7202100000
0.1848270000	49.1300000000	2.6839400000
0.1850900000	55.0755000000	2.7026400000
0.1853530000	50.1728000000	2.6994400000
0.1856160000	47.7555000000	2.6825600000
0.1858790000	55.0589000000	2.7266000000
0.1861420000	51.0816000000	2.6775100000
0.1864060000	51.4784000000	2.7122100000
0.1866690000	50.7192000000	2.6942800000
0.1869320000	51.7121000000	2.7046900000
0.1871950000	44.9950000000	2.6774700000
0.1874580000	50.0065000000	2.6792100000
0.1877210000	53.8854000000	2.7132500000
0.1879840000	54.2614000000	2.7076200000
0.1882470000	52.6566000000	2.7161300000
0.1885100000	56.6408000000	2.7212500000
0.1887740000	47.0677000000	2.6708200000
0.1890370000	50.8311000000	2.7099200000
0.1893000000	54.2177000000	2.7070900000
0.1895630000	51.3701000000	2.6949900000
0.1898260000	47.2187000000	2.6719900000
0.1900890000	48.3712000000	2.7050800000
0.1903520000	49.5362000000	2.7065700000
0.1906150000	49.2440000000	2.6876200000
0.1908780000	44.2904000000	2.6953800000
0.1911420000	51.0825000000	2.6948600000
0.1914050000	49.8071000000	2.7039900000
0.1916680000	49.0968000000	2.6987800000
0.1919310000	52.0732000000	2.7037600000
0.1921940000	52.4140000000	2.7194600000
0.1924570000	47.2016000000	2.6837200000
0.1927200000	47.4498000000	2.6786800000
0.1929830000	51.0089000000	2.7155900000
0.1932460000	50.1112000000	2.6813200000
0.1935100000	50.1027000000	2.7131700000
0.1937730000	49.9497000000	2.7173200000
0.1940360000	52.0916000000	2.7057400000
0.1942990000	44.2198000000	2.6664700000
0.1945620000	47.2532000000	2.6831200000
0.1948250000	48.7412000000	2.7012500000
0.1950880000	49.4302000000	2.6920500000
0.1953510000	46.8480000000	2.7029800000
0.1956140000	52.2340000000	2.6989200000
0.1958780000	46.3293000000	2.6863200000
0.1961410000	42.2642000000	2.6728300000
0.1964040000	48.7334000000	2.6899200000
0.1966670000	42.5674000000	2.6937400000
0.1969300000	49.4941000000	2.6867600000
0.1971930000	48.7082000000	2.7174100000
0.1974560000	48.4124000000	2.6911700000
0.1977190000	43.7576000000	2.6838000000
0.1979820000	42.0962000000	2.6812700000
0.1982460000	44.8845000000	2.6703100000
0.1985090000	44.0990000000	2.7144200000
0.1987720000	43.1166000000	2.6391300000
0.1990350000	41.7108000000	2.6640800000
0.1992980000	47.3153000000	2.6816800000
0.1995610000	46.4887000000	2.6915600000
0.1998240000	44.1485000000	2.6778300000
0.2000870000	47.0501000000	2.6910100000
0.2003500000	44.3160000000	2.6779900000
0.2006140000	48.2583000000	2.6826600000
0.2008770000	44.1765000000	2.6623000000
0.2011400000	47.7706000000	2.6860700000
0.2014030000	42.1510000000	2.6705900000
0.2016660000	45.8555000000	2.6940700000
0.2019290000	46.2520000000	2.6658500000
0.2021920000	46.5792000000	2.6794100000
0.2024550000	44.3132000000	2.6744900000
0.2027180000	44.9833000000	2.6708000000
0.2029820000	44.5181000000	2.6983300000
0.2032450000	44.2692000000	2.6573400000
0.2035080000	43.5161000000	2.6775200000
0.2037710000	41.2525000000	2.6511700000
0.2040340000	43.9263000000	2.6405800000
0.2042970000	44.4536000000	2.6523200000
0.2045600000	40.4094000000	2.6735100000
0.2048230000	42.6115000000	2.7510300000
0.2050860000	43.8313000000	2.7468000000
0.2053500000	43.7974000000	2.7568000000
0.2056130000	43.3736000000	2.7748800000
0.2058760000	38.3185000000	2.7721300000
0.2061390000	42.7884000000	2.8404300000
0.2064020000	43.0948000000	2.7984500000
0.2066650000	42.2316000000	2.8385600000
0.2069280000	40.6044000000	2.8594000000
0.2071910000	46.0795000000	2.8427100000
0.2074540000	40.6589000000	2.8826700000
0.2077180000	49.3223000000	2.8821200000
0.2079810000	36.0801000000	2.8702200000
0.2082440000	44.6860000000	2.9086500000
0.2085070000	41.3604000000	2.8979500000
0.2087700000	41.5305000000	2.9088900000
0.2090330000	44.3921000000	2.9116300000
0.2092960000	41.2829000000	2.9490900000
0.2095590000	43.8894000000	2.9462100000
0.2098220000	42.2965000000	2.9656600000
0.2100860000	43.9347000000	2.9132100000
0.2103490000	44.2709000000	2.8702600000
0.2106120000	36.7573000000	2.8431600000
0.2108750000	40.8164000000	2.8087100000
0.2111380000	40.8292000000	2.7906500000
0.2114010000	39.1035000000	2.8096200000
0.2116640000	40.7739000000	2.7869300000
0.2119270000	41.0262000000	2.7916900000
0.2121900000	41.6301000000	2.7968700000
0.2124540000	39.3917000000	2.7812100000
0.2127170000	43.9568000000	2.7985100000
0.2129800000	42.1696000000	2.7620600000
0.2132430000	34.9119000000	2.7681500000
0.2135060000	44.6533000000	2.7706100000
0.2137690000	40.6447000000	2.7619400000
0.2140320000	47.4087000000	2.8018000000
0.2142950000	38.0165000000	2.7480700000
0.2145580000	36.5714000000	2.7545200000
0.2148220000	45.7263000000	2.7890700000
0.2150850000	37.3882000000	2.7579300000
0.2153480000	39.7692000000	2.7697300000
0.2156110000	39.2943000000	2.7590900000
0.2158740000	42.8416000000	2.8003000000
0.2161370000	43.9895000000	2.7961700000
0.2164000000	41.5121000000	2.7745000000
0.2166630000	39.2488000000	2.7850400000
0.2169260000	40.6183000000	2.7901500000
0.2171900000	36.4769000000	2.7598100000
0.2174530000	37.1317000000	2.7803000000
0.2177160000	40.6123000000	2.7844100000
0.2179790000	38.3119000000	2.7965800000
0.2182420000	39.4808000000	2.7963700000
0.2185050000	36.9456000000	2.7829400000
0.2187680000	38.9769000000	2.7713100000
0.2190310000	43.3731000000	2.7879700000
0.2192940000	38.8199000000	2.7865800000
0.2195580000	37.3876000000	2.7616000000
0.2198210000	42.7950000000	2.7709400000
0.2200840000	40.2821000000	2.8048200000
0.2203470000	35.9828000000	2.7630100000
0.2206100000	34.4708000000	2.7434200000
0.2208730000	41.9258000000	2.7764900000
0.2211360000	36.8693000000	2.7905200000
0.2213990000	39.5260000000	2.8025500000
0.2216620000	37.8949000000	2.7573200000
0.2219260000	38.8156000000	2.7992200000
0.2221890000	41.7895000000	2.7613700000
0.2224520000	35.8792000000	2.7551900000
0.2227150000	39.6468000000	2.7812300000
0.2229780000	39.6611000000	2.7673400000
0.2232410000	41.2627000000	2.8085600000
0.2235040000	41.0221000000	2.7698100000
0.2237670000	43.9903000000	2.7945300000
0.2240300000	43.9382000000	2.8145900000
0.2242940000	37.6007000000	2.7645500000
0.2245570000	38.6795000000	2.8251300000
0.2248200000	40.7526000000	2.7885200000
0.2250830000	39.4444000000	2.7877500000
0.2253460000	36.1127000000	2.7810900000
0.2256090000	35.7913000000	2.7774400000
0.2258720000	37.5877000000	2.8200600000
0.2261350000	37.4745000000	2.7612400000
0.2263980000	36.4395000000	2.8040000000
0.2266620000	35.9934000000	2.7740600000
0.2269250000	36.9109000000	2.8105200000
0.2271880000	38.0821000000	2.8155700000
0.2274510000	42.8029000000	2.7998800000
0.2277140000	39.8525000000	2.8243500000
0.2279770000	36.6179000000	2.7665100000
0.2282400000	40.2455000000	2.7966900000
0.2285030000	36.3874000000	2.7619800000
0.2287660000	44.2155000000	2.7823000000
0.2290300000	36.2299000000	2.8047500000
0.2292930000	33.4876000000	2.7625800000
0.2295560000	36.8455000000	2.7583000000
0.2298190000	36.4657000000	2.7872200000
0.2300820000	38.7430000000	2.7817500000
0.2303450000	38.3467000000	2.8010300000
0.2306080000	36.4687000000	2.7645000000
0.2308710000	43.0671000000	2.8040500000
0.2311340000	33.1554000000	2.7767700000
0.2313980000	32.5449000000	2.7620700000
0.2316610000	39.3015000000	2.7724300000
0.2319240000	36.6174000000	2.7705900000
0.2321870000	33.6267000000	2.7835500000
0.2324500000	35.7778000000	2.7784700000
0.2327130000	33.3007000000	2.7610400000
0.2329760000	35.6337000000	2.7825300000
0.2332390000	35.4767000000	2.7636800000
0.2335020000	45.2558000000	2.8209500000
0.2337660000	36.1839000000	2.7635200000
0.2340290000	32.5824000000	2.7917800000
0.2342920000	39.7860000000	2.7886200000
0.2345550000	38.8323000000	2.7782000000
0.2348180000	34.0135000000	2.7877900000
0.2350810000	33.2318000000	2.7760000000
0.2353440000	35.4952000000	2.7884900000
0.2356070000	35.8130000000	2.7691400000
0.2358700000	33.0330000000	2.7874100000
0.2361340000	34.1055000000	2.7643900000
0.2363970000	37.3654000000	2.7480400000
0.2366600000	33.3190000000	2.7903700000
0.2369230000	34.8974000000	2.7291200000
0.2371860000	31.5773000000	2.7526800000
0.2374490000	32.4474000000	2.7547400000
0.2377120000	33.9978000000	2.7618200000
0.2379750000	34.4963000000	2.7792300000
0.2382380000	35.7122000000	2.7286700000
0.2385020000	34.9925000000	2.7644900000
0.2387650000	32.7077000000	2.7428400000
0.2390280000	34.8271000000	2.7737900000
0.2392910000	30.3333000000	2.7609900000
0.2395540000	35.5539000000	2.7717200000
0.2398170000	39.5657000000	2.7975000000
0.2400800000	33.5153000000	2.7339400000
0.2403430000	35.0320000000	2.7776900000
0.2406060000	33.8443000000	2.7685200000
0.2408700000	33.2184000000	2.7436400000
0.2411330000	33.1201000000	2.7683900000
0.2413960000	39.2627000000	2.7555200000
0.2416590000	31.5976000000	2.7579400000
0.2419220000	35.5782000000	2.7434900000
0.2421850000	35.8519000000	2.7762500000
0.2424480000	35.3283000000	2.7653000000
0.2427110000	30.6531000000	2.7527900000
0.2429740000	30.9316000000	2.7400100000
0.2432380000	34.4448000000	2.7254700000
0.2435010000	31.1051000000	2.7979200000
0.2437640000	31.0826000000	2.7483500000
0.2440270000	40.0489000000	2.7540100000
0.2442900000	34.9612000000	2.7867400000
0.2445530000	29.4666000000	2.7429400000
0.2448160000	31.8295000000	2.7665800000
0.2450790000	36.2727000000	2.7635800000
0.2453420000	29.4332000000	2.7485700000
0.2456060000	34.0741000000	2.7657100000
0.2458690000	29.6617000000	2.7261100000
0.2461320000	35.8981000000	2.7873900000
0.2463950000	33.1612000000	2.7409300000
0.2466580000	34.8907000000	2.7608700000
0.2469210000	34.0507000000	2.7577200000
0.2471840000	32.9464000000	2.7650900000
0.2474470000	34.5820000000	2.8095500000
0.2477100000	28.3705000000	2.7387700000
0.2479730000	30.5179000000	2.7707800000
0.2482370000	33.4286000000	2.7880400000
0.2485000000	30.7446000000	2.7625800000
0.2487630000	32.1191000000	2.7704800000
0.2490260000	34.4047000000	2.7487500000
0.2492890000	30.4219000000	2.7841200000
0.2495520000	36.4459000000	2.7790100000
0.2498150000	31.7491000000	2.7498300000
0.2500780000	32.9615000000	2.7742400000
0.2503410000	25.6227000000	2.7400500000
0.2506050000	28.8847000000	2.8051100000
0.2508680000	33.2173000000	2.7624800000
0.2511310000	34.6201000000	2.7900900000
0.2513940000	30.7829000000	2.7566000000
0.2516570000	28.7440000000	2.7386800000
0.2519200000	34.1527000000	2.8003600000
0.2521830000	31.1833000000	2.7421700000
0.2524460000	31.6670000000	2.7887200000
0.2527090000	31.7926000000	2.7487200000
0.2529730000	34.2818000000	2.7776000000
0.2532360000	28.3691000000	2.7716100000
0.2534990000	32.3148000000	2.7494200000
0.2537620000	31.3058000000	2.7796000000
0.2540250000	29.5080000000	2.7644200000
0.2542880000	31.4433000000	2.7682900000
0.2545510000	29.4386000000	2.7726700000
0.2548140000	30.0089000000	2.7780400000
0.2550770000	30.7286000000	2.7950100000
0.2553410000	31.6692000000	2.7344500000
0.2556040000	31.7620000000	2.7497900000
0.2558670000	26.5594000000	2.7596800000
0.2561300000	30.5946000000	2.7709400000
0.2563930000	30.7565000000	2.7705000000
0.2566560000	28.4197000000	2.7318700000
0.2569190000	28.9147000000	2.7647000000
0.2571820000	30.1063000000	2.7430800000
0.2574450000	29.4234000000	2.7293200000
0.2577090000	29.9878000000	2.7301800000
0.2579720000	29.8066000000	2.7313200000
0.2582350000	28.8833000000	2.7563100000
0.2584980000	24.8553000000	2.7298600000
0.2587610000	34.5256000000	2.7588900000
0.2590240000	28.9487000000	2.7362600000
0.2592870000	30.4907000000	2.7379500000
0.2595500000	33.2598000000	2.7995100000
0.2598130000	31.4412000000	2.7446800000
0.2600770000	37.5984000000	2.7732400000
0.2603400000	30.9160000000	2.7901000000
0.2606030000	29.6974000000	2.8584500000
0.2608660000	31.0778000000	2.8670000000
0.2611290000	27.7626000000	2.8969200000
0.2613920000	27.7473000000	2.9241300000
0.2616550000	30.8729000000	2.9720200000
0.2619180000	29.8204000000	2.9781700000
0.2621810000	34.9950000000	3.0041000000
0.2624450000	31.5458000000	2.9888000000
0.2627080000	25.8864000000	3.0242500000
0.2629710000	36.2263000000	3.0553200000
0.2632340000	28.2152000000	3.0696000000
0.2634970000	31.1637000000	3.0590800000
0.2637600000	28.4297000000	3.0845500000
0.2640230000	28.2964000000	3.1231400000
0.2642860000	31.0130000000	3.1123200000
0.2645490000	27.4406000000	3.1425300000
0.2648130000	31.2815000000	3.1446100000
0.2650760000	30.7288000000	3.1735600000
0.2653390000	24.7010000000	3.1491700000
0.2656020000	34.1915000000	3.1761800000
0.2658650000	32.1753000000	3.1398700000
0.2661280000	31.4868000000	3.0929500000
0.2663910000	24.5490000000	3.0544400000
0.2666540000	28.0348000000	3.0225700000
0.2669170000	29.3768000000	2.9980900000
0.2671810000	36.1418000000	3.0075500000
0.2674440000	29.7806000000	2.9646100000
0.2677070000	30.2770000000	2.9575300000
0.2679700000	25.0268000000	2.9250400000
0.2682330000	23.0473000000	2.9542100000
0.2684960000	27.4263000000	2.9559800000
0.2687590000	29.0657000000	2.9276600000
0.2690220000	31.3738000000	2.9667500000
0.2692850000	30.6845000000	2.9250200000
0.2695490000	32.6487000000	2.9526800000
0.2698120000	25.4518000000	2.9084300000
0.2700750000	31.5695000000	2.9288600000
0.2703380000	27.7271000000	2.9075400000
0.2706010000	28.4579000000	2.9128000000
0.2708640000	29.7253000000	2.9245700000
0.2711270000	29.9779000000	2.9206300000
0.2713900000	28.5612000000	2.9250200000
0.2716530000	27.1643000000	2.9061200000
0.2719170000	25.8952000000	2.8721900000
0.2721800000	26.5992000000	2.9096800000
0.2724430000	26.2151000000	2.8674500000
0.2727060000	30.2529000000	2.9226000000
0.2729690000	28.4076000000	2.8952600000
0.2732320000	28.4325000000	2.8922500000
0.2734950000	30.3203000000	2.8959800000
0.2737580000	28.9710000000	2.8689900000
0.2740210000	25.9671000000	2.8843600000
0.2742850000	29.7721000000	2.8653000000
0.2745480000	27.4579000000	2.8567000000
0.2748110000	23.1866000000	2.8848100000
0.2750740000	31.0912000000	2.8384100000
0.2753370000	29.1166000000	2.8830200000
0.2756000000	31.2523000000	2.8407600000
0.2758630000	25.5372000000	2.8349900000
0.2761260000	19.5075000000	2.8452600000
0.2763890000	29.4663000000	2.8508400000
0.2766530000	29.4362000000	2.8374000000
0.2769160000	24.0370000000	2.8268300000
0.2771790000	27.4338000000	2.8476200000
0.2774420000	27.3582000000	2.8506400000
0.2777050000	32.5196000000	2.8551600000
0.2779680000	31.4442000000	2.8596200000
0.2782310000	33.2158000000	2.8486600000
0.2784940000	25.2549000000	2.8519800000
0.2787570000	27.3518000000	2.8162400000
0.2790210000	28.5478000000	2.8512600000
0.2792840000	23.2696000000	2.8393600000
0.2795470000	30.9222000000	2.8578500000
0.2798100000	24.8020000000	2.8294600000
0.2800730000	26.0788000000	2.8208500000
0.2803360000	22.3377000000	2.8364000000
0.2805990000	30.3969000000	2.8412100000
0.2808620000	32.4057000000	2.8541500000
0.2811250000	21.7039000000	2.8019400000
0.2813890000	25.1853000000	2.8072100000
0.2816520000	28.3007000000	2.8374400000
0.2819150000	27.1141000000	2.8169700000
0.2821780000	23.1679000000	2.8113300000
0.2824410000	25.8365000000	2.8314400000
0.2827040000	32.7431000000	2.8368700000
0.2829670000	22.3822000000	2.8150100000
0.2832300000	24.4516000000	2.8144900000
0.2834930000	26.5843000000	2.8286800000
0.2837570000	20.5923000000	2.7826700000
0.2840200000	25.4781000000	2.8471700000
0.2842830000	26.1963000000	2.8256000000
0.2845460000	21.6935000000	2.7898700000
0.2848090000	28.4485000000	2.8436800000
0.2850720000	26.6823000000	2.7973600000
0.2853350000	29.7319000000	2.8336300000
0.2855980000	28.4938000000	2.8207000000
0.2858610000	24.1366000000	2.8194000000
0.2861250000	24.7769000000	2.8386400000
0.2863880000	19.6575000000	2.8039000000
0.2866510000	24.5862000000	2.8331800000
0.2869140000	22.3956000000	2.7900200000
0.2871770000	27.0440000000	2.8539700000
0.2874400000	25.5091000000	2.8344700000
0.2877030000	27.5087000000	2.8098500000
0.2879660000	27.0924000000	2.8357900000
0.2882290000	22.7352000000	2.8130200000
0.2884930000	21.0057000000	2.7897500000
0.2887560000	29.3173000000	2.8458000000
0.2890190000	27.6633000000	2.8087500000
0.2892820000	26.4905000000	2.8258400000
0.2895450000	26.2072000000	2.8172000000
0.2898080000	20.5582000000	2.8044000000
0.2900710000	32.0750000000	2.8296800000
0.2903340000	24.5296000000	2.7997200000
0.2905970000	25.6602000000	2.8347100000
0.2908610000	24.9891000000	2.8167800000
0.2911240000	25.9944000000	2.8027700000
0.2913870000	20.9489000000	2.8078000000
0.2916500000	21.9077000000	2.8126200000
0.2919130000	21.2130000000	2.8093000000
0.2921760000	22.7297000000	2.7914300000
0.2924390000	27.0701000000	2.8135600000
0.2927020000	24.8438000000	2.8093800000
0.2929650000	23.7429000000	2.7704800000
0.2932290000	32.4849000000	2.8218100000
0.2934920000	26.2251000000	2.8093100000
0.2937550000	29.6862000000	2.8025400000
0.2940180000	32.1887000000	2.8327500000
0.2942810000	23.5276000000	2.7942500000
0.2945440000	21.6532000000	2.7697400000
0.2948070000	23.8008000000	2.7774400000
0.2950700000	20.8761000000	2.7640200000
0.2953330000	24.5423000000	2.7936900000
0.2955970000	24.6652000000	2.7720400000
0.2958600000	22.8002000000	2.7911000000
0.2961230000	26.6124000000	2.7855700000
0.2963860000	26.4135000000	2.7930300000
0.2966490000	23.7967000000	2.7758100000
0.2969120000	27.7149000000	2.7887400000
0.2971750000	24.5096000000	2.7715500000
0.2974380000	28.3854000000	2.8287000000
0.2977010000	18.1117000000	2.7575300000
0.2979650000	26.2868000000	2.8020400000
0.2982280000	24.9873000000	2.7852300000
0.2984910000	20.8725000000	2.7822500000
0.2987540000	25.1780000000	2.8052400000
0.2990170000	21.3319000000	2.7686600000
0.2992800000	21.3200000000	2.7645200000
0.2995430000	23.5940000000	2.8038600000
0.2998060000	26.1225000000	2.8025100000
0.3000690000	23.8749000000	2.7801100000
0.3003330000	21.8381000000	2.7574400000
0.3005960000	16.8766000000	2.7748500000
0.3008590000	22.6558000000	2.7670700000
0.3011220000	18.0337000000	2.7407700000
0.3013850000	19.8863000000	2.7606800000
0.3016480000	22.6582000000	2.7713100000
0.3019110000	20.8831000000	2.7792200000
0.3021740000	24.5779000000	2.7691400000
0.3024370000	27.5918000000	2.7713900000
0.3027010000	20.2054000000	2.7578400000
0.3029640000	30.0274000000	2.8040500000
0.3032270000	19.0898000000	2.7616300000
0.3034900000	18.5943000000	2.7687900000
0.3037530000	26.5532000000	2.7756200000
0.3040160000	23.8249000000	2.7765800000
0.3042790000	24.1956000000	2.7740200000
0.3045420000	20.5493000000	2.7390500000
0.3048050000	20.9514000000	2.7748300000
0.3050690000	24.5121000000	2.7797600000
0.3053320000	21.9705000000	2.7806700000
0.3055950000	19.0509000000	2.7627100000
0.3058580000	20.2001000000	2.7632400000
0.3061210000	21.8070000000	2.7697200000
0.3063840000	26.7372000000	2.7723400000
0.3066470000	25.9900000000	2.7943300000
0.3069100000	22.2150000000	2.7703000000
0.3071730000	20.3375000000	2.7756700000
0.3074370000	24.1233000000	2.7654600000
0.3077000000	19.4615000000	2.7351900000
0.3079630000	19.3417000000	2.7418600000
0.3082260000	29.4717000000	2.8049600000
0.3084890000	27.8218000000	2.7838000000
0.3087520000	18.8288000000	2.7694600000
0.3090150000	28.0915000000	2.7864500000
0.3092780000	25.1633000000	2.7694400000
0.3095410000	25.9950000000	2.7820700000
0.3098050000	20.5231000000	2.7598600000
0.3100680000	23.5973000000	2.7612900000
0.3103310000	19.7806000000	2.7419000000
0.3105940000	22.3453000000	2.7801600000
0.3108570000	23.6078000000	2.7596500000
0.3111200000	23.5622000000	2.7618800000
0.3113830000	24.0114000000	2.7741100000
0.3116460000	21.8634000000	2.7824600000
0.3119090000	22.2349000000	2.7698200000
0.3121730000	21.4750000000	2.7604800000
0.3124360000	21.4896000000	2.7676800000
0.3126990000	19.2368000000	2.7311100000
0.3129620000	24.0119000000	2.7725400000
0.3132250000	23.6231000000	2.7663800000
0.3134880000	24.7301000000	2.7741000000
0.3137510000	24.1529000000	2.7843800000
0.3140140000	21.9450000000	2.7641400000
0.3142770000	23.5361000000	2.7639400000
0.3145410000	26.8030000000	2.7741800000
0.3148040000	20.1160000000	2.7658800000
0.3150670000	21.1550000000	2.7441900000
0.3153300000	22.2438000000	2.7732300000
0.3155930000	20.7321000000	2.7590500000
0.3158560000	25.8496000000	2.7786300000
0.3161190000	21.0906000000	2.8472000000
0.3163820000	20.7800000000	2.8666100000
0.3166450000	27.8811000000	2.9378500000
0.3169090000	22.2711000000	2.9449500000
0.3171720000	18.3799000000	2.9529800000
0.3174350000	16.6176000000	2.9549400000
0.3176980000	20.7837000000	3.0075600000
0.3179610000	22.3839000000	3.0246900000
0.3182240000	24.2385000000	3.0688100000
0.3184870000	22.5161000000	3.0997000000
0.3187500000	26.4781000000	3.1145100000
0.3190130000	23.8688000000	3.1236400000
0.3192770000	20.9187000000	3.1409300000
0.3195400000	18.3565000000	3.1596000000
0.3198030000	25.2054000000	3.1982600000
0.3200660000	22.0263000000	3.1805000000
0.3203290000	28.0828000000	3.1877300000
0.3205920000	18.2508000000	3.1599500000
0.3208550000	26.6139000000	3.2149500000
0.3211180000	20.2154000000	3.2125300000
0.3213810000	24.0836000000	3.2440700000
0.3216450000	28.0904000000	3.2361000000
0.3219080000	20.8420000000	3.1233900000
0.3221710000	21.9522000000	3.0452300000
0.3224340000	21.1874000000	3.0160600000
0.3226970000	24.9668000000	3.0771900000
0.3229600000	20.5751000000	3.0203500000
0.3232230000	22.3525000000	2.9747700000
0.3234860000	16.9341000000	2.9888100000
0.3237490000	19.3819000000	2.9775700000
0.3240120000	16.2138000000	2.9544700000
0.3242760000	21.1968000000	2.9497300000
0.3245390000	23.9857000000	2.9401200000
0.3248020000	23.9987000000	2.9584500000
0.3250650000	16.0068000000	2.9236300000
0.3253280000	27.9318000000	2.9795200000
0.3255910000	27.8012000000	2.9605100000
0.3258540000	22.7726000000	2.9159500000
0.3261170000	24.8343000000	2.9358500000
0.3263800000	20.1600000000	2.9226200000
0.3266440000	21.8359000000	2.9064900000
0.3269070000	21.5438000000	2.9258900000
0.3271700000	21.5346000000	2.9273000000
0.3274330000	18.7132000000	2.9255600000
0.3276960000	19.9014000000	2.8883300000
0.3279590000	23.2689000000	2.9049800000
0.3282220000	25.9491000000	2.9377700000
0.3284850000	21.7565000000	2.8717900000
0.3287480000	18.7079000000	2.8704200000
0.3290120000	20.0734000000	2.8782200000
0.3292750000	22.5031000000	2.8833300000
0.3295380000	24.6400000000	2.9171100000
0.3298010000	18.7128000000	2.8917100000
0.3300640000	19.0749000000	2.8844600000
0.3303270000	21.7211000000	2.8810800000
0.3305900000	22.5777000000	2.9202500000
0.3308530000	20.9537000000	2.8922400000
0.3311160000	16.8071000000	2.8613800000
0.3313800000	18.9588000000	2.8848300000
0.3316430000	25.1302000000	2.9189500000
0.3319060000	22.6498000000	2.8713800000
0.3321690000	21.9227000000	2.8768400000
0.3324320000	20.2536000000	2.8806100000
0.3326950000	23.7674000000	2.8769900000
0.3329580000	22.4838000000	2.9093000000
0.3332210000	22.4759000000	2.8857600000
0.3334840000	23.2809000000	2.8670300000
0.3337480000	19.1505000000	2.8682900000
0.3340110000	27.0251000000	2.8919100000
0.3342740000	21.2599000000	2.8708800000
0.3345370000	24.3220000000	2.8680800000
0.3348000000	23.2436000000	2.8527900000
0.3350630000	21.6896000000	2.8548900000
0.3353260000	21.1774000000	2.8485100000
0.3355890000	21.5043000000	2.8310400000
0.3358520000	22.1860000000	2.8330400000
0.3361160000	22.5767000000	2.8553000000
0.3363790000	19.8982000000	2.8365300000
0.3366420000	20.5447000000	2.8368400000
0.3369050000	23.9779000000	2.8586200000
0.3371680000	16.8225000000	2.7834700000
0.3374310000	15.3178000000	2.8129400000
0.3376940000	24.7307000000	2.8609200000
0.3379570000	22.0262000000	2.8153800000
0.3382200000	25.4412000000	2.8534300000
0.3384840000	20.6699000000	2.8235900000
0.3387470000	23.1068000000	2.8561300000
0.3390100000	19.4651000000	2.8206800000
0.3392730000	17.4938000000	2.8126300000
0.3395360000	19.4931000000	2.8212500000
0.3397990000	22.7983000000	2.8200000000
0.3400620000	26.3536000000	2.8184600000
0.3403250000	22.6582000000	2.8373900000
0.3405880000	19.0860000000	2.8188600000
0.3408520000	21.5297000000	2.8476900000
0.3411150000	20.2834000000	2.8321400000
0.3413780000	22.1822000000	2.7967100000
0.3416410000	22.7375000000	2.8185900000
0.3419040000	22.4907000000	2.7999500000
0.3421670000	21.8984000000	2.8203500000
0.3424300000	19.2052000000	2.8083700000
0.3426930000	20.1921000000	2.8238600000
0.3429560000	25.8171000000	2.8320600000
0.3432200000	18.3967000000	2.8409800000
0.3434830000	20.0840000000	2.8111300000
0.3437460000	21.9331000000	2.8265500000
0.3440090000	19.4089000000	2.7941700000
0.3442720000	20.3579000000	2.8111500000
0.3445350000	22.9839000000	2.7834400000
0.3447980000	20.6190000000	2.7880100000
0.3450610000	19.4313000000	2.8232900000
0.3453240000	16.2615000000	2.8130900000
0.3455880000	21.9060000000	2.8283000000
0.3458510000	18.1389000000	2.7814600000
0.3461140000	19.5256000000	2.8205500000
0.3463770000	18.2489000000	2.8144000000
0.3466400000	19.3126000000	2.8225900000
0.3469030000	22.6998000000	2.8294400000
0.3471660000	19.1363000000	2.7824700000
0.3474290000	21.4996000000	2.8247700000
0.3476920000	20.9727000000	2.8088000000
0.3479560000	17.6261000000	2.7815300000
0.3482190000	22.0951000000	2.8449400000
0.3484820000	21.8777000000	2.7938900000
0.3487450000	18.8608000000	2.8384600000
0.3490080000	22.2235000000	2.8044600000
0.3492710000	22.7354000000	2.7995000000
0.3495340000	20.1477000000	2.8021700000
0.3497970000	20.4442000000	2.8276900000
0.3500600000	25.0241000000	2.7953000000
0.3503240000	21.4449000000	2.7871500000
0.3505870000	16.7830000000	2.7871700000
0.3508500000	22.5446000000	2.8276200000
0.3511130000	19.1742000000	2.8082400000
0.3513760000	18.4065000000	2.7821800000
0.3516390000	20.0278000000	2.8169400000
0.3519020000	15.7697000000	2.7906200000
0.3521650000	17.7076000000	2.7831800000
0.3524280000	21.1092000000	2.8244100000
0.3526920000	14.4764000000	2.7968800000
0.3529550000	24.9890000000	2.8198700000
0.3532180000	18.9228000000	2.7928400000
0.3534810000	18.3399000000	2.8028200000
0.3537440000	18.4555000000	2.8105900000
0.3540070000	18.4276000000	2.8041300000
0.3542700000	23.2304000000	2.8354700000
0.3545330000	23.6710000000	2.8035500000
0.3547960000	19.9579000000	2.8259900000
0.3550600000	20.4498000000	2.8029000000
0.3553230000	19.0242000000	2.8076100000
0.3555860000	22.7096000000	2.8146400000
0.3558490000	17.7128000000	2.7902400000
0.3561120000	19.5948000000	2.8070700000
0.3563750000	19.7695000000	2.8014500000
0.3566380000	17.1204000000	2.8012100000
0.3569010000	21.8361000000	2.8085800000
0.3571640000	20.9800000000	2.8204800000
0.3574280000	24.1339000000	2.8193500000
0.3576910000	20.8048000000	2.8307100000
0.3579540000	20.9559000000	2.8198500000
0.3582170000	21.8824000000	2.7995800000
0.3584800000	16.7215000000	2.7710400000
0.3587430000	23.0637000000	2.8353500000
0.3590060000	17.6779000000	2.7768700000
0.3592690000	18.7974000000	2.7830700000
0.3595320000	21.0011000000	2.8189400000
0.3597960000	18.4498000000	2.7774600000
0.3600590000	18.5984000000	2.8023900000
0.3603220000	21.9138000000	2.8160200000
0.3605850000	22.0956000000	2.8071800000
0.3608480000	22.5812000000	2.8268500000
0.3611110000	15.6366000000	2.7985800000
0.3613740000	15.9918000000	2.7667800000
0.3616370000	17.1866000000	2.7988900000
0.3619000000	19.7272000000	2.8170100000
0.3621640000	18.5420000000	2.8094700000
0.3624270000	24.6981000000	2.8046200000
0.3626900000	16.6176000000	2.7685000000
0.3629530000	22.5796000000	2.8199200000
0.3632160000	17.6551000000	2.7838100000
0.3634790000	17.5981000000	2.7884000000
0.3637420000	21.1886000000	2.8207200000
0.3640050000	21.1036000000	2.7910200000
0.3642680000	21.5555000000	2.8187700000
0.3645320000	19.9368000000	2.7818000000
0.3647950000	21.4934000000	2.7936300000
0.3650580000	13.2380000000	2.7367600000
0.3653210000	14.2028000000	2.7836600000
0.3655840000	18.2745000000	2.7654500000
0.3658470000	18.0426000000	2.7598800000
0.3661100000	20.5381000000	2.7980400000
0.3663730000	13.0100000000	2.7512600000
0.3666360000	15.0669000000	2.7538900000
0.3669000000	16.4585000000	2.7240100000
0.3671630000	15.8403000000	2.7655000000
0.3674260000	19.3788000000	2.7950500000
0.3676890000	22.0899000000	2.7624400000
0.3679520000	19.1778000000	2.7398100000
0.3682150000	24.7238000000	2.7769700000
0.3684780000	20.2478000000	2.7533700000
0.3687410000	17.6084000000	2.7589100000
0.3690040000	18.4259000000	2.7860800000
0.3692680000	17.9742000000	2.7257800000
0.3695310000	21.1728000000	2.7660200000
0.3697940000	17.3580000000	2.7574800000
0.3700570000	24.6698000000	2.7797600000
0.3703200000	15.7015000000	2.7416200000
0.3705830000	20.2225000000	2.7572700000
0.3708460000	23.4119000000	2.7658200000
0.3711090000	15.4782000000	2.7457700000
0.3713720000	24.3337000000	2.7752000000
0.3716360000	17.4472000000	2.7628700000
0.3718990000	14.6791000000	2.8194000000
0.3721620000	19.7827000000	2.8894900000
0.3724250000	18.9012000000	2.9166100000
0.3726880000	17.8034000000	2.9653700000
0.3729510000	15.6037000000	3.0168200000
0.3732140000	18.5965000000	3.0774500000
0.3734770000	20.2809000000	3.0610400000
0.3737400000	11.8883000000	3.0386400000
0.3740040000	20.2335000000	3.1122600000
0.3742670000	15.9334000000	3.1519100000
0.3745300000	19.2005000000	3.2192500000
0.3747930000	16.8604000000	3.1646200000
0.3750560000	21.3180000000	3.2489200000
0.3753190000	13.5446000000	3.2462200000
0.3755820000	15.2080000000	3.2312200000
0.3758450000	21.0088000000	3.2552500000
0.3761080000	16.0497000000	3.3280100000
0.3763720000	16.5307000000	3.2724300000
0.3766350000	14.1376000000	3.3107500000
0.3768980000	27.6205000000	3.3644800000
0.3771610000	14.4871000000	3.3543200000
0.3774240000	19.5068000000	3.2714100000
0.3776870000	15.1649000000	3.2054000000
0.3779500000	21.1453000000	3.2138000000
0.3782130000	19.8294000000	3.1385800000
0.3784760000	14.7734000000	3.1089000000
0.3787400000	21.2715000000	3.1491400000
0.3790030000	18.0400000000	3.1074800000
0.3792660000	17.4050000000	3.0711700000
0.3795290000	19.3984000000	3.0873500000
0.3797920000	14.5813000000	3.0532000000
0.3800550000	24.4904000000	3.0943900000
0.3803180000	15.8539000000	3.0387200000
0.3805810000	18.6873000000	3.0550900000
0.3808440000	21.5697000000	3.0569000000
0.3811080000	16.7435000000	3.0772200000
0.3813710000	18.7708000000	3.0684000000
0.3816340000	14.3070000000	3.0711600000
0.3818970000	19.7253000000	3.0668600000
0.3821600000	20.9597000000	3.0426400000
0.3824230000	14.0131000000	2.9846500000
0.3826860000	16.1871000000	3.0468000000
0.3829490000	19.3502000000	3.0688400000
0.3832120000	19.3299000000	3.0487200000
0.3834760000	23.4409000000	3.0628100000
0.3837390000	21.7410000000	3.0371400000
0.3840020000	16.7483000000	3.0608400000
0.3842650000	20.9683000000	3.0551100000
0.3845280000	10.9300000000	3.0413900000
0.3847910000	12.4717000000	3.0144700000
0.3850540000	16.3185000000	3.0537800000
0.3853170000	19.7837000000	3.0662500000
0.3855800000	14.3595000000	3.0653500000
0.3858440000	14.4673000000	3.0209500000
0.3861070000	12.7459000000	3.0358000000
0.3863700000	18.7377000000	3.0889800000
0.3866330000	18.0095000000	3.0836800000
0.3868960000	17.7428000000	3.0545200000
0.3871590000	17.3576000000	3.0547800000
0.3874220000	19.8533000000	3.0886500000
0.3876850000	19.8969000000	3.0844700000
0.3879480000	21.4068000000	3.0961300000
0.3882120000	17.5406000000	3.0949200000
0.3884750000	13.0022000000	3.0497500000
0.3887380000	14.4423000000	3.0520400000
0.3890010000	17.3552000000	3.1171900000
0.3892640000	21.9104000000	3.1043400000
0.3895270000	19.4941000000	3.1102300000
0.3897900000	17.1673000000	3.0772800000
0.3900530000	18.5233000000	3.1144900000
0.3903160000	18.2286000000	3.0718300000
0.3905800000	13.2951000000	3.1068000000
0.3908430000	17.5201000000	3.1028900000
0.3911060000	16.9174000000	3.1170100000
0.3913690000	14.4971000000	3.0704400000
0.3916320000	17.3043000000	3.0918700000
0.3918950000	22.2430000000	3.0949200000
0.3921580000	18.3371000000	3.0794100000
0.3924210000	23.2787000000	3.0873500000
0.3926840000	16.7503000000	3.0675800000
0.3929480000	17.3098000000	3.1139400000
0.3932110000	15.8445000000	3.1175300000
0.3934740000	13.4507000000	3.0686800000
0.3937370000	14.8131000000	3.0606800000
0.3940000000	18.5444000000	3.1023400000
0.3942630000	13.2510000000	3.1089200000
0.3945260000	22.4517000000	3.1270900000
0.3947890000	17.5848000000	3.1252800000
0.3950520000	23.7475000000	3.1079900000
0.3953160000	21.4675000000	3.1038700000
0.3955790000	23.6683000000	3.1457200000
0.3958420000	19.3661000000	3.1438500000
0.3961050000	15.6652000000	3.1062800000
0.3963680000	15.1479000000	3.1147100000
0.3966310000	17.4542000000	3.1431100000
0.3968940000	17.2100000000	3.1069400000
0.3971570000	19.6650000000	3.1055900000
0.3974200000	16.3333000000	3.1445800000
0.3976840000	15.3796000000	3.1289700000
0.3979470000	16.3071000000	3.1091000000
0.3982100000	19.0394000000	3.1200500000
0.3984730000	19.5031000000	3.1517400000
0.3987360000	17.8272000000	3.1428400000
0.3989990000	16.7154000000	3.1473600000
0.3992620000	16.6960000000	3.1324900000
0.3995250000	19.3601000000	3.1541400000
0.3997880000	18.4458000000	3.1545100000
0.4000520000	14.9022000000	3.1161500000
0.4003150000	19.1134000000	3.1422500000
0.4005780000	18.8714000000	3.1434100000
0.4008410000	22.5997000000	3.1514000000
0.4011040000	12.2586000000	3.0900700000
0.4013670000	19.2767000000	3.1027200000
0.4016300000	15.4064000000	3.0837600000
0.4018930000	13.3925000000	3.0929800000
0.4021560000	13.9491000000	3.0970400000
0.4024190000	14.9501000000	3.0955000000
0.4026830000	11.0171000000	3.0980400000
0.4029460000	16.5648000000	3.1411300000
0.4032090000	14.7802000000	3.1403600000
0.4034720000	14.3362000000	3.1071200000
0.4037350000	19.5977000000	3.1714300000
0.4039980000	19.2539000000	3.1803200000
0.4042610000	15.1070000000	3.1578200000
0.4045240000	15.6241000000	3.1461200000
0.4047870000	16.6875000000	3.1593400000
0.4050510000	16.3432000000	3.1426900000
0.4053140000	13.4467000000	3.1475400000
0.4055770000	16.3291000000	3.1488900000
0.4058400000	10.3672000000	3.1462600000
0.4061030000	14.1887000000	3.1903500000
0.4063660000	21.7150000000	3.2187800000
0.4066290000	19.2166000000	3.1699700000
0.4068920000	8.7363600000	3.1809600000
0.4071550000	15.0266000000	3.1994900000
0.4074190000	15.0615000000	3.2248400000
0.4076820000	16.4407000000	3.2119700000
0.4079450000	16.3507000000	3.2119500000
0.4082080000	14.3199000000	3.2343900000
0.4084710000	12.6736000000	3.2313800000
0.4087340000	13.6233000000	3.2225800000
0.4089970000	21.0444000000	3.2843800000
0.4092600000	18.8393000000	3.2380900000
0.4095230000	12.4825000000	3.2532100000
0.4097870000	16.3733000000	3.2721200000
0.4100500000	11.9490000000	3.2377500000
0.4103130000	16.5982000000	3.2690300000
0.4105760000	17.4904000000	3.2386500000
0.4108390000	18.2147000000	3.2847100000
0.4111020000	15.6513000000	3.3015100000
0.4113650000	11.8368000000	3.2508400000
0.4116280000	10.5313000000	3.2673200000
0.4118910000	16.1475000000	3.2944500000
0.4121550000	15.8510000000	3.3059400000
0.4124180000	12.4606000000	3.2933500000
0.4126810000	11.6460000000	3.2971100000
0.4129440000	15.6720000000	3.3290200000
0.4132070000	21.9137000000	3.3314700000
0.4134700000	10.8625000000	3.2953100000
0.4137330000	11.7184000000	3.2953000000
0.4139960000	19.0367000000	3.3287100000
0.4142590000	18.7537000000	3.3601600000
0.4145230000	12.5466000000	3.3284700000
0.4147860000	17.0019000000	3.3290800000
0.4150490000	19.2519000000	3.3421700000
0.4153120000	17.7056000000	3.2869600000
0.4155750000	12.7336000000	3.3368100000
0.4158380000	14.0897000000	3.2961500000
0.4161010000	19.5965000000	3.3553900000
0.4163640000	16.8516000000	3.3448000000
0.4166270000	16.3637000000	3.2956400000
0.4168910000	17.6967000000	3.3404400000
0.4171540000	17.9438000000	3.3393200000
0.4174170000	13.6502000000	3.3152200000
0.4176800000	16.7057000000	3.3439200000
0.4179430000	15.5606000000	3.3258900000
0.4182060000	12.4894000000	3.2829800000
0.4184690000	15.0030000000	3.3515700000
0.4187320000	17.8172000000	3.3677600000
0.4189950000	7.6322600000	3.3112700000
0.4192590000	17.1701000000	3.3285700000
0.4195220000	9.5607000000	3.3485300000
0.4197850000	16.6298000000	3.3399400000
0.4200480000	14.5919000000	3.3196200000
0.4203110000	13.9816000000	3.3553000000
0.4205740000	15.2633000000	3.3388400000
0.4208370000	18.8592000000	3.3389800000
0.4211000000	16.7818000000	3.3707500000
0.4213630000	14.0456000000	3.3504700000
0.4216270000	10.8300000000	3.3375000000
0.4218900000	18.4054000000	3.3980800000
0.4221530000	19.8419000000	3.4203300000
0.4224160000	15.6986000000	3.3926500000
0.4226790000	10.2257000000	3.3928800000
0.4229420000	17.5590000000	3.4580300000
0.4232050000	10.2633000000	3.4203600000
0.4234680000	15.8761000000	3.4738600000
0.4237310000	13.9781000000	3.4564300000
0.4239950000	14.9674000000	3.4707900000
0.4242580000	15.7741000000	3.5251800000
0.4245210000	11.1875000000	3.5306500000
0.4247840000	20.3022000000	3.5360400000
0.4250470000	20.4856000000	3.5477400000
0.4253100000	18.1889000000	3.5498200000
0.4255730000	18.7388000000	3.5602000000
0.4258360000	13.1268000000	3.6043500000
0.4260990000	16.0058000000	3.6044500000
0.4263630000	21.1794000000	3.6448500000
0.4266260000	14.6738000000	3.6060900000
0.4268890000	18.7725000000	3.6467000000
0.4271520000	16.5868000000	3.6391000000
0.4274150000	15.5433000000	3.6288100000
0.4276780000	20.0428000000	3.8293100000
0.4279410000	15.8669000000	3.9428000000
0.4282040000	18.6506000000	4.1907700000
0.4284670000	11.3446000000	4.2199000000
0.4287310000	17.7843000000	4.4023400000
0.4289940000	18.7989000000	4.4387700000
0.4292570000	4.9515400000	4.4510100000
0.4295200000	23.3580000000	4.5625300000
0.4297830000	19.5222000000	4.6751400000
0.4300460000	11.5159000000	4.5357000000
0.4303090000	17.5184000000	4.5521600000
0.4305720000	14.2124000000	4.6570600000
0.4308350000	9.6811400000	4.6651900000
0.4310990000	13.2650000000	4.6728600000
0.4313620000	16.5284000000	4.7472300000
0.4316250000	19.1124000000	4.9185000000
0.4318880000	10.4347000000	4.8362600000
0.4321510000	12.8444000000	4.8675700000
0.4324140000	1.7384200000	4.8596100000
0.4326770000	13.0761000000	4.9234300000
0.4329400000	13.0238000000	4.8826300000
0.4332030000	21.8049000000	5.0343700000
0.4334670000	16.7853000000	5.0814500000
0.4337300000	8.7511200000	4.9863900000
0.4339930000	9.1509400000	5.0273500000
0.4342560000	20.0173000000	5.2460000000
0.4345190000	14.5717000000	5.1690800000
0.4347820000	14.2601000000	5.2306500000
0.4350450000	17.0484000000	5.1716100000
0.4353080000	15.7343000000	5.3255600000
0.4355710000	13.4979000000	5.3016900000
0.4358350000	9.6428600000	5.3130300000
0.4360980000	7.9443600000	5.3181500000
0.4363610000	14.3595000000	5.4126700000
0.4366240000	15.2117000000	5.5621700000
0.4368870000	11.8049000000	5.6189400000
0.4371500000	9.1905800000	5.5151200000
0.4374130000	24.3896000000	5.6715100000
0.4376760000	14.7435000000	5.6112300000
0.4379390000	-0.4491400000	5.4660700000
0.4382030000	20.2698000000	5.6982900000
0.4384660000	10.7920000000	5.6558700000
0.4387290000	6.3540800000	5.7839400000
0.4389920000	11.8613000000	5.7351500000
0.4392550000	15.0788000000	5.8565900000
0.4395180000	8.7008600000	6.0383900000
0.4397810000	27.1739000000	5.9825400000
0.4400440000	14.1646000000	5.9487900000
0.4403070000	17.6434000000	6.1656000000
0.4405710000	8.2736000000	5.7993700000
0.4408340000	19.3757000000	6.1498600000
0.4410970000	12.1468000000	6.1351200000
0.4413600000	22.0322000000	6.2378800000
0.4416230000	20.6188000000	6.2715400000
0.4418860000	16.6526000000	6.2860800000
0.4421490000	20.0799000000	6.3892000000
0.4424120000	22.8632000000	6.3430300000
0.4426750000	16.5749000000	6.3268500000
0.4429390000	10.5760000000	6.4738700000
0.4432020000	7.0616200000	6.5111000000
0.4434650000	20.0931000000	6.5625500000
0.4437280000	7.0455000000	6.5175800000
0.4439910000	12.8050000000	6.5540800000
0.4442540000	16.7527000000	6.6064100000
0.4445170000	14.3402000000	6.7778400000
0.4447800000	25.4230000000	8.8136900000
0.4450430000	1.3627600000	18.0356000000
