2000	0.032	0.588	
4000	0.047	0.180	
6000	0.037	0.437	
8000	0.047	0.234	
10000	0.057	0.331	
12000	0.056	0.108	
14000	0.021	0.375	
16000	0.097	0.338	
18000	0.033	0.499	
20000	0.044	0.170	
22000	0.038	0.551	
24000	0.077	0.639	
26000	0.127	0.377	
28000	0.079	0.336	
30000	0.089	0.617	
32000	0.036	0.427	
34000	0.006	0.182	
36000	0.064	0.838	
38000	0.061	0.501	
40000	0.043	0.353	
42000	0.098	0.564	
44000	0.113	0.569	
46000	0.040	0.245	
48000	0.012	0.382	
50000	0.029	0.148	
52000	0.066	0.699	
54000	0.058	0.419	
56000	0.008	0.600	
58000	0.058	0.372	
60000	0.069	0.318	
62000	0.012	0.192	
64000	0.023	0.322	
66000	0.075	0.374	
68000	0.092	0.193	
70000	0.096	0.436	
72000	0.041	0.564	
74000	0.083	0.630	
76000	0.025	0.728	
78000	0.027	0.102	
80000	0.039	0.313	
82000	0.026	0.269	
84000	0.023	0.258	
86000	0.041	0.671	
88000	0.189	0.605	
90000	0.116	0.307	
92000	0.017	0.627	
94000	0.012	0.320	
96000	0.040	0.192	
98000	0.015	0.055	
100000	0.038	0.323	
