2000	2.449	14.697	
4000	2.449	6.708	
6000	3.464	12.689	
8000	1.000	9.950	
10000	3.000	6.325	
12000	2.236	7.616	
14000	1.414	12.083	
16000	2.236	13.153	
18000	2.236	11.874	
20000	3.162	8.602	
22000	3.000	16.793	
24000	3.317	5.916	
26000	6.481	8.775	
28000	3.000	9.434	
30000	3.000	13.638	
32000	1.414	12.042	
34000	2.000	6.481	
36000	1.414	20.518	
38000	4.243	19.875	
40000	3.606	6.403	
42000	1.414	10.050	
44000	4.472	12.042	
46000	3.317	5.000	
48000	3.000	5.000	
50000	3.000	15.395	
52000	3.162	16.882	
54000	3.000	10.440	
56000	4.583	15.937	
58000	2.828	9.220	
60000	1.414	11.790	
62000	3.162	7.348	
64000	3.162	7.874	
66000	3.317	14.765	
68000	3.000	8.660	
70000	2.000	8.062	
72000	2.236	15.067	
74000	4.472	14.142	
76000	1.732	13.266	
78000	1.414	9.274	
80000	2.449	13.416	
82000	2.236	4.690	
84000	1.414	3.000	
86000	4.899	14.142	
88000	5.099	16.186	
90000	5.099	5.477	
92000	3.317	13.748	
94000	3.162	9.000	
96000	5.099	4.243	
98000	3.464	4.899	
100000	3.606	9.539	
