0.0045	0.0378407668	0.0151384687
0.0046307992	0.0342790548	0.0146985996
0.0047615984	0.0327768815	0.0131689631
0.0048923977	0.0330809162	0.0117356566
0.0050231969	0.0341104762	0.0118453328
0.0051539961	0.0336612554	0.0098781042
0.0052847953	0.0362245697	0.0100209287
0.0054155945	0.0386138385	0.0089043574
0.0055463938	0.0343793532	0.0081799768
0.005677193	0.0349826563	0.0081109392
0.0058079922	0.0382363128	0.0075161564
0.0059387914	0.0357019285	0.0070290177
0.0060695906	0.0366021007	0.0069410269
0.0062003899	0.0355224507	0.0060310696
0.0063311891	0.0369274036	0.0063417221
0.0064619883	0.0340189062	0.0058410938
0.0065927875	0.0340110382	0.0055796366
0.0067235867	0.0352508142	0.0055435688
0.006854386	0.0347104663	0.0050186431
0.0069851852	0.0316365155	0.0050418087
0.0071159844	0.0345207101	0.0050052121
0.0072467836	0.0326100690	0.0046755202
0.0073775828	0.0328253287	0.0045767914
0.0075083821	0.0350432125	0.0043512819
0.0076391813	0.0338260392	0.0042559641
0.0077699805	0.0351298209	0.0043520731
0.0079007797	0.0344145480	0.0039894123
0.0080315789	0.0352224456	0.0041710392
0.0081623782	0.0339251946	0.0038964992
0.0082931774	0.0358689023	0.0037924767
0.0084239766	0.0334029892	0.0038159585
0.0085547758	0.0340893354	0.0037390235
0.008685575	0.0346966699	0.0036706723
0.0088163743	0.0328186902	0.0035731296
0.0089471735	0.0345094738	0.0033820384
0.0090779727	0.0339573390	0.0035038829
0.0092087719	0.0344446253	0.0033865757
0.0093395712	0.0336583856	0.0033130238
0.0094703704	0.0335956566	0.0033285325
0.0096011696	0.0342007385	0.0031688479
0.0097319688	0.0336818423	0.0032162732
0.009862768	0.0358481343	0.0031675510
0.0099935673	0.0343188406	0.0030873200
0.010124366	0.0347511212	0.0030989253
0.010255166	0.0338694095	0.0029643711
0.010385965	0.0332566790	0.0029483826
0.010516764	0.0334794711	0.0029864786
0.010647563	0.0326929269	0.0028617551
0.010778363	0.0327625869	0.0029381249
0.010909162	0.0343355422	0.0027612788
0.011039961	0.0336405512	0.0027287178
0.01117076	0.0347235979	0.0026966511
0.011301559	0.0338497110	0.0026475415
0.011432359	0.0350150114	0.0026478653
0.011563158	0.0328316498	0.0026200807
0.011693957	0.0339351759	0.0025442551
0.011824756	0.0337382636	0.0026079729
0.011955556	0.0328593039	0.0025908535
0.012086355	0.0335643903	0.0025879710
0.012217154	0.0339158398	0.0026070721
0.012347953	0.0333371293	0.0024810015
0.012478752	0.0329244761	0.0025067682
0.012609552	0.0330035012	0.0024994372
0.012740351	0.0333622604	0.0024819105
0.01287115	0.0322699529	0.0024449942
0.013001949	0.0320006537	0.0023767774
0.013132749	0.0334510049	0.0023429990
0.013263548	0.0332482333	0.0023360939
0.013394347	0.0331344057	0.0022754483
0.013525146	0.0323778706	0.0022984092
0.013655945	0.0321577390	0.0022232559
0.013786745	0.0321363752	0.0021990769
0.013917544	0.0328627658	0.0022284120
0.014048343	0.0318893359	0.0021820636
0.014179142	0.0314624988	0.0021901295
0.014309942	0.0320254819	0.0021648052
0.014440741	0.0320663971	0.0021375330
0.01457154	0.0318202444	0.0021341661
0.014702339	0.0316126661	0.0021120192
0.014833138	0.0315452779	0.0021051174
0.014963938	0.0323245432	0.0021065505
0.015094737	0.0317629225	0.0020695833
0.015225536	0.0306161426	0.0020534450
0.015356335	0.0311964154	0.0020431172
0.015487135	0.0310498064	0.0020310125
0.015617934	0.0319119704	0.0020424852
0.015748733	0.0312053539	0.0020012202
0.015879532	0.0310352235	0.0020030728
0.016010331	0.0312754928	0.0019919719
0.016141131	0.0310283938	0.0019766534
0.01627193	0.0316445360	0.0019995727
0.016402729	0.0313719044	0.0019465112
0.016533528	0.0316227914	0.0019532527
0.016664327	0.0308363881	0.0019532831
0.016795127	0.0317230287	0.0019270066
0.016925926	0.0300929290	0.0019287581
0.017056725	0.0307951030	0.0019162628
0.017187524	0.0308319126	0.0018992976
0.017318324	0.0308663930	0.0019028691
0.017449123	0.0303617414	0.0018769085
0.017579922	0.0313187910	0.0018889847
0.017710721	0.0305210996	0.0018703946
0.01784152	0.0298425292	0.0018389947
0.01797232	0.0309413450	0.0018720859
0.018103119	0.0302033772	0.0018276528
0.018233918	0.0301531451	0.0018386745
0.018364717	0.0296816368	0.0018310888
0.018495517	0.0295516804	0.0018136690
0.018626316	0.0305298962	0.0018224076
0.018757115	0.0297206151	0.0017906895
0.018887914	0.0293726349	0.0017810005
0.019018713	0.0307627615	0.0018013309
0.019149513	0.0309922486	0.0017690792
0.019280312	0.0302939518	0.0017743336
0.019411111	0.0299539152	0.0017693633
0.01954191	0.0300527948	0.0017459906
0.01967271	0.0290798547	0.0017680901
0.019803509	0.0296450056	0.0017374809
0.019934308	0.0300389323	0.0017358269
0.020065107	0.0305028663	0.0017294818
0.020195906	0.0294878484	0.0017181898
0.020326706	0.0290388782	0.0017306750
0.020457505	0.0296470871	0.0017077401
0.020588304	0.0294478755	0.0017018426
0.020719103	0.0292700932	0.0017060869
0.020849903	0.0286935499	0.0016710232
0.020980702	0.0293013434	0.0016883665
0.021111501	0.0282328225	0.0016720862
0.0212423	0.0282500114	0.0016550427
0.021373099	0.0293037739	0.0016646590
0.021503899	0.0290392985	0.0016518054
0.021634698	0.0279079816	0.0016429148
0.021765497	0.0278206191	0.0016420165
0.021896296	0.0282620164	0.0016304825
0.022027096	0.0281818817	0.0016350189
0.022157895	0.0280661523	0.0016101778
0.022288694	0.0282752306	0.0016175443
0.022419493	0.0279779548	0.0016165489
0.022550292	0.0285548923	0.0016095683
0.022681092	0.0272456480	0.0016042611
0.022811891	0.0277435424	0.0015891192
0.02294269	0.0273044220	0.0015755045
0.023073489	0.0268690205	0.0015825553
0.023204288	0.0278922337	0.0015687443
0.023335088	0.0271949294	0.0015749129
0.023465887	0.0276394520	0.0015739361
0.023596686	0.0271793458	0.0015584278
0.023727485	0.0276487597	0.0015572807
0.023858285	0.0275798863	0.0015462361
0.023989084	0.0271294441	0.0015419026
0.024119883	0.0267575738	0.0015413275
0.024250682	0.0272063986	0.0015322128
0.024381481	0.0266302544	0.0015336882
0.024512281	0.0270205748	0.0015321199
0.02464308	0.0267882510	0.0015174839
0.024773879	0.0268152602	0.0015227080
0.024904678	0.0265034262	0.0015092595
0.025035478	0.0272108415	0.0015037957
0.025166277	0.0265566295	0.0015004663
0.025297076	0.0267833959	0.0014978195
0.025427875	0.0266780609	0.0015012434
0.025558674	0.0259911399	0.0014844575
0.025689474	0.0259436079	0.0014785800
0.025820273	0.0263389111	0.0014802534
0.025951072	0.0253215599	0.0014700008
0.026081871	0.0259318366	0.0014732239
0.026212671	0.0268876087	0.0014644481
0.02634347	0.0259072268	0.0014681671
0.026474269	0.0253199044	0.0014631850
0.026605068	0.0251702157	0.0014452555
0.026735867	0.0251739259	0.0014545344
0.026866667	0.0254109274	0.0014446672
0.026997466	0.0250065063	0.0014384851
0.027128265	0.0243156121	0.0014326410
0.027259064	0.0251761008	0.0014305733
0.027389864	0.0255848892	0.0014216650
0.027520663	0.0247551347	0.0014265817
0.027651462	0.0242952112	0.0014149729
0.027782261	0.0245966804	0.0014194965
0.02791306	0.0253579366	0.0014059620
0.02804386	0.0249643570	0.0013955244
0.028174659	0.0249915658	0.0014074985
0.028305458	0.0247464539	0.0013975779
0.028436257	0.0245336819	0.0013909945
0.028567057	0.0247957742	0.0013892704
0.028697856	0.0237231964	0.0013817221
0.028828655	0.0240461942	0.0013842611
0.028959454	0.0239791015	0.0013727318
0.029090253	0.0240563079	0.0013673903
0.029221053	0.0237712221	0.0013697137
0.029351852	0.0234156111	0.0013647540
0.029482651	0.0240853564	0.0013647661
0.02961345	0.0238761969	0.0013628194
0.02974425	0.0233952563	0.0013519770
0.029875049	0.0235398169	0.0013549766
0.030005848	0.0235292803	0.0013467561
0.030136647	0.0233762200	0.0013433121
0.030267446	0.0237278041	0.0013476640
0.030398246	0.0235867053	0.0013428380
0.030529045	0.0231123678	0.0013455888
0.030659844	0.0237333048	0.0013374778
0.030790643	0.0224603983	0.0013368614
0.030921442	0.0231693761	0.0013326592
0.031052242	0.0233212662	0.0013212574
0.031183041	0.0229402537	0.0013299979
0.03131384	0.0230605036	0.0013227366
0.031444639	0.0232881839	0.0013115958
0.031575439	0.0227667869	0.0013216649
0.031706238	0.0227191199	0.0013166553
0.031837037	0.0218851656	0.0013061775
0.031967836	0.0222407356	0.0013105978
0.032098635	0.0219968520	0.0012949479
0.032229435	0.0217431730	0.0013050889
0.032360234	0.0220469696	0.0012950914
0.032491033	0.0216656230	0.0012889601
0.032621832	0.0216831427	0.0012931367
0.032752632	0.0217660183	0.0012798091
0.032883431	0.0216818303	0.0012847412
0.03301423	0.0217136153	0.0012727844
0.033145029	0.0212596627	0.0012809956
0.033275828	0.0213795285	0.0012894621
0.033406628	0.0213092389	0.0012917347
0.033537427	0.0213134739	0.0012947801
0.033668226	0.0210047165	0.0012993980
0.033799025	0.0214947177	0.0012963167
0.033929825	0.0210910458	0.0012994160
0.034060624	0.0207136342	0.0013035866
0.034191423	0.0211584635	0.0013023838
0.034322222	0.0211975079	0.0013004176
0.034453021	0.0204985548	0.0013014458
0.034583821	0.0209921585	0.0012986070
0.03471462	0.0210597198	0.0013077409
0.034845419	0.0205679612	0.0012954802
0.034976218	0.0202780550	0.0012956175
0.035107018	0.0206368084	0.0013040820
0.035237817	0.0198726389	0.0013011085
0.035368616	0.0199412364	0.0012969468
0.035499415	0.0203711753	0.0012950615
0.035630214	0.0199476324	0.0012910526
0.035761014	0.0200112034	0.0013041174
0.035891813	0.0197004311	0.0013183544
0.036022612	0.0198184493	0.0013257169
0.036153411	0.0191241002	0.0013333778
0.036284211	0.0197433838	0.0013281573
0.03641501	0.0195521440	0.0013423481
0.036545809	0.0194227053	0.0013352590
0.036676608	0.0194735049	0.0013362216
0.036807407	0.0190803354	0.0013500947
0.036938207	0.0186842408	0.0013423270
0.037069006	0.0189974526	0.0013395991
0.037199805	0.0195417698	0.0013488256
0.037330604	0.0196411695	0.0013385028
0.037461404	0.0192981975	0.0013479719
0.037592203	0.0187639320	0.0013487155
0.037723002	0.0190806729	0.0013499144
0.037853801	0.0187041867	0.0013403654
0.0379846	0.0192744089	0.0013467478
0.0381154	0.0197477162	0.0013265718
0.038246199	0.0186207147	0.0013150747
0.038376998	0.0185994732	0.0013120434
0.038507797	0.0180565804	0.0013116407
0.038638596	0.0181490103	0.0013022176
0.038769396	0.0177903366	0.0013002275
0.038900195	0.0180314740	0.0013046810
0.039030994	0.0182134774	0.0012959084
0.039161793	0.0181220503	0.0012950357
0.039292593	0.0180311800	0.0012892529
0.039423392	0.0183028759	0.0012863685
0.039554191	0.0179116179	0.0012934851
0.03968499	0.0175388075	0.0012820310
0.039815789	0.0179345394	0.0012768897
0.039946589	0.0170501313	0.0012828438
0.040077388	0.0177860720	0.0012749404
0.040208187	0.0172336449	0.0012769882
0.040338986	0.0173851238	0.0012693745
0.040469786	0.0176232746	0.0012740957
0.040600585	0.0165652202	0.0012712809
0.040731384	0.0172467118	0.0012607691
0.040862183	0.0167929242	0.0012612622
0.040992982	0.0172323966	0.0012642007
0.041123782	0.0172289891	0.0012595893
0.041254581	0.0174344812	0.0012635297
0.04138538	0.0171736889	0.0012558809
0.041516179	0.0167905448	0.0012558141
0.041646979	0.0162643920	0.0012527905
0.041777778	0.0171050073	0.0012406257
0.041908577	0.0166796802	0.0012580343
0.042039376	0.0166351971	0.0012464357
0.042170175	0.0164342745	0.0012500186
0.042300975	0.0162591205	0.0012407221
0.042431774	0.0164021693	0.0012467220
0.042562573	0.0160560594	0.0012469774
0.042693372	0.0166581892	0.0012435851
0.042824172	0.0160182909	0.0012388538
0.042954971	0.0159130109	0.0012380823
0.04308577	0.0168378032	0.0012315454
0.043216569	0.0164780209	0.0012340185
0.043347368	0.0165776749	0.0012360868
0.043478168	0.0158533010	0.0012300185
0.043608967	0.0157178008	0.0012298816
0.043739766	0.0154677511	0.0012281619
0.043870565	0.0156563213	0.0012275532
0.044001365	0.0159694040	0.0012271478
0.044132164	0.0152852368	0.0012238714
0.044262963	0.0156064777	0.0012209545
0.044393762	0.0152599132	0.0012243321
0.044524561	0.0150307302	0.0012151702
0.044655361	0.0154156304	0.0012147070
0.04478616	0.0155404819	0.0012153392
0.044916959	0.0149840361	0.0012160236
0.045047758	0.0146486166	0.0012076090
0.045178558	0.0153423332	0.0012122136
0.045309357	0.0148537005	0.0012127033
0.045440156	0.0145151326	0.0012091891
0.045570955	0.0154711756	0.0012056159
0.045701754	0.0144117447	0.0011974751
0.045832554	0.0148132376	0.0011966293
0.045963353	0.0146091996	0.0011999554
0.046094152	0.0146274378	0.0011955596
0.046224951	0.0143668968	0.0012141113
0.04635575	0.0143415606	0.0012262143
0.04648655	0.0140008829	0.0012238253
0.046617349	0.0146414373	0.0012393059
0.046748148	0.0143591267	0.0012425663
0.046878947	0.0143755339	0.0012398149
0.047009747	0.0150082128	0.0012416568
0.047140546	0.0139951481	0.0012475449
0.047271345	0.0142050970	0.0012451505
0.047402144	0.0141001888	0.0012529960
0.047532943	0.0145057610	0.0012524035
0.047663743	0.0139426051	0.0012584309
0.047794542	0.0139821845	0.0012554784
0.047925341	0.0137622750	0.0012517199
0.04805614	0.0138565617	0.0012687315
0.04818694	0.0136541883	0.0012587246
0.048317739	0.0136337021	0.0012603609
0.048448538	0.0136559438	0.0012665211
0.048579337	0.0135992635	0.0012576029
0.048710136	0.0129811208	0.0012720706
0.048840936	0.0133553654	0.0012762084
0.048971735	0.0134121355	0.0012581783
0.049102534	0.0126328935	0.0012831108
0.049233333	0.0133006907	0.0012626751
0.049364133	0.0132858413	0.0012800724
0.049494932	0.0131118630	0.0012791786
0.049625731	0.0130299461	0.0012707491
0.04975653	0.0128430915	0.0012777523
0.049887329	0.0127979998	0.0012809465
0.050018129	0.0131608484	0.0012750744
0.050148928	0.0131336477	0.0012913681
0.050279727	0.0129856572	0.0012743586
0.050410526	0.0130928125	0.0012862134
0.050541326	0.0129692845	0.0012789402
0.050672125	0.0132120244	0.0012740948
0.050802924	0.0128337375	0.0012843300
0.050933723	0.0126238006	0.0012806417
0.051064522	0.0127918152	0.0012840927
0.051195322	0.0129050666	0.0012811107
0.051326121	0.0126352817	0.0012819830
0.05145692	0.0122159091	0.0012875986
0.051587719	0.0130151092	0.0012931235
0.051718519	0.0125062314	0.0012841053
0.051849318	0.0122900365	0.0012907409
0.051980117	0.0123090405	0.0012858907
0.052110916	0.0129145988	0.0012851295
0.052241715	0.0124163995	0.0012870410
0.052372515	0.0123129952	0.0012950885
0.052503314	0.0125306406	0.0012896354
0.052634113	0.0119482335	0.0012897146
0.052764912	0.0119042511	0.0012910723
0.052895712	0.0124217217	0.0012898232
0.053026511	0.0116368520	0.0012945473
0.05315731	0.0119883567	0.0012936380
0.053288109	0.0117895330	0.0012883951
0.053418908	0.0114349731	0.0012987790
0.053549708	0.0115660219	0.0012900034
0.053680507	0.0122891639	0.0012909718
0.053811306	0.0118897877	0.0012974797
0.053942105	0.0115157226	0.0012913881
0.054072904	0.0118791027	0.0012914407
0.054203704	0.0112290526	0.0012960505
0.054334503	0.0114616903	0.0012957124
0.054465302	0.0117810681	0.0012969061
0.054596101	0.0117966359	0.0012950354
0.054726901	0.0112650825	0.0012923732
0.0548577	0.0117467879	0.0013004447
0.054988499	0.0111358769	0.0012911320
0.055119298	0.0114855817	0.0013010387
0.055250097	0.0111144402	0.0012964615
0.055380897	0.0111829690	0.0013013105
0.055511696	0.0109307488	0.0012946710
0.055642495	0.0107983599	0.0012969545
0.055773294	0.0112650161	0.0013079271
0.055904094	0.0112085464	0.0012992970
0.056034893	0.0106637369	0.0012941462
0.056165692	0.0103692456	0.0012985106
0.056296491	0.0109666690	0.0012986173
0.05642729	0.0108419317	0.0013004768
0.05655809	0.0107737230	0.0013031895
0.056688889	0.0105861632	0.0012938858
0.056819688	0.0107506011	0.0013001968
0.056950487	0.0106762767	0.0012922859
0.057081287	0.0105840449	0.0013033870
0.057212086	0.0104572805	0.0012951678
0.057342885	0.0112260571	0.0012887843
0.057473684	0.0108112945	0.0012916794
0.057604483	0.0109611222	0.0012880941
0.057735283	0.0105164237	0.0012921498
0.057866082	0.0104954814	0.0012992516
0.057996881	0.0105322195	0.0012818406
0.05812768	0.0101319494	0.0012868911
0.05825848	0.0103236410	0.0012934091
0.058389279	0.0106210153	0.0012884941
0.058520078	0.0103877481	0.0012948673
0.058650877	0.0099917281	0.0012815419
0.058781676	0.0104475149	0.0012840829
0.058912476	0.0103689563	0.0012797965
0.059043275	0.0096954488	0.0012783815
0.059174074	0.0104232582	0.0012772693
0.059304873	0.0096454105	0.0012805441
0.059435673	0.0098616322	0.0012685701
0.059566472	0.0096306267	0.0012773702
0.059697271	0.0102992207	0.0012673028
0.05982807	0.0104158684	0.0012733084
0.059958869	0.0098914888	0.0012726386
0.060089669	0.0099804790	0.0012617338
0.060220468	0.0097406089	0.0012744153
0.060351267	0.0093247163	0.0012676730
0.060482066	0.0097585521	0.0012606117
0.060612865	0.0096143940	0.0012688035
0.060743665	0.0091652784	0.0012667755
0.060874464	0.0095730514	0.0012621022
0.061005263	0.0101664049	0.0012641563
0.061136062	0.0093340516	0.0012542890
0.061266862	0.0092599067	0.0012737114
0.061397661	0.0093612727	0.0012531009
0.06152846	0.0095832449	0.0012589776
0.061659259	0.0090311054	0.0012526448
0.061790058	0.0096099662	0.0012622651
0.061920858	0.0093777641	0.0012606600
0.062051657	0.0093358846	0.0012582607
0.062182456	0.0085907564	0.0012542316
0.062313255	0.0094453603	0.0012563336
0.062444055	0.0089916626	0.0012485402
0.062574854	0.0095593941	0.0012561265
0.062705653	0.0088773275	0.0012591938
0.062836452	0.0090302961	0.0012438033
0.062967251	0.0089507354	0.0012531644
0.063098051	0.0090172873	0.0012444497
0.06322885	0.0092548321	0.0012521172
0.063359649	0.0089768679	0.0012485266
0.063490448	0.0086178439	0.0012445019
0.063621248	0.0089539678	0.0012500694
0.063752047	0.0089241389	0.0012486493
0.063882846	0.0082998949	0.0012361653
0.064013645	0.0087884878	0.0012521523
0.064144444	0.0088440632	0.0012414433
0.064275244	0.0088974636	0.0012470412
0.064406043	0.0085126875	0.0012401792
0.064536842	0.0090082726	0.0012440636
0.064667641	0.0085604317	0.0012494797
0.064798441	0.0086658911	0.0012439051
0.06492924	0.0090384751	0.0012356209
0.065060039	0.0087795932	0.0012384605
0.065190838	0.0087678891	0.0012359154
0.065321637	0.0087993368	0.0012369995
0.065452437	0.0083207322	0.0012432177
0.065583236	0.0080195879	0.0012300301
0.065714035	0.0080762857	0.0012411691
0.065844834	0.0081300695	0.0012296960
0.065975634	0.0088802832	0.0012381996
0.066106433	0.0080899025	0.0012348049
0.066237232	0.0082198397	0.0012299352
0.066368031	0.0085195966	0.0012299999
0.06649883	0.0079630082	0.0012410976
0.06662963	0.0081074544	0.0012218585
0.066760429	0.0083345587	0.0012324269
0.066891228	0.0079266274	0.0012248896
0.067022027	0.0080422982	0.0012272844
0.067152827	0.0083479824	0.0012262029
0.067283626	0.0082733640	0.0012248544
0.067414425	0.0082681487	0.0012239162
0.067545224	0.0084476941	0.0012262783
0.067676023	0.0081218182	0.0012321899
0.067806823	0.0079568797	0.0012256274
0.067937622	0.0083715917	0.0012202867
0.068068421	0.0086443641	0.0012198091
0.06819922	0.0082342371	0.0012220046
0.068330019	0.0083201506	0.0012130796
0.068460819	0.0074675851	0.0012197409
0.068591618	0.0076257796	0.0012136387
0.068722417	0.0076500411	0.0012221204
0.068853216	0.0074153770	0.0012172736
0.068984016	0.0077574026	0.0012123345
0.069114815	0.0080547952	0.0012158230
0.069245614	0.0079045582	0.0012146398
0.069376413	0.0076610285	0.0012078280
0.069507212	0.0078881791	0.0012172306
0.069638012	0.0079270962	0.0012068640
0.069768811	0.0078143479	0.0012126265
0.06989961	0.0074154685	0.0012084650
0.070030409	0.0074982868	0.0012090588
0.070161209	0.0078902572	0.0012114770
0.070292008	0.0075817478	0.0012050432
0.070422807	0.0072604362	0.0012072477
0.070553606	0.0074665060	0.0012064342
0.070684405	0.0072834461	0.0012037536
0.070815205	0.0076240430	0.0012068137
0.070946004	0.0072687926	0.0012042455
0.071076803	0.0076892571	0.0011993081
0.071207602	0.0072923174	0.0012156123
0.071338402	0.0075606671	0.0011915474
0.071469201	0.0078266301	0.0012056101
0.0716	0.0082720849	0.0012009688
0.071730799	0.0073916276	0.0012022749
0.071861598	0.0069242469	0.0011964538
0.071992398	0.0071754367	0.0011943933
0.072123197	0.0073274375	0.0012008149
0.072253996	0.0067788305	0.0011997460
0.072384795	0.0070880626	0.0011962707
0.072515595	0.0075473516	0.0011941179
0.072646394	0.0074663216	0.0011996267
0.072777193	0.0074117363	0.0011886104
0.072907992	0.0072714044	0.0012058736
0.073038791	0.0071400850	0.0011846687
0.073169591	0.0068828231	0.0011932902
0.07330039	0.0070252083	0.0011913498
0.073431189	0.0071054446	0.0011902398
0.073561988	0.0067700472	0.0011958055
0.073692788	0.0071618193	0.0011859369
0.073823587	0.0071438689	0.0011845580
0.073954386	0.0071678179	0.0011945123
0.074085185	0.0070165202	0.0011814591
0.074215984	0.0062666210	0.0011894376
0.074346784	0.0065950058	0.0011880207
0.074477583	0.0068632473	0.0011865106
0.074608382	0.0069341823	0.0011847844
0.074739181	0.0077057546	0.0011789969
0.074869981	0.0069739886	0.0011884631
0.07500078	0.0067826632	0.0011868538
0.075131579	0.0069797544	0.0011754239
0.075262378	0.0066196834	0.0011829501
0.075393177	0.0066045889	0.0011828276
0.075523977	0.0068705865	0.0011771068
0.075654776	0.0064759566	0.0011846078
0.075785575	0.0072356334	0.0011724357
0.075916374	0.0065371451	0.0011799659
0.076047173	0.0068722899	0.0011812079
0.076177973	0.0068117663	0.0011765911
0.076308772	0.0064272775	0.0011743632
0.076439571	0.0066032726	0.0011726506
0.07657037	0.0065115463	0.0011752971
0.07670117	0.0069165252	0.0011810554
0.076831969	0.0066343270	0.0011678067
0.076962768	0.0065614534	0.0011722352
0.077093567	0.0061807601	0.0011738850
0.077224366	0.0060684657	0.0011661352
0.077355166	0.0063049455	0.0011781735
0.077485965	0.0063545786	0.0011675051
0.077616764	0.0063191082	0.0011743762
0.077747563	0.0063302861	0.0011680719
0.077878363	0.0065006268	0.0011665623
0.078009162	0.0062103887	0.0011696451
0.078139961	0.0057257820	0.0011663888
0.07827076	0.0059461654	0.0011649157
0.078401559	0.0060844866	0.0011711482
0.078532359	0.0060761729	0.0011619121
0.078663158	0.0065612706	0.0011673541
0.078793957	0.0062195480	0.0011586371
0.078924756	0.0064045753	0.0011698540
0.079055556	0.0067732022	0.0011635507
0.079186355	0.0065255329	0.0011627592
0.079317154	0.0058377399	0.0011623460
0.079447953	0.0060980557	0.0011718566
0.079578752	0.0061885569	0.0011555045
0.079709552	0.0063418533	0.0011580643
0.079840351	0.0059517329	0.0011573730
0.07997115	0.0064555633	0.0011579472
0.080101949	0.0065766439	0.0011601870
0.080232749	0.0059106088	0.0011517158
0.080363548	0.0058464384	0.0011555153
0.080494347	0.0064491780	0.0011529718
0.080625146	0.0060852848	0.0011543982
0.080755945	0.0065115748	0.0011518237
0.080886745	0.0062733241	0.0011548940
0.081017544	0.0057436115	0.0011548822
0.081148343	0.0061280942	0.0011551401
0.081279142	0.0059735984	0.0011444824
0.081409942	0.0055549591	0.0011601710
0.081540741	0.0058129412	0.0011470362
0.08167154	0.0058329833	0.0011499663
0.081802339	0.0056427126	0.0011493586
0.081933138	0.0056603658	0.0011456126
0.082063938	0.0062463273	0.0011462916
0.082194737	0.0059160561	0.0011456823
0.082325536	0.0059497820	0.0011452083
0.082456335	0.0061275509	0.0011471502
0.082587135	0.0054819044	0.0011478543
0.082717934	0.0054729276	0.0011437562
0.082848733	0.0050293118	0.0011478003
0.082979532	0.0060256074	0.0011399669
0.083110331	0.0053774651	0.0011478507
0.083241131	0.0055830038	0.0011408562
0.08337193	0.0055471352	0.0011454185
0.083502729	0.0055837418	0.0011408296
0.083633528	0.0056714316	0.0011383574
0.083764327	0.0060347178	0.0011381609
0.083895127	0.0055932207	0.0011422705
0.084025926	0.0052417168	0.0011363480
0.084156725	0.0054147664	0.0011414166
0.084287524	0.0053389327	0.0011336132
0.084418324	0.0054147705	0.0011397848
0.084549123	0.0055766719	0.0011375184
0.084679922	0.0050934081	0.0011322992
0.084810721	0.0053135738	0.0011405869
0.08494152	0.0054409844	0.0011322008
0.08507232	0.0055208456	0.0011371054
0.085203119	0.0053234919	0.0011434117
0.085333918	0.0055319844	0.0011304768
0.085464717	0.0054568537	0.0011373033
0.085595517	0.0054189962	0.0011382426
0.085726316	0.0056589849	0.0011250494
0.085857115	0.0049336174	0.0011373501
0.085987914	0.0055910651	0.0011307916
0.086118713	0.0053124002	0.0011306275
0.086249513	0.0059231912	0.0011291918
0.086380312	0.0051589921	0.0011249414
0.086511111	0.0052333643	0.0011292754
0.08664191	0.0054728235	0.0011252136
0.08677271	0.0051178478	0.0011263214
0.086903509	0.0051842471	0.0011309098
0.087034308	0.0055030402	0.0011219894
0.087165107	0.0053027781	0.0011215940
0.087295906	0.0052986658	0.0011321743
0.087426706	0.0057692271	0.0011171410
0.087557505	0.0047785706	0.0011225083
0.087688304	0.0052361647	0.0011169154
0.087819103	0.0052079928	0.0011249711
0.087949903	0.0054712431	0.0011248790
0.088080702	0.0054203072	0.0011172141
0.088211501	0.0054302040	0.0011237119
0.0883423	0.0048063789	0.0011247467
0.088473099	0.0048196600	0.0011227403
0.088603899	0.0050049243	0.0011152770
0.088734698	0.0044848620	0.0011180793
0.088865497	0.0052907545	0.0011147903
0.088996296	0.0052973849	0.0011168272
0.089127096	0.0053469556	0.0011113099
0.089257895	0.0048509341	0.0011195913
0.089388694	0.0052426385	0.0011121065
0.089519493	0.0049124489	0.0011142675
0.089650292	0.0052979281	0.0011210664
0.089781092	0.0046285858	0.0011111102
0.089911891	0.0048312068	0.0011100357
0.09004269	0.0051213693	0.0011105436
0.090173489	0.0049112470	0.0011108745
0.090304288	0.0049441551	0.0011170699
0.090435088	0.0051037556	0.0011058951
0.090565887	0.0050715385	0.0011128204
0.090696686	0.0047784381	0.0011126413
0.090827485	0.0048864858	0.0011053123
0.090958285	0.0050223728	0.0011150629
0.091089084	0.0050523895	0.0011143058
0.091219883	0.0049996596	0.0011033694
0.091350682	0.0043986805	0.0011093290
0.091481481	0.0045711365	0.0011086483
0.091612281	0.0049488422	0.0011305443
0.09174308	0.0049465172	0.0011477624
0.091873879	0.0050022674	0.0011441510
0.092004678	0.0051284432	0.0011543112
0.092135478	0.0048357394	0.0011620089
0.092266277	0.0047721383	0.0011682076
0.092397076	0.0048534143	0.0011790834
0.092527875	0.0043562187	0.0011736317
0.092658674	0.0048714654	0.0011801825
0.092789474	0.0045620034	0.0011833381
0.092920273	0.0046925474	0.0011585459
0.093051072	0.0043175544	0.0011483284
0.093181871	0.0045879513	0.0011381619
0.093312671	0.0048950811	0.0011413344
0.09344347	0.0048167992	0.0011399405
0.093574269	0.0047930257	0.0011330636
0.093705068	0.0042405906	0.0011399401
0.093835867	0.0044801079	0.0011289033
0.093966667	0.0047668127	0.0011314723
0.094097466	0.0044407465	0.0011283901
0.094228265	0.0039384058	0.0011171764
0.094359064	0.0046715519	0.0011248069
0.094489864	0.0045237925	0.0011209617
0.094620663	0.0048964454	0.0011214985
0.094751462	0.0047815016	0.0011214210
0.094882261	0.0044743642	0.0011140631
0.09501306	0.0045348108	0.0011189133
0.09514386	0.0043639289	0.0011174920
0.095274659	0.0047018992	0.0011102079
0.095405458	0.0048482523	0.0011141315
0.095536257	0.0049013405	0.0011086439
0.095667057	0.0045616623	0.0011128302
0.095797856	0.0044031534	0.0011156581
0.095928655	0.0048094318	0.0011068901
0.096059454	0.0047869192	0.0011104619
0.096190253	0.0045938791	0.0011040870
0.096321053	0.0041866210	0.0011069273
0.096451852	0.0044349071	0.0011085186
0.096582651	0.0040354385	0.0011053516
0.09671345	0.0044739535	0.0011082980
0.09684425	0.0039907623	0.0011078820
0.096975049	0.0040748210	0.0011015325
0.097105848	0.0045014683	0.0011027383
0.097236647	0.0045705607	0.0011018131
0.097367446	0.0044620690	0.0011033836
0.097498246	0.0043536878	0.0010975050
0.097629045	0.0048185364	0.0010933102
0.097759844	0.0045418395	0.0010989942
0.097890643	0.0039916887	0.0010930787
0.098021442	0.0044714309	0.0010917350
0.098152242	0.0043306297	0.0010963630
0.098283041	0.0043897907	0.0010804867
0.09841384	0.0047985436	0.0010860730
0.098544639	0.0041357631	0.0010896411
0.098675439	0.0042084631	0.0010821103
0.098806238	0.0037455929	0.0010862394
0.098937037	0.0038218516	0.0010752428
0.099067836	0.0047669461	0.0010775725
0.099198635	0.0042349268	0.0010823055
0.099329435	0.0042622073	0.0010727448
0.099460234	0.0044967155	0.0010832438
0.099591033	0.0040508832	0.0010782708
0.099721832	0.0039122388	0.0010773420
0.099852632	0.0040428659	0.0010812715
0.099983431	0.0039852098	0.0010776521
0.10011423	0.0040382883	0.0010843543
0.10024503	0.0043491382	0.0010820682
0.10037583	0.0045306887	0.0010711513
0.10050663	0.0038631961	0.0010807033
0.10063743	0.0040985932	0.0010752260
0.10076823	0.0042579640	0.0010746882
0.10089903	0.0038470139	0.0010795462
0.10102982	0.0035719014	0.0010711461
0.10116062	0.0035938821	0.0010771908
0.10129142	0.0037105285	0.0010793836
0.10142222	0.0039760298	0.0010718651
0.10155302	0.0040253046	0.0010802569
0.10168382	0.0046370357	0.0010648064
0.10181462	0.0040177033	0.0010712193
0.10194542	0.0037628916	0.0010752117
0.10207622	0.0041774070	0.0010682270
0.10220702	0.0041788577	0.0010736491
0.10233782	0.0038825385	0.0010691535
0.10246862	0.0042759611	0.0010705697
0.10259942	0.0038604275	0.0010792378
0.10273021	0.0037796881	0.0010681778
0.10286101	0.0035545537	0.0010700055
0.10299181	0.0040002069	0.0010670828
0.10312261	0.0037904220	0.0010618264
0.10325341	0.0038183633	0.0010683239
0.10338421	0.0034591530	0.0010646339
0.10351501	0.0039737526	0.0010678144
0.10364581	0.0038121556	0.0010685416
0.10377661	0.0034599376	0.0010573324
0.10390741	0.0034008219	0.0010649269
0.10403821	0.0039951755	0.0010652157
0.10416901	0.0036062819	0.0010572789
0.10429981	0.0044368840	0.0010640854
0.1044306	0.0040090405	0.0010562105
0.1045614	0.0039055938	0.0010623007
0.1046922	0.0038910026	0.0010614525
0.104823	0.0040508789	0.0010583178
0.1049538	0.0034573342	0.0010585251
0.1050846	0.0036401115	0.0010580300
0.1052154	0.0033324253	0.0010587962
0.1053462	0.0038717500	0.0010608499
0.105477	0.0039520075	0.0010525268
0.1056078	0.0035365986	0.0010579003
0.1057386	0.0037807118	0.0010539910
0.1058694	0.0036153571	0.0010563686
0.10600019	0.0037477572	0.0010628902
0.10613099	0.0035180013	0.0010588066
0.10626179	0.0039038102	0.0010553166
0.10639259	0.0037369057	0.0010560733
0.10652339	0.0038629017	0.0010499834
0.10665419	0.0039677411	0.0010532455
0.10678499	0.0035670137	0.0010604041
0.10691579	0.0035685046	0.0010757437
0.10704659	0.0033698363	0.0010876128
0.10717739	0.0042754017	0.0010865594
0.10730819	0.0037992555	0.0011031134
0.10743899	0.0036836324	0.0011064178
0.10756979	0.0032854701	0.0011098907
0.10770058	0.0041537730	0.0011176651
0.10783138	0.0037801296	0.0011133488
0.10796218	0.0034095378	0.0011235943
0.10809298	0.0036257411	0.0011302043
0.10822378	0.0034157754	0.0011292105
0.10835458	0.0035927284	0.0011390942
0.10848538	0.0038791010	0.0011358588
0.10861618	0.0036415826	0.0011388698
0.10874698	0.0033941728	0.0011513881
0.10887778	0.0029559461	0.0011408791
0.10900858	0.0035625803	0.0011583628
0.10913938	0.0032355021	0.0011509002
0.10927018	0.0033825012	0.0011500983
0.10940097	0.0031256334	0.0011666232
0.10953177	0.0037830507	0.0011606551
0.10966257	0.0037439960	0.0011687981
0.10979337	0.0033021094	0.0011682875
0.10992417	0.0033772221	0.0011655971
0.11005497	0.0033775458	0.0011755412
0.11018577	0.0032057178	0.0011802749
0.11031657	0.0033084209	0.0011818446
0.11044737	0.0035531184	0.0011854825
0.11057817	0.0030109085	0.0011756948
0.11070897	0.0032052586	0.0011874320
0.11083977	0.0028131853	0.0011978092
0.11097057	0.0031766463	0.0011938081
0.11110136	0.0034562920	0.0011989469
0.11123216	0.0036162088	0.0011902193
0.11136296	0.0032015782	0.0011999209
0.11149376	0.0035140969	0.0012058089
0.11162456	0.0029646249	0.0012025618
0.11175536	0.0034569655	0.0011820874
0.11188616	0.0033258587	0.0011591652
0.11201696	0.0033925106	0.0011555153
0.11214776	0.0033324986	0.0011556618
0.11227856	0.0030655157	0.0011436925
0.11240936	0.0034568484	0.0011439691
0.11254016	0.0036294715	0.0011374197
0.11267096	0.0031322046	0.0011314918
0.11280175	0.0032494669	0.0011315204
0.11293255	0.0031461274	0.0011276161
0.11306335	0.0030566898	0.0011257618
0.11319415	0.0034831651	0.0011242566
0.11332495	0.0032420791	0.0011045708
0.11345575	0.0032897278	0.0011174991
0.11358655	0.0030749591	0.0011135522
0.11371735	0.0030387479	0.0011096350
0.11384815	0.0031367109	0.0011122280
0.11397895	0.0029824773	0.0011023513
0.11410975	0.0029970118	0.0011072771
0.11424055	0.0038370263	0.0010982888
0.11437135	0.0035011252	0.0011023029
0.11450214	0.0031614562	0.0011074980
0.11463294	0.0031706014	0.0010965148
0.11476374	0.0034438666	0.0010880919
0.11489454	0.0036556353	0.0011012881
0.11502534	0.0032420473	0.0010855159
0.11515614	0.0030608225	0.0010955312
0.11528694	0.0028255767	0.0010861931
0.11541774	0.0033265078	0.0010823221
0.11554854	0.0030285942	0.0010859991
0.11567934	0.0031230894	0.0010835587
0.11581014	0.0030303262	0.0010878399
0.11594094	0.0031646254	0.0010866894
0.11607173	0.0031306383	0.0010778413
0.11620253	0.0034877702	0.0010822930
0.11633333	0.0036177174	0.0010764425
0.11646413	0.0031191495	0.0010792744
0.11659493	0.0031562609	0.0010789368
0.11672573	0.0032546847	0.0010709047
0.11685653	0.0031181203	0.0010729174
0.11698733	0.0033136153	0.0010680511
0.11711813	0.0028878622	0.0010716219
0.11724893	0.0031188777	0.0010691943
0.11737973	0.0027536370	0.0010624032
0.11751053	0.0030317758	0.0010620258
0.11764133	0.0035896945	0.0010607182
0.11777212	0.0025837436	0.0010595683
0.11790292	0.0031726024	0.0010642113
0.11803372	0.0026041638	0.0010555325
0.11816452	0.0032553524	0.0010542815
0.11829532	0.0029773925	0.0010539193
0.11842612	0.0029916445	0.0010500565
0.11855692	0.0033687718	0.0010521787
0.11868772	0.0032576976	0.0010503645
0.11881852	0.0029648267	0.0010451860
0.11894932	0.0030895214	0.0010469709
0.11908012	0.0031901772	0.0010395543
0.11921092	0.0030541477	0.0010411244
0.11934172	0.0028077579	0.0010458699
0.11947251	0.0026146175	0.0010373344
0.11960331	0.0027680602	0.0010408530
0.11973411	0.0034312078	0.0010334340
0.11986491	0.0028734391	0.0010396296
0.11999571	0.0031390349	0.0010366459
0.12012651	0.0032456303	0.0010317662
0.12025731	0.0027696262	0.0010361356
0.12038811	0.0031200427	0.0010303307
0.12051891	0.0033659341	0.0010287308
0.12064971	0.0031000705	0.0010316936
0.12078051	0.0030376888	0.0010218080
0.12091131	0.0029860148	0.0010224420
0.12104211	0.0029007653	0.0010251444
0.1211729	0.0029695853	0.0010250372
0.1213037	0.0031510036	0.0010274791
0.1214345	0.0026900562	0.0010193249
0.1215653	0.0028239817	0.0010244096
0.1216961	0.0026656464	0.0010242311
0.1218269	0.0030351350	0.0010189614
0.1219577	0.0029895256	0.0010204635
0.1220885	0.0029251175	0.0010204937
0.1222193	0.0029761047	0.0010166215
0.1223501	0.0029252218	0.0010222542
0.1224809	0.0027338190	0.0010135162
0.1226117	0.0024446377	0.0010220687
0.1227425	0.0025708278	0.0010183665
0.12287329	0.0027386861	0.0010140770
0.12300409	0.0027250853	0.0010180486
0.12313489	0.0026766426	0.0010148956
0.12326569	0.0026081839	0.0010148297
0.12339649	0.0030253854	0.0010178879
0.12352729	0.0030374234	0.0010116583
0.12365809	0.0026254709	0.0010118162
0.12378889	0.0028051573	0.0010143539
0.12391969	0.0030145744	0.0010124817
0.12405049	0.0027538057	0.0010134731
0.12418129	0.0025678409	0.0010122960
0.12431209	0.0028724248	0.0010143237
0.12444288	0.0028018763	0.0010094861
0.12457368	0.0028604171	0.0010087970
0.12470448	0.0028554249	0.0010119391
0.12483528	0.0029840790	0.0010069285
0.12496608	0.0030083548	0.0010106054
0.12509688	0.0030328233	0.0010090512
0.12522768	0.0030654965	0.0010047645
0.12535848	0.0027561691	0.0010107429
0.12548928	0.0031780161	0.0010074247
0.12562008	0.0032006371	0.0010059957
0.12575088	0.0024991600	0.0010102259
0.12588168	0.0027798860	0.0010033976
0.12601248	0.0027342534	0.0010079532
0.12614327	0.0029311895	0.0010072601
0.12627407	0.0024137280	0.0010040128
0.12640487	0.0030070236	0.0010060044
0.12653567	0.0028294936	0.0010014788
0.12666647	0.0029951955	0.0010047720
0.12679727	0.0029184276	0.0010056886
0.12692807	0.0022453379	0.0009977373
0.12705887	0.0030209452	0.0010001720
0.12718967	0.0028128056	0.0009966120
0.12732047	0.0025522536	0.0009963435
0.12745127	0.0029761975	0.0009956678
0.12758207	0.0029998180	0.0009960552
0.12771287	0.0028795120	0.0009980242
0.12784366	0.0025312732	0.0009967641
0.12797446	0.0026777018	0.0009967306
0.12810526	0.0027063268	0.0009968906
0.12823606	0.0024586908	0.0009942205
0.12836686	0.0024144928	0.0009937886
0.12849766	0.0031675637	0.0009976791
0.12862846	0.0024933005	0.0009922020
0.12875926	0.0026153405	0.0009935063
0.12889006	0.0024360750	0.0009955659
0.12902086	0.0024125846	0.0009930721
0.12915166	0.0026035121	0.0009938581
0.12928246	0.0022431274	0.0009905771
0.12941326	0.0029846243	0.0009946399
0.12954405	0.0026624113	0.0009920570
0.12967485	0.0029490919	0.0009929126
0.12980565	0.0024098233	0.0009930488
0.12993645	0.0024828943	0.0009914233
0.13006725	0.0023315125	0.0009883318
0.13019805	0.0024263343	0.0009934241
0.13032885	0.0024943636	0.0009873775
0.13045965	0.0026741960	0.0009881478
0.13059045	0.0022813082	0.0009901698
0.13072125	0.0024584205	0.0009876887
0.13085205	0.0027834038	0.0009887692
0.13098285	0.0024396440	0.0009862602
0.13111365	0.0023921118	0.0009876148
0.13124444	0.0027601599	0.0009876977
0.13137524	0.0026161898	0.0009864565
0.13150604	0.0021047894	0.0009872121
0.13163684	0.0026606337	0.0009872748
0.13176764	0.0025052724	0.0009832260
0.13189844	0.0026671463	0.0009869673
0.13202924	0.0024214095	0.0009874659
0.13216004	0.0023215761	0.0009855489
0.13229084	0.0019871678	0.0009837186
0.13242164	0.0023213155	0.0009853927
0.13255244	0.0024915478	0.0009824571
0.13268324	0.0028150425	0.0009770010
0.13281404	0.0028175460	0.0009831569
0.13294483	0.0022178568	0.0009798981
0.13307563	0.0023504317	0.0009797176
0.13320643	0.0024128861	0.0009822916
0.13333723	0.0023218909	0.0009804888
0.13346803	0.0019152018	0.0009851793
0.13359883	0.0027430425	0.0009840436
0.13372963	0.0025024197	0.0009748290
0.13386043	0.0026381736	0.0009777601
0.13399123	0.0026566149	0.0009756010
0.13412203	0.0019674766	0.0009789224
0.13425283	0.0023305570	0.0009784138
0.13438363	0.0024202877	0.0009745095
0.13451442	0.0023121415	0.0009802548
0.13464522	0.0028201869	0.0009738936
0.13477602	0.0023684586	0.0009708824
0.13490682	0.0027848925	0.0009773719
0.13503762	0.0021664798	0.0009696859
0.13516842	0.0024789836	0.0009733281
0.13529922	0.0020585536	0.0009757877
0.13543002	0.0020282178	0.0009706677
0.13556082	0.0021115031	0.0009753461
0.13569162	0.0020894462	0.0009745871
0.13582242	0.0025250868	0.0009706430
0.13595322	0.0024542695	0.0009707024
0.13608402	0.0023186536	0.0009711259
0.13621481	0.0026675419	0.0009701385
0.13634561	0.0024556851	0.0009689807
0.13647641	0.0026690670	0.0009658434
0.13660721	0.0023500136	0.0009683626
0.13673801	0.0018748638	0.0009676944
0.13686881	0.0021968086	0.0009703996
0.13699961	0.0023138712	0.0009751180
0.13713041	0.0023829532	0.0009637895
0.13726121	0.0022307831	0.0009693865
0.13739201	0.0021192279	0.0009679609
0.13752281	0.0027103678	0.0009679818
0.13765361	0.0022712504	0.0009677423
0.13778441	0.0023748748	0.0009675570
0.1379152	0.0023798473	0.0009669438
0.138046	0.0023972607	0.0009632103
0.1381768	0.0018562838	0.0009613690
0.1383076	0.0019378509	0.0009676091
0.1384384	0.0018030758	0.0009633319
0.1385692	0.0021588135	0.0009654714
0.1387	0.0021212292	0.0009667325
0.1388308	0.0026272333	0.0009565017
0.1389616	0.0021501730	0.0009682768
0.1390924	0.0022244338	0.0009594351
0.1392232	0.0021307004	0.0009617957
0.139354	0.0022300402	0.0009618523
0.1394848	0.0022531132	0.0009602510
0.13961559	0.0024431434	0.0009573524
0.13974639	0.0025333606	0.0009630714
0.13987719	0.0017746326	0.0009590549
0.14000799	0.0022940932	0.0009618935
0.14013879	0.0017532191	0.0009574836
0.14026959	0.0020994599	0.0009624192
0.14040039	0.0018089483	0.0009622966
0.14053119	0.0025195579	0.0009557106
0.14066199	0.0023797885	0.0009593035
0.14079279	0.0022236428	0.0009547760
0.14092359	0.0022278947	0.0009566120
0.14105439	0.0025717970	0.0009580282
0.14118519	0.0021722655	0.0009540796
0.14131598	0.0022552752	0.0009563317
0.14144678	0.0021683515	0.0009485929
0.14157758	0.0021557063	0.0009499937
0.14170838	0.0026880865	0.0009572884
0.14183918	0.0021625655	0.0009491659
0.14196998	0.0021247329	0.0009499014
0.14210078	0.0019548872	0.0009506364
0.14223158	0.0024974651	0.0009507921
0.14236238	0.0022126425	0.0009530047
0.14249318	0.0024926748	0.0009510171
0.14262398	0.0018216020	0.0009506020
0.14275478	0.0019522317	0.0009512349
0.14288558	0.0024552432	0.0009437142
0.14301637	0.0023685795	0.0009489127
0.14314717	0.0021914167	0.0009525803
0.14327797	0.0026715411	0.0009469156
0.14340877	0.0025569209	0.0009478925
0.14353957	0.0020770544	0.0009464975
0.14367037	0.0019093622	0.0009498868
0.14380117	0.0021465068	0.0009498807
0.14393197	0.0020489802	0.0009440875
0.14406277	0.0018931627	0.0009459951
0.14419357	0.0023491262	0.0009441861
0.14432437	0.0021613880	0.0009418364
0.14445517	0.0023224556	0.0009472032
0.14458596	0.0020361158	0.0009432749
0.14471676	0.0019723931	0.0009443519
0.14484756	0.0021831140	0.0009449937
0.14497836	0.0019979035	0.0009428519
0.14510916	0.0019979833	0.0009459363
0.14523996	0.0020427682	0.0009429930
0.14537076	0.0020792629	0.0009496410
0.14550156	0.0024612970	0.0009416206
0.14563236	0.0019180996	0.0009421865
0.14576316	0.0016683682	0.0009460092
0.14589396	0.0017463614	0.0009467828
0.14602476	0.0020533594	0.0009426288
0.14615556	0.0021959534	0.0009445270
0.14628635	0.0020421160	0.0009401877
0.14641715	0.0019038477	0.0009438664
0.14654795	0.0019683066	0.0009438216
0.14667875	0.0022946035	0.0009384059
0.14680955	0.0024774438	0.0009422099
0.14694035	0.0023044996	0.0009370414
0.14707115	0.0017991978	0.0009413337
0.14720195	0.0017498705	0.0009467014
0.14733275	0.0018867929	0.0009402081
0.14746355	0.0024281257	0.0009453771
0.14759435	0.0021288084	0.0009402362
0.14772515	0.0019024612	0.0009394411
0.14785595	0.0015738439	0.0009442408
0.14798674	0.0020715670	0.0009362296
0.14811754	0.0021044107	0.0009423715
0.14824834	0.0021685789	0.0009337622
0.14837914	0.0015844098	0.0009388262
0.14850994	0.0022151676	0.0009365578
0.14864074	0.0020473184	0.0009384228
0.14877154	0.0022505157	0.0009382027
0.14890234	0.0021893136	0.0009391867
0.14903314	0.0018921087	0.0009332564
0.14916394	0.0019034194	0.0009381116
0.14929474	0.0018912601	0.0009347238
0.14942554	0.0019175055	0.0009359884
0.14955634	0.0022415549	0.0009356862
0.14968713	0.0022807229	0.0009280934
0.14981793	0.0017305178	0.0009383802
0.14994873	0.0016585703	0.0009343281
0.15007953	0.0024351318	0.0009348765
0.15021033	0.0018821818	0.0009365395
0.15034113	0.0019743487	0.0009334145
0.15047193	0.0018699104	0.0009307777
0.15060273	0.0018010480	0.0009422475
0.15073353	0.0018578605	0.0009277020
0.15086433	0.0020437363	0.0009334679
0.15099513	0.0017186031	0.0009287271
0.15112593	0.0015663692	0.0009326963
0.15125673	0.0021504740	0.0009308186
0.15138752	0.0021380127	0.0009294178
0.15151832	0.0021726720	0.0009301148
0.15164912	0.0021202738	0.0009318926
0.15177992	0.0019872309	0.0009266881
0.15191072	0.0018109331	0.0009289025
0.15204152	0.0014280791	0.0009322611
0.15217232	0.0019283471	0.0009273956
0.15230312	0.0018991153	0.0009294538
0.15243392	0.0015210611	0.0009256773
0.15256472	0.0017840483	0.0009282723
0.15269552	0.0020076745	0.0009291494
0.15282632	0.0019503931	0.0009273412
0.15295712	0.0019767045	0.0009263400
0.15308791	0.0021698208	0.0009249084
0.15321871	0.0020907168	0.0009254813
0.15334951	0.0023481593	0.0009254778
0.15348031	0.0017589134	0.0009245299
0.15361111	0.0015591759	0.0009285217
0.15374191	0.0020027697	0.0009226737
0.15387271	0.0019156204	0.0009244975
0.15400351	0.0015538239	0.0009259425
0.15413431	0.0015557181	0.0009254297
0.15426511	0.0017042400	0.0009264008
0.15439591	0.0018497066	0.0009230354
0.15452671	0.0016779472	0.0009256595
0.1546575	0.0018886273	0.0009212590
0.1547883	0.0016620925	0.0009260196
0.1549191	0.0016089370	0.0009210068
0.1550499	0.0020745209	0.0009219910
0.1551807	0.0015450232	0.0009213266
0.1553115	0.0015337429	0.0009235910
0.1554423	0.0016810816	0.0009218541
0.1555731	0.0018482843	0.0009195033
0.1557039	0.0018898172	0.0009194289
0.1558347	0.0017779686	0.0009217442
0.1559655	0.0020872355	0.0009176401
0.1560963	0.0020781832	0.0009180871
0.1562271	0.0017573479	0.0009199386
0.15635789	0.0014706676	0.0009178420
0.15648869	0.0015934499	0.0009159107
0.15661949	0.0019573236	0.0009151188
0.15675029	0.0016760667	0.0009180003
0.15688109	0.0016280776	0.0009146187
0.15701189	0.0018299122	0.0009200575
0.15714269	0.0019765707	0.0009131783
0.15727349	0.0017232899	0.0009147370
0.15740429	0.0015573295	0.0009147284
0.15753509	0.0021681822	0.0009152029
0.15766589	0.0021333105	0.0009154334
0.15779669	0.0018756924	0.0009126317
0.15792749	0.0016322427	0.0009141385
0.15805828	0.0019909672	0.0009140233
0.15818908	0.0019335861	0.0009135017
0.15831988	0.0021331210	0.0009142340
0.15845068	0.0017360257	0.0009115863
0.15858148	0.0020074669	0.0009107415
0.15871228	0.0016301206	0.0009143596
0.15884308	0.0019260967	0.0009090999
0.15897388	0.0017090755	0.0009143258
0.15910468	0.0017719688	0.0009129988
0.15923548	0.0018112425	0.0009089053
0.15936628	0.0018773579	0.0009095535
0.15949708	0.0016295156	0.0009110203
0.15962788	0.0019317986	0.0009111626
0.15975867	0.0019312539	0.0009106472
0.15988947	0.0020478577	0.0009092102
0.16002027	0.0015270608	0.0009103078
0.16015107	0.0021232133	0.0009067070
0.16028187	0.0013625532	0.0009101740
0.16041267	0.0015412900	0.0009139253
0.16054347	0.0017314450	0.0009050098
0.16067427	0.0018971769	0.0009073362
0.16080507	0.0015616190	0.0009084421
0.16093587	0.0020938820	0.0009061200
0.16106667	0.0014363098	0.0009085358
0.16119747	0.0015535832	0.0009034309
0.16132827	0.0017156648	0.0009061621
0.16145906	0.0018858651	0.0009075547
0.16158986	0.0020028770	0.0009007089
0.16172066	0.0019990944	0.0009059087
0.16185146	0.0018716314	0.0009077252
0.16198226	0.0016495256	0.0009017700
0.16211306	0.0014882350	0.0009059127
0.16224386	0.0017468937	0.0009001129
0.16237466	0.0017678252	0.0009046143
0.16250546	0.0022658039	0.0009028658
0.16263626	0.0019260848	0.0008963428
0.16276706	0.0016592665	0.0009025021
0.16289786	0.0014984253	0.0009001837
0.16302865	0.0014814965	0.0009023487
0.16315945	0.0016255756	0.0009048080
0.16329025	0.0016389374	0.0008972495
0.16342105	0.0014000383	0.0009004053
0.16355185	0.0018662516	0.0008989854
0.16368265	0.0015150315	0.0008986525
0.16381345	0.0013187799	0.0009026333
0.16394425	0.0017718043	0.0008964451
0.16407505	0.0017670236	0.0008996203
0.16420585	0.0018091474	0.0009034194
0.16433665	0.0018199413	0.0008958337
0.16446745	0.0019915751	0.0008979665
0.16459825	0.0016846490	0.0008975273
0.16472904	0.0020571835	0.0008983454
0.16485984	0.0017954263	0.0009008849
0.16499064	0.0016717656	0.0008948407
0.16512144	0.0014708895	0.0008988578
0.16525224	0.0018946135	0.0008949567
0.16538304	0.0016373757	0.0008937378
0.16551384	0.0014066783	0.0009014177
0.16564464	0.0012317356	0.0008949423
0.16577544	0.0017545037	0.0008969291
0.16590624	0.0017076567	0.0008995997
0.16603704	0.0018973858	0.0008937976
0.16616784	0.0017659038	0.0008948210
0.16629864	0.0018482446	0.0008950158
0.16642943	0.0016691806	0.0008924347
0.16656023	0.0017335980	0.0008981916
0.16669103	0.0016824612	0.0008900491
0.16682183	0.0016558172	0.0008994550
0.16695263	0.0018358582	0.0008957605
0.16708343	0.0015468566	0.0008900384
0.16721423	0.0015660197	0.0008969875
0.16734503	0.0017352058	0.0008906651
0.16747583	0.0016681983	0.0008917693
0.16760663	0.0014795395	0.0008912053
0.16773743	0.0019233095	0.0008876498
0.16786823	0.0015206157	0.0008903997
0.16799903	0.0018128392	0.0008886054
0.16812982	0.0015659889	0.0008886510
0.16826062	0.0017644876	0.0008985735
0.16839142	0.0017002281	0.0008877238
0.16852222	0.0015054753	0.0008889240
0.16865302	0.0015434026	0.0008904147
0.16878382	0.0017854865	0.0008864034
0.16891462	0.0016792719	0.0008890066
0.16904542	0.0014530156	0.0008878525
0.16917622	0.0013317372	0.0008908923
0.16930702	0.0018066484	0.0008895051
0.16943782	0.0015416479	0.0008847756
0.16956862	0.0014467268	0.0008894490
0.16969942	0.0015674518	0.0008893937
0.16983021	0.0017471296	0.0008869122
0.16996101	0.0016778220	0.0008846609
0.17009181	0.0015579333	0.0008825420
0.17022261	0.0011732428	0.0008865135
0.17035341	0.0015403783	0.0008858718
0.17048421	0.0018678669	0.0008827082
0.17061501	0.0013186312	0.0008853551
0.17074581	0.0015715764	0.0008809503
0.17087661	0.0011124016	0.0008862519
0.17100741	0.0014282340	0.0008865192
0.17113821	0.0012644974	0.0008837401
0.17126901	0.0017318270	0.0008851593
0.17139981	0.0015826548	0.0008799940
0.1715306	0.0019701689	0.0008811875
0.1716614	0.0018492095	0.0008872709
0.1717922	0.0017064857	0.0008777483
0.171923	0.0014261383	0.0008845894
0.1720538	0.0013763799	0.0008812237
0.1721846	0.0014712063	0.0008809413
0.1723154	0.0016576946	0.0008806526
0.1724462	0.0013013876	0.0008800035
0.172577	0.0015179509	0.0008840207
0.1727078	0.0011143393	0.0008820557
0.1728386	0.0014155552	0.0008775010
0.1729694	0.0016962327	0.0008800970
0.17310019	0.0014114164	0.0008774879
0.17323099	0.0016908523	0.0008787123
0.17336179	0.0015179640	0.0008820224
0.17349259	0.0014226833	0.0008736076
0.17362339	0.0012762534	0.0008784357
0.17375419	0.0014465194	0.0008733229
0.17388499	0.0012867630	0.0008797548
0.17401579	0.0018236157	0.0008770055
0.17414659	0.0018597631	0.0008705524
0.17427739	0.0016181554	0.0008744808
0.17440819	0.0013061650	0.0008775236
0.17453899	0.0017638065	0.0008724383
0.17466979	0.0009961948	0.0008785701
0.17480058	0.0015941864	0.0008696387
0.17493138	0.0013170806	0.0008738630
0.17506218	0.0015888916	0.0008750117
0.17519298	0.0015729215	0.0008709179
0.17532378	0.0016664764	0.0008757684
0.17545458	0.0016308315	0.0008687292
0.17558538	0.0017072967	0.0008710120
0.17571618	0.0013071062	0.0008742866
0.17584698	0.0014299431	0.0008733249
0.17597778	0.0014482718	0.0008708589
0.17610858	0.0017853483	0.0008773705
0.17623938	0.0013215394	0.0008671781
0.17637018	0.0013039016	0.0008769819
0.17650097	0.0018508815	0.0008689703
0.17663177	0.0015577402	0.0008713078
0.17676257	0.0014610095	0.0008746471
0.17689337	0.0016282671	0.0008637570
0.17702417	0.0016439898	0.0008701767
0.17715497	0.0015132318	0.0008706359
0.17728577	0.0015554873	0.0008697847
0.17741657	0.0015821191	0.0008733643
0.17754737	0.0016039275	0.0008636408
0.17767817	0.0015741244	0.0008658097
0.17780897	0.0014248101	0.0008712813
0.17793977	0.0013975602	0.0008677738
0.17807057	0.0017041079	0.0008698951
0.17820136	0.0015388695	0.0008639071
0.17833216	0.0015700892	0.0008667188
0.17846296	0.0014047518	0.0008702493
0.17859376	0.0016267468	0.0008661702
0.17872456	0.0016048110	0.0008688893
0.17885536	0.0014632572	0.0008619199
0.17898616	0.0012625797	0.0008620913
0.17911696	0.0016226282	0.0008663728
0.17924776	0.0013597016	0.0008621396
0.17937856	0.0017111860	0.0008659310
0.17950936	0.0013267035	0.0008673716
0.17964016	0.0017138886	0.0008597310
0.17977096	0.0018051007	0.0008664445
0.17990175	0.0013560712	0.0008619243
0.18003255	0.0013433548	0.0008682325
0.18016335	0.0014173859	0.0008656608
0.18029415	0.0015278399	0.0008581642
0.18042495	0.0013124732	0.0008583355
0.18055575	0.0013895052	0.0008755735
0.18068655	0.0012720829	0.0008838821
0.18081735	0.0009456197	0.0008930939
0.18094815	0.0015788518	0.0008910295
0.18107895	0.0012764283	0.0008981564
0.18120975	0.0015644416	0.0009051576
0.18134055	0.0010621332	0.0009051209
0.18147135	0.0014435675	0.0009125821
0.18160214	0.0014730181	0.0009099635
0.18173294	0.0013951420	0.0009142122
0.18186374	0.0013187729	0.0009208965
0.18199454	0.0012537422	0.0009184992
0.18212534	0.0011850490	0.0009257401
0.18225614	0.0010282227	0.0009283170
0.18238694	0.0011281826	0.0009274382
0.18251774	0.0011821693	0.0009355652
0.18264854	0.0015979896	0.0009320869
0.18277934	0.0010987710	0.0009399787
0.18291014	0.0013260007	0.0009396235
0.18304094	0.0012375736	0.0009401925
0.18317173	0.0011810009	0.0009453998
0.18330253	0.0014054907	0.0009438436
0.18343333	0.0013273329	0.0009500094
0.18356413	0.0016576534	0.0009559742
0.18369493	0.0013270819	0.0009483486
0.18382573	0.0010921547	0.0009557166
0.18395653	0.0015135195	0.0009540141
0.18408733	0.0012686534	0.0009557990
0.18421813	0.0012750117	0.0009628878
0.18434893	0.0011721825	0.0009575726
0.18447973	0.0015496237	0.0009630013
0.18461053	0.0018090328	0.0009657103
0.18474133	0.0013970584	0.0009649093
0.18487212	0.0015017166	0.0009699722
0.18500292	0.0016784827	0.0009681785
0.18513372	0.0017339452	0.0009720220
0.18526452	0.0014218169	0.0009744877
0.18539532	0.0017817899	0.0009721129
0.18552612	0.0014364567	0.0009552314
0.18565692	0.0010112570	0.0009382719
0.18578772	0.0013395278	0.0009379503
0.18591852	0.0009138173	0.0009391043
0.18604932	0.0011332036	0.0009293153
0.18618012	0.0014110599	0.0009299294
0.18631092	0.0011644492	0.0009258232
0.18644172	0.0015687039	0.0009223012
0.18657251	0.0012168148	0.0009176237
0.18670331	0.0014214246	0.0009145457
0.18683411	0.0014579285	0.0009129619
0.18696491	0.0014748869	0.0009149484
0.18709571	0.0017266126	0.0009030955
0.18722651	0.0009655027	0.0009085270
0.18735731	0.0010531738	0.0009026177
0.18748811	0.0011142214	0.0009013845
0.18761891	0.0013548724	0.0009007068
0.18774971	0.0013987100	0.0008942197
0.18788051	0.0017330151	0.0008967936
0.18801131	0.0016374411	0.0008902914
0.18814211	0.0014690093	0.0008950447
0.1882729	0.0015052520	0.0008949643
0.1884037	0.0014061980	0.0008857254
0.1885345	0.0014902629	0.0008876626
0.1886653	0.0014463049	0.0008870513
0.1887961	0.0014919593	0.0008811840
0.1889269	0.0013188612	0.0008840970
0.1890577	0.0014683378	0.0008802845
0.1891885	0.0013486643	0.0008772362
0.1893193	0.0012640598	0.0008810361
0.1894501	0.0016212613	0.0008746353
0.1895809	0.0014251881	0.0008773865
0.1897117	0.0013950571	0.0008747049
0.1898425	0.0013737668	0.0008745607
0.18997329	0.0011299797	0.0008735903
0.19010409	0.0011379726	0.0008696110
0.19023489	0.0010709397	0.0008738486
0.19036569	0.0015972430	0.0008695886
0.19049649	0.0013696397	0.0008645317
0.19062729	0.0013178223	0.0008680548
0.19075809	0.0012738559	0.0008645518
0.19088889	0.0014286691	0.0008656890
0.19101969	0.0010906323	0.0008655664
0.19115049	0.0013585310	0.0008575263
0.19128129	0.0010865903	0.0008668935
0.19141209	0.0010806856	0.0008602414
0.19154288	0.0011533401	0.0008588591
0.19167368	0.0013482769	0.0008632541
0.19180448	0.0011941034	0.0008565361
0.19193528	0.0013156954	0.0008618379
0.19206608	0.0012776615	0.0008614177
0.19219688	0.0011206395	0.0008555919
0.19232768	0.0012885662	0.0008596181
0.19245848	0.0014535455	0.0008557859
0.19258928	0.0012282417	0.0008564208
0.19272008	0.0014187738	0.0008569467
0.19285088	0.0012452087	0.0008546577
0.19298168	0.0015248971	0.0008574353
0.19311248	0.0008912042	0.0008522384
0.19324327	0.0012963196	0.0008543192
0.19337407	0.0008472764	0.0008581305
0.19350487	0.0011225546	0.0008526139
0.19363567	0.0008988089	0.0008556639
0.19376647	0.0011714651	0.0008555115
0.19389727	0.0011816475	0.0008519773
0.19402807	0.0012014006	0.0008538995
0.19415887	0.0010556840	0.0008523426
0.19428967	0.0010229649	0.0008521939
0.19442047	0.0009849696	0.0008542702
0.19455127	0.0009947217	0.0008497893
0.19468207	0.0012244328	0.0008541294
0.19481287	0.0009201203	0.0008494851
0.19494366	0.0011169598	0.0008491894
0.19507446	0.0013793002	0.0008513687
0.19520526	0.0010260665	0.0008461376
0.19533606	0.0012821475	0.0008527608
0.19546686	0.0012304281	0.0008498697
0.19559766	0.0012759729	0.0008468312
0.19572846	0.0013536141	0.0008513320
0.19585926	0.0012447292	0.0008456963
0.19599006	0.0009497557	0.0008482256
0.19612086	0.0010492046	0.0008518880
0.19625166	0.0013178736	0.0008423343
0.19638246	0.0012098270	0.0008490768
0.19651326	0.0010358445	0.0008431754
0.19664405	0.0014895063	0.0008451646
0.19677485	0.0010516291	0.0008472343
0.19690565	0.0008296986	0.0008461321
0.19703645	0.0009607130	0.0008467821
0.19716725	0.0012643180	0.0008416898
0.19729805	0.0010241616	0.0008435962
0.19742885	0.0009748848	0.0008447987
0.19755965	0.0015949537	0.0008436884
0.19769045	0.0013864955	0.0008409839
0.19782125	0.0009606600	0.0008463856
0.19795205	0.0016109384	0.0008382372
0.19808285	0.0012252712	0.0008444378
0.19821365	0.0010470184	0.0008423629
0.19834444	0.0012889353	0.0008441723
0.19847524	0.0013096372	0.0008417825
0.19860604	0.0010210181	0.0008404299
0.19873684	0.0012086460	0.0008451319
0.19886764	0.0012824794	0.0008437168
0.19899844	0.0014839562	0.0008380828
0.19912924	0.0014334029	0.0008417757
0.19926004	0.0010809891	0.0008384904
0.19939084	0.0009987843	0.0008400761
0.19952164	0.0010826365	0.0008405127
0.19965244	0.0010325509	0.0008376877
0.19978324	0.0009565794	0.0008425045
0.19991404	0.0013331546	0.0008349922
0.20004483	0.0011437399	0.0008371100
0.20017563	0.0011081720	0.0008413363
0.20030643	0.0008056112	0.0008397781
0.20043723	0.0011621021	0.0008366240
0.20056803	0.0016143335	0.0008348669
0.20069883	0.0011490853	0.0008384205
0.20082963	0.0015097984	0.0008350682
0.20096043	0.0009936138	0.0008380229
0.20109123	0.0011055632	0.0008380128
0.20122203	0.0010674528	0.0008360133
0.20135283	0.0013325750	0.0008324191
0.20148363	0.0012650731	0.0008373956
0.20161442	0.0011986108	0.0008346822
0.20174522	0.0009004950	0.0008351530
0.20187602	0.0011313970	0.0008378202
0.20200682	0.0013204278	0.0008353685
0.20213762	0.0011914537	0.0008337575
0.20226842	0.0011573290	0.0008336263
0.20239922	0.0014446087	0.0008313217
0.20253002	0.0014791754	0.0008364412
0.20266082	0.0012208142	0.0008288935
0.20279162	0.0009652157	0.0008305716
0.20292242	0.0011547442	0.0008321297
0.20305322	0.0012919258	0.0008275531
0.20318402	0.0014047113	0.0008273144
0.20331481	0.0010537677	0.0008286771
0.20344561	0.0010349252	0.0008319790
0.20357641	0.0009098359	0.0008312463
0.20370721	0.0014206938	0.0008277406
0.20383801	0.0008365305	0.0008280340
0.20396881	0.0012218784	0.0008260389
0.20409961	0.0014215165	0.0008261078
0.20423041	0.0012096623	0.0008286310
0.20436121	0.0011466717	0.0008255889
0.20449201	0.0006831102	0.0008301354
0.20462281	0.0013139241	0.0008239112
0.20475361	0.0012751712	0.0008270532
0.20488441	0.0014477757	0.0008260680
0.2050152	0.0012522864	0.0008256360
0.205146	0.0012243019	0.0008289634
0.2052768	0.0007952423	0.0008258990
0.2054076	0.0007568559	0.0008252203
0.2055384	0.0007198798	0.0008265303
0.2056692	0.0010163070	0.0008236871
0.2058	0.0011912614	0.0008247832
0.2059308	0.0010759827	0.0008256260
0.2060616	0.0007026227	0.0008231639
0.2061924	0.0009169192	0.0008267685
0.2063232	0.0009625698	0.0008257960
0.206454	0.0009319667	0.0008214791
0.2065848	0.0010408702	0.0008238832
0.20671559	0.0012594142	0.0008235074
0.20684639	0.0013257787	0.0008229977
0.20697719	0.0010331037	0.0008251756
0.20710799	0.0009685595	0.0008202239
0.20723879	0.0013410634	0.0008235022
0.20736959	0.0010337674	0.0008237684
0.20750039	0.0009366152	0.0008238663
0.20763119	0.0007121602	0.0008278526
0.20776199	0.0011172247	0.0008220433
0.20789279	0.0014028983	0.0008244657
0.20802359	0.0010048817	0.0008208761
0.20815439	0.0010763223	0.0008195159
0.20828519	0.0010378952	0.0008238594
0.20841598	0.0013525191	0.0008203897
0.20854678	0.0010076627	0.0008220343
0.20867758	0.0011583944	0.0008231060
0.20880838	0.0011647323	0.0008147440
0.20893918	0.0014750262	0.0008528432
0.20906998	0.0012040479	0.0008202745
0.20920078	0.0009447585	0.0008229274
0.20933158	0.0014370412	0.0008189313
0.20946238	0.0006282340	0.0008148799
0.20959318	0.0009511019	0.0008225349
0.20972398	0.0010110694	0.0008213392
0.20985478	0.0011186461	0.0008187227
0.20998558	0.0009977791	0.0008178375
0.21011637	0.0009293471	0.0008173768
0.21024717	0.0010925986	0.0008177035
0.21037797	0.0008416829	0.0008204346
0.21050877	0.0010944882	0.0008147443
0.21063957	0.0011002743	0.0008177163
0.21077037	0.0008225867	0.0008156182
0.21090117	0.0007846129	0.0008159693
0.21103197	0.0010228887	0.0008175577
0.21116277	0.0005746753	0.0008151702
0.21129357	0.0012348784	0.0008163665
0.21142437	0.0008976774	0.0008158951
0.21155517	0.0010309864	0.0008135297
0.21168596	0.0011827679	0.0008165062
0.21181676	0.0011780780	0.0008141251
0.21194756	0.0012319299	0.0008158072
0.21207836	0.0008707979	0.0008160225
0.21220916	0.0010323532	0.0008112984
0.21233996	0.0008983483	0.0008155833
0.21247076	0.0008326925	0.0008130092
0.21260156	0.0008089826	0.0008145892
0.21273236	0.0012058981	0.0008167702
0.21286316	0.0010839852	0.0008104801
0.21299396	0.0008453366	0.0008135329
0.21312476	0.0009823217	0.0008133046
0.21325556	0.0006699121	0.0008144015
0.21338635	0.0011646482	0.0008137264
0.21351715	0.0010512871	0.0008134689
0.21364795	0.0006893169	0.0008129023
0.21377875	0.0012251659	0.0008105720
0.21390955	0.0011620481	0.0008133820
0.21404035	0.0008312011	0.0008112774
0.21417115	0.0013451566	0.0008091244
0.21430195	0.0009813728	0.0008081520
0.21443275	0.0009622654	0.0008107025
0.21456355	0.0010327924	0.0008063823
0.21469435	0.0013703936	0.0008091372
0.21482515	0.0007353130	0.0008091283
0.21495595	0.0007243223	0.0008113315
0.21508674	0.0008038716	0.0008116127
0.21521754	0.0010189670	0.0008061315
0.21534834	0.0006442756	0.0008093809
0.21547914	0.0006798788	0.0008061100
0.21560994	0.0012538547	0.0008078664
0.21574074	0.0012224637	0.0008076844
0.21587154	0.0010469695	0.0008070923
0.21600234	0.0007931680	0.0008065109
0.21613314	0.0008580291	0.0008100768
0.21626394	0.0009099736	0.0008028257
0.21639474	0.0006830110	0.0008084093
0.21652554	0.0008603088	0.0008048626
0.21665634	0.0007912572	0.0008066317
0.21678713	0.0008535925	0.0008058558
0.21691793	0.0007272699	0.0008036660
0.21704873	0.0007259709	0.0008069069
0.21717953	0.0007594782	0.0008050822
0.21731033	0.0011613069	0.0008040999
0.21744113	0.0012261702	0.0008056649
0.21757193	0.0008478621	0.0008052778
0.21770273	0.0003679135	0.0008049382
0.21783353	0.0006235756	0.0008067558
0.21796433	0.0010016921	0.0008003828
0.21809513	0.0009260152	0.0008008958
0.21822593	0.0007499566	0.0008019915
0.21835673	0.0007368453	0.0008064949
0.21848752	0.0009555041	0.0008071400
0.21861832	0.0009227941	0.0008019382
0.21874912	0.0009422689	0.0008015255
0.21887992	0.0010709059	0.0008045451
0.21901072	0.0012241325	0.0008032413
0.21914152	0.0011015918	0.0008031889
0.21927232	0.0009102785	0.0008006341
0.21940312	0.0010056885	0.0008043806
0.21953392	0.0006360844	0.0008024899
0.21966472	0.0008485693	0.0007967086
0.21979552	0.0009197351	0.0008003196
0.21992632	0.0009582212	0.0007977472
0.22005712	0.0009105950	0.0007976082
0.22018791	0.0007945031	0.0007983912
0.22031871	0.0012018320	0.0007969831
0.22044951	0.0012608293	0.0007998983
0.22058031	0.0009591980	0.0007966388
0.22071111	0.0008348886	0.0007970728
0.22084191	0.0011224571	0.0008015119
0.22097271	0.0008812720	0.0007946731
0.22110351	0.0006396135	0.0008005353
0.22123431	0.0006972914	0.0007988775
0.22136511	0.0008847277	0.0007967285
0.22149591	0.0012440893	0.0007969700
0.22162671	0.0006413028	0.0007967616
0.2217575	0.0009196851	0.0007989678
0.2218883	0.0009065094	0.0007995730
0.2220191	0.0010168829	0.0007953753
0.2221499	0.0008338497	0.0007947347
0.2222807	0.0007059713	0.0007962971
0.2224115	0.0010298227	0.0007949870
0.2225423	0.0005416479	0.0007981966
0.2226731	0.0010080778	0.0007930487
0.2228039	0.0008906771	0.0007945629
0.2229347	0.0010179556	0.0007936227
0.2230655	0.0010192892	0.0007940867
0.2231963	0.0009497396	0.0007973789
0.2233271	0.0008950250	0.0007920349
0.22345789	0.0011929601	0.0007953762
0.22358869	0.0010318834	0.0007973105
0.22371949	0.0010241812	0.0007913482
0.22385029	0.0007805975	0.0007966693
0.22398109	0.0005804321	0.0007965293
0.22411189	0.0006957773	0.0007906955
0.22424269	0.0006627931	0.0007941047
0.22437349	0.0006627013	0.0007898153
0.22450429	0.0006729231	0.0007958874
0.22463509	0.0008527667	0.0007932353
0.22476589	0.0010674980	0.0007900862
0.22489669	0.0004847110	0.0007948773
0.22502749	0.0008442266	0.0007925733
0.22515828	0.0009012762	0.0007945193
0.22528908	0.0010003016	0.0007951820
0.22541988	0.0011408975	0.0007882416
0.22555068	0.0009230817	0.0007894930
0.22568148	0.0008653780	0.0007891188
0.22581228	0.0011857494	0.0007912492
0.22594308	0.0008300855	0.0007928873
0.22607388	0.0007306625	0.0007862145
0.22620468	0.0009135760	0.0007888682
0.22633548	0.0008823050	0.0007893094
0.22646628	0.0009421958	0.0007870654
0.22659708	0.0008805931	0.0007919001
0.22672788	0.0012081048	0.0007852990
0.22685867	0.0006633950	0.0007871202
0.22698947	0.0004433774	0.0007898100
0.22712027	0.0006858625	0.0007876120
0.22725107	0.0009351564	0.0007889745
0.22738187	0.0007871923	0.0007885726
0.22751267	0.0009358306	0.0007846759
0.22764347	0.0006921971	0.0007926617
0.22777427	0.0007599094	0.0007853234
0.22790507	0.0008162643	0.0007883907
0.22803587	0.0004731940	0.0007866570
0.22816667	0.0009699234	0.0007838346
0.22829747	0.0011913507	0.0007876953
0.22842827	0.0010941203	0.0007850836
0.22855906	0.0010113190	0.0007866801
0.22868986	0.0010062621	0.0007880583
0.22882066	0.0011748377	0.0007848075
0.22895146	0.0007205852	0.0007853855
0.22908226	0.0006264830	0.0007847998
0.22921306	0.0006577908	0.0007859354
0.22934386	0.0010157747	0.0007894909
0.22947466	0.0011207081	0.0007829733
0.22960546	0.0007582282	0.0007864547
0.22973626	0.0010279443	0.0007841416
0.22986706	0.0008405888	0.0007843959
0.22999786	0.0010878449	0.0007833489
0.23012865	0.0009359760	0.0007930818
0.23025945	0.0009111894	0.0008046656
0.23039025	0.0009862088	0.0008070999
0.23052105	0.0011641969	0.0008126243
0.23065185	0.0007297186	0.0008201647
0.23078265	0.0008211442	0.0008173131
0.23091345	0.0009955502	0.0008229255
0.23104425	0.0007035645	0.0008302267
0.23117505	0.0008164944	0.0008259082
0.23130585	0.0008849965	0.0008350748
0.23143665	0.0010168693	0.0008320088
0.23156745	0.0007210928	0.0008360981
0.23169825	0.0010227411	0.0008396751
0.23182904	0.0007836293	0.0008353734
0.23195984	0.0008790509	0.0008464930
0.23209064	0.0008195358	0.0008452469
0.23222144	0.0009486629	0.0008432747
0.23235224	0.0005600914	0.0008507955
0.23248304	0.0008893733	0.0008472714
0.23261384	0.0009841948	0.0008525594
0.23274464	0.0008837935	0.0008540228
0.23287544	0.0007261804	0.0008481417
0.23300624	0.0008964682	0.0008521801
0.23313704	0.0011204836	0.0008495526
0.23326784	0.0010761651	0.0008525252
0.23339864	0.0007068330	0.0008556701
0.23352943	0.0009440895	0.0008486885
0.23366023	0.0007031383	0.0008546608
0.23379103	0.0007659857	0.0008503347
0.23392183	0.0002203626	0.0008564169
0.23405263	0.0006057348	0.0008559688
0.23418343	0.0006551161	0.0008513275
0.23431423	0.0005603138	0.0008588021
0.23444503	0.0009266090	0.0008569546
0.23457583	0.0006979342	0.0008564649
0.23470663	0.0009693268	0.0008576014
0.23483743	0.0010539547	0.0008582166
0.23496823	0.0008640097	0.0008618948
0.23509903	0.0008349260	0.0008605581
0.23522982	0.0010725150	0.0008560387
0.23536062	0.0007084397	0.0008637702
0.23549142	0.0007623275	0.0008585560
0.23562222	0.0008394850	0.0008638601
0.23575302	0.0005642009	0.0008653834
0.23588382	0.0007699648	0.0008591906
0.23601462	0.0008270741	0.0008643007
0.23614542	0.0008322839	0.0008657192
0.23627622	0.0007802603	0.0008629107
0.23640702	0.0008515320	0.0008670378
0.23653782	0.0007703964	0.0008620162
0.23666862	0.0010661067	0.0008680490
0.23679942	0.0007377692	0.0008679567
0.23693021	0.0003317644	0.0008644211
0.23706101	0.0010717772	0.0008680914
0.23719181	0.0012144949	0.0008661070
0.23732261	0.0010587923	0.0008671292
0.23745341	0.0007066792	0.0008714661
0.23758421	0.0009647101	0.0008649790
0.23771501	0.0010470116	0.0008700293
0.23784581	0.0009870052	0.0008666253
0.23797661	0.0007141237	0.0008675303
0.23810741	0.0007449370	0.0008716712
0.23823821	0.0007466735	0.0008675607
0.23836901	0.0006432751	0.0008720339
0.23849981	0.0007668477	0.0008748658
0.2386306	0.0004505872	0.0008660965
0.2387614	0.0003539488	0.0008756770
0.2388922	0.0011521711	0.0008694700
0.239023	0.0008603611	0.0008721379
0.2391538	0.0007674178	0.0008745673
0.2392846	0.0009130780	0.0008713359
0.2394154	0.0007934680	0.0008745751
0.2395462	0.0008314653	0.0008726432
0.239677	0.0008143932	0.0008741880
0.2398078	0.0007502847	0.0008783777
0.2399386	0.0006697628	0.0008728767
0.2400694	0.0007807649	0.0008756220
0.24020019	0.0010701382	0.0008736876
0.24033099	0.0004738526	0.0008760983
0.24046179	0.0008515025	0.0008798751
0.24059259	0.0004684588	0.0008734999
0.24072339	0.0008685984	0.0008796404
0.24085419	0.0006592542	0.0008781469
0.24098499	0.0008328572	0.0008743236
0.24111579	0.0007414288	0.0008800025
0.24124659	0.0007867875	0.0008782178
0.24137739	0.0006895408	0.0008770268
0.24150819	0.0008979301	0.0008838734
0.24163899	0.0007925188	0.0008743117
0.24176979	0.0004957385	0.0008827681
0.24190058	0.0005808401	0.0008822404
0.24203138	0.0008516336	0.0008785573
0.24216218	0.0007228183	0.0008831583
0.24229298	0.0008640326	0.0008779351
0.24242378	0.0009306980	0.0008842051
0.24255458	0.0006212949	0.0008843033
0.24268538	0.0008183599	0.0008816867
0.24281618	0.0006187924	0.0008842119
0.24294698	0.0008343679	0.0008847657
0.24307778	0.0009370306	0.0008808527
0.24320858	0.0005910673	0.0008859121
0.24333938	0.0008998120	0.0008786966
0.24347018	0.0009244100	0.0008836495
0.24360097	0.0009466448	0.0008824151
0.24373177	0.0008844631	0.0008821557
0.24386257	0.0008751942	0.0008879437
0.24399337	0.0009485514	0.0008789106
0.24412417	0.0008948955	0.0008863476
0.24425497	0.0006527814	0.0008862040
0.24438577	0.0009099041	0.0008932252
0.24451657	0.0004612539	0.0008851391
0.24464737	0.0009929797	0.0008869443
0.24477817	0.0005414827	0.0008819889
0.24490897	0.0007489571	0.0008906473
0.24503977	0.0006061178	0.0008818851
0.24517057	0.0004729066	0.0008903249
0.24530136	0.0003037083	0.0008879344
0.24543216	0.0004509183	0.0008869243
0.24556296	0.0005840954	0.0008890748
0.24569376	0.0008318232	0.0008860914
0.24582456	0.0008939061	0.0008905917
0.24595536	0.0006374293	0.0008857618
0.24608616	0.0007632907	0.0008887893
0.24621696	0.0003538254	0.0008891198
0.24634776	0.0009872155	0.0008849946
0.24647856	0.0009590352	0.0008890959
0.24660936	0.0005810175	0.0008962206
0.24674016	0.0004750336	0.0008849260
0.24687096	0.0006972524	0.0008926350
0.24700175	0.0010151885	0.0008887876
0.24713255	0.0006342706	0.0008904217
0.24726335	0.0006157580	0.0008905342
0.24739415	0.0007304507	0.0008889570
0.24752495	0.0013397771	0.0008940205
0.24765575	0.0006593983	0.0008910204
0.24778655	0.0007797084	0.0008887101
0.24791735	0.0008880549	0.0008940212
0.24804815	0.0009087048	0.0008957034
0.24817895	0.0003246856	0.0008936304
0.24830975	0.0003819650	0.0008931274
0.24844055	0.0006736835	0.0008902089
0.24857135	0.0011320670	0.0008955027
0.24870214	0.0007326633	0.0008929958
0.24883294	0.0003853453	0.0008940226
0.24896374	0.0004970109	0.0008952098
0.24909454	0.0008918108	0.0008873832
0.24922534	0.0009631746	0.0008990362
0.24935614	0.0013154538	0.0008941137
0.24948694	0.0007480505	0.0008947227
0.24961774	0.0007225300	0.0008943978
0.24974854	0.0007002224	0.0008914540
0.24987934	0.0009120622	0.0008949746
0.25001014	0.0007561010	0.0008969075
0.25014094	0.0006363342	0.0008923188
0.25027173	0.0008349232	0.0008990186
0.25040253	0.0007034959	0.0008949630
0.25053333	0.0006969285	0.0008937713
0.25066413	0.0001120958	0.0008995432
0.25079493	0.0005725468	0.0008945175
0.25092573	0.0007372271	0.0008948973
0.25105653	0.0005570062	0.0008926889
0.25118733	0.0008227754	0.0008980493
0.25131813	0.0008960969	0.0009008677
0.25144893	0.0007505144	0.0008960637
0.25157973	0.0006399774	0.0008974719
0.25171053	0.0008272596	0.0008940652
0.25184133	0.0004749801	0.0008993150
0.25197212	0.0004216326	0.0009016957
0.25210292	0.0008733264	0.0008963002
0.25223372	0.0006150631	0.0009021983
0.25236452	0.0011620169	0.0009002405
0.25249532	0.0009373242	0.0008925424
0.25262612	0.0008363854	0.0009006107
0.25275692	0.0001890376	0.0009011352
0.25288772	0.0005919557	0.0008991014
0.25301852	0.0008772421	0.0009024886
0.25314932	0.0004867256	0.0008973412
0.25328012	0.0007308347	0.0009038252
0.25341092	0.0008832160	0.0008994801
0.25354172	0.0004423603	0.0009009520
0.25367251	0.0008593574	0.0009047410
0.25380331	0.0006588560	0.0008977329
0.25393411	0.0008669496	0.0009010554
0.25406491	0.0005823155	0.0008990078
0.25419571	0.0005923227	0.0009010999
0.25432651	0.0011093828	0.0009247887
0.25445731	0.0003362258	0.0009275639
0.25458811	0.0003930859	0.0009403108
0.25471891	0.0006590776	0.0009513761
0.25484971	0.0006213409	0.0009480928
0.25498051	0.0004927738	0.0009589774
0.25511131	0.0005565256	0.0009612326
0.25524211	0.0005471009	0.0009698731
0.2553729	0.0005860467	0.0009762333
0.2555037	0.0007237653	0.0009732602
0.2556345	0.0008193539	0.0009833678
0.2557653	0.0001701276	0.0009885543
0.2558961	0.0004907552	0.0009867860
0.2560269	0.0005828139	0.0009971128
0.2561577	0.0003925048	0.0009984661
0.2562885	0.0006570878	0.0010040374
0.2564193	0.0006906107	0.0010084114
0.2565501	0.0007870655	0.0010077981
0.2566809	0.0012741856	0.0010131007
0.2568117	0.0010559142	0.0010176286
0.2569425	0.0006027861	0.0010214236
0.25707329	0.0007232928	0.0010292639
0.25720409	0.0007624920	0.0010265502
0.25733489	0.0004960910	0.0010366825
0.25746569	0.0001488427	0.0010437522
0.25759649	0.0004975741	0.0010407958
0.25772729	0.0000416592	0.0010509769
0.25785809	0.0004557870	0.0010481329
0.25798889	0.0008432127	0.0010528962
0.25811969	0.0004132312	0.0010603435
0.25825049	0.0007709186	0.0010623402
0.25838129	0.0004518398	0.0010640901
0.25851209	0.0008107435	0.0010718240
0.25864288	0.0011552214	0.0010676576
0.25877368	0.0007168544	0.0010694517
0.25890448	0.0006574607	0.0010761779
0.25903528	0.0005747786	0.0010759793
0.25916608	0.0007978696	0.0010783209
0.25929688	0.0006182648	0.0010750019
0.25942768	0.0006395560	0.0010807817
0.25955848	0.0005872361	0.0010828986
0.25968928	0.0008270535	0.0010846113
0.25982008	0.0005479924	0.0010889325
0.25995088	0.0001512630	0.0010880120
0.26008168	0.0010451673	0.0010864022
0.26021248	0.0006422830	0.0010904864
0.26034327	0.0007740005	0.0010960718
0.26047407	0.0010103352	0.0010984442
0.26060487	0.0005872733	0.0010972261
0.26073567	0.0004435708	0.0010914892
0.26086647	0.0006334526	0.0011083969
0.26099727	0.0006238037	0.0010982911
0.26112807	0.0005288448	0.0011090766
0.26125887	0.0004743695	0.0011033246
0.26138967	0.0006751693	0.0011089926
0.26152047	0.0013157251	0.0011050283
0.26165127	0.0008619663	0.0011116058
0.26178207	0.0008504057	0.0011114759
0.26191287	0.0007174645	0.0011139618
0.26204366	0.0006136285	0.0011186892
0.26217446	0.0009049979	0.0011156765
0.26230526	0.0009450344	0.0011179335
0.26243606	0.0004349976	0.0011272741
0.26256686	0.0008310501	0.0011214400
0.26269766	0.0009759242	0.0011214981
0.26282846	0.0006639682	0.0011360066
0.26295926	0.0006571532	0.0011144958
0.26309006	0.0010555698	0.0011320333
0.26322086	0.0006773314	0.0011317551
0.26335166	0.0005485858	0.0011363407
0.26348246	0.0006647604	0.0011312670
0.26361326	0.0004225806	0.0011291037
0.26374405	0.0009627597	0.0011467221
0.26387485	0.0006768318	0.0011408791
0.26400565	0.0005260148	0.0011464719
0.26413645	0.0004196001	0.0011393887
0.26426725	0.0010762230	0.0011440207
0.26439805	0.0005924754	0.0011481557
0.26452885	0.0004915867	0.0011558484
0.26465965	0.0007120341	0.0011434152
0.26479045	0.0004277182	0.0011566971
0.26492125	0.0006020280	0.0011418950
0.26505205	0.0008104526	0.0011621825
0.26518285	0.0006818954	0.0011632370
0.26531365	0.0005834328	0.0011504504
0.26544444	0.0009083802	0.0011648801
0.26557524	0.0003861280	0.0011578415
0.26570604	0.0005811290	0.0011646594
0.26583684	0.0010920627	0.0011735451
0.26596764	0.0009003950	0.0011636239
0.26609844	0.0008938311	0.0011713707
0.26622924	0.0006493049	0.0011719816
0.26636004	0.0007791902	0.0011615864
0.26649084	0.0002986000	0.0011818678
0.26662164	0.0008883639	0.0011701034
0.26675244	0.0009579857	0.0011845273
0.26688324	0.0003875585	0.0011803604
0.26701404	0.0005953013	0.0011721018
0.26714483	0.0009073611	0.0011853089
0.26727563	0.0007046275	0.0011784960
0.26740643	0.0007781448	0.0011908427
0.26753723	0.0000735324	0.0011883366
0.26766803	0.0006818935	0.0011814444
0.26779883	0.0009171435	0.0011923098
0.26792963	0.0007243780	0.0011970452
0.26806043	0.0006035465	0.0011884831
0.26819123	0.0006155731	0.0012054974
0.26832203	0.0005316203	0.0011894865
0.26845283	0.0005454068	0.0011998694
0.26858363	0.0002609909	0.0012093701
0.26871442	0.0006247238	0.0011991369
0.26884522	0.0008459392	0.0012091066
0.26897602	0.0006885853	0.0011960562
0.26910682	0.0006679250	0.0012084594
0.26923762	0.0002520896	0.0012201164
0.26936842	0.0004747514	0.0012098623
0.26949922	0.0007242896	0.0012191923
0.26963002	0.0004492531	0.0012164744
0.26976082	0.0006605705	0.0012118544
0.26989162	0.0006146062	0.0012271650
0.27002242	0.0003958859	0.0012051092
0.27015322	0.0006763324	0.0012321395
0.27028402	0.0010233610	0.0012204488
0.27041481	0.0006172496	0.0012148544
0.27054561	0.0007762112	0.0012275196
0.27067641	0.0007071904	0.0012248536
0.27080721	0.0011459218	0.0012237487
0.27093801	0.0006301615	0.0012290524
0.27106881	0.0008816110	0.0012190047
0.27119961	0.0000972873	0.0012355754
0.27133041	0.0006591264	0.0012310537
0.27146121	0.0006706062	0.0012305380
0.27159201	0.0005551072	0.0012455135
0.27172281	0.0007654927	0.0012211709
0.27185361	0.0007215685	0.0012428417
0.27198441	0.0004138504	0.0012472299
0.2721152	0.0005168973	0.0012401903
0.272246	0.0008682749	0.0012486197
0.2723768	0.0009501372	0.0012360499
0.2725076	0.0009242811	0.0012463775
0.2726384	0.0008791050	0.0012580926
0.2727692	0.0005224686	0.0012433710
0.2729	0.0006825753	0.0012613770
0.2730308	0.0005468606	0.0012477660
0.2731616	0.0007516335	0.0012485310
0.2732924	0.0005831830	0.0012681322
0.2734232	0.0011124074	0.0012465191
0.273554	0.0007714767	0.0012665348
0.2736848	0.0005377098	0.0012566392
0.27381559	0.0010311196	0.0012541598
0.27394639	0.0006743275	0.0012759185
0.27407719	0.0008551629	0.0012574681
0.27420799	0.0003043587	0.0012735363
0.27433879	0.0006166648	0.0012788895
0.27446959	0.0006376960	0.0012580771
0.27460039	0.0002906293	0.0012786825
0.27473119	0.0007546895	0.0012721013
0.27486199	0.0004770809	0.0012778450
0.27499279	0.0011317134	0.0012878941
0.27512359	0.0011179978	0.0012688166
0.27525439	0.0006246154	0.0012851431
0.27538519	0.0002946352	0.0012844019
0.27551598	0.0003943283	0.0012857759
0.27564678	0.0004317619	0.0013011029
0.27577758	0.0002364777	0.0012813359
0.27590838	0.0009790317	0.0012928610
0.27603918	0.0004276862	0.0012979307
0.27616998	0.0013178128	0.0012938583
0.27630078	0.0005887611	0.0013033946
0.27643158	0.0002714704	0.0012923688
0.27656238	0.0009186110	0.0012988679
0.27669318	0.0002908354	0.0013073019
0.27682398	0.0004271845	0.0012947633
0.27695478	0.0008563584	0.0013114452
0.27708558	0.0008882296	0.0013043567
0.27721637	0.0004034524	0.0013033881
0.27734717	0.0010370064	0.0013226477
0.27747797	0.0004977103	0.0013028798
0.27760877	0.0006912159	0.0013176159
0.27773957	0.0002988835	0.0013163021
0.27787037	0.0000017905	0.0013100693
0.27800117	0.0003650753	0.0013304265
0.27813197	0.0004811684	0.0013129399
0.27826277	0.0008071041	0.0013324030
0.27839357	0.0007605726	0.0013349748
0.27852437	0.0008374442	0.0013191755
0.27865517	-0.0000496257	0.0013291787
0.27878596	0.0005759070	0.0013284123
0.27891676	0.0004430631	0.0013335579
0.27904756	0.0012703972	0.0013440140
0.27917836	0.0012854108	0.0013278289
0.27930916	0.0001841247	0.0013384191
0.27943996	0.0000057162	0.0013341062
0.27957076	0.0007924525	0.0013408445
0.27970156	0.0004648545	0.0013588442
0.27983236	0.0010405884	0.0013313166
0.27996316	0.0004543245	0.0013493881
0.28009396	0.0009881760	0.0013480532
0.28022476	0.0006467964	0.0013512688
0.28035556	0.0003445944	0.0013556856
0.28048635	0.0004294073	0.0013526141
0.28061715	0.0002267604	0.0013554151
0.28074795	0.0008461030	0.0013752995
0.28087875	0.0004019025	0.0013470245
0.28100955	0.0000973214	0.0013729529
0.28114035	0.0001384213	0.0013737554
0.28127115	0.0001949239	0.0013636455
0.28140195	0.0002390398	0.0013752493
0.28153275	0.0006388586	0.0013537743
0.28166355	0.0003977473	0.0013843936
0.28179435	0.0005771359	0.0013682879
0.28192515	-0.0000130000	0.0013811460
0.28205595	0.0007672695	0.0013836918
0.28218674	0.0005705922	0.0013765508
0.28231754	0.0000853252	0.0013889830
0.28244834	0.0002365546	0.0013976426
0.28257914	0.0006256598	0.0013879912
0.28270994	0.0004279559	0.0013843236
0.28284074	0.0007904133	0.0013773123
0.28297154	0.0006359486	0.0013990029
0.28310234	0.0008529757	0.0014057767
0.28323314	0.0005432693	0.0013780569
0.28336394	0.0007296350	0.0014039680
0.28349474	0.0002778831	0.0014000008
0.28362554	0.0001502447	0.0014031757
0.28375634	0.0004986001	0.0014115646
0.28388713	0.0009415999	0.0014034370
0.28401793	0.0006014011	0.0014163865
0.28414873	0.0005182831	0.0014016121
0.28427953	0.0005089396	0.0014047442
0.28441033	0.0002215619	0.0014367771
0.28454113	0.0009199087	0.0013985642
0.28467193	0.0003360820	0.0014234876
0.28480273	0.0007054528	0.0014317558
0.28493353	0.0005117166	0.0014109064
0.28506433	0.0002184560	0.0014337583
0.28519513	0.0000993294	0.0014247113
0.28532593	0.0006973061	0.0014396411
0.28545673	0.0002866124	0.0014418433
0.28558752	-0.0002682256	0.0014202337
0.28571832	0.0004503987	0.0014406921
0.28584912	0.0006521556	0.0014359560
0.28597992	0.0004560176	0.0014315564
0.28611072	0.0004783908	0.0014640037
0.28624152	0.0003704126	0.0014290898
0.28637232	0.0001865728	0.0014476654
0.28650312	0.0003940889	0.0014469552
0.28663392	-0.0000840337	0.0014496611
0.28676472	0.0004213184	0.0014587289
0.28689552	0.0009429264	0.0014478399
0.28702632	0.0008511076	0.0014632120
0.28715712	0.0003981968	0.0014779507
0.28728791	0.0006012139	0.0014408288
0.28741871	0.0004957229	0.0014741357
0.28754951	-0.0000822918	0.0014595459
0.28768031	0.0009797223	0.0014696525
0.28781111	0.0001949937	0.0014825804
0.28794191	0.0003614041	0.0014597567
0.28807271	0.0001420945	0.0014929613
0.28820351	0.0008646004	0.0014668683
0.28833431	0.0004600005	0.0014746553
0.28846511	-0.0000379487	0.0014978481
0.28859591	0.0003395265	0.0014803203
0.28872671	0.0008319151	0.0014881593
0.2888575	0.0003143405	0.0015137547
0.2889883	0.0006568723	0.0014896784
0.2891191	0.0004761552	0.0014944470
0.2892499	0.0010741028	0.0014829682
0.2893807	0.0003430293	0.0014973987
0.2895115	0.0005452578	0.0015169841
0.2896423	0.0006875145	0.0014765403
0.2897731	0.0002662775	0.0015145729
0.2899039	0.0006018112	0.0015016482
0.2900347	0.0006954533	0.0015076176
0.2901655	0.0007088623	0.0015167374
0.2902963	0.0006649549	0.0014945808
0.2904271	0.0010186751	0.0015242742
0.29055789	0.0005252044	0.0015181492
0.29068869	0.0000735006	0.0015152500
0.29081949	0.0008997137	0.0015343145
0.29095029	0.0001535741	0.0015105025
0.29108109	0.0007328414	0.0015311608
0.29121189	0.0008145282	0.0015479516
0.29134269	-0.0000610381	0.0015151446
0.29147349	-0.0001562019	0.0015504734
0.29160429	0.0004752001	0.0015244447
0.29173509	0.0011792613	0.0015439015
0.29186589	0.0006792164	0.0015610795
0.29199669	0.0010145560	0.0015234153
0.29212749	0.0002728236	0.0015601641
0.29225828	0.0007512725	0.0015430274
0.29238908	0.0004772068	0.0015524359
0.29251988	-0.0002108317	0.0015691977
0.29265068	0.0006823685	0.0015440627
0.29278148	0.0008318981	0.0015621712
0.29291228	-0.0002133835	0.0015594620
0.29304308	-0.0000630570	0.0015447979
0.29317388	0.0002934342	0.0015781416
0.29330468	0.0006538070	0.0015332763
0.29343548	0.0004348169	0.0015680684
0.29356628	0.0004234946	0.0015747457
0.29369708	0.0004004870	0.0015428745
0.29382788	0.0003831362	0.0015730806
0.29395867	0.0001951165	0.0015522618
0.29408947	0.0008325011	0.0015555502
0.29422027	0.0007980780	0.0015751975
0.29435107	0.0002899605	0.0015415660
0.29448187	0.0000412842	0.0015732594
0.29461267	0.0010474736	0.0015609362
0.29474347	-0.0000664296	0.0015582871
0.29487427	0.0003833418	0.0015782374
0.29500507	0.0001238692	0.0015465701
0.29513587	0.0007931585	0.0015660298
0.29526667	0.0005898183	0.0015653810
0.29539747	0.0008893452	0.0015529404
0.29552827	0.0001458945	0.0015726098
0.29565906	-0.0003043739	0.0015615502
0.29578986	0.0002219397	0.0015846373
0.29592066	0.0008937650	0.0015837113
0.29605146	-0.0002356460	0.0015575442
0.29618226	-0.0003774816	0.0015966620
0.29631306	0.0006013177	0.0015736806
0.29644386	0.0002288125	0.0015838209
0.29657466	0.0007498566	0.0016061897
0.29670546	0.0012470390	0.0015667663
0.29683626	0.0006506162	0.0016083582
0.29696706	0.0003308304	0.0015863819
0.29709786	0.0006521212	0.0015934392
0.29722865	0.0009720743	0.0016043037
0.29735945	0.0003021751	0.0015929255
0.29749025	0.0009736585	0.0016111314
0.29762105	0.0008459283	0.0016238777
0.29775185	0.0002925868	0.0015838839
0.29788265	0.0002363405	0.0016255131
0.29801345	0.0000422502	0.0015931796
0.29814425	0.0008139697	0.0016250204
0.29827505	0.0008048667	0.0016378844
0.29840585	0.0000445745	0.0016035493
0.29853665	0.0007467434	0.0016387341
0.29866745	0.0010410709	0.0016185302
0.29879825	0.0002464527	0.0016355357
0.29892904	0.0004277708	0.0016514845
0.29905984	0.0002390383	0.0016218178
0.29919064	-0.0002542986	0.0016483032
0.29932144	-0.0006303317	0.0016613511
0.29945224	0.0001713806	0.0016289200
0.29958304	0.0007795795	0.0016723328
0.29971384	0.0007637505	0.0016286295
0.29984464	0.0010031876	0.0016583117
0.29997544	0.0004914511	0.0016759239
0.30010624	0.0004987189	0.0016323670
0.30023704	0.0007453760	0.0016766199
0.30036784	0.0005588870	0.0016481561
0.30049864	0.0004986228	0.0016660767
0.30062943	0.0008713139	0.0016876649
0.30076023	0.0007727203	0.0016494075
0.30089103	0.0013999829	0.0016853784
0.30102183	0.0008793365	0.0016724240
0.30115263	0.0017060704	0.0016770690
0.30128343	0.0006918220	0.0017209094
0.30141423	0.0006209158	0.0016499580
0.30154503	-0.0001583408	0.0017085847
0.30167583	0.0004373013	0.0016903620
0.30180663	0.0005786476	0.0016879951
0.30193743	0.0011807075	0.0017090170
0.30206823	-0.0003924784	0.0016932188
0.30219903	0.0003652502	0.0017149852
0.30232982	0.0004503077	0.0017265980
0.30246062	0.0007388360	0.0016876350
0.30259142	-0.0000863439	0.0017287795
0.30272222	-0.0001343423	0.0017212951
0.30285302	0.0004906621	0.0017179613
0.30298382	0.0004080025	0.0017510731
0.30311462	-0.0000465418	0.0017005626
0.30324542	0.0004378484	0.0017478702
0.30337622	0.0005987929	0.0017223631
0.30350702	-0.0005817563	0.0017395137
0.30363782	0.0001720931	0.0017587620
0.30376862	0.0010627407	0.0017145201
0.30389942	0.0000045568	0.0017668568
0.30403021	0.0012697924	0.0017624594
0.30416101	0.0006629074	0.0017455571
0.30429181	0.0007972920	0.0017712112
0.30442261	0.0004363682	0.0017532326
0.30455341	0.0002661944	0.0017634256
0.30468421	-0.0005662317	0.0018009251
0.30481501	-0.0003753949	0.0017324430
0.30494581	0.0000897594	0.0017977867
0.30507661	0.0006236325	0.0017630756
0.30520741	0.0000183086	0.0017812542
0.30533821	0.0007817265	0.0018145710
0.30546901	0.0003771130	0.0017784964
0.30559981	0.0003231370	0.0017973583
0.3057306	0.0003423254	0.0017957491
0.3058614	0.0000762382	0.0018058576
0.3059922	-0.0000743282	0.0018195282
0.306123	0.0007928166	0.0017824047
0.3062538	-0.0003820853	0.0018226873
0.3063846	0.0001952037	0.0018344549
0.3065154	-0.0002502495	0.0017867628
0.3066462	0.0007916307	0.0018475686
0.306777	0.0004227619	0.0017994513
0.3069078	0.0000620682	0.0018423204
0.3070386	0.0008951114	0.0018553193
0.3071694	0.0002887837	0.0017982844
0.30730019	0.0000207042	0.0018548706
0.30743099	0.0014790802	0.0018295913
0.30756179	0.0008611189	0.0018391377
0.30769259	0.0006753844	0.0018806421
0.30782339	0.0009314155	0.0018247680
0.30795419	0.0004762743	0.0018562845
0.30808499	-0.0001211374	0.0018553379
0.30821579	-0.0001261821	0.0018712928
0.30834659	0.0003187896	0.0018832070
0.30847739	0.0008790553	0.0018450950
0.30860819	0.0002769171	0.0018791771
0.30873899	0.0005238751	0.0019169729
0.30886979	0.0006374387	0.0018303916
0.30900058	0.0007562520	0.0019101285
0.30913138	-0.0004099068	0.0018797193
0.30926218	0.0007275180	0.0018840014
0.30939298	0.0010556698	0.0019283784
0.30952378	0.0012942796	0.0018499442
0.30965458	-0.0002847491	0.0019550584
0.30978538	0.0005422271	0.0019009194
0.30991618	0.0004914455	0.0019018082
0.31004698	0.0007137966	0.0019511475
0.31017778	0.0007804661	0.0018822432
0.31030858	0.0005297829	0.0019458755
0.31043938	0.0001354552	0.0019317679
0.31057018	0.0002069480	0.0019241701
0.31070097	0.0005473220	0.0019554769
0.31083177	0.0002194497	0.0019184953
0.31096257	0.0011694007	0.0019689622
0.31109337	0.0009431275	0.0019957720
0.31122417	0.0011428567	0.0019117973
0.31135497	0.0002959708	0.0019798520
0.31148577	0.0005884114	0.0019475245
0.31161657	-0.0002525169	0.0019610758
0.31174737	-0.0002218182	0.0020117243
0.31187817	0.0001589949	0.0019429603
0.31200897	0.0003504973	0.0020004449
0.31213977	0.0007640067	0.0019810101
0.31227057	0.0001927099	0.0019864405
0.31240136	0.0005268179	0.0020417556
0.31253216	0.0001075913	0.0019559629
0.31266296	0.0007025305	0.0020212664
0.31279376	0.0005251109	0.0020168742
0.31292456	-0.0002822603	0.0020000825
0.31305536	0.0003469848	0.0020480561
0.31318616	0.0007199196	0.0019959430
0.31331696	0.0001138729	0.0020582224
0.31344776	0.0011618531	0.0020656802
0.31357856	0.0007785873	0.0019993347
0.31370936	0.0005675209	0.0020731478
0.31384016	-0.0000711340	0.0020363956
0.31397096	0.0006799007	0.0020450812
0.31410175	-0.0004818597	0.0020903426
0.31423255	0.0006810670	0.0020227445
0.31436335	0.0001320122	0.0020878994
0.31449415	0.0000953946	0.0020717871
0.31462495	0.0001887314	0.0020728780
0.31475575	-0.0000173400	0.0021231857
0.31488655	0.0000795436	0.0020417477
0.31501735	-0.0004239069	0.0021060672
0.31514815	0.0005069217	0.0021253623
0.31527895	0.0006173099	0.0020710323
0.31540975	0.0006689587	0.0021467654
0.31554055	0.0013739382	0.0020847729
0.31567135	0.0006950531	0.0021343771
0.31580214	0.0006184026	0.0021595730
0.31593294	0.0012611676	0.0020771645
0.31606374	0.0004295408	0.0021802630
0.31619454	0.0005452853	0.0021194507
0.31632534	0.0006571231	0.0021403094
0.31645614	-0.0004253942	0.0022071901
0.31658694	0.0008545143	0.0021222645
0.31671774	0.0009735199	0.0021856224
0.31684854	0.0005212618	0.0021565274
0.31697934	0.0005185101	0.0021814422
0.31711014	0.0000725244	0.0022206663
0.31724094	0.0002739534	0.0021562619
0.31737173	-0.0001986753	0.0022156776
0.31750253	0.0004666601	0.0022432634
0.31763333	-0.0004118326	0.0021759720
0.31776413	0.0004748173	0.0022441733
0.31789493	0.0008245583	0.0022059816
0.31802573	0.0008480236	0.0022334052
0.31815653	-0.0000060635	0.0022765668
0.31828733	-0.0004792859	0.0021778909
0.31841813	0.0012144563	0.0022684855
0.31854893	-0.0004873813	0.0022218798
0.31867973	0.0003630480	0.0022577446
0.31881053	0.0002380164	0.0023280504
0.31894133	0.0004754596	0.0022158935
0.31907212	0.0008283503	0.0023111778
0.31920292	0.0004010520	0.0022890242
0.31933372	0.0017537161	0.0022796188
0.31946452	0.0008677183	0.0023447490
0.31959532	0.0006909474	0.0022539808
0.31972612	0.0003246515	0.0023430681
0.31985692	-0.0004896439	0.0023708088
0.31998772	-0.0002255747	0.0022553973
0.32011852	0.0002735956	0.0023761848
0.32024932	0.0016226241	0.0023067133
0.32038012	0.0003886819	0.0023474773
0.32051092	0.0006932252	0.0024137180
0.32064172	0.0002153872	0.0022982556
0.32077251	0.0008431497	0.0024183381
0.32090331	0.0003345660	0.0023460462
0.32103411	0.0003125415	0.0023933133
0.32116491	0.0002806348	0.0024550869
0.32129571	0.0005925306	0.0023261080
0.32142651	-0.0000954047	0.0024447209
0.32155731	-0.0002262545	0.0024050987
0.32168811	-0.0003829931	0.0024150370
0.32181891	0.0008749413	0.0024914839
0.32194971	-0.0000363697	0.0023783928
0.32208051	0.0009172404	0.0024789830
0.32221131	0.0006759471	0.0024776909
0.32234211	-0.0003014482	0.0024153207
0.3224729	0.0005790397	0.0024963582
0.3226037	0.0002670231	0.0024466488
0.3227345	0.0003712657	0.0024998986
0.3228653	0.0007731903	0.0025584656
0.3229961	-0.0002680225	0.0024610261
0.3231269	0.0001846020	0.0025365015
0.3232577	-0.0005309743	0.0024956249
0.3233885	-0.0000766943	0.0025546190
0.3235193	0.0007281173	0.0025913955
0.3236501	0.0010423186	0.0024845248
0.3237809	-0.0004798532	0.0025943640
0.3239117	0.0002175189	0.0025739937
0.3240425	-0.0000447591	0.0025590466
0.32417329	-0.0000857299	0.0026320812
0.32430409	0.0007803876	0.0025503295
0.32443489	0.0004253096	0.0026348370
0.32456569	0.0006707511	0.0026366069
0.32469649	0.0004581951	0.0025749419
0.32482729	0.0008041042	0.0026758661
0.32495809	0.0012665912	0.0026259913
0.32508889	-0.0003166822	0.0026570670
0.32521969	0.0007433713	0.0027000749
0.32535049	0.0002307083	0.0026529553
0.32548129	-0.0000811482	0.0027126836
0.32561209	0.0013167682	0.0026804950
0.32574288	0.0004199502	0.0027056934
0.32587368	0.0006248884	0.0027572775
0.32600448	0.0010958991	0.0026880597
0.32613528	0.0003529759	0.0027668966
0.32626608	0.0010929978	0.0027962602
0.32639688	0.0008687800	0.0027299860
0.32652768	0.0005696250	0.0027873770
0.32665848	0.0003911200	0.0027492913
0.32678928	0.0010106264	0.0027779410
0.32692008	-0.0003058103	0.0028562714
0.32705088	0.0001816416	0.0027831810
0.32718168	0.0004290907	0.0028511115
0.32731248	0.0006597306	0.0028740173
0.32744327	0.0008712994	0.0028043940
0.32757407	0.0007873369	0.0028845178
0.32770487	0.0005445041	0.0028844524
0.32783567	0.0008133922	0.0028582089
0.32796647	0.0009707312	0.0029196491
0.32809727	-0.0000376490	0.0029107740
0.32822807	0.0001891148	0.0029257499
0.32835887	0.0005215481	0.0029858693
0.32848967	-0.0005037719	0.0029598179
0.32862047	0.0005253854	0.0029876789
0.32875127	0.0007678644	0.0029998731
0.32888207	0.0006174093	0.0029862843
0.32901287	0.0007309795	0.0030512038
0.32914366	0.0018365865	0.0029918846
0.32927446	0.0013872325	0.0030825754
0.32940526	0.0012465434	0.0030572487
0.32953606	0.0001675815	0.0030684319
0.32966686	-0.0006932956	0.0031088710
0.32979766	0.0000457138	0.0031340814
0.32992846	0.0005138154	0.0031175566
0.33005926	0.0013095728	0.0031686961
0.33019006	-0.0003157158	0.0031198213
0.33032086	-0.0000604813	0.0031759216
0.33045166	-0.0000298170	0.0032534555
0.33058246	-0.0001762355	0.0031945079
0.33071326	-0.0000004571	0.0032607976
0.33084405	0.0005824341	0.0032745653
0.33097485	-0.0002968462	0.0032460753
0.33110565	0.0004960427	0.0033022330
0.33123645	0.0005632394	0.0033020411
0.33136725	-0.0006257872	0.0033452746
0.33149805	0.0000137914	0.0033849848
0.33162885	-0.0004053994	0.0033581069
0.33175965	-0.0005084945	0.0033685483
0.33189045	0.0004634832	0.0034506499
0.33202125	0.0000354862	0.0034315940
0.33215205	0.0012663171	0.0034011600
0.33228285	0.0014415062	0.0035358139
0.33241365	0.0008472078	0.0034335456
0.33254444	0.0008679749	0.0035692383
0.33267524	0.0003041283	0.0035614041
0.33280604	-0.0003072601	0.0035505418
0.33293684	0.0008693854	0.0036531656
0.33306764	0.0014773206	0.0035864786
0.33319844	0.0013775886	0.0036655592
0.33332924	0.0004118106	0.0036520249
0.33346004	0.0015660610	0.0036639827
0.33359084	0.0007638286	0.0037296997
0.33372164	-0.0011437082	0.0037978246
0.33385244	0.0008153118	0.0037669297
0.33398324	-0.0004273448	0.0037787487
0.33411404	0.0011955472	0.0038654752
0.33424483	0.0016257686	0.0038443425
0.33437563	-0.0005562678	0.0039263953
0.33450643	-0.0001459557	0.0039371189
0.33463723	0.0000664908	0.0038891513
0.33476803	0.0005813948	0.0039394319
0.33489883	-0.0001452484	0.0040286941
0.33502963	0.0002861253	0.0040379824
0.33516043	0.0012236221	0.0041185574
0.33529123	0.0007371601	0.0041624986
0.33542203	0.0000953697	0.0041186384
0.33555283	-0.0004194686	0.0042482785
0.33568363	0.0019140980	0.0042594098
0.33581442	0.0004180589	0.0042878219
0.33594522	0.0005612432	0.0043220716
0.33607602	0.0020343132	0.0043497186
0.33620682	0.0004094734	0.0044076561
0.33633762	0.0005034401	0.0044588326
0.33646842	0.0026787903	0.0045133671
0.33659922	0.0002446138	0.0044956311
0.33673002	0.0003395530	0.0046176545
0.33686082	0.0002045544	0.0046248177
0.33699162	0.0012229922	0.0046783845
0.33712242	0.0005514507	0.0048128018
0.33725322	0.0002702557	0.0047017922
0.33738402	0.0005563371	0.0049760977
0.33751481	0.0012488558	0.0049760058
0.33764561	0.0005980613	0.0049665569
0.33777641	0.0011769564	0.0050162805
0.33790721	-0.0017553019	0.0052172918
0.33803801	-0.0026020623	0.0051494394
0.33816881	-0.0013804695	0.0053670651
0.33829961	0.0009749603	0.0053056643
0.33843041	0.0003434515	0.0054151549
0.33856121	0.0013376895	0.0054411824
0.33869201	0.0005131808	0.0057196718
0.33882281	0.0007435975	0.0055798155
0.33895361	0.0020245767	0.0058366023
0.33908441	-0.0007409209	0.0059543968
0.3392152	-0.0006176721	0.0059376941
0.339346	-0.0007915515	0.0060020685
0.3394768	0.0007560021	0.0064814000
0.3396076	0.0026790176	0.0061883722
0.3397384	0.0012741175	0.0065662549
0.3398692	0.0004705027	0.0066970105
0.34	-0.0004951645	0.0068488697
