2000	0.071	0.395	
4000	0.050	0.122	
6000	0.067	0.667	
8000	0.057	0.387	
10000	0.063	0.284	
12000	0.107	0.243	
14000	0.033	0.682	
16000	0.022	0.268	
18000	0.120	0.669	
20000	0.036	0.569	
22000	0.019	0.306	
24000	0.017	0.231	
26000	0.049	0.611	
28000	0.023	0.550	
30000	0.016	0.518	
32000	0.075	0.751	
34000	0.022	0.464	
36000	0.035	0.216	
38000	0.104	0.808	
40000	0.014	0.361	
42000	0.035	0.312	
44000	0.065	0.316	
46000	0.141	0.403	
48000	0.144	0.310	
50000	0.003	0.496	
52000	0.054	0.484	
54000	0.105	0.350	
56000	0.063	0.622	
58000	0.041	0.168	
60000	0.071	0.636	
62000	0.051	0.558	
64000	0.047	0.251	
66000	0.028	0.372	
68000	0.110	0.321	
70000	0.207	0.344	
72000	0.042	0.298	
