200, 297.3848, 
220, 
240, 
260, 
280, 
300, 
320, 
340, 
360, 
380, 
400, 467.1596, 
420, 
440, 
460, 
480, 306.5218, 
500, 
520, 
540, 
560, 209.8727, 
580, 237.1624, 
600, 303.1659, 
620, 189.6326, 
640, 297.7873, 
660, 279.3577, 
680, 216.8932, 
700, 235.4910, 
720, 266.7326, 
740, 333.9542, 
760, 287.8336, 
780, 279.3883, 
800, 325.7655, 
820, 245.3725, 
840, 296.8708, 
860, 182.2719, 
880, 
900, 248.5749, 
920, 338.9460, 
940, 235.9843, 
960, 368.7607, 
980, 
1000, 
1020, 
1040, 367.6017, 
1060, 200.9707, 
1080, 
1100, 
1120, 
1140, 
1160, 196.7364, 
1180, 295.3729, 
1200, 224.7484, 
1220, 242.6612, 
1240, 232.2859, 
1260, 278.5479, 
1280, 271.4154, 
1300, 347.9972, 
1320, 
1340, 
1360, 
1380, 
1400, 312.8344, 
1420, 304.8839, 
1440, 
1460, 185.7821, 
1480, 245.0427, 
1500, 202.6585, 
1520, 194.3707, 
1540, 267.0451, 
1560, 151.6788, 
1580, 217.2998, 
1600, 
1620, 
1640, 
1660, 
1680, 
1700, 
1720, 
1740, 180.7920, 
1760, 291.1458, 
1780, 266.7789, 
1800, 
1820, 
1840, 
1860, 
1880, 
1900, 408.1234, 
1920, 
1940, 
1960, 
1980, 251.2518, 
2000, 231.9560, 
2020, 295.7195, 
2040, 236.8328, 
2060, 354.7947, 
2080, 288.1820, 
2100, 317.2709, 
2120, 271.3558, 
2140, 181.4076, 
2160, 322.2254, 
2180, 213.2671, 
2200, 241.7215, 
2220, 288.0933, 
2240, 286.9060, 
2260, 426.8385, 
2280, 250.3676, 
2300, 278.3257, 
2320, 
2340, 
2360, 
2380, 
2400, 
2420, 
2440, 
2460, 
2480, 276.4054, 
2500, 333.0007, 
2520, 293.1697, 
2540, 299.6450, 
2560, 190.8745, 
2580, 222.4236, 
2600, 292.4674, 
2620, 
2640, 
2660, 
2680, 265.9711, 
2700, 160.2374, 
2720, 309.7384, 
2740, 
2760, 
2780, 
2800, 
2820, 
2840, 
2860, 401.1803, 
2880, 
2900, 
2920, 
2940, 
2960, 
2980, 195.1153, 
3000, 194.2444, 
3020, 246.1866, 
3040, 299.1195, 
3060, 299.4937, 
3080, 168.7842, 
3100, 
3120, 
3140, 
3160, 
3180, 
3200, 
3220, 
3240, 
3260, 
3280, 
3300, 
3320, 
3340, 
3360, 
3380, 
3400, 
3420, 
3440, 
3460, 
3480, 
3500, 
3520, 
3540, 
3560, 
3580, 
3600, 
3620, 
3640, 
3660, 
3680, 267.5653, 
3700, 199.1755, 
3720, 173.3835, 
3740, 311.4483, 
3760, 219.8232, 
3780, 294.6936, 
3800, 283.6065, 
3820, 291.4179, 
3840, 215.4351, 
3860, 248.2959, 
3880, 398.4305, 
3900, 207.7778, 
3920, 237.6382, 
3940, 242.3264, 
3960, 187.9431, 
3980, 177.2943, 
4000, 267.0441, 
4020, 230.1194, 
4040, 
4060, 
4080, 
4100, 
4120, 
4140, 
4160, 
4180, 
4200, 
4220, 
4240, 227.1440, 
4260, 267.2774, 
4280, 155.4519, 
4300, 230.8686, 
4320, 425.9996, 
4340, 287.3969, 
4360, 205.3377, 
4380, 
4400, 
4420, 
4440, 249.3787, 
4460, 303.6333, 
4480, 268.5059, 
4500, 242.6996, 
4520, 299.2891, 
4540, 227.1733, 
4560, 172.8095, 
4580, 279.9391, 
4600, 
4620, 225.8482, 
4640, 221.2645, 
4660, 243.7344, 
4680, 329.6066, 
4700, 355.9643, 
4720, 226.7836, 
4740, 
4760, 
4780, 237.5324, 
4800, 299.4226, 
4820, 252.2741, 
4840, 
4860, 
4880, 
4900, 
4920, 
4940, 
4960, 
4980, 290.0341, 
5000, 371.1833, 
5020, 245.1284, 
5040, 229.9216, 
5060, 227.7861, 
5080, 208.3574, 
5100, 287.7259, 
5120, 290.5462, 
5140, 236.6509, 
5160, 
5180, 
5200, 
5220, 
5240, 
5260, 
5280, 
5300, 
5320, 
5340, 
5360, 278.7250, 
5380, 
5400, 
5420, 
5440, 
5460, 
5480, 
5500, 
5520, 358.6693, 
5540, 299.0312, 
5560, 261.6393, 
5580, 273.7088, 
5600, 200.6714, 
5620, 289.0724, 
5640, 196.9040, 
5660, 313.4270, 
5680, 317.4938, 
5700, 266.8026, 
5720, 252.0727, 
5740, 283.3026, 
5760, 
5780, 
5800, 
5820, 
5840, 
5860, 446.0945, 
5880, 267.3481, 
5900, 251.0286, 
5920, 225.5759, 
5940, 280.8001, 
5960, 173.2383, 
5980, 209.3579, 
6000, 267.2129, 
6020, 188.0066, 
6040, 
6060, 
6080, 
6100, 
6120, 
6140, 
6160, 
6180, 
6200, 178.4979, 
6220, 271.1212, 
6240, 245.2085, 
6260, 207.8333, 
6280, 180.8188, 
6300, 279.2535, 
6320, 263.9374, 
6340, 360.7648, 
6360, 
6380, 393.2666, 
6400, 218.5519, 
6420, 182.4943, 
6440, 195.4158, 
6460, 292.1473, 
6480, 217.5528, 
6500, 230.5770, 
6520, 204.3752, 
6540, 
6560, 
6580, 
6600, 
6620, 
6640, 
6660, 
6680, 323.8537, 
6700, 274.0588, 
6720, 250.7803, 
6740, 167.6085, 
6760, 241.8855, 
6780, 303.4279, 
6800, 245.3001, 
6820, 381.3505, 
6840, 278.0678, 
6860, 313.9246, 
6880, 325.2811, 
6900, 277.7677, 
6920, 268.2591, 
6940, 273.1385, 
6960, 
6980, 316.5228, 
7000, 281.4757, 
7020, 240.5468, 
7040, 343.1192, 
7060, 384.8034, 
7080, 171.6705, 
7100, 297.6124, 
7120, 370.3220, 
7140, 
7160, 
7180, 
7200, 195.4096, 
7220, 209.8061, 
7240, 208.6601, 
7260, 272.1813, 
7280, 
7300, 
7320, 
7340, 
7360, 
7380, 
7400, 
7420, 298.3447, 
7440, 202.2108, 
7460, 356.5848, 
7480, 179.1484, 
7500, 182.2180, 
7520, 177.2581, 
7540, 199.9703, 
7560, 315.2257, 
7580, 184.8856, 
7600, 
7620, 247.2434, 
7640, 
7660, 
7680, 
7700, 
7720, 427.9176, 
7740, 172.9383, 
7760, 
7780, 
7800, 
7820, 
7840, 
7860, 
7880, 
7900, 
7920, 
7940, 348.2845, 
7960, 213.0394, 
7980, 261.9255, 
8000, 210.4313, 
8020, 216.9070, 
8040, 389.2960, 
8060, 233.5980, 
8080, 248.6445, 
8100, 246.7989, 
8120, 293.4639, 
8140, 253.0296, 
8160, 419.5841, 
8180, 214.2899, 
8200, 291.0619, 
8220, 221.2502, 
8240, 224.9280, 
8260, 
8280, 276.0989, 
8300, 212.3184, 
8320, 
8340, 
8360, 
8380, 
8400, 
8420, 
8440, 
8460, 362.7556, 
8480, 335.6563, 
8500, 321.7088, 
8520, 215.4268, 
8540, 185.2523, 
8560, 281.8647, 
8580, 310.2003, 
8600, 264.9600, 
8620, 261.2011, 
8640, 320.0906, 
8660, 
8680, 
8700, 
8720, 
8740, 
8760, 
8780, 
8800, 
8820, 
8840, 247.3397, 
8860, 
8880, 
8900, 
8920, 223.4423, 
8940, 265.8191, 
8960, 318.8710, 
8980, 231.5264, 
9000, 334.0257, 
9020, 
9040, 
9060, 
9080, 
9100, 
9120, 
9140, 297.3018, 
9160, 299.1677, 
9180, 185.3820, 
9200, 306.1909, 
9220, 351.1768, 
9240, 389.7553, 
9260, 287.7932, 
9280, 303.6700, 
9300, 220.8005, 
9320, 232.5251, 
9340, 365.2231, 
9360, 
9380, 
9400, 
9420, 
9440, 
9460, 311.1585, 
9480, 
9500, 337.8083, 
9520, 294.7346, 
9540, 253.5675, 
9560, 227.2069, 
9580, 197.8993, 
9600, 179.3173, 
9620, 368.6118, 
9640, 236.1575, 
9660, 
9680, 
9700, 
9720, 
9740, 
9760, 
9780, 
9800, 
9820, 
9840, 
9860, 
9880, 
9900, 
9920, 
9940, 
9960, 
9980, 307.0042, 
10000, 198.9320, 
10020, 248.7080, 
10040, 182.0300, 
10060, 190.1432, 
10080, 245.3305, 
10100, 302.1883, 
10120, 
10140, 
10160, 
10180, 
10200, 
10220, 277.9983, 
10240, 
10260, 
10280, 247.9869, 
10300, 285.2377, 
10320, 281.6176, 
10340, 292.9338, 
10360, 311.5752, 
10380, 284.3288, 
10400, 265.8751, 
10420, 
10440, 
10460, 387.0806, 
10480, 214.8310, 
10500, 292.3514, 
10520, 261.9041, 
10540, 202.5394, 
10560, 
10580, 
10600, 278.2415, 
10620, 288.8964, 
10640, 
10660, 
10680, 
10700, 
10720, 
10740, 
10760, 
10780, 
10800, 
10820, 
10840, 
10860, 
10880, 
10900, 219.1883, 
10920, 313.6412, 
10940, 276.7931, 
10960, 379.3924, 
10980, 238.1769, 
11000, 
11020, 299.7740, 
11040, 189.1897, 
11060, 
11080, 
11100, 
11120, 
11140, 
11160, 
11180, 
11200, 
11220, 275.6016, 
11240, 216.7731, 
11260, 304.1836, 
11280, 213.5099, 
11300, 296.4088, 
11320, 302.4392, 
11340, 250.0191, 
11360, 289.8612, 
11380, 224.9122, 
11400, 161.6708, 
11420, 
11440, 
11460, 
11480, 
11500, 
11520, 297.6365, 
11540, 
11560, 
11580, 273.5158, 
11600, 226.9527, 
11620, 
11640, 
11660, 
11680, 
11700, 
11720, 
11740, 
11760, 
11780, 249.4395, 
11800, 
11820, 
11840, 256.4563, 
11860, 213.5931, 
11880, 214.8719, 
11900, 270.9382, 
11920, 253.5973, 
11940, 320.7304, 
11960, 287.1804, 
11980, 210.6036, 
12000, 275.6037, 
12020, 
12040, 
12060, 
12080, 
12100, 
12120, 235.7135, 
12140, 184.7534, 
12160, 350.7753, 
12180, 206.6029, 
12200, 236.9340, 
12220, 293.8525, 
12240, 314.3891, 
12260, 220.3229, 
12280, 198.5484, 
12300, 235.4405, 
12320, 177.3096, 
12340, 218.2809, 
12360, 231.3279, 
12380, 255.1312, 
12400, 308.4808, 
12420, 
12440, 
12460, 
12480, 
12500, 
12520, 
12540, 
12560, 199.7433, 
12580, 370.8456, 
12600, 238.5652, 
12620, 309.0129, 
12640, 244.3556, 
12660, 192.1639, 
12680, 281.7343, 
12700, 272.3148, 
12720, 244.6426, 
12740, 297.4863, 
12760, 250.9287, 
12780, 210.8645, 
12800, 247.4086, 
12820, 313.9844, 
12840, 317.2034, 
12860, 360.1610, 
12880, 221.0379, 
12900, 348.8079, 
12920, 207.1235, 
12940, 244.2839, 
12960, 209.8190, 
12980, 168.5287, 
13000, 284.6341, 
13020, 260.5402, 
13040, 333.0496, 
13060, 162.5387, 
13080, 316.0426, 
13100, 267.9252, 
13120, 
13140, 
13160, 
13180, 
13200, 
13220, 
13240, 
13260, 
13280, 
13300, 294.5776, 
13320, 196.3070, 
13340, 272.9921, 
13360, 
13380, 
13400, 
13420, 254.6139, 
13440, 462.5884, 
13460, 204.7093, 
13480, 334.5325, 
13500, 245.6810, 
13520, 254.3437, 
13540, 268.0571, 
13560, 246.7042, 
13580, 281.6690, 
13600, 276.7251, 
13620, 335.6061, 
13640, 221.8301, 
13660, 
13680, 
13700, 236.1739, 
13720, 
13740, 
13760, 
13780, 
13800, 
13820, 371.9068, 
13840, 
13860, 
13880, 213.2276, 
13900, 289.9858, 
13920, 201.1086, 
13940, 292.8599, 
13960, 302.4704, 
13980, 189.2344, 
14000, 
14020, 237.1290, 
14040, 255.2807, 
14060, 260.0403, 
14080, 376.5203, 
14100, 204.6143, 
14120, 262.8961, 
14140, 257.7013, 
14160, 313.4862, 
14180, 355.1103, 
14200, 236.8037, 
14220, 365.2125, 
14240, 284.1760, 
14260, 226.6732, 
14280, 290.1521, 
14300, 414.5761, 
14320, 220.8095, 
14340, 308.2701, 
14360, 178.1050, 
14380, 279.3302, 
14400, 340.5101, 
14420, 264.2753, 
14440, 321.2116, 
14460, 255.1356, 
14480, 356.4587, 
14500, 287.4550, 
14520, 360.8852, 
14540, 250.1955, 
14560, 247.4370, 
14580, 307.5498, 
14600, 313.6911, 
14620, 191.8364, 
14640, 
14660, 
14680, 
14700, 
14720, 
14740, 
14760, 
14780, 
14800, 
14820, 
14840, 
14860, 
14880, 
14900, 
14920, 
14940, 
14960, 
14980, 
15000, 
15020, 
15040, 
15060, 
15080, 
15100, 
15120, 
15140, 
15160, 
15180, 
15200, 
15220, 
15240, 
15260, 
15280, 306.9117, 
15300, 405.0994, 
15320, 196.9949, 
15340, 
15360, 
15380, 
15400, 337.3703, 
15420, 
15440, 
15460, 
15480, 
15500, 
15520, 
15540, 
15560, 
15580, 
15600, 207.6196, 
15620, 
15640, 
15660, 237.7072, 
15680, 
15700, 
15720, 
15740, 
15760, 396.6931, 
15780, 
15800, 
15820, 364.3983, 
15840, 412.5414, 
15860, 
15880, 
15900, 
15920, 
15940, 
15960, 
15980, 
16000, 279.8549, 
16020, 255.2252, 
16040, 294.0694, 
16060, 232.1264, 
16080, 
16100, 
16120, 
16140, 
16160, 
16180, 
16200, 
16220, 262.0591, 
16240, 
16260, 232.8482, 
16280, 
16300, 
16320, 
16340, 
16360, 339.1195, 
16380, 187.3945, 
16400, 221.9609, 
16420, 297.2773, 
16440, 
16460, 
16480, 
16500, 
16520, 337.7229, 
16540, 358.4521, 
16560, 257.5968, 
16580, 270.5512, 
16600, 
16620, 320.7377, 
16640, 
16660, 
16680, 
16700, 
16720, 249.5288, 
16740, 205.3182, 
16760, 302.6505, 
16780, 343.5513, 
16800, 218.6917, 
16820, 
16840, 237.1396, 
16860, 305.4750, 
16880, 229.3161, 
16900, 268.3498, 
16920, 264.8861, 
16940, 371.9032, 
16960, 242.5233, 
16980, 175.0975, 
17000, 223.8473, 
17020, 255.1532, 
17040, 248.2630, 
17060, 281.2396, 
17080, 
17100, 
17120, 
17140, 300.8400, 
17160, 272.0696, 
17180, 192.9032, 
17200, 
17220, 
17240, 265.0323, 
17260, 233.6819, 
17280, 202.0136, 
17300, 260.9367, 
17320, 232.1319, 
17340, 
17360, 
17380, 
17400, 
17420, 
17440, 
17460, 
17480, 
17500, 
17520, 
17540, 
17560, 389.5760, 
17580, 311.9995, 
17600, 213.8917, 
17620, 310.9686, 
17640, 224.5157, 
17660, 260.6256, 
17680, 230.9547, 
17700, 228.9671, 
17720, 408.4550, 
17740, 244.6038, 
17760, 234.4889, 
17780, 
17800, 
17820, 
17840, 
17860, 255.0380, 
17880, 366.9407, 
17900, 251.7199, 
17920, 158.0086, 
17940, 294.6085, 
17960, 279.5042, 
17980, 229.8858, 
18000, 
18020, 
18040, 
18060, 289.3823, 
18080, 
18100, 
18120, 
18140, 
18160, 
18180, 
18200, 
18220, 
18240, 
18260, 241.3504, 
18280, 271.4230, 
18300, 199.0733, 
18320, 318.4609, 
18340, 276.9233, 
18360, 287.1306, 
18380, 262.3110, 
18400, 276.2118, 
18420, 225.5511, 
18440, 255.2120, 
18460, 279.9475, 
18480, 260.2989, 
18500, 281.7144, 
18520, 379.9736, 
18540, 
18560, 
18580, 
18600, 
18620, 
18640, 
18660, 
18680, 
18700, 
18720, 
18740, 
18760, 
18780, 210.0501, 
18800, 270.9055, 
18820, 283.0508, 
18840, 156.5054, 
18860, 319.1872, 
18880, 
18900, 
18920, 251.4107, 
18940, 287.9065, 
18960, 278.9060, 
18980, 138.7435, 
19000, 363.2726, 
19020, 225.0606, 
19040, 
19060, 
19080, 
19100, 209.3707, 
19120, 412.9768, 
19140, 238.9924, 
19160, 230.8208, 
19180, 269.4328, 
19200, 
19220, 
19240, 284.0634, 
19260, 266.2795, 
19280, 234.3915, 
19300, 
19320, 
19340, 
19360, 
19380, 
19400, 272.2881, 
19420, 239.6602, 
19440, 238.9232, 
19460, 262.8517, 
19480, 
19500, 248.0138, 
19520, 302.6160, 
19540, 361.5968, 
19560, 253.4782, 
19580, 262.4788, 
19600, 
19620, 
19640, 
19660, 
19680, 
19700, 249.3175, 
19720, 241.1909, 
19740, 164.6892, 
19760, 246.8962, 
19780, 288.6691, 
19800, 203.5990, 
19820, 226.9834, 
19840, 357.5571, 
19860, 
19880, 
19900, 
19920, 
19940, 321.4962, 
19960, 386.0648, 
19980, 220.6741, 
20000, 
20020, 
20040, 
20060, 
20080, 
20100, 
20120, 
20140, 272.9595, 
20160, 
20180, 
20200, 
20220, 
20240, 292.0401, 
20260, 
20280, 
20300, 
20320, 
20340, 
20360, 
20380, 
20400, 
20420, 
20440, 
20460, 
20480, 
20500, 223.2017, 
20520, 208.8034, 
20540, 223.3348, 
20560, 
20580, 
20600, 
20620, 
20640, 
20660, 
20680, 
20700, 
20720, 
20740, 
20760, 
20780, 
20800, 
20820, 
20840, 
20860, 307.6507, 
20880, 282.3173, 
20900, 218.6778, 
20920, 223.2725, 
20940, 209.7528, 
20960, 
20980, 
21000, 
21020, 290.8623, 
21040, 194.7517, 
21060, 229.3992, 
21080, 261.2677, 
21100, 227.8095, 
21120, 
21140, 
21160, 
21180, 
21200, 
21220, 
21240, 
21260, 238.0522, 
21280, 260.7982, 
21300, 354.1314, 
21320, 282.3160, 
21340, 
21360, 
21380, 250.0584, 
21400, 252.4572, 
21420, 
21440, 
21460, 225.6790, 
21480, 226.9565, 
21500, 291.8551, 
21520, 333.0489, 
21540, 246.0108, 
21560, 226.8781, 
21580, 308.1005, 
21600, 205.1262, 
21620, 231.4893, 
21640, 312.4784, 
21660, 183.5214, 
21680, 228.9586, 
21700, 278.5601, 
21720, 261.1974, 
21740, 232.8270, 
21760, 323.9548, 
21780, 
21800, 
21820, 
21840, 
21860, 205.9136, 
21880, 181.6173, 
21900, 221.2843, 
21920, 512.4569, 
21940, 190.4847, 
21960, 240.4460, 
21980, 
22000, 
22020, 239.2451, 
22040, 309.2862, 
22060, 217.7054, 
22080, 276.2627, 
22100, 
22120, 
22140, 
22160, 
22180, 
22200, 
22220, 
22240, 
22260, 
22280, 
22300, 239.4826, 
22320, 228.8132, 
22340, 332.2865, 
22360, 190.3794, 
22380, 227.2329, 
22400, 277.8392, 
22420, 250.6713, 
22440, 216.6125, 
22460, 228.8547, 
22480, 350.2934, 
22500, 277.5150, 
22520, 
22540, 
22560, 
22580, 
22600, 
22620, 
22640, 
22660, 188.1839, 
22680, 397.5348, 
22700, 
22720, 
22740, 305.1343, 
22760, 279.4566, 
22780, 272.0441, 
22800, 281.8262, 
22820, 197.5846, 
22840, 
22860, 
22880, 
22900, 
22920, 
22940, 
22960, 383.1189, 
22980, 
23000, 
23020, 
23040, 
23060, 
23080, 
23100, 
23120, 267.7500, 
23140, 254.1073, 
23160, 178.6424, 
23180, 213.4415, 
23200, 268.0516, 
23220, 299.8469, 
23240, 213.9101, 
23260, 510.5259, 
23280, 148.5730, 
23300, 255.1474, 
23320, 241.9349, 
23340, 
23360, 
23380, 
23400, 
23420, 
23440, 271.4005, 
23460, 
23480, 
23500, 
23520, 
23540, 278.9226, 
23560, 213.1607, 
23580, 297.1410, 
23600, 207.7453, 
23620, 
23640, 
23660, 
23680, 
23700, 
23720, 
23740, 
23760, 
23780, 
23800, 338.3709, 
23820, 
23840, 
23860, 
23880, 
23900, 
23920, 
23940, 
23960, 206.9901, 
23980, 
24000, 
24020, 
24040, 
24060, 318.3547, 
24080, 
24100, 
24120, 
24140, 
24160, 
24180, 
24200, 
24220, 
24240, 
24260, 
24280, 
24300, 203.9464, 
24320, 267.2708, 
24340, 
24360, 
24380, 
24400, 
24420, 
24440, 
24460, 
24480, 
24500, 375.2929, 
24520, 
24540, 
24560, 206.7594, 
24580, 339.0048, 
24600, 228.2592, 
24620, 271.5761, 
24640, 265.8334, 
24660, 215.4970, 
24680, 345.7314, 
24700, 302.8432, 
24720, 251.2365, 
24740, 273.1323, 
24760, 222.9131, 
24780, 378.3445, 
24800, 
24820, 
24840, 
24860, 
24880, 
24900, 
24920, 368.3884, 
24940, 395.6888, 
24960, 246.8514, 
24980, 280.9091, 
25000, 
25020, 
25040, 
25060, 
25080, 
25100, 
25120, 
25140, 
25160, 322.4803, 
25180, 231.1488, 
25200, 171.1457, 
25220, 310.6743, 
25240, 276.7657, 
25260, 289.7279, 
25280, 276.8234, 
25300, 239.5344, 
25320, 267.4458, 
25340, 347.3265, 
25360, 
25380, 385.9712, 
25400, 
25420, 
25440, 
25460, 
25480, 
25500, 
25520, 
25540, 281.2462, 
25560, 304.7693, 
25580, 208.3334, 
25600, 146.8976, 
25620, 428.1292, 
25640, 
25660, 
25680, 
25700, 
25720, 
25740, 
25760, 
25780, 
25800, 
25820, 206.2059, 
25840, 294.8682, 
25860, 312.7918, 
25880, 286.4098, 
25900, 257.3472, 
25920, 286.6638, 
25940, 225.8600, 
25960, 
25980, 330.9424, 
26000, 225.6831, 
26020, 211.9512, 
26040, 
26060, 257.2123, 
26080, 220.5428, 
26100, 268.0724, 
26120, 324.5692, 
26140, 
26160, 
26180, 
26200, 
26220, 
26240, 
26260, 
26280, 
26300, 
26320, 
26340, 324.1291, 
26360, 
26380, 
26400, 
26420, 
26440, 
26460, 
26480, 435.9525, 
26500, 
26520, 
26540, 
26560, 
26580, 
26600, 
26620, 
26640, 
26660, 
26680, 
26700, 
26720, 
26740, 
26760, 
26780, 
26800, 
26820, 
26840, 
26860, 
26880, 
26900, 
26920, 
26940, 276.0255, 
26960, 285.9826, 
26980, 
27000, 
27020, 
27040, 
27060, 
27080, 
27100, 
27120, 
27140, 
27160, 
27180, 
27200, 
27220, 
27240, 
27260, 
27280, 
27300, 
27320, 
27340, 
27360, 
27380, 
27400, 341.8650, 
27420, 
27440, 
27460, 
27480, 
27500, 246.9133, 
27520, 261.3059, 
27540, 317.2241, 
27560, 339.8583, 
27580, 272.3369, 
27600, 194.6897, 
27620, 
27640, 432.0390, 
27660, 
27680, 
27700, 
27720, 
27740, 232.4579, 
27760, 166.1410, 
27780, 246.6430, 
27800, 362.1041, 
27820, 
27840, 
27860, 
27880, 
27900, 227.5337, 
27920, 283.4059, 
27940, 230.6225, 
27960, 219.3749, 
27980, 258.3442, 
28000, 254.2099, 
28020, 239.0053, 
28040, 242.9985, 
28060, 278.1438, 
28080, 239.4984, 
28100, 
28120, 316.7076, 
28140, 348.6620, 
28160, 202.6920, 
28180, 308.9181, 
28200, 171.4220, 
28220, 250.0302, 
28240, 213.7328, 
28260, 227.1877, 
28280, 318.5440, 
28300, 359.7978, 
28320, 229.4605, 
28340, 265.5548, 
28360, 346.4492, 
28380, 349.6523, 
28400, 318.2484, 
28420, 360.0526, 
28440, 210.8716, 
28460, 378.8186, 
28480, 241.5901, 
28500, 
28520, 
28540, 
28560, 
28580, 
28600, 
28620, 
28640, 220.0296, 
28660, 253.4048, 
28680, 282.4277, 
28700, 315.4563, 
28720, 259.0740, 
28740, 339.0635, 
28760, 
28780, 
28800, 
28820, 308.6756, 
28840, 355.4993, 
28860, 381.1670, 
28880, 209.4349, 
28900, 227.5302, 
28920, 195.5867, 
28940, 
28960, 
28980, 
29000, 
29020, 
29040, 
29060, 
29080, 
29100, 
29120, 
29140, 
29160, 
29180, 
29200, 
29220, 
29240, 408.4402, 
29260, 
29280, 
29300, 
29320, 
29340, 
29360, 
29380, 
29400, 
29420, 
29440, 
29460, 
29480, 
29500, 
29520, 
29540, 
29560, 248.7937, 
29580, 191.0558, 
29600, 229.4752, 
29620, 
29640, 
29660, 
29680, 419.8357, 
29700, 231.9863, 
29720, 248.0724, 
29740, 280.9034, 
29760, 189.6488, 
29780, 183.1294, 
29800, 212.3726, 
29820, 245.3527, 
29840, 262.1831, 
29860, 332.5726, 
29880, 224.0125, 
29900, 277.4991, 
29920, 187.4079, 
29940, 313.6450, 
29960, 237.5378, 
29980, 218.0665, 
30000, 311.2281, 
30020, 265.0557, 
30040, 227.6630, 
30060, 228.9032, 
30080, 370.5305, 
30100, 334.3337, 
30120, 313.1017, 
30140, 170.8221, 
30160, 251.4988, 
30180, 263.3264, 
30200, 
30220, 
30240, 381.7988, 
30260, 
30280, 
30300, 
30320, 
30340, 330.9412, 
30360, 
30380, 
30400, 
30420, 316.6070, 
30440, 237.7654, 
30460, 335.7763, 
30480, 287.2515, 
30500, 291.4664, 
30520, 186.1358, 
30540, 239.0864, 
30560, 282.6334, 
30580, 265.1807, 
30600, 266.6369, 
30620, 
30640, 
30660, 305.0790, 
30680, 411.6721, 
30700, 
30720, 
30740, 
30760, 
30780, 
30800, 
30820, 227.4370, 
30840, 205.2737, 
30860, 353.7362, 
30880, 226.0261, 
30900, 338.7673, 
30920, 393.2184, 
30940, 
30960, 243.8974, 
30980, 331.1934, 
31000, 257.4461, 
31020, 279.5374, 
31040, 228.7210, 
31060, 333.8321, 
31080, 239.1593, 
31100, 
31120, 
31140, 254.4580, 
31160, 
31180, 
31200, 
31220, 
31240, 
31260, 354.7852, 
31280, 
31300, 
31320, 
31340, 
31360, 
31380, 
31400, 
31420, 
31440, 
31460, 236.3312, 
31480, 
31500, 
31520, 
31540, 
31560, 
31580, 
31600, 
31620, 
31640, 
31660, 
31680, 
31700, 360.8205, 
31720, 158.3575, 
31740, 281.3324, 
31760, 
31780, 286.1578, 
31800, 
31820, 
31840, 
31860, 
31880, 
31900, 
31920, 
31940, 
31960, 
31980, 
32000, 
32020, 
32040, 
32060, 
32080, 424.9304, 
32100, 272.5967, 
32120, 325.7302, 
32140, 291.6041, 
32160, 191.0582, 
32180, 289.4791, 
32200, 250.9576, 
32220, 277.8947, 
32240, 210.3141, 
32260, 266.4636, 
32280, 
32300, 
32320, 
32340, 
32360, 
32380, 
32400, 345.5526, 
32420, 
32440, 295.5735, 
32460, 260.2605, 
32480, 330.8470, 
32500, 259.1703, 
32520, 238.2571, 
32540, 237.2182, 
32560, 297.9465, 
32580, 248.5218, 
32600, 388.0656, 
32620, 
32640, 
32660, 
32680, 
32700, 
32720, 295.2571, 
32740, 317.3115, 
32760, 356.2591, 
32780, 269.6418, 
32800, 380.0235, 
32820, 
32840, 
32860, 
32880, 
32900, 
32920, 
32940, 214.5926, 
32960, 248.2185, 
32980, 281.3300, 
33000, 321.3868, 
33020, 294.7370, 
33040, 243.1799, 
33060, 328.4558, 
33080, 201.4343, 
33100, 
33120, 
33140, 
33160, 351.6312, 
33180, 187.4063, 
33200, 
33220, 
33240, 
33260, 392.6200, 
33280, 
33300, 
33320, 
33340, 
33360, 
33380, 
33400, 282.4347, 
33420, 220.2501, 
33440, 310.8261, 
33460, 178.1247, 
33480, 219.9440, 
33500, 356.5733, 
33520, 241.0688, 
33540, 415.5859, 
33560, 388.5350, 
33580, 
33600, 
33620, 
33640, 
33660, 
33680, 
33700, 
33720, 
33740, 260.0603, 
33760, 228.1847, 
33780, 242.9989, 
33800, 275.2159, 
33820, 279.0174, 
33840, 343.1120, 
33860, 242.3979, 
33880, 177.4028, 
33900, 248.8849, 
33920, 217.7601, 
33940, 312.4123, 
33960, 257.6061, 
33980, 273.6530, 
34000, 261.0508, 
34020, 213.8966, 
34040, 372.1012, 
34060, 242.2706, 
34080, 200.5762, 
34100, 274.0563, 
34120, 201.3315, 
34140, 
34160, 
34180, 
34200, 253.4128, 
34220, 193.8071, 
34240, 309.5036, 
34260, 
34280, 
34300, 
34320, 
34340, 
34360, 
34380, 
34400, 
34420, 
34440, 
34460, 
34480, 
34500, 
34520, 206.6874, 
34540, 173.3426, 
34560, 191.7405, 
34580, 193.1337, 
34600, 261.3926, 
34620, 178.1224, 
34640, 209.2956, 
34660, 170.2980, 
34680, 332.3631, 
34700, 214.5697, 
34720, 233.0440, 
34740, 286.8841, 
34760, 256.5247, 
34780, 423.3505, 
34800, 348.8759, 
34820, 227.8730, 
34840, 308.7507, 
34860, 211.0415, 
34880, 207.8816, 
34900, 265.2212, 
34920, 263.4685, 
34940, 240.8976, 
34960, 313.1231, 
34980, 318.4461, 
35000, 402.0773, 
35020, 205.5159, 
35040, 359.9706, 
35060, 249.0277, 
35080, 234.8988, 
35100, 
35120, 
35140, 
35160, 311.8417, 
35180, 
35200, 
35220, 
35240, 
35260, 
35280, 
35300, 
35320, 338.9348, 
35340, 
35360, 311.9223, 
35380, 279.4177, 
35400, 285.2000, 
35420, 
35440, 304.0497, 
35460, 
35480, 
35500, 
35520, 
35540, 
35560, 
35580, 211.9586, 
35600, 278.0941, 
35620, 221.6857, 
35640, 230.0236, 
35660, 385.3395, 
35680, 208.5947, 
35700, 300.0253, 
35720, 292.7341, 
35740, 
35760, 
35780, 
35800, 
35820, 
35840, 
35860, 
35880, 272.9693, 
35900, 
35920, 
35940, 
35960, 
35980, 
36000, 
36020, 301.2725, 
36040, 
36060, 
36080, 
36100, 342.3467, 
36120, 300.2521, 
36140, 
36160, 278.6456, 
36180, 355.2508, 
36200, 262.3522, 
36220, 302.0611, 
36240, 359.2494, 
36260, 197.8152, 
36280, 272.5525, 
36300, 333.3427, 
36320, 262.2013, 
36340, 
36360, 
36380, 273.8644, 
36400, 273.5586, 
36420, 
36440, 250.0257, 
36460, 331.8085, 
36480, 352.5815, 
36500, 158.8248, 
36520, 242.9605, 
36540, 242.0303, 
36560, 338.2731, 
36580, 192.7003, 
36600, 251.0831, 
36620, 387.1055, 
36640, 241.4845, 
36660, 
36680, 
36700, 
36720, 
36740, 287.8621, 
36760, 275.2516, 
36780, 316.5371, 
36800, 271.4139, 
36820, 422.5078, 
36840, 264.7130, 
36860, 299.4632, 
36880, 337.2189, 
36900, 322.1171, 
36920, 249.8517, 
36940, 314.6982, 
36960, 321.1538, 
36980, 386.1196, 
37000, 223.2310, 
37020, 267.3329, 
37040, 264.2251, 
37060, 293.1708, 
37080, 338.1344, 
37100, 337.7610, 
37120, 
37140, 192.0222, 
37160, 
37180, 255.7147, 
37200, 302.2479, 
37220, 257.1372, 
37240, 248.8207, 
37260, 
37280, 340.2440, 
37300, 292.0740, 
37320, 265.1514, 
37340, 197.7507, 
37360, 
37380, 
37400, 
37420, 
37440, 
37460, 
37480, 
37500, 
37520, 
37540, 
37560, 
37580, 
37600, 
37620, 509.0848, 
37640, 237.5526, 
37660, 338.0981, 
37680, 257.9793, 
37700, 252.8108, 
37720, 173.6878, 
37740, 219.3709, 
37760, 232.9213, 
37780, 
37800, 
37820, 297.0723, 
37840, 
37860, 
37880, 
37900, 
37920, 
37940, 
37960, 
37980, 
38000, 
38020, 
38040, 
38060, 
38080, 
38100, 
38120, 
38140, 356.4504, 
38160, 240.0033, 
38180, 243.2036, 
38200, 260.1276, 
38220, 242.6499, 
38240, 171.3025, 
38260, 234.0919, 
38280, 276.1236, 
38300, 241.8693, 
38320, 
38340, 
38360, 
38380, 
38400, 
38420, 
38440, 
38460, 
38480, 
38500, 
38520, 401.8328, 
38540, 
38560, 
38580, 
38600, 
38620, 276.8236, 
38640, 396.6603, 
38660, 204.4054, 
38680, 213.4738, 
38700, 280.8342, 
38720, 
38740, 
38760, 263.7153, 
38780, 223.7119, 
38800, 357.2140, 
38820, 213.5642, 
38840, 299.1536, 
38860, 272.0755, 
38880, 265.0292, 
38900, 295.1632, 
38920, 232.1330, 
38940, 209.4894, 
38960, 351.1214, 
38980, 
39000, 
39020, 
39040, 
39060, 
39080, 
39100, 
39120, 
39140, 
39160, 
39180, 
39200, 
39220, 231.6875, 
39240, 251.4423, 
39260, 
39280, 
39300, 
39320, 173.8685, 
39340, 355.0311, 
39360, 
39380, 287.7870, 
39400, 
39420, 
39440, 
39460, 
39480, 
39500, 380.3904, 
39520, 225.8990, 
39540, 272.6281, 
39560, 
39580, 225.4536, 
39600, 316.2735, 
39620, 290.6004, 
39640, 218.2393, 
39660, 281.5698, 
39680, 248.9886, 
39700, 331.4537, 
39720, 
39740, 
39760, 
39780, 
39800, 300.3341, 
39820, 
39840, 
39860, 
39880, 214.8091, 
39900, 264.4798, 
39920, 257.3157, 
39940, 302.6275, 
39960, 292.1680, 
39980, 327.5897, 
40000, 300.7882, 
40020, 334.4535, 
40040, 263.2376, 
40060, 190.7034, 
40080, 172.4442, 
40100, 363.6060, 
40120, 269.6637, 
40140, 251.0822, 
40160, 229.9864, 
40180, 287.6827, 
40200, 244.7795, 
40220, 297.0105, 
40240, 295.1077, 
40260, 244.7864, 
40280, 193.6555, 
40300, 161.5042, 
40320, 236.5915, 
40340, 
40360, 
40380, 288.0563, 
40400, 252.6286, 
40420, 262.8458, 
40440, 376.9185, 
40460, 
40480, 
40500, 
40520, 285.3244, 
40540, 244.2710, 
40560, 261.8181, 
40580, 215.1409, 
40600, 285.6648, 
40620, 230.0036, 
40640, 
40660, 
40680, 
40700, 
40720, 
40740, 
40760, 
40780, 
40800, 361.8020, 
40820, 238.6395, 
40840, 411.8009, 
40860, 203.2657, 
40880, 223.7643, 
40900, 
40920, 
40940, 
40960, 
40980, 
41000, 
41020, 257.9657, 
41040, 284.3917, 
41060, 320.5515, 
41080, 
41100, 
41120, 
41140, 
41160, 
41180, 
41200, 
41220, 
41240, 
41260, 
41280, 
41300, 
41320, 
41340, 
41360, 
41380, 
41400, 
41420, 
41440, 
41460, 
41480, 373.0878, 
41500, 298.3854, 
41520, 235.0851, 
41540, 227.5833, 
41560, 268.3456, 
41580, 286.1871, 
41600, 265.1294, 
41620, 
41640, 
41660, 
41680, 
41700, 409.9896, 
41720, 
41740, 349.1864, 
41760, 211.3791, 
41780, 
41800, 
41820, 
41840, 
41860, 
41880, 
41900, 
41920, 
41940, 
41960, 
41980, 
42000, 
42020, 233.7597, 
42040, 216.1864, 
42060, 255.7786, 
42080, 218.3679, 
42100, 356.0199, 
42120, 284.9126, 
42140, 297.7302, 
42160, 250.3517, 
42180, 284.0960, 
42200, 244.1307, 
42220, 288.8194, 
42240, 297.2495, 
42260, 206.7365, 
42280, 226.5653, 
42300, 270.9658, 
42320, 221.2273, 
42340, 
42360, 
42380, 
42400, 
42420, 
42440, 
42460, 
42480, 
42500, 
42520, 227.4853, 
42540, 
42560, 
42580, 
42600, 
42620, 
42640, 258.5812, 
42660, 
42680, 
42700, 
42720, 353.3174, 
42740, 
42760, 
42780, 
42800, 232.4898, 
42820, 206.4448, 
42840, 289.5025, 
42860, 374.8657, 
42880, 
42900, 
42920, 201.2028, 
42940, 246.7444, 
42960, 177.0955, 
42980, 
43000, 
43020, 317.8290, 
43040, 
43060, 
43080, 
43100, 
43120, 271.1079, 
43140, 262.5576, 
43160, 233.3752, 
43180, 387.3434, 
43200, 389.3321, 
43220, 332.6742, 
43240, 220.9121, 
43260, 260.5004, 
43280, 
43300, 
43320, 
43340, 338.3800, 
43360, 
43380, 
43400, 
43420, 425.0074, 
43440, 
43460, 
43480, 
43500, 
43520, 
43540, 
43560, 250.5694, 
43580, 267.9299, 
43600, 337.6095, 
43620, 163.4367, 
43640, 323.3003, 
43660, 265.4375, 
43680, 196.0556, 
43700, 329.3569, 
43720, 198.0706, 
43740, 249.7517, 
43760, 178.9772, 
43780, 233.8858, 
43800, 220.6315, 
43820, 
43840, 324.3464, 
43860, 404.8545, 
43880, 292.5737, 
43900, 276.1943, 
43920, 235.1002, 
43940, 209.3103, 
43960, 375.6974, 
43980, 
44000, 
44020, 
44040, 
44060, 345.9770, 
44080, 
44100, 244.8524, 
44120, 275.2564, 
44140, 238.5539, 
44160, 333.6988, 
44180, 
44200, 
44220, 
44240, 
44260, 
44280, 
44300, 
44320, 
44340, 
44360, 300.3816, 
44380, 
44400, 
44420, 
44440, 
44460, 
44480, 
44500, 407.5418, 
44520, 232.2505, 
44540, 374.2025, 
44560, 252.8435, 
44580, 264.6379, 
44600, 176.2928, 
44620, 
44640, 
44660, 
44680, 
44700, 
44720, 298.1203, 
44740, 319.0474, 
44760, 217.0133, 
44780, 206.7077, 
44800, 301.1203, 
44820, 311.2179, 
44840, 235.4723, 
44860, 227.0326, 
44880, 442.1093, 
44900, 316.6860, 
44920, 
44940, 
44960, 
44980, 372.8704, 
45000, 
45020, 
45040, 
45060, 
45080, 
45100, 
45120, 
45140, 
45160, 263.1561, 
45180, 210.4917, 
45200, 216.9027, 
45220, 180.8258, 
45240, 212.2926, 
45260, 220.2153, 
45280, 244.4179, 
45300, 362.5344, 
45320, 259.5083, 
45340, 210.1856, 
45360, 278.0443, 
45380, 311.8890, 
45400, 338.2154, 
45420, 262.1357, 
45440, 261.0402, 
45460, 
45480, 
45500, 
45520, 
45540, 
45560, 
45580, 203.5436, 
45600, 247.1950, 
45620, 171.4964, 
45640, 239.2653, 
45660, 232.6943, 
45680, 158.4641, 
45700, 260.8308, 
45720, 322.2777, 
45740, 297.1153, 
45760, 318.9574, 
45780, 252.3378, 
45800, 360.3702, 
45820, 
45840, 313.7815, 
45860, 360.4085, 
45880, 268.5090, 
45900, 340.0718, 
45920, 209.9409, 
45940, 217.3435, 
45960, 337.0596, 
45980, 161.1649, 
46000, 
46020, 
46040, 291.8341, 
46060, 175.3187, 
46080, 266.7427, 
46100, 
46120, 
46140, 217.3254, 
46160, 240.9942, 
46180, 258.3174, 
46200, 192.3098, 
46220, 286.8869, 
46240, 227.9707, 
46260, 
46280, 257.5812, 
46300, 226.0098, 
46320, 356.0356, 
46340, 
46360, 
46380, 
46400, 320.3216, 
46420, 
46440, 
46460, 283.4761, 
46480, 233.1466, 
46500, 
46520, 196.1649, 
46540, 260.7806, 
46560, 242.4414, 
46580, 239.2159, 
46600, 
46620, 
46640, 
46660, 
46680, 
46700, 
46720, 
46740, 350.2249, 
46760, 
46780, 
46800, 
46820, 
46840, 304.3407, 
46860, 214.2326, 
46880, 253.6270, 
46900, 
46920, 319.3283, 
46940, 
46960, 
46980, 
47000, 
47020, 265.7871, 
47040, 216.6925, 
47060, 270.6093, 
47080, 209.8229, 
47100, 199.6918, 
47120, 
47140, 
47160, 
47180, 365.6914, 
47200, 271.4226, 
47220, 135.8474, 
47240, 239.8076, 
47260, 262.3036, 
47280, 417.5525, 
47300, 259.9585, 
47320, 240.6343, 
47340, 316.5168, 
47360, 180.1133, 
47380, 228.6747, 
47400, 334.5422, 
47420, 323.7479, 
47440, 257.2417, 
47460, 294.0248, 
47480, 
47500, 
47520, 
47540, 
47560, 
47580, 
47600, 
47620, 
47640, 251.7700, 
47660, 218.9886, 
47680, 324.5297, 
47700, 409.5001, 
47720, 
47740, 
47760, 
47780, 
47800, 
47820, 
47840, 
47860, 
47880, 
47900, 226.2574, 
47920, 
47940, 
47960, 
47980, 
48000, 
48020, 
48040, 
48060, 
48080, 
48100, 
48120, 
48140, 
48160, 
48180, 
48200, 299.1698, 
48220, 216.8833, 
48240, 247.7429, 
48260, 337.7678, 
48280, 
48300, 
48320, 
48340, 
48360, 
48380, 
48400, 
48420, 369.4361, 
48440, 308.0154, 
48460, 358.4173, 
48480, 232.8054, 
48500, 389.3876, 
48520, 251.4737, 
48540, 284.8076, 
48560, 347.5268, 
48580, 325.2506, 
48600, 
48620, 
48640, 
48660, 
48680, 
48700, 259.6315, 
48720, 
48740, 
48760, 319.5907, 
48780, 253.2036, 
48800, 306.2512, 
48820, 251.6333, 
48840, 274.9134, 
48860, 273.9548, 
48880, 193.5612, 
48900, 
48920, 
48940, 
48960, 
48980, 
49000, 
49020, 286.9669, 
49040, 272.2910, 
49060, 
49080, 
49100, 
49120, 206.2186, 
49140, 287.8304, 
49160, 194.9681, 
49180, 212.8069, 
49200, 169.7671, 
49220, 231.0675, 
49240, 273.8699, 
49260, 
49280, 239.7070, 
49300, 303.3082, 
49320, 271.8389, 
49340, 287.9132, 
49360, 179.6122, 
49380, 256.5544, 
49400, 
49420, 
49440, 
49460, 
49480, 
49500, 281.4081, 
49520, 250.9773, 
49540, 238.0856, 
49560, 228.7039, 
49580, 237.6881, 
49600, 201.4216, 
49620, 420.1811, 
49640, 190.9216, 
49660, 308.8528, 
49680, 296.2321, 
49700, 369.6126, 
49720, 
49740, 
49760, 312.6001, 
49780, 180.4691, 
49800, 
49820, 
49840, 332.6129, 
49860, 
49880, 
49900, 
49920, 
49940, 
49960, 
49980, 
50000, 
50020, 
50040, 
50060, 
50080, 
50100, 
50120, 
50140, 
50160, 
50180, 
50200, 
50220, 
50240, 
50260, 
50280, 
50300, 
50320, 
50340, 
50360, 
50380, 
50400, 
50420, 
50440, 
50460, 277.0652, 
50480, 237.9076, 
50500, 188.0589, 
50520, 156.5994, 
50540, 217.0417, 
50560, 279.4308, 
50580, 302.7999, 
50600, 282.6960, 
50620, 311.3410, 
50640, 
50660, 244.3707, 
50680, 242.9144, 
50700, 162.2174, 
50720, 277.5092, 
50740, 254.1384, 
50760, 217.5092, 
50780, 265.1703, 
50800, 353.5585, 
50820, 276.1910, 
50840, 452.7554, 
50860, 
50880, 387.6078, 
50900, 176.5135, 
50920, 215.0634, 
50940, 275.8271, 
50960, 322.5579, 
50980, 210.0192, 
51000, 331.0346, 
51020, 214.5349, 
51040, 298.1046, 
51060, 286.6772, 
51080, 
51100, 
51120, 
51140, 
51160, 
51180, 
51200, 
51220, 
51240, 
51260, 
51280, 
51300, 
51320, 216.5618, 
51340, 
51360, 266.7196, 
51380, 281.7807, 
51400, 288.8084, 
51420, 
51440, 
51460, 
51480, 
51500, 
51520, 
51540, 
51560, 
51580, 
51600, 327.9647, 
51620, 
51640, 
51660, 
51680, 
51700, 213.9935, 
51720, 223.0617, 
51740, 288.2661, 
51760, 182.7423, 
51780, 283.0719, 
51800, 315.7675, 
51820, 172.2206, 
51840, 255.7942, 
51860, 246.9978, 
51880, 215.9845, 
51900, 220.9475, 
51920, 270.5196, 
51940, 173.9541, 
51960, 314.5430, 
51980, 165.7620, 
52000, 221.2295, 
52020, 200.3615, 
52040, 226.0713, 
52060, 262.5864, 
52080, 
52100, 
52120, 
52140, 
52160, 
52180, 
52200, 
52220, 
52240, 
52260, 317.7950, 
52280, 234.3566, 
52300, 
52320, 
52340, 
52360, 
52380, 265.3377, 
52400, 217.3968, 
52420, 271.9660, 
52440, 204.2659, 
52460, 
52480, 
52500, 
52520, 245.3436, 
52540, 258.6286, 
52560, 226.4248, 
52580, 228.2067, 
52600, 194.6897, 
52620, 338.0675, 
52640, 263.7366, 
52660, 323.1471, 
52680, 212.1270, 
52700, 377.1411, 
52720, 264.8529, 
52740, 331.8441, 
52760, 325.4532, 
52780, 243.2074, 
52800, 355.3431, 
52820, 247.1059, 
52840, 266.8087, 
52860, 311.3251, 
52880, 245.1783, 
52900, 252.7645, 
52920, 223.5162, 
52940, 183.5502, 
52960, 247.0391, 
52980, 234.0860, 
53000, 
53020, 
53040, 259.9053, 
53060, 182.3237, 
53080, 254.2750, 
53100, 241.5151, 
53120, 317.4332, 
53140, 270.6640, 
53160, 273.5603, 
53180, 165.3252, 
53200, 261.4510, 
53220, 213.2138, 
53240, 278.7278, 
53260, 256.3911, 
53280, 278.8247, 
53300, 
53320, 288.2305, 
53340, 
53360, 
53380, 
53400, 
53420, 
53440, 
53460, 
53480, 268.5136, 
53500, 303.0482, 
53520, 195.5345, 
53540, 246.7498, 
53560, 
53580, 
53600, 
53620, 
53640, 363.1391, 
53660, 
53680, 
53700, 
53720, 
53740, 
53760, 
53780, 
53800, 
53820, 
53840, 
53860, 
53880, 
53900, 312.0268, 
53920, 318.9373, 
53940, 253.6835, 
53960, 
53980, 
54000, 
54020, 438.6312, 
54040, 
54060, 282.5371, 
54080, 329.4963, 
54100, 210.0831, 
54120, 223.3145, 
54140, 185.0655, 
54160, 249.1325, 
54180, 180.1364, 
54200, 265.2173, 
54220, 238.4694, 
54240, 301.6741, 
54260, 237.1952, 
54280, 
54300, 
54320, 
54340, 
54360, 
54380, 
54400, 252.5348, 
54420, 270.2015, 
54440, 364.3460, 
54460, 233.9464, 
54480, 222.3186, 
54500, 298.8384, 
54520, 203.1598, 
54540, 259.1765, 
54560, 275.3737, 
54580, 232.9475, 
54600, 290.6730, 
54620, 347.6447, 
54640, 408.8955, 
54660, 
54680, 376.6228, 
54700, 
54720, 
54740, 255.5399, 
54760, 224.4480, 
54780, 314.9927, 
54800, 252.3314, 
54820, 304.5281, 
54840, 185.5963, 
54860, 206.8677, 
54880, 345.8061, 
54900, 
54920, 
54940, 
54960, 
54980, 
55000, 178.5640, 
55020, 232.8551, 
55040, 311.3875, 
55060, 389.9504, 
55080, 236.2712, 
55100, 431.2377, 
55120, 
55140, 301.7358, 
55160, 280.0358, 
55180, 216.1588, 
55200, 
55220, 243.5578, 
55240, 358.5888, 
55260, 305.4029, 
55280, 437.5274, 
55300, 
55320, 
55340, 
55360, 
55380, 
55400, 
55420, 230.3900, 
55440, 239.7009, 
55460, 359.5988, 
55480, 256.0168, 
55500, 304.8686, 
55520, 
55540, 
55560, 
55580, 
55600, 
55620, 
55640, 
55660, 
55680, 
55700, 
55720, 
55740, 
55760, 
55780, 
55800, 
55820, 219.2572, 
55840, 250.9227, 
55860, 
55880, 196.0110, 
55900, 
55920, 
55940, 326.9445, 
55960, 
55980, 
56000, 
56020, 
56040, 
56060, 
56080, 
56100, 196.4847, 
56120, 247.5367, 
56140, 151.5075, 
56160, 
56180, 
56200, 
56220, 
56240, 
56260, 
56280, 
56300, 
56320, 
56340, 
56360, 
56380, 
56400, 
56420, 
56440, 
56460, 
56480, 
56500, 
56520, 
56540, 
56560, 
56580, 
56600, 312.9628, 
56620, 199.1278, 
56640, 175.1301, 
56660, 261.5751, 
56680, 456.3261, 
56700, 
56720, 
56740, 
56760, 
56780, 
56800, 
56820, 268.5513, 
56840, 434.6844, 
56860, 248.9543, 
56880, 216.6808, 
56900, 237.2236, 
56920, 264.1628, 
56940, 208.5564, 
56960, 232.4414, 
56980, 234.1423, 
57000, 269.7869, 
57020, 318.7965, 
57040, 178.4008, 
57060, 249.6706, 
57080, 203.1690, 
57100, 387.1236, 
57120, 235.5709, 
57140, 235.9251, 
57160, 325.4612, 
57180, 287.9017, 
57200, 217.6428, 
57220, 238.3991, 
57240, 270.7429, 
57260, 
57280, 
57300, 
57320, 
57340, 
57360, 
57380, 
57400, 
57420, 
57440, 299.5181, 
57460, 246.9879, 
57480, 
57500, 
57520, 
57540, 
57560, 340.1085, 
57580, 
57600, 
57620, 
57640, 
57660, 
57680, 
57700, 
57720, 
57740, 
57760, 
57780, 
57800, 
57820, 
57840, 
57860, 
57880, 373.0356, 
57900, 282.3046, 
57920, 
57940, 
57960, 242.2372, 
57980, 375.7331, 
58000, 301.7506, 
58020, 
58040, 
58060, 
58080, 
58100, 
58120, 
58140, 
58160, 
58180, 
58200, 
58220, 
58240, 
58260, 
58280, 
58300, 
58320, 267.6771, 
58340, 198.0567, 
58360, 174.4384, 
58380, 191.0990, 
58400, 349.5568, 
58420, 150.4374, 
58440, 189.5111, 
58460, 194.1907, 
58480, 
58500, 275.6736, 
58520, 
58540, 
58560, 
58580, 
58600, 265.9624, 
58620, 294.1836, 
58640, 
58660, 
58680, 
58700, 
58720, 
58740, 
58760, 
58780, 
58800, 
58820, 
58840, 
58860, 
58880, 
58900, 
58920, 
58940, 
58960, 
58980, 
59000, 
59020, 
59040, 186.4347, 
59060, 251.1196, 
59080, 297.1086, 
59100, 336.7072, 
59120, 285.1652, 
59140, 281.9395, 
59160, 
59180, 
59200, 
59220, 
59240, 243.9191, 
59260, 
59280, 277.6456, 
59300, 
59320, 187.4887, 
59340, 316.0503, 
59360, 339.3911, 
59380, 
59400, 229.0720, 
59420, 198.9217, 
59440, 220.0561, 
59460, 308.1264, 
59480, 301.0271, 
59500, 190.2007, 
59520, 239.0630, 
59540, 193.6147, 
59560, 205.0263, 
59580, 
59600, 
59620, 
59640, 
59660, 184.3326, 
59680, 195.1205, 
59700, 
59720, 
59740, 
59760, 
59780, 
59800, 
59820, 
59840, 
59860, 
59880, 
59900, 
59920, 
59940, 
59960, 
59980, 
60000, 
60020, 
60040, 
60060, 
60080, 231.2270, 
60100, 222.3480, 
60120, 168.2349, 
60140, 264.2470, 
60160, 240.4486, 
60180, 297.3618, 
60200, 333.2668, 
60220, 257.1324, 
60240, 340.7748, 
60260, 225.2480, 
60280, 
60300, 
60320, 255.4279, 
60340, 302.2061, 
60360, 361.1169, 
60380, 
60400, 
60420, 
60440, 
60460, 270.5535, 
60480, 
60500, 
60520, 305.8136, 
60540, 297.4351, 
60560, 183.9975, 
60580, 250.5544, 
60600, 183.8796, 
60620, 215.3611, 
60640, 266.3266, 
60660, 204.7784, 
60680, 255.6803, 
60700, 373.3273, 
60720, 194.5017, 
60740, 367.4827, 
60760, 215.8562, 
60780, 330.0083, 
60800, 
60820, 
60840, 
60860, 
60880, 323.0950, 
60900, 272.4746, 
60920, 204.2251, 
60940, 250.7382, 
60960, 351.5239, 
60980, 242.9023, 
61000, 161.2811, 
61020, 264.4583, 
61040, 236.9241, 
61060, 228.8976, 
61080, 221.0458, 
61100, 200.0121, 
61120, 347.6975, 
61140, 291.9318, 
61160, 460.8414, 
61180, 
61200, 
61220, 
61240, 
61260, 263.4985, 
61280, 
61300, 
61320, 
61340, 
61360, 386.8088, 
61380, 182.2739, 
61400, 280.3711, 
61420, 273.7878, 
61440, 246.9573, 
61460, 186.0663, 
61480, 266.8537, 
61500, 164.7371, 
61520, 219.2700, 
61540, 364.1086, 
61560, 176.8207, 
61580, 290.4724, 
61600, 230.6194, 
61620, 330.1616, 
61640, 205.2878, 
61660, 332.4367, 
61680, 355.9537, 
61700, 338.7732, 
61720, 245.8318, 
61740, 214.4658, 
61760, 166.5617, 
61780, 231.1065, 
61800, 180.9356, 
61820, 305.8185, 
61840, 154.1959, 
61860, 240.8910, 
61880, 256.5142, 
61900, 219.4221, 
61920, 294.4819, 
61940, 
61960, 
61980, 232.3287, 
62000, 
62020, 
62040, 
62060, 250.3032, 
62080, 
62100, 
62120, 241.7230, 
62140, 
62160, 
62180, 
62200, 310.9689, 
62220, 193.6580, 
62240, 
62260, 
62280, 
62300, 
62320, 
62340, 
62360, 
62380, 
62400, 281.1406, 
62420, 186.2162, 
62440, 253.5189, 
62460, 354.1138, 
62480, 201.5310, 
62500, 193.6741, 
62520, 367.1611, 
62540, 271.5537, 
62560, 239.4557, 
62580, 329.4296, 
62600, 336.9492, 
62620, 209.1901, 
62640, 310.0856, 
62660, 245.4347, 
62680, 247.8652, 
62700, 264.2612, 
62720, 230.1640, 
62740, 
62760, 
62780, 
62800, 
62820, 
62840, 
62860, 
62880, 
62900, 
62920, 
62940, 
62960, 
62980, 
63000, 361.1508, 
63020, 255.0011, 
63040, 267.3899, 
63060, 198.9568, 
63080, 168.8884, 
63100, 365.0124, 
63120, 208.9239, 
63140, 199.6043, 
63160, 
63180, 
63200, 
63220, 
63240, 
63260, 
63280, 
63300, 
63320, 
63340, 
63360, 
63380, 
63400, 
63420, 
63440, 
63460, 236.5613, 
63480, 
63500, 
63520, 
63540, 
63560, 
63580, 
63600, 265.8934, 
63620, 200.2641, 
63640, 191.4794, 
63660, 216.5469, 
63680, 231.2337, 
63700, 261.2082, 
63720, 276.1739, 
63740, 240.2444, 
63760, 245.6467, 
63780, 
63800, 
63820, 
63840, 
63860, 
63880, 267.6474, 
63900, 246.4220, 
63920, 298.7493, 
63940, 224.5221, 
63960, 258.6230, 
63980, 232.7070, 
64000, 195.8118, 
64020, 201.8181, 
64040, 325.4182, 
64060, 367.8466, 
64080, 210.8297, 
64100, 273.3769, 
64120, 332.5438, 
64140, 449.3052, 
64160, 243.8827, 
64180, 221.0642, 
64200, 299.6194, 
64220, 271.6197, 
64240, 328.7550, 
64260, 213.8394, 
64280, 257.7733, 
64300, 
64320, 
64340, 
64360, 472.8564, 
64380, 203.7957, 
64400, 332.9407, 
64420, 225.8586, 
64440, 325.8089, 
64460, 227.7838, 
64480, 368.8232, 
64500, 
64520, 
64540, 
64560, 
64580, 257.9133, 
64600, 
64620, 296.4263, 
64640, 
64660, 
64680, 272.0330, 
64700, 
64720, 
64740, 
64760, 
64780, 
64800, 
64820, 
64840, 
64860, 
64880, 
64900, 
64920, 268.6175, 
64940, 188.7487, 
64960, 
64980, 224.5281, 
65000, 224.0778, 
65020, 270.1744, 
65040, 228.1502, 
65060, 
65080, 
65100, 483.0914, 
65120, 242.2636, 
65140, 244.3313, 
65160, 
65180, 
65200, 305.5799, 
65220, 259.1015, 
65240, 281.4172, 
65260, 258.4772, 
65280, 333.4316, 
65300, 402.7215, 
65320, 219.8629, 
65340, 376.0839, 
65360, 292.6538, 
65380, 253.2154, 
65400, 272.6813, 
65420, 
65440, 
65460, 
65480, 
65500, 
65520, 
65540, 
65560, 
65580, 
65600, 
65620, 
65640, 
65660, 
65680, 242.8577, 
65700, 279.5353, 
65720, 241.9378, 
65740, 315.8802, 
65760, 222.2359, 
65780, 200.2780, 
65800, 212.6142, 
65820, 246.4124, 
65840, 
65860, 
65880, 
65900, 
65920, 
65940, 
65960, 
65980, 304.2645, 
66000, 
66020, 
66040, 
66060, 
66080, 349.6831, 
66100, 289.3682, 
66120, 
66140, 294.1707, 
66160, 289.8696, 
66180, 
66200, 
66220, 
66240, 
66260, 
66280, 285.4808, 
66300, 408.8332, 
66320, 295.3381, 
66340, 225.0185, 
66360, 343.3815, 
66380, 279.8422, 
66400, 250.7013, 
66420, 276.4095, 
66440, 
66460, 
66480, 
66500, 230.0837, 
66520, 265.9025, 
66540, 287.5568, 
66560, 232.1676, 
66580, 282.6497, 
66600, 210.5205, 
66620, 270.1740, 
66640, 182.9965, 
66660, 254.9825, 
66680, 
66700, 
66720, 
66740, 
66760, 274.8403, 
66780, 221.5295, 
66800, 310.6260, 
66820, 219.7716, 
66840, 363.6172, 
66860, 245.2861, 
66880, 308.5941, 
66900, 
66920, 
66940, 
66960, 307.9189, 
66980, 
67000, 
67020, 
67040, 
67060, 
67080, 195.9900, 
67100, 250.0914, 
67120, 191.0339, 
67140, 188.8944, 
67160, 
67180, 
67200, 
67220, 
67240, 
67260, 
67280, 
67300, 
67320, 337.4558, 
67340, 
67360, 
67380, 
67400, 
67420, 
67440, 304.7748, 
67460, 
67480, 
67500, 287.6800, 
67520, 240.2602, 
67540, 228.7176, 
67560, 155.0572, 
67580, 178.7969, 
67600, 207.9214, 
67620, 236.1725, 
67640, 229.3231, 
67660, 309.3358, 
67680, 355.5203, 
67700, 327.6361, 
67720, 313.1486, 
67740, 
67760, 
67780, 
67800, 188.9519, 
67820, 313.6258, 
67840, 
67860, 271.0764, 
67880, 
67900, 
67920, 
67940, 
67960, 
67980, 
68000, 289.6358, 
68020, 310.2257, 
68040, 269.3897, 
68060, 242.0608, 
68080, 288.3700, 
68100, 
68120, 175.5577, 
68140, 436.7787, 
68160, 217.8367, 
68180, 284.6678, 
68200, 
68220, 265.3591, 
68240, 248.5198, 
68260, 207.7438, 
68280, 208.5983, 
68300, 309.9344, 
68320, 267.6617, 
68340, 227.3316, 
68360, 161.5207, 
68380, 279.7409, 
68400, 
68420, 
68440, 217.9675, 
68460, 247.6891, 
68480, 
68500, 
68520, 
68540, 
68560, 
68580, 183.1618, 
68600, 353.6460, 
68620, 236.0500, 
68640, 255.4384, 
68660, 277.5499, 
68680, 
68700, 291.1857, 
68720, 162.7513, 
68740, 249.0399, 
68760, 307.7787, 
68780, 
68800, 
68820, 
68840, 
68860, 
68880, 
68900, 239.8558, 
68920, 
68940, 
68960, 
68980, 
69000, 
69020, 266.6485, 
69040, 232.0866, 
69060, 240.4871, 
69080, 222.8223, 
69100, 309.0595, 
69120, 219.1042, 
69140, 371.7150, 
69160, 300.0147, 
69180, 356.8814, 
69200, 259.5640, 
69220, 182.6206, 
69240, 220.3245, 
69260, 230.0464, 
69280, 251.7858, 
69300, 
69320, 
69340, 
69360, 
69380, 210.4449, 
69400, 159.9022, 
69420, 279.5414, 
69440, 210.1826, 
69460, 344.3130, 
69480, 249.5096, 
69500, 278.2645, 
69520, 340.1532, 
69540, 347.5427, 
69560, 308.5143, 
69580, 
69600, 
69620, 
69640, 
69660, 271.3219, 
69680, 352.8157, 
69700, 387.8049, 
69720, 
69740, 222.2349, 
69760, 215.9228, 
69780, 248.3470, 
69800, 
69820, 
69840, 
69860, 
69880, 
69900, 309.0791, 
69920, 249.3525, 
69940, 334.1257, 
69960, 301.1334, 
69980, 219.6293, 
70000, 304.2155, 
70020, 239.9248, 
70040, 326.5326, 
70060, 178.6702, 
70080, 323.0551, 
70100, 317.5543, 
70120, 271.8896, 
70140, 271.5789, 
70160, 257.9717, 
70180, 318.0273, 
70200, 252.0934, 
70220, 326.1681, 
70240, 320.1325, 
70260, 299.6219, 
70280, 313.6541, 
70300, 
70320, 
70340, 
70360, 
70380, 
70400, 
70420, 
70440, 
70460, 484.0163, 
70480, 241.6961, 
70500, 290.6878, 
70520, 214.0054, 
70540, 198.5655, 
70560, 
70580, 
70600, 
70620, 288.2826, 
70640, 297.8871, 
70660, 
70680, 484.8549, 
70700, 
70720, 
70740, 
70760, 
70780, 
70800, 194.0268, 
70820, 
70840, 
70860, 
70880, 
70900, 
70920, 
70940, 
70960, 345.3471, 
70980, 385.8864, 
71000, 205.8319, 
71020, 288.2492, 
71040, 258.4633, 
71060, 175.7730, 
71080, 238.3166, 
71100, 261.9643, 
71120, 218.6686, 
71140, 220.1981, 
71160, 245.2576, 
71180, 165.1818, 
71200, 
71220, 
71240, 
71260, 
71280, 
71300, 
71320, 
71340, 
71360, 
71380, 282.4013, 
71400, 223.3603, 
71420, 266.4209, 
71440, 219.4819, 
71460, 333.3086, 
71480, 169.0284, 
71500, 268.8115, 
71520, 219.2589, 
71540, 255.3231, 
71560, 225.9893, 
71580, 
71600, 
71620, 
71640, 
71660, 
71680, 364.3877, 
71700, 184.3902, 
71720, 230.8992, 
71740, 212.5131, 
71760, 294.0626, 
71780, 221.4934, 
71800, 244.0406, 
71820, 219.2911, 
71840, 
71860, 
71880, 343.3749, 
71900, 185.4296, 
71920, 234.9172, 
71940, 
71960, 
71980, 
72000, 
72020, 
72040, 
72060, 273.2095, 
72080, 234.6808, 
72100, 210.1986, 
72120, 275.9306, 
72140, 265.9380, 
72160, 332.3870, 
72180, 205.9963, 
72200, 203.6785, 
72220, 290.0131, 
72240, 286.4439, 
72260, 260.8006, 
72280, 216.4363, 
72300, 204.2332, 
72320, 201.1016, 
72340, 238.8971, 
72360, 212.2884, 
72380, 205.9958, 
72400, 318.8195, 
72420, 233.5546, 
72440, 200.3978, 
72460, 345.1397, 
72480, 
72500, 
72520, 
72540, 
72560, 
72580, 
72600, 266.9092, 
72620, 360.6248, 
72640, 253.4926, 
72660, 263.8109, 
72680, 
72700, 
72720, 
72740, 
72760, 
72780, 
72800, 
72820, 
72840, 340.0739, 
72860, 281.5925, 
72880, 279.2831, 
72900, 217.3449, 
72920, 203.1089, 
72940, 371.1017, 
72960, 232.2592, 
72980, 346.6870, 
73000, 333.3707, 
73020, 238.8121, 
73040, 222.9836, 
73060, 183.5940, 
73080, 170.4780, 
73100, 386.2452, 
73120, 343.4825, 
73140, 224.4556, 
73160, 416.5272, 
73180, 199.3477, 
73200, 243.2089, 
73220, 213.6488, 
73240, 307.4443, 
73260, 266.8183, 
73280, 308.2174, 
73300, 188.3473, 
73320, 180.7801, 
73340, 379.7271, 
73360, 
73380, 
73400, 229.1507, 
73420, 300.0335, 
73440, 305.7664, 
73460, 229.8561, 
73480, 336.9041, 
73500, 322.0922, 
73520, 254.3345, 
73540, 286.4560, 
73560, 
73580, 
73600, 
73620, 
