200, 368.6667, 
220, 
240, 
260, 
280, 
300, 
320, 
340, 
360, 
380, 
400, 536.1667, 
420, 
440, 
460, 
480, 332.8333, 
500, 
520, 
540, 
560, 224.0000, 
580, 248.1667, 
600, 374.6667, 
620, 168.0000, 
640, 375.6667, 
660, 307.3333, 
680, 227.3333, 
700, 247.3333, 
720, 275.0000, 
740, 388.5000, 
760, 281.3333, 
780, 303.3333, 
800, 339.6667, 
820, 263.8333, 
840, 351.5000, 
860, 180.0000, 
880, 
900, 290.8333, 
920, 385.0000, 
940, 243.0000, 
960, 398.6667, 
980, 
1000, 
1020, 
1040, 373.6667, 
1060, 185.8333, 
1080, 
1100, 
1120, 
1140, 
1160, 188.3333, 
1180, 315.8333, 
1200, 212.6667, 
1220, 272.5000, 
1240, 256.1667, 
1260, 318.1667, 
1280, 303.5000, 
1300, 405.8333, 
1320, 
1340, 
1360, 
1380, 
1400, 352.3333, 
1420, 310.0000, 
1440, 
1460, 181.8333, 
1480, 278.5000, 
1500, 224.3333, 
1520, 183.0000, 
1540, 279.6667, 
1560, 131.1667, 
1580, 227.5000, 
1600, 
1620, 
1640, 
1660, 
1680, 
1700, 
1720, 
1740, 178.3333, 
1760, 332.8333, 
1780, 280.3333, 
1800, 
1820, 
1840, 
1860, 
1880, 
1900, 458.1667, 
1920, 
1940, 
1960, 
1980, 272.5000, 
2000, 241.8333, 
2020, 336.1667, 
2040, 237.6667, 
2060, 412.5000, 
2080, 332.3333, 
2100, 338.5000, 
2120, 339.1667, 
2140, 180.0000, 
2160, 323.3333, 
2180, 233.8333, 
2200, 241.3333, 
2220, 344.5000, 
2240, 326.5000, 
2260, 574.8333, 
2280, 274.5000, 
2300, 325.1667, 
2320, 
2340, 
2360, 
2380, 
2400, 
2420, 
2440, 
2460, 
2480, 273.3333, 
2500, 370.1667, 
2520, 278.3333, 
2540, 373.5000, 
2560, 188.3333, 
2580, 231.5000, 
2600, 336.1667, 
2620, 
2640, 
2660, 
2680, 256.5000, 
2700, 157.3333, 
2720, 335.8333, 
2740, 
2760, 
2780, 
2800, 
2820, 
2840, 
2860, 488.0000, 
2880, 
2900, 
2920, 
2940, 
2960, 
2980, 203.0000, 
3000, 195.5000, 
3020, 263.5000, 
3040, 349.3333, 
3060, 313.3333, 
3080, 159.5000, 
3100, 
3120, 
3140, 
3160, 
3180, 
3200, 
3220, 
3240, 
3260, 
3280, 
3300, 
3320, 
3340, 
3360, 
3380, 
3400, 
3420, 
3440, 
3460, 
3480, 
3500, 
3520, 
3540, 
3560, 
3580, 
3600, 
3620, 
3640, 
3660, 
3680, 291.6667, 
3700, 206.3333, 
3720, 174.6667, 
3740, 333.8333, 
3760, 218.8333, 
3780, 352.0000, 
3800, 280.1667, 
3820, 322.8333, 
3840, 204.6667, 
3860, 277.1667, 
3880, 486.5000, 
3900, 227.1667, 
3920, 251.6667, 
3940, 250.3333, 
3960, 191.3333, 
3980, 160.1667, 
4000, 307.1667, 
4020, 275.8333, 
4040, 
4060, 
4080, 
4100, 
4120, 
4140, 
4160, 
4180, 
4200, 
4220, 
4240, 239.3333, 
4260, 290.6667, 
4280, 151.6667, 
4300, 243.5000, 
4320, 587.5000, 
4340, 329.8333, 
4360, 228.0000, 
4380, 
4400, 
4420, 
4440, 244.8333, 
4460, 326.1667, 
4480, 295.6667, 
4500, 244.5000, 
4520, 363.8333, 
4540, 207.5000, 
4560, 180.3333, 
4580, 349.5000, 
4600, 
4620, 242.0000, 
4640, 235.8333, 
4660, 256.8333, 
4680, 365.0000, 
4700, 402.8333, 
4720, 230.0000, 
4740, 
4760, 
4780, 265.3333, 
4800, 365.6667, 
4820, 293.5000, 
4840, 
4860, 
4880, 
4900, 
4920, 
4940, 
4960, 
4980, 369.1667, 
5000, 481.5000, 
5020, 267.8333, 
5040, 224.1667, 
5060, 219.8333, 
5080, 213.0000, 
5100, 339.3333, 
5120, 337.5000, 
5140, 265.0000, 
5160, 
5180, 
5200, 
5220, 
5240, 
5260, 
5280, 
5300, 
5320, 
5340, 
5360, 342.8333, 
5380, 
5400, 
5420, 
5440, 
5460, 
5480, 
5500, 
5520, 440.6667, 
5540, 362.5000, 
5560, 295.1667, 
5580, 307.8333, 
5600, 212.1667, 
5620, 263.1667, 
5640, 202.8333, 
5660, 351.5000, 
5680, 374.5000, 
5700, 310.3333, 
5720, 279.3333, 
5740, 325.6667, 
5760, 
5780, 
5800, 
5820, 
5840, 
5860, 576.3333, 
5880, 299.6667, 
5900, 268.8333, 
5920, 240.1667, 
5940, 324.8333, 
5960, 181.0000, 
5980, 218.5000, 
6000, 287.8333, 
6020, 194.1667, 
6040, 
6060, 
6080, 
6100, 
6120, 
6140, 
6160, 
6180, 
6200, 163.1667, 
6220, 272.1667, 
6240, 217.5000, 
6260, 196.8333, 
6280, 162.0000, 
6300, 333.8333, 
6320, 296.3333, 
6340, 392.6667, 
6360, 
6380, 511.3333, 
6400, 222.0000, 
6420, 186.3333, 
6440, 204.3333, 
6460, 316.1667, 
6480, 208.1667, 
6500, 251.1667, 
6520, 219.0000, 
6540, 
6560, 
6580, 
6600, 
6620, 
6640, 
6660, 
6680, 375.8333, 
6700, 294.6667, 
6720, 235.8333, 
6740, 173.5000, 
6760, 263.1667, 
6780, 342.3333, 
6800, 275.1667, 
6820, 455.8333, 
6840, 292.0000, 
6860, 346.1667, 
6880, 342.0000, 
6900, 332.3333, 
6920, 290.3333, 
6940, 315.6667, 
6960, 
6980, 349.0000, 
7000, 316.5000, 
7020, 231.8333, 
7040, 444.8333, 
7060, 528.8333, 
7080, 163.8333, 
7100, 365.6667, 
7120, 506.0000, 
7140, 
7160, 
7180, 
7200, 189.5000, 
7220, 216.8333, 
7240, 225.5000, 
7260, 316.1667, 
7280, 
7300, 
7320, 
7340, 
7360, 
7380, 
7400, 
7420, 364.5000, 
7440, 198.8333, 
7460, 401.5000, 
7480, 169.8333, 
7500, 179.5000, 
7520, 183.0000, 
7540, 203.6667, 
7560, 378.6667, 
7580, 178.6667, 
7600, 
7620, 245.8333, 
7640, 
7660, 
7680, 
7700, 
7720, 567.3333, 
7740, 169.8333, 
7760, 
7780, 
7800, 
7820, 
7840, 
7860, 
7880, 
7900, 
7920, 
7940, 428.0000, 
7960, 206.8333, 
7980, 272.6667, 
8000, 211.8333, 
8020, 247.0000, 
8040, 520.0000, 
8060, 254.1667, 
8080, 264.8333, 
8100, 237.1667, 
8120, 329.3333, 
8140, 267.8333, 
8160, 568.5000, 
8180, 228.1667, 
8200, 349.8333, 
8220, 258.5000, 
8240, 212.3333, 
8260, 
8280, 338.5000, 
8300, 204.5000, 
8320, 
8340, 
8360, 
8380, 
8400, 
8420, 
8440, 
8460, 444.5000, 
8480, 389.8333, 
8500, 342.0000, 
8520, 206.6667, 
8540, 184.0000, 
8560, 285.6667, 
8580, 368.3333, 
8600, 273.0000, 
8620, 267.6667, 
8640, 384.1667, 
8660, 
8680, 
8700, 
8720, 
8740, 
8760, 
8780, 
8800, 
8820, 
8840, 250.3333, 
8860, 
8880, 
8900, 
8920, 226.3333, 
8940, 306.8333, 
8960, 360.0000, 
8980, 256.0000, 
9000, 349.6667, 
9020, 
9040, 
9060, 
9080, 
9100, 
9120, 
9140, 313.6667, 
9160, 333.1667, 
9180, 199.0000, 
9200, 347.8333, 
9220, 439.0000, 
9240, 494.8333, 
9260, 320.3333, 
9280, 318.5000, 
9300, 232.5000, 
9320, 249.5000, 
9340, 433.8333, 
9360, 
9380, 
9400, 
9420, 
9440, 
9460, 332.0000, 
9480, 
9500, 351.8333, 
9520, 351.1667, 
9540, 275.3333, 
9560, 245.5000, 
9580, 196.8333, 
9600, 179.6667, 
9620, 425.0000, 
9640, 248.3333, 
9660, 
9680, 
9700, 
9720, 
9740, 
9760, 
9780, 
9800, 
9820, 
9840, 
9860, 
9880, 
9900, 
9920, 
9940, 
9960, 
9980, 397.8333, 
10000, 199.6667, 
10020, 234.1667, 
10040, 185.8333, 
10060, 200.6667, 
10080, 229.5000, 
10100, 339.0000, 
10120, 
10140, 
10160, 
10180, 
10200, 
10220, 357.3333, 
10240, 
10260, 
10280, 273.3333, 
10300, 322.0000, 
10320, 278.8333, 
10340, 337.3333, 
10360, 361.6667, 
10380, 328.6667, 
10400, 291.8333, 
10420, 
10440, 
10460, 468.8333, 
10480, 224.8333, 
10500, 349.1667, 
10520, 288.8333, 
10540, 191.3333, 
10560, 
10580, 
10600, 295.1667, 
10620, 318.3333, 
10640, 
10660, 
10680, 
10700, 
10720, 
10740, 
10760, 
10780, 
10800, 
10820, 
10840, 
10860, 
10880, 
10900, 229.6667, 
10920, 338.3333, 
10940, 320.3333, 
10960, 448.1667, 
10980, 236.6667, 
11000, 
11020, 361.0000, 
11040, 194.8333, 
11060, 
11080, 
11100, 
11120, 
11140, 
11160, 
11180, 
11200, 
11220, 310.6667, 
11240, 230.3333, 
11260, 373.5000, 
11280, 204.8333, 
11300, 366.1667, 
11320, 342.6667, 
11340, 288.0000, 
11360, 313.0000, 
11380, 215.6667, 
11400, 149.8333, 
11420, 
11440, 
11460, 
11480, 
11500, 
11520, 331.5000, 
11540, 
11560, 
11580, 304.5000, 
11600, 205.8333, 
11620, 
11640, 
11660, 
11680, 
11700, 
11720, 
11740, 
11760, 
11780, 274.0000, 
11800, 
11820, 
11840, 292.0000, 
11860, 242.6667, 
11880, 235.0000, 
11900, 305.1667, 
11920, 263.0000, 
11940, 315.8333, 
11960, 295.6667, 
11980, 226.8333, 
12000, 338.3333, 
12020, 
12040, 
12060, 
12080, 
12100, 
12120, 276.0000, 
12140, 184.8333, 
12160, 423.3333, 
12180, 214.5000, 
12200, 250.8333, 
12220, 327.3333, 
12240, 321.8333, 
12260, 238.8333, 
12280, 207.8333, 
12300, 276.8333, 
12320, 179.0000, 
12340, 209.8333, 
12360, 245.8333, 
12380, 294.8333, 
12400, 368.8333, 
12420, 
12440, 
12460, 
12480, 
12500, 
12520, 
12540, 
12560, 203.5000, 
12580, 432.1667, 
12600, 225.1667, 
12620, 364.5000, 
12640, 263.6667, 
12660, 189.3333, 
12680, 304.3333, 
12700, 272.5000, 
12720, 250.5000, 
12740, 380.3333, 
12760, 283.1667, 
12780, 233.6667, 
12800, 297.3333, 
12820, 381.3333, 
12840, 370.8333, 
12860, 396.5000, 
12880, 234.6667, 
12900, 408.3333, 
12920, 196.5000, 
12940, 240.3333, 
12960, 212.8333, 
12980, 160.0000, 
13000, 353.6667, 
13020, 262.0000, 
13040, 411.3333, 
13060, 156.8333, 
13080, 383.3333, 
13100, 308.0000, 
13120, 
13140, 
13160, 
13180, 
13200, 
13220, 
13240, 
13260, 
13280, 
13300, 313.8333, 
13320, 208.3333, 
13340, 340.1667, 
13360, 
13380, 
13400, 
13420, 234.3333, 
13440, 627.3333, 
13460, 195.6667, 
13480, 379.3333, 
13500, 229.6667, 
13520, 297.3333, 
13540, 307.6667, 
13560, 262.0000, 
13580, 311.8333, 
13600, 300.5000, 
13620, 317.3333, 
13640, 251.8333, 
13660, 
13680, 
13700, 261.5000, 
13720, 
13740, 
13760, 
13780, 
13800, 
13820, 495.3333, 
13840, 
13860, 
13880, 191.3333, 
13900, 326.3333, 
13920, 204.6667, 
13940, 304.5000, 
13960, 335.8333, 
13980, 187.0000, 
14000, 
14020, 252.1667, 
14040, 290.8333, 
14060, 244.3333, 
14080, 519.3333, 
14100, 191.8333, 
14120, 311.3333, 
14140, 242.8333, 
14160, 338.5000, 
14180, 439.6667, 
14200, 242.1667, 
14220, 442.1667, 
14240, 309.3333, 
14260, 202.6667, 
14280, 341.1667, 
14300, 474.8333, 
14320, 226.8333, 
14340, 366.6667, 
14360, 169.3333, 
14380, 326.3333, 
14400, 355.1667, 
14420, 268.0000, 
14440, 325.0000, 
14460, 308.3333, 
14480, 395.6667, 
14500, 335.8333, 
14520, 419.1667, 
14540, 280.5000, 
14560, 280.5000, 
14580, 367.5000, 
14600, 351.8333, 
14620, 203.3333, 
14640, 
14660, 
14680, 
14700, 
14720, 
14740, 
14760, 
14780, 
14800, 
14820, 
14840, 
14860, 
14880, 
14900, 
14920, 
14940, 
14960, 
14980, 
15000, 
15020, 
15040, 
15060, 
15080, 
15100, 
15120, 
15140, 
15160, 
15180, 
15200, 
15220, 
15240, 
15260, 
15280, 313.1667, 
15300, 383.3333, 
15320, 208.0000, 
15340, 
15360, 
15380, 
15400, 388.0000, 
15420, 
15440, 
15460, 
15480, 
15500, 
15520, 
15540, 
15560, 
15580, 
15600, 235.3333, 
15620, 
15640, 
15660, 259.3333, 
15680, 
15700, 
15720, 
15740, 
15760, 451.8333, 
15780, 
15800, 
15820, 459.1667, 
15840, 487.0000, 
15860, 
15880, 
15900, 
15920, 
15940, 
15960, 
15980, 
16000, 345.5000, 
16020, 281.0000, 
16040, 325.8333, 
16060, 241.8333, 
16080, 
16100, 
16120, 
16140, 
16160, 
16180, 
16200, 
16220, 314.6667, 
16240, 
16260, 271.1667, 
16280, 
16300, 
16320, 
16340, 
16360, 388.1667, 
16380, 180.0000, 
16400, 246.3333, 
16420, 338.6667, 
16440, 
16460, 
16480, 
16500, 
16520, 397.0000, 
16540, 414.0000, 
16560, 266.5000, 
16580, 284.6667, 
16600, 
16620, 392.0000, 
16640, 
16660, 
16680, 
16700, 
16720, 290.0000, 
16740, 196.3333, 
16760, 337.5000, 
16780, 389.5000, 
16800, 230.3333, 
16820, 
16840, 245.0000, 
16860, 337.1667, 
16880, 256.3333, 
16900, 293.0000, 
16920, 310.6667, 
16940, 453.1667, 
16960, 240.5000, 
16980, 167.8333, 
17000, 216.0000, 
17020, 257.0000, 
17040, 285.5000, 
17060, 290.1667, 
17080, 
17100, 
17120, 
17140, 378.0000, 
17160, 283.8333, 
17180, 201.6667, 
17200, 
17220, 
17240, 294.3333, 
17260, 252.5000, 
17280, 222.3333, 
17300, 275.5000, 
17320, 253.6667, 
17340, 
17360, 
17380, 
17400, 
17420, 
17440, 
17460, 
17480, 
17500, 
17520, 
17540, 
17560, 493.0000, 
17580, 350.3333, 
17600, 198.3333, 
17620, 363.5000, 
17640, 236.5000, 
17660, 264.0000, 
17680, 239.1667, 
17700, 253.1667, 
17720, 423.1667, 
17740, 230.3333, 
17760, 254.6667, 
17780, 
17800, 
17820, 
17840, 
17860, 270.3333, 
17880, 383.5000, 
17900, 275.0000, 
17920, 142.8333, 
17940, 339.5000, 
17960, 306.6667, 
17980, 250.5000, 
18000, 
18020, 
18040, 
18060, 329.3333, 
18080, 
18100, 
18120, 
18140, 
18160, 
18180, 
18200, 
18220, 
18240, 
18260, 274.0000, 
18280, 340.0000, 
18300, 202.0000, 
18320, 398.5000, 
18340, 337.5000, 
18360, 332.8333, 
18380, 280.6667, 
18400, 264.3333, 
18420, 239.3333, 
18440, 257.6667, 
18460, 349.8333, 
18480, 277.5000, 
18500, 326.6667, 
18520, 506.5000, 
18540, 
18560, 
18580, 
18600, 
18620, 
18640, 
18660, 
18680, 
18700, 
18720, 
18740, 
18760, 
18780, 213.6667, 
18800, 294.8333, 
18820, 306.8333, 
18840, 155.1667, 
18860, 394.3333, 
18880, 
18900, 
18920, 275.3333, 
18940, 310.5000, 
18960, 307.0000, 
18980, 131.3333, 
19000, 479.0000, 
19020, 228.1667, 
19040, 
19060, 
19080, 
19100, 238.8333, 
19120, 464.3333, 
19140, 262.3333, 
19160, 221.1667, 
19180, 273.1667, 
19200, 
19220, 
19240, 314.5000, 
19260, 291.0000, 
19280, 224.5000, 
19300, 
19320, 
19340, 
19360, 
19380, 
19400, 292.8333, 
19420, 241.1667, 
19440, 261.1667, 
19460, 303.0000, 
19480, 
19500, 286.1667, 
19520, 274.1667, 
19540, 403.8333, 
19560, 249.0000, 
19580, 271.1667, 
19600, 
19620, 
19640, 
19660, 
19680, 
19700, 282.8333, 
19720, 275.0000, 
19740, 158.0000, 
19760, 220.5000, 
19780, 330.0000, 
19800, 221.5000, 
19820, 229.1667, 
19840, 367.8333, 
19860, 
19880, 
19900, 
19920, 
19940, 401.0000, 
19960, 449.1667, 
19980, 233.8333, 
20000, 
20020, 
20040, 
20060, 
20080, 
20100, 
20120, 
20140, 321.5000, 
20160, 
20180, 
20200, 
20220, 
20240, 324.5000, 
20260, 
20280, 
20300, 
20320, 
20340, 
20360, 
20380, 
20400, 
20420, 
20440, 
20460, 
20480, 
20500, 225.5000, 
20520, 224.3333, 
20540, 223.0000, 
20560, 
20580, 
20600, 
20620, 
20640, 
20660, 
20680, 
20700, 
20720, 
20740, 
20760, 
20780, 
20800, 
20820, 
20840, 
20860, 359.6667, 
20880, 328.1667, 
20900, 238.0000, 
20920, 236.0000, 
20940, 230.5000, 
20960, 
20980, 
21000, 
21020, 359.3333, 
21040, 197.6667, 
21060, 225.3333, 
21080, 301.1667, 
21100, 247.3333, 
21120, 
21140, 
21160, 
21180, 
21200, 
21220, 
21240, 
21260, 254.0000, 
21280, 275.6667, 
21300, 399.5000, 
21320, 311.5000, 
21340, 
21360, 
21380, 293.0000, 
21400, 283.0000, 
21420, 
21440, 
21460, 241.1667, 
21480, 260.1667, 
21500, 296.1667, 
21520, 420.1667, 
21540, 246.0000, 
21560, 224.8333, 
21580, 359.0000, 
21600, 216.5000, 
21620, 260.3333, 
21640, 309.6667, 
21660, 175.0000, 
21680, 246.5000, 
21700, 304.3333, 
21720, 285.6667, 
21740, 240.3333, 
21760, 363.1667, 
21780, 
21800, 
21820, 
21840, 
21860, 223.3333, 
21880, 173.3333, 
21900, 249.3333, 
21920, 690.3333, 
21940, 180.8333, 
21960, 260.3333, 
21980, 
22000, 
22020, 262.3333, 
22040, 333.3333, 
22060, 234.5000, 
22080, 322.1667, 
22100, 
22120, 
22140, 
22160, 
22180, 
22200, 
22220, 
22240, 
22260, 
22280, 
22300, 232.6667, 
22320, 249.5000, 
22340, 443.1667, 
22360, 186.5000, 
22380, 253.6667, 
22400, 292.1667, 
22420, 249.3333, 
22440, 232.1667, 
22460, 224.3333, 
22480, 403.1667, 
22500, 309.1667, 
22520, 
22540, 
22560, 
22580, 
22600, 
22620, 
22640, 
22660, 208.8333, 
22680, 534.3333, 
22700, 
22720, 
22740, 338.1667, 
22760, 287.6667, 
22780, 250.0000, 
22800, 316.3333, 
22820, 188.5000, 
22840, 
22860, 
22880, 
22900, 
22920, 
22940, 
22960, 482.3333, 
22980, 
23000, 
23020, 
23040, 
23060, 
23080, 
23100, 
23120, 274.5000, 
23140, 277.6667, 
23160, 170.5000, 
23180, 225.3333, 
23200, 286.5000, 
23220, 354.1667, 
23240, 178.5000, 
23260, 581.3333, 
23280, 137.5000, 
23300, 261.1667, 
23320, 263.6667, 
23340, 
23360, 
23380, 
23400, 
23420, 
23440, 339.0000, 
23460, 
23480, 
23500, 
23520, 
23540, 324.1667, 
23560, 216.3333, 
23580, 351.3333, 
23600, 194.1667, 
23620, 
23640, 
23660, 
23680, 
23700, 
23720, 
23740, 
23760, 
23780, 
23800, 423.1667, 
23820, 
23840, 
23860, 
23880, 
23900, 
23920, 
23940, 
23960, 181.8333, 
23980, 
24000, 
24020, 
24040, 
24060, 399.3333, 
24080, 
24100, 
24120, 
24140, 
24160, 
24180, 
24200, 
24220, 
24240, 
24260, 
24280, 
24300, 196.3333, 
24320, 301.3333, 
24340, 
24360, 
24380, 
24400, 
24420, 
24440, 
24460, 
24480, 
24500, 445.1667, 
24520, 
24540, 
24560, 199.0000, 
24580, 392.6667, 
24600, 238.0000, 
24620, 297.1667, 
24640, 304.0000, 
24660, 218.0000, 
24680, 441.3333, 
24700, 358.1667, 
24720, 279.8333, 
24740, 301.3333, 
24760, 253.5000, 
24780, 438.8333, 
24800, 
24820, 
24840, 
24860, 
24880, 
24900, 
24920, 438.1667, 
24940, 471.1667, 
24960, 273.1667, 
24980, 323.1667, 
25000, 
25020, 
25040, 
25060, 
25080, 
25100, 
25120, 
25140, 
25160, 384.5000, 
25180, 257.3333, 
25200, 162.3333, 
25220, 347.6667, 
25240, 285.1667, 
25260, 289.5000, 
25280, 325.5000, 
25300, 247.1667, 
25320, 275.6667, 
25340, 360.1667, 
25360, 
25380, 467.8333, 
25400, 
25420, 
25440, 
25460, 
25480, 
25500, 
25520, 
25540, 328.8333, 
25560, 357.1667, 
25580, 224.6667, 
25600, 143.5000, 
25620, 507.1667, 
25640, 
25660, 
25680, 
25700, 
25720, 
25740, 
25760, 
25780, 
25800, 
25820, 196.3333, 
25840, 332.3333, 
25860, 389.0000, 
25880, 323.0000, 
25900, 261.3333, 
25920, 321.5000, 
25940, 244.0000, 
25960, 
25980, 418.6667, 
26000, 211.3333, 
26020, 227.0000, 
26040, 
26060, 299.1667, 
26080, 221.1667, 
26100, 320.0000, 
26120, 366.0000, 
26140, 
26160, 
26180, 
26200, 
26220, 
26240, 
26260, 
26280, 
26300, 
26320, 
26340, 355.6667, 
26360, 
26380, 
26400, 
26420, 
26440, 
26460, 
26480, 574.5000, 
26500, 
26520, 
26540, 
26560, 
26580, 
26600, 
26620, 
26640, 
26660, 
26680, 
26700, 
26720, 
26740, 
26760, 
26780, 
26800, 
26820, 
26840, 
26860, 
26880, 
26900, 
26920, 
26940, 338.6667, 
26960, 334.8333, 
26980, 
27000, 
27020, 
27040, 
27060, 
27080, 
27100, 
27120, 
27140, 
27160, 
27180, 
27200, 
27220, 
27240, 
27260, 
27280, 
27300, 
27320, 
27340, 
27360, 
27380, 
27400, 385.3333, 
27420, 
27440, 
27460, 
27480, 
27500, 255.3333, 
27520, 265.3333, 
27540, 381.6667, 
27560, 394.3333, 
27580, 287.3333, 
27600, 177.3333, 
27620, 
27640, 492.6667, 
27660, 
27680, 
27700, 
27720, 
27740, 264.3333, 
27760, 154.5000, 
27780, 251.5000, 
27800, 444.1667, 
27820, 
27840, 
27860, 
27880, 
27900, 265.3333, 
27920, 306.3333, 
27940, 262.1667, 
27960, 220.6667, 
27980, 276.0000, 
28000, 256.3333, 
28020, 261.0000, 
28040, 258.5000, 
28060, 330.6667, 
28080, 267.3333, 
28100, 
28120, 351.8333, 
28140, 408.3333, 
28160, 215.8333, 
28180, 382.3333, 
28200, 167.0000, 
28220, 292.8333, 
28240, 227.0000, 
28260, 247.0000, 
28280, 385.1667, 
28300, 489.5000, 
28320, 222.6667, 
28340, 296.1667, 
28360, 378.1667, 
28380, 408.5000, 
28400, 355.8333, 
28420, 450.1667, 
28440, 214.6667, 
28460, 419.0000, 
28480, 247.3333, 
28500, 
28520, 
28540, 
28560, 
28580, 
28600, 
28620, 
28640, 239.5000, 
28660, 273.3333, 
28680, 327.8333, 
28700, 402.3333, 
28720, 297.3333, 
28740, 389.3333, 
28760, 
28780, 
28800, 
28820, 276.3333, 
28840, 427.8333, 
28860, 485.6667, 
28880, 219.1667, 
28900, 244.6667, 
28920, 189.1667, 
28940, 
28960, 
28980, 
29000, 
29020, 
29040, 
29060, 
29080, 
29100, 
29120, 
29140, 
29160, 
29180, 
29200, 
29220, 
29240, 523.8333, 
29260, 
29280, 
29300, 
29320, 
29340, 
29360, 
29380, 
29400, 
29420, 
29440, 
29460, 
29480, 
29500, 
29520, 
29540, 
29560, 258.5000, 
29580, 190.6667, 
29600, 254.3333, 
29620, 
29640, 
29660, 
29680, 551.5000, 
29700, 239.1667, 
29720, 273.8333, 
29740, 289.1667, 
29760, 175.0000, 
29780, 191.0000, 
29800, 219.1667, 
29820, 261.0000, 
29840, 301.1667, 
29860, 365.3333, 
29880, 250.5000, 
29900, 311.5000, 
29920, 169.6667, 
29940, 418.8333, 
29960, 240.5000, 
29980, 203.3333, 
30000, 349.3333, 
30020, 297.1667, 
30040, 245.3333, 
30060, 238.8333, 
30080, 452.3333, 
30100, 408.5000, 
30120, 386.1667, 
30140, 154.0000, 
30160, 286.0000, 
30180, 245.5000, 
30200, 
30220, 
30240, 418.0000, 
30260, 
30280, 
30300, 
30320, 
30340, 378.5000, 
30360, 
30380, 
30400, 
30420, 346.3333, 
30440, 237.8333, 
30460, 372.3333, 
30480, 292.8333, 
30500, 304.1667, 
30520, 195.6667, 
30540, 251.6667, 
30560, 291.8333, 
30580, 323.3333, 
30600, 305.8333, 
30620, 
30640, 
30660, 348.1667, 
30680, 436.5000, 
30700, 
30720, 
30740, 
30760, 
30780, 
30800, 
30820, 232.0000, 
30840, 203.5000, 
30860, 441.3333, 
30880, 245.1667, 
30900, 372.5000, 
30920, 474.3333, 
30940, 
30960, 247.0000, 
30980, 411.5000, 
31000, 288.1667, 
31020, 330.3333, 
31040, 272.8333, 
31060, 328.3333, 
31080, 253.8333, 
31100, 
31120, 
31140, 289.3333, 
31160, 
31180, 
31200, 
31220, 
31240, 
31260, 431.8333, 
31280, 
31300, 
31320, 
31340, 
31360, 
31380, 
31400, 
31420, 
31440, 
31460, 236.5000, 
31480, 
31500, 
31520, 
31540, 
31560, 
31580, 
31600, 
31620, 
31640, 
31660, 
31680, 
31700, 415.8333, 
31720, 139.0000, 
31740, 290.5000, 
31760, 
31780, 356.1667, 
31800, 
31820, 
31840, 
31860, 
31880, 
31900, 
31920, 
31940, 
31960, 
31980, 
32000, 
32020, 
32040, 
32060, 
32080, 559.1667, 
32100, 319.3333, 
32120, 327.3333, 
32140, 304.3333, 
32160, 182.0000, 
32180, 345.1667, 
32200, 254.1667, 
32220, 282.3333, 
32240, 231.3333, 
32260, 291.6667, 
32280, 
32300, 
32320, 
32340, 
32360, 
32380, 
32400, 415.0000, 
32420, 
32440, 356.8333, 
32460, 322.1667, 
32480, 357.0000, 
32500, 275.8333, 
32520, 245.3333, 
32540, 252.3333, 
32560, 333.0000, 
32580, 280.0000, 
32600, 379.8333, 
32620, 
32640, 
32660, 
32680, 
32700, 
32720, 359.6667, 
32740, 378.5000, 
32760, 406.5000, 
32780, 297.5000, 
32800, 466.3333, 
32820, 
32840, 
32860, 
32880, 
32900, 
32920, 
32940, 204.1667, 
32960, 264.8333, 
32980, 322.0000, 
33000, 406.0000, 
33020, 307.1667, 
33040, 267.6667, 
33060, 400.3333, 
33080, 218.6667, 
33100, 
33120, 
33140, 
33160, 403.3333, 
33180, 178.1667, 
33200, 
33220, 
33240, 
33260, 486.6667, 
33280, 
33300, 
33320, 
33340, 
33360, 
33380, 
33400, 307.6667, 
33420, 247.1667, 
33440, 395.6667, 
33460, 178.5000, 
33480, 250.5000, 
33500, 423.3333, 
33520, 255.3333, 
33540, 454.6667, 
33560, 499.0000, 
33580, 
33600, 
33620, 
33640, 
33660, 
33680, 
33700, 
33720, 
33740, 263.6667, 
33760, 250.1667, 
33780, 286.8333, 
33800, 296.1667, 
33820, 298.3333, 
33840, 413.6667, 
33860, 280.0000, 
33880, 162.3333, 
33900, 272.6667, 
33920, 219.1667, 
33940, 310.6667, 
33960, 288.3333, 
33980, 277.1667, 
34000, 275.3333, 
34020, 222.8333, 
34040, 470.0000, 
34060, 293.8333, 
34080, 201.0000, 
34100, 269.6667, 
34120, 204.5000, 
34140, 
34160, 
34180, 
34200, 291.0000, 
34220, 173.1667, 
34240, 305.8333, 
34260, 
34280, 
34300, 
34320, 
34340, 
34360, 
34380, 
34400, 
34420, 
34440, 
34460, 
34480, 
34500, 
34520, 222.1667, 
34540, 159.8333, 
34560, 181.6667, 
34580, 196.1667, 
34600, 304.8333, 
34620, 175.1667, 
34640, 220.1667, 
34660, 167.5000, 
34680, 416.6667, 
34700, 220.3333, 
34720, 249.8333, 
34740, 332.0000, 
34760, 277.8333, 
34780, 563.1667, 
34800, 363.1667, 
34820, 244.8333, 
34840, 330.6667, 
34860, 211.3333, 
34880, 223.3333, 
34900, 279.8333, 
34920, 260.6667, 
34940, 263.0000, 
34960, 380.8333, 
34980, 328.3333, 
35000, 511.8333, 
35020, 225.3333, 
35040, 380.0000, 
35060, 278.1667, 
35080, 239.6667, 
35100, 
35120, 
35140, 
35160, 359.5000, 
35180, 
35200, 
35220, 
35240, 
35260, 
35280, 
35300, 
35320, 396.6667, 
35340, 
35360, 354.0000, 
35380, 356.0000, 
35400, 317.0000, 
35420, 
35440, 351.8333, 
35460, 
35480, 
35500, 
35520, 
35540, 
35560, 
35580, 225.8333, 
35600, 340.1667, 
35620, 240.6667, 
35640, 239.1667, 
35660, 490.0000, 
35680, 199.6667, 
35700, 329.0000, 
35720, 361.3333, 
35740, 
35760, 
35780, 
35800, 
35820, 
35840, 
35860, 
35880, 321.5000, 
35900, 
35920, 
35940, 
35960, 
35980, 
36000, 
36020, 357.6667, 
36040, 
36060, 
36080, 
36100, 425.1667, 
36120, 310.6667, 
36140, 
36160, 295.3333, 
36180, 404.5000, 
36200, 265.6667, 
36220, 358.5000, 
36240, 434.0000, 
36260, 197.0000, 
36280, 322.3333, 
36300, 369.5000, 
36320, 297.5000, 
36340, 
36360, 
36380, 344.8333, 
36400, 265.8333, 
36420, 
36440, 266.3333, 
36460, 384.0000, 
36480, 419.3333, 
36500, 160.3333, 
36520, 291.6667, 
36540, 275.5000, 
36560, 355.0000, 
36580, 174.0000, 
36600, 261.5000, 
36620, 486.5000, 
36640, 245.3333, 
36660, 
36680, 
36700, 
36720, 
36740, 305.0000, 
36760, 309.3333, 
36780, 344.1667, 
36800, 294.3333, 
36820, 509.5000, 
36840, 323.0000, 
36860, 296.0000, 
36880, 363.1667, 
36900, 352.5000, 
36920, 279.6667, 
36940, 405.8333, 
36960, 393.1667, 
36980, 503.6667, 
37000, 235.8333, 
37020, 306.1667, 
37040, 292.5000, 
37060, 323.5000, 
37080, 352.1667, 
37100, 409.8333, 
37120, 
37140, 185.3333, 
37160, 
37180, 285.0000, 
37200, 305.0000, 
37220, 290.5000, 
37240, 255.3333, 
37260, 
37280, 444.3333, 
37300, 310.1667, 
37320, 296.6667, 
37340, 200.5000, 
37360, 
37380, 
37400, 
37420, 
37440, 
37460, 
37480, 
37500, 
37520, 
37540, 
37560, 
37580, 
37600, 
37620, 756.5000, 
37640, 228.5000, 
37660, 393.6667, 
37680, 282.0000, 
37700, 270.5000, 
37720, 156.6667, 
37740, 226.6667, 
37760, 260.0000, 
37780, 
37800, 
37820, 347.5000, 
37840, 
37860, 
37880, 
37900, 
37920, 
37940, 
37960, 
37980, 
38000, 
38020, 
38040, 
38060, 
38080, 
38100, 
38120, 
38140, 391.3333, 
38160, 252.3333, 
38180, 276.8333, 
38200, 283.6667, 
38220, 254.3333, 
38240, 163.1667, 
38260, 238.0000, 
38280, 326.0000, 
38300, 260.5000, 
38320, 
38340, 
38360, 
38380, 
38400, 
38420, 
38440, 
38460, 
38480, 
38500, 
38520, 432.8333, 
38540, 
38560, 
38580, 
38600, 
38620, 324.1667, 
38640, 434.0000, 
38660, 195.0000, 
38680, 232.0000, 
38700, 297.6667, 
38720, 
38740, 
38760, 300.3333, 
38780, 254.0000, 
38800, 429.6667, 
38820, 196.6667, 
38840, 309.5000, 
38860, 297.1667, 
38880, 276.1667, 
38900, 342.3333, 
38920, 245.0000, 
38940, 213.5000, 
38960, 407.6667, 
38980, 
39000, 
39020, 
39040, 
39060, 
39080, 
39100, 
39120, 
39140, 
39160, 
39180, 
39200, 
39220, 216.6667, 
39240, 297.6667, 
39260, 
39280, 
39300, 
39320, 178.1667, 
39340, 421.3333, 
39360, 
39380, 320.3333, 
39400, 
39420, 
39440, 
39460, 
39480, 
39500, 508.8333, 
39520, 210.6667, 
39540, 277.0000, 
39560, 
39580, 214.6667, 
39600, 368.3333, 
39620, 348.6667, 
39640, 230.3333, 
39660, 313.5000, 
39680, 269.5000, 
39700, 417.0000, 
39720, 
39740, 
39760, 
39780, 
39800, 364.1667, 
39820, 
39840, 
39860, 
39880, 215.0000, 
39900, 308.3333, 
39920, 232.5000, 
39940, 337.0000, 
39960, 361.3333, 
39980, 324.8333, 
40000, 333.3333, 
40020, 437.1667, 
40040, 285.1667, 
40060, 187.1667, 
40080, 161.0000, 
40100, 420.8333, 
40120, 296.0000, 
40140, 285.0000, 
40160, 253.3333, 
40180, 332.0000, 
40200, 266.5000, 
40220, 292.0000, 
40240, 342.1667, 
40260, 268.6667, 
40280, 190.6667, 
40300, 155.1667, 
40320, 275.5000, 
40340, 
40360, 
40380, 348.1667, 
40400, 269.6667, 
40420, 317.0000, 
40440, 439.5000, 
40460, 
40480, 
40500, 
40520, 307.3333, 
40540, 267.5000, 
40560, 303.8333, 
40580, 224.8333, 
40600, 263.6667, 
40620, 262.3333, 
40640, 
40660, 
40680, 
40700, 
40720, 
40740, 
40760, 
40780, 
40800, 458.5000, 
40820, 272.5000, 
40840, 513.8333, 
40860, 214.0000, 
40880, 234.0000, 
40900, 
40920, 
40940, 
40960, 
40980, 
41000, 
41020, 246.0000, 
41040, 318.6667, 
41060, 393.6667, 
41080, 
41100, 
41120, 
41140, 
41160, 
41180, 
41200, 
41220, 
41240, 
41260, 
41280, 
41300, 
41320, 
41340, 
41360, 
41380, 
41400, 
41420, 
41440, 
41460, 
41480, 479.6667, 
41500, 319.8333, 
41520, 259.8333, 
41540, 232.8333, 
41560, 290.5000, 
41580, 308.8333, 
41600, 291.0000, 
41620, 
41640, 
41660, 
41680, 
41700, 505.5000, 
41720, 
41740, 455.0000, 
41760, 203.8333, 
41780, 
41800, 
41820, 
41840, 
41860, 
41880, 
41900, 
41920, 
41940, 
41960, 
41980, 
42000, 
42020, 227.1667, 
42040, 230.3333, 
42060, 261.0000, 
42080, 211.3333, 
42100, 439.1667, 
42120, 311.6667, 
42140, 299.8333, 
42160, 267.6667, 
42180, 304.0000, 
42200, 260.5000, 
42220, 268.8333, 
42240, 367.3333, 
42260, 211.8333, 
42280, 246.6667, 
42300, 309.5000, 
42320, 233.0000, 
42340, 
42360, 
42380, 
42400, 
42420, 
42440, 
42460, 
42480, 
42500, 
42520, 257.6667, 
42540, 
42560, 
42580, 
42600, 
42620, 
42640, 287.1667, 
42660, 
42680, 
42700, 
42720, 440.0000, 
42740, 
42760, 
42780, 
42800, 238.6667, 
42820, 209.1667, 
42840, 313.8333, 
42860, 478.1667, 
42880, 
42900, 
42920, 217.0000, 
42940, 246.0000, 
42960, 169.5000, 
42980, 
43000, 
43020, 384.1667, 
43040, 
43060, 
43080, 
43100, 
43120, 316.3333, 
43140, 281.6667, 
43160, 243.5000, 
43180, 363.5000, 
43200, 523.0000, 
43220, 346.8333, 
43240, 211.6667, 
43260, 288.8333, 
43280, 
43300, 
43320, 
43340, 387.1667, 
43360, 
43380, 
43400, 
43420, 516.5000, 
43440, 
43460, 
43480, 
43500, 
43520, 
43540, 
43560, 284.8333, 
43580, 276.3333, 
43600, 428.8333, 
43620, 152.8333, 
43640, 361.6667, 
43660, 296.3333, 
43680, 205.3333, 
43700, 392.3333, 
43720, 200.6667, 
43740, 276.6667, 
43760, 168.6667, 
43780, 247.3333, 
43800, 246.6667, 
43820, 
43840, 386.8333, 
43860, 452.3333, 
43880, 312.5000, 
43900, 317.1667, 
43920, 265.0000, 
43940, 210.0000, 
43960, 433.0000, 
43980, 
44000, 
44020, 
44040, 
44060, 491.1667, 
44080, 
44100, 238.6667, 
44120, 303.8333, 
44140, 265.5000, 
44160, 443.6667, 
44180, 
44200, 
44220, 
44240, 
44260, 
44280, 
44300, 
44320, 
44340, 
44360, 320.3333, 
44380, 
44400, 
44420, 
44440, 
44460, 
44480, 
44500, 488.8333, 
44520, 274.8333, 
44540, 439.0000, 
44560, 288.5000, 
44580, 308.1667, 
44600, 172.8333, 
44620, 
44640, 
44660, 
44680, 
44700, 
44720, 311.5000, 
44740, 324.3333, 
44760, 220.0000, 
44780, 236.5000, 
44800, 340.5000, 
44820, 343.5000, 
44840, 226.6667, 
44860, 225.8333, 
44880, 541.6667, 
44900, 417.5000, 
44920, 
44940, 
44960, 
44980, 429.8333, 
45000, 
45020, 
45040, 
45060, 
45080, 
45100, 
45120, 
45140, 
45160, 289.5000, 
45180, 229.1667, 
45200, 224.0000, 
45220, 185.3333, 
45240, 230.5000, 
45260, 233.8333, 
45280, 248.1667, 
45300, 472.0000, 
45320, 265.1667, 
45340, 213.3333, 
45360, 303.1667, 
45380, 289.1667, 
45400, 419.0000, 
45420, 313.0000, 
45440, 315.5000, 
45460, 
45480, 
45500, 
45520, 
45540, 
45560, 
45580, 198.6667, 
45600, 254.1667, 
45620, 167.6667, 
45640, 248.5000, 
45660, 251.5000, 
45680, 154.8333, 
45700, 301.5000, 
45720, 390.8333, 
45740, 342.5000, 
45760, 379.8333, 
45780, 281.5000, 
45800, 419.1667, 
45820, 
45840, 328.3333, 
45860, 481.6667, 
45880, 302.8333, 
45900, 373.5000, 
45920, 211.6667, 
45940, 226.5000, 
45960, 436.3333, 
45980, 145.0000, 
46000, 
46020, 
46040, 343.8333, 
46060, 174.5000, 
46080, 298.5000, 
46100, 
46120, 
46140, 195.3333, 
46160, 236.3333, 
46180, 310.1667, 
46200, 198.5000, 
46220, 301.5000, 
46240, 256.8333, 
46260, 
46280, 278.3333, 
46300, 245.8333, 
46320, 446.0000, 
46340, 
46360, 
46380, 
46400, 390.1667, 
46420, 
46440, 
46460, 302.6667, 
46480, 247.8333, 
46500, 
46520, 207.5000, 
46540, 301.5000, 
46560, 265.8333, 
46580, 249.1667, 
46600, 
46620, 
46640, 
46660, 
46680, 
46700, 
46720, 
46740, 443.3333, 
46760, 
46780, 
46800, 
46820, 
46840, 335.0000, 
46860, 210.8333, 
46880, 285.3333, 
46900, 
46920, 385.8333, 
46940, 
46960, 
46980, 
47000, 
47020, 303.6667, 
47040, 218.5000, 
47060, 327.6667, 
47080, 219.5000, 
47100, 210.1667, 
47120, 
47140, 
47160, 
47180, 479.1667, 
47200, 257.8333, 
47220, 131.1667, 
47240, 228.8333, 
47260, 286.5000, 
47280, 461.6667, 
47300, 296.1667, 
47320, 267.3333, 
47340, 377.3333, 
47360, 173.6667, 
47380, 192.1667, 
47400, 384.1667, 
47420, 366.5000, 
47440, 288.8333, 
47460, 359.8333, 
47480, 
47500, 
47520, 
47540, 
47560, 
47580, 
47600, 
47620, 
47640, 233.6667, 
47660, 240.1667, 
47680, 360.3333, 
47700, 519.6667, 
47720, 
47740, 
47760, 
47780, 
47800, 
47820, 
47840, 
47860, 
47880, 
47900, 231.6667, 
47920, 
47940, 
47960, 
47980, 
48000, 
48020, 
48040, 
48060, 
48080, 
48100, 
48120, 
48140, 
48160, 
48180, 
48200, 341.5000, 
48220, 205.8333, 
48240, 278.0000, 
48260, 382.8333, 
48280, 
48300, 
48320, 
48340, 
48360, 
48380, 
48400, 
48420, 434.6667, 
48440, 305.8333, 
48460, 448.8333, 
48480, 266.1667, 
48500, 456.3333, 
48520, 259.5000, 
48540, 322.1667, 
48560, 417.0000, 
48580, 395.1667, 
48600, 
48620, 
48640, 
48660, 
48680, 
48700, 286.8333, 
48720, 
48740, 
48760, 386.8333, 
48780, 272.6667, 
48800, 347.6667, 
48820, 278.0000, 
48840, 303.8333, 
48860, 306.5000, 
48880, 194.5000, 
48900, 
48920, 
48940, 
48960, 
48980, 
49000, 
49020, 353.6667, 
49040, 311.3333, 
49060, 
49080, 
49100, 
49120, 221.5000, 
49140, 345.1667, 
49160, 173.1667, 
49180, 218.8333, 
49200, 167.3333, 
49220, 255.0000, 
49240, 321.1667, 
49260, 
49280, 260.6667, 
49300, 380.3333, 
49320, 291.1667, 
49340, 341.8333, 
49360, 175.6667, 
49380, 280.6667, 
49400, 
49420, 
49440, 
49460, 
49480, 
49500, 311.1667, 
49520, 282.5000, 
49540, 244.6667, 
49560, 219.6667, 
49580, 275.8333, 
49600, 222.5000, 
49620, 578.1667, 
49640, 205.0000, 
49660, 371.5000, 
49680, 323.1667, 
49700, 439.0000, 
49720, 
49740, 
49760, 407.3333, 
49780, 182.8333, 
49800, 
49820, 
49840, 401.1667, 
49860, 
49880, 
49900, 
49920, 
49940, 
49960, 
49980, 
50000, 
50020, 
50040, 
50060, 
50080, 
50100, 
50120, 
50140, 
50160, 
50180, 
50200, 
50220, 
50240, 
50260, 
50280, 
50300, 
50320, 
50340, 
50360, 
50380, 
50400, 
50420, 
50440, 
50460, 311.6667, 
50480, 243.3333, 
50500, 188.1667, 
50520, 156.0000, 
50540, 220.0000, 
50560, 300.6667, 
50580, 384.5000, 
50600, 280.1667, 
50620, 346.3333, 
50640, 
50660, 250.5000, 
50680, 253.0000, 
50700, 162.3333, 
50720, 288.0000, 
50740, 235.1667, 
50760, 221.0000, 
50780, 265.3333, 
50800, 396.8333, 
50820, 322.3333, 
50840, 560.0000, 
50860, 
50880, 481.5000, 
50900, 176.1667, 
50920, 231.1667, 
50940, 313.1667, 
50960, 364.0000, 
50980, 211.5000, 
51000, 377.5000, 
51020, 213.0000, 
51040, 292.6667, 
51060, 347.8333, 
51080, 
51100, 
51120, 
51140, 
51160, 
51180, 
51200, 
51220, 
51240, 
51260, 
51280, 
51300, 
51320, 224.0000, 
51340, 
51360, 269.1667, 
51380, 296.8333, 
51400, 331.0000, 
51420, 
51440, 
51460, 
51480, 
51500, 
51520, 
51540, 
51560, 
51580, 
51600, 391.6667, 
51620, 
51640, 
51660, 
51680, 
51700, 232.8333, 
51720, 227.8333, 
51740, 303.5000, 
51760, 181.6667, 
51780, 329.6667, 
51800, 373.3333, 
51820, 172.5000, 
51840, 241.8333, 
51860, 282.8333, 
51880, 213.6667, 
51900, 244.3333, 
51920, 318.0000, 
51940, 161.0000, 
51960, 326.5000, 
51980, 154.5000, 
52000, 226.0000, 
52020, 194.8333, 
52040, 217.0000, 
52060, 252.1667, 
52080, 
52100, 
52120, 
52140, 
52160, 
52180, 
52200, 
52220, 
52240, 
52260, 378.5000, 
52280, 263.3333, 
52300, 
52320, 
52340, 
52360, 
52380, 303.1667, 
52400, 219.1667, 
52420, 328.5000, 
52440, 191.6667, 
52460, 
52480, 
52500, 
52520, 246.1667, 
52540, 301.5000, 
52560, 236.5000, 
52580, 232.0000, 
52600, 206.6667, 
52620, 434.1667, 
52640, 287.6667, 
52660, 351.8333, 
52680, 221.6667, 
52700, 471.0000, 
52720, 284.5000, 
52740, 348.0000, 
52760, 373.1667, 
52780, 279.5000, 
52800, 448.1667, 
52820, 225.6667, 
52840, 325.3333, 
52860, 318.6667, 
52880, 273.3333, 
52900, 265.6667, 
52920, 228.0000, 
52940, 165.1667, 
52960, 262.6667, 
52980, 260.5000, 
53000, 
53020, 
53040, 269.3333, 
53060, 169.6667, 
53080, 288.6667, 
53100, 251.6667, 
53120, 375.0000, 
53140, 279.1667, 
53160, 310.6667, 
53180, 156.6667, 
53200, 251.1667, 
53220, 208.6667, 
53240, 309.3333, 
53260, 295.6667, 
53280, 261.1667, 
53300, 
53320, 344.6667, 
53340, 
53360, 
53380, 
53400, 
53420, 
53440, 
53460, 
53480, 330.8333, 
53500, 337.0000, 
53520, 200.8333, 
53540, 277.5000, 
53560, 
53580, 
53600, 
53620, 
53640, 413.6667, 
53660, 
53680, 
53700, 
53720, 
53740, 
53760, 
53780, 
53800, 
53820, 
53840, 
53860, 
53880, 
53900, 352.0000, 
53920, 381.5000, 
53940, 297.5000, 
53960, 
53980, 
54000, 
54020, 610.6667, 
54040, 
54060, 295.0000, 
54080, 338.3333, 
54100, 218.3333, 
54120, 228.0000, 
54140, 181.3333, 
54160, 199.8333, 
54180, 174.5000, 
54200, 291.5000, 
54220, 255.1667, 
54240, 335.0000, 
54260, 230.8333, 
54280, 
54300, 
54320, 
54340, 
54360, 
54380, 
54400, 277.0000, 
54420, 291.5000, 
54440, 499.0000, 
54460, 243.5000, 
54480, 243.6667, 
54500, 354.1667, 
54520, 200.1667, 
54540, 285.8333, 
54560, 315.5000, 
54580, 239.5000, 
54600, 322.3333, 
54620, 419.3333, 
54640, 502.5000, 
54660, 
54680, 417.3333, 
54700, 
54720, 
54740, 287.8333, 
54760, 251.1667, 
54780, 352.1667, 
54800, 299.8333, 
54820, 313.6667, 
54840, 173.0000, 
54860, 201.8333, 
54880, 397.8333, 
54900, 
54920, 
54940, 
54960, 
54980, 
55000, 184.6667, 
55020, 247.8333, 
55040, 338.5000, 
55060, 440.0000, 
55080, 260.0000, 
55100, 444.6667, 
55120, 
55140, 350.8333, 
55160, 306.8333, 
55180, 229.8333, 
55200, 
55220, 236.3333, 
55240, 406.5000, 
55260, 379.6667, 
55280, 618.0000, 
55300, 
55320, 
55340, 
55360, 
55380, 
55400, 
55420, 248.8333, 
55440, 246.0000, 
55460, 388.6667, 
55480, 277.8333, 
55500, 325.6667, 
55520, 
55540, 
55560, 
55580, 
55600, 
55620, 
55640, 
55660, 
55680, 
55700, 
55720, 
55740, 
55760, 
55780, 
55800, 
55820, 222.0000, 
55840, 291.5000, 
55860, 
55880, 194.1667, 
55900, 
55920, 
55940, 364.5000, 
55960, 
55980, 
56000, 
56020, 
56040, 
56060, 
56080, 
56100, 199.1667, 
56120, 261.6667, 
56140, 149.0000, 
56160, 
56180, 
56200, 
56220, 
56240, 
56260, 
56280, 
56300, 
56320, 
56340, 
56360, 
56380, 
56400, 
56420, 
56440, 
56460, 
56480, 
56500, 
56520, 
56540, 
56560, 
56580, 
56600, 365.1667, 
56620, 206.0000, 
56640, 169.0000, 
56660, 297.6667, 
56680, 634.3333, 
56700, 
56720, 
56740, 
56760, 
56780, 
56800, 
56820, 310.1667, 
56840, 544.3333, 
56860, 271.5000, 
56880, 231.5000, 
56900, 260.8333, 
56920, 270.3333, 
56940, 209.6667, 
56960, 261.1667, 
56980, 223.5000, 
57000, 262.3333, 
57020, 345.8333, 
57040, 178.6667, 
57060, 266.5000, 
57080, 225.0000, 
57100, 447.1667, 
57120, 247.0000, 
57140, 258.6667, 
57160, 404.6667, 
57180, 312.6667, 
57200, 202.8333, 
57220, 246.5000, 
57240, 286.0000, 
57260, 
57280, 
57300, 
57320, 
57340, 
57360, 
57380, 
57400, 
57420, 
57440, 361.6667, 
57460, 281.0000, 
57480, 
57500, 
57520, 
57540, 
57560, 362.6667, 
57580, 
57600, 
57620, 
57640, 
57660, 
57680, 
57700, 
57720, 
57740, 
57760, 
57780, 
57800, 
57820, 
57840, 
57860, 
57880, 420.1667, 
57900, 325.3333, 
57920, 
57940, 
57960, 245.6667, 
57980, 500.0000, 
58000, 379.3333, 
58020, 
58040, 
58060, 
58080, 
58100, 
58120, 
58140, 
58160, 
58180, 
58200, 
58220, 
58240, 
58260, 
58280, 
58300, 
58320, 300.8333, 
58340, 202.8333, 
58360, 172.1667, 
58380, 208.8333, 
58400, 382.8333, 
58420, 142.1667, 
58440, 197.0000, 
58460, 205.0000, 
58480, 
58500, 344.1667, 
58520, 
58540, 
58560, 
58580, 
58600, 272.8333, 
58620, 375.5000, 
58640, 
58660, 
58680, 
58700, 
58720, 
58740, 
58760, 
58780, 
58800, 
58820, 
58840, 
58860, 
58880, 
58900, 
58920, 
58940, 
58960, 
58980, 
59000, 
59020, 
59040, 173.8333, 
59060, 300.8333, 
59080, 299.8333, 
59100, 345.6667, 
59120, 343.8333, 
59140, 317.6667, 
59160, 
59180, 
59200, 
59220, 
59240, 278.1667, 
59260, 
59280, 327.0000, 
59300, 
59320, 172.0000, 
59340, 343.8333, 
59360, 381.6667, 
59380, 
59400, 246.5000, 
59420, 206.1667, 
59440, 216.0000, 
59460, 318.8333, 
59480, 335.0000, 
59500, 202.5000, 
59520, 251.8333, 
59540, 174.1667, 
59560, 208.5000, 
59580, 
59600, 
59620, 
59640, 
59660, 168.8333, 
59680, 182.0000, 
59700, 
59720, 
59740, 
59760, 
59780, 
59800, 
59820, 
59840, 
59860, 
59880, 
59900, 
59920, 
59940, 
59960, 
59980, 
60000, 
60020, 
60040, 
60060, 
60080, 260.5000, 
60100, 217.5000, 
60120, 167.0000, 
60140, 289.3333, 
60160, 226.6667, 
60180, 335.5000, 
60200, 385.3333, 
60220, 257.5000, 
60240, 411.1667, 
60260, 217.6667, 
60280, 
60300, 
60320, 297.8333, 
60340, 322.6667, 
60360, 417.3333, 
60380, 
60400, 
60420, 
60440, 
60460, 249.3333, 
60480, 
60500, 
60520, 353.0000, 
60540, 322.3333, 
60560, 178.8333, 
60580, 286.6667, 
60600, 167.0000, 
60620, 224.5000, 
60640, 282.3333, 
60660, 196.3333, 
60680, 306.8333, 
60700, 450.1667, 
60720, 184.0000, 
60740, 504.0000, 
60760, 216.1667, 
60780, 358.0000, 
60800, 
60820, 
60840, 
60860, 
60880, 346.8333, 
60900, 277.5000, 
60920, 200.5000, 
60940, 297.0000, 
60960, 469.0000, 
60980, 281.5000, 
61000, 152.5000, 
61020, 299.6667, 
61040, 242.3333, 
61060, 265.3333, 
61080, 224.0000, 
61100, 197.5000, 
61120, 395.3333, 
61140, 331.8333, 
61160, 569.1667, 
61180, 
61200, 
61220, 
61240, 
61260, 289.6667, 
61280, 
61300, 
61320, 
61340, 
61360, 489.8333, 
61380, 185.3333, 
61400, 317.3333, 
61420, 277.6667, 
61440, 248.0000, 
61460, 204.3333, 
61480, 301.0000, 
61500, 153.8333, 
61520, 223.8333, 
61540, 507.3333, 
61560, 168.6667, 
61580, 364.0000, 
61600, 270.1667, 
61620, 384.0000, 
61640, 217.8333, 
61660, 379.1667, 
61680, 421.8333, 
61700, 383.1667, 
61720, 241.6667, 
61740, 238.8333, 
61760, 159.8333, 
61780, 243.1667, 
61800, 179.5000, 
61820, 348.3333, 
61840, 155.1667, 
61860, 261.3333, 
61880, 247.5000, 
61900, 223.0000, 
61920, 306.8333, 
61940, 
61960, 
61980, 252.8333, 
62000, 
62020, 
62040, 
62060, 247.3333, 
62080, 
62100, 
62120, 259.6667, 
62140, 
62160, 
62180, 
62200, 373.0000, 
62220, 191.8333, 
62240, 
62260, 
62280, 
62300, 
62320, 
62340, 
62360, 
62380, 
62400, 308.6667, 
62420, 196.5000, 
62440, 273.3333, 
62460, 400.6667, 
62480, 199.6667, 
62500, 192.3333, 
62520, 450.5000, 
62540, 339.0000, 
62560, 279.6667, 
62580, 380.8333, 
62600, 399.5000, 
62620, 224.0000, 
62640, 364.3333, 
62660, 205.5000, 
62680, 264.6667, 
62700, 279.3333, 
62720, 243.6667, 
62740, 
62760, 
62780, 
62800, 
62820, 
62840, 
62860, 
62880, 
62900, 
62920, 
62940, 
62960, 
62980, 
63000, 425.3333, 
63020, 295.6667, 
63040, 259.8333, 
63060, 191.0000, 
63080, 155.1667, 
63100, 422.5000, 
63120, 214.5000, 
63140, 188.3333, 
63160, 
63180, 
63200, 
63220, 
63240, 
63260, 
63280, 
63300, 
63320, 
63340, 
63360, 
63380, 
63400, 
63420, 
63440, 
63460, 284.0000, 
63480, 
63500, 
63520, 
63540, 
63560, 
63580, 
63600, 271.5000, 
63620, 205.0000, 
63640, 196.1667, 
63660, 212.1667, 
63680, 274.0000, 
63700, 262.6667, 
63720, 299.8333, 
63740, 267.3333, 
63760, 259.3333, 
63780, 
63800, 
63820, 
63840, 
63860, 
63880, 271.6667, 
63900, 298.5000, 
63920, 344.3333, 
63940, 218.6667, 
63960, 290.5000, 
63980, 243.1667, 
64000, 192.3333, 
64020, 189.8333, 
64040, 346.5000, 
64060, 444.3333, 
64080, 213.5000, 
64100, 315.5000, 
64120, 414.3333, 
64140, 495.1667, 
64160, 272.1667, 
64180, 250.3333, 
64200, 350.5000, 
64220, 318.6667, 
64240, 371.5000, 
64260, 213.3333, 
64280, 282.3333, 
64300, 
64320, 
64340, 
64360, 617.1667, 
64380, 211.6667, 
64400, 388.8333, 
64420, 215.1667, 
64440, 405.5000, 
64460, 226.6667, 
64480, 486.6667, 
64500, 
64520, 
64540, 
64560, 
64580, 274.6667, 
64600, 
64620, 356.0000, 
64640, 
64660, 
64680, 272.8333, 
64700, 
64720, 
64740, 
64760, 
64780, 
64800, 
64820, 
64840, 
64860, 
64880, 
64900, 
64920, 302.5000, 
64940, 199.3333, 
64960, 
64980, 229.1667, 
65000, 244.8333, 
65020, 309.3333, 
65040, 245.6667, 
65060, 
65080, 
65100, 656.5000, 
65120, 268.6667, 
65140, 275.3333, 
65160, 
65180, 
65200, 386.8333, 
65220, 308.5000, 
65240, 323.1667, 
65260, 286.6667, 
65280, 364.5000, 
65300, 496.0000, 
65320, 220.1667, 
65340, 439.6667, 
65360, 330.1667, 
65380, 259.1667, 
65400, 304.3333, 
65420, 
65440, 
65460, 
65480, 
65500, 
65520, 
65540, 
65560, 
65580, 
65600, 
65620, 
65640, 
65660, 
65680, 279.5000, 
65700, 311.6667, 
65720, 273.5000, 
65740, 351.3333, 
65760, 220.0000, 
65780, 208.3333, 
65800, 212.3333, 
65820, 268.1667, 
65840, 
65860, 
65880, 
65900, 
65920, 
65940, 
65960, 
65980, 394.3333, 
66000, 
66020, 
66040, 
66060, 
66080, 379.0000, 
66100, 367.6667, 
66120, 
66140, 349.5000, 
66160, 285.1667, 
66180, 
66200, 
66220, 
66240, 
66260, 
66280, 293.5000, 
66300, 484.6667, 
66320, 356.6667, 
66340, 236.5000, 
66360, 403.0000, 
66380, 317.0000, 
66400, 253.3333, 
66420, 280.0000, 
66440, 
66460, 
66480, 
66500, 249.0000, 
66520, 318.8333, 
66540, 307.1667, 
66560, 233.1667, 
66580, 344.0000, 
66600, 230.8333, 
66620, 326.6667, 
66640, 184.0000, 
66660, 297.5000, 
66680, 
66700, 
66720, 
66740, 
66760, 306.8333, 
66780, 248.5000, 
66800, 358.3333, 
66820, 228.5000, 
66840, 376.0000, 
66860, 255.3333, 
66880, 325.3333, 
66900, 
66920, 
66940, 
66960, 354.5000, 
66980, 
67000, 
67020, 
67040, 
67060, 
67080, 200.1667, 
67100, 289.6667, 
67120, 200.8333, 
67140, 177.3333, 
67160, 
67180, 
67200, 
67220, 
67240, 
67260, 
67280, 
67300, 
67320, 323.3333, 
67340, 
67360, 
67380, 
67400, 
67420, 
67440, 334.0000, 
67460, 
67480, 
67500, 289.6667, 
67520, 251.6667, 
67540, 271.0000, 
67560, 144.0000, 
67580, 182.8333, 
67600, 203.1667, 
67620, 244.1667, 
67640, 239.6667, 
67660, 336.8333, 
67680, 410.3333, 
67700, 377.8333, 
67720, 357.6667, 
67740, 
67760, 
67780, 
67800, 181.6667, 
67820, 350.6667, 
67840, 
67860, 330.3333, 
67880, 
67900, 
67920, 
67940, 
67960, 
67980, 
68000, 315.3333, 
68020, 340.3333, 
68040, 299.6667, 
68060, 246.0000, 
68080, 270.0000, 
68100, 
68120, 181.6667, 
68140, 553.0000, 
68160, 217.8333, 
68180, 289.1667, 
68200, 
68220, 252.5000, 
68240, 289.0000, 
68260, 207.6667, 
68280, 200.8333, 
68300, 340.5000, 
68320, 294.8333, 
68340, 214.8333, 
68360, 161.0000, 
68380, 313.1667, 
68400, 
68420, 
68440, 226.3333, 
68460, 261.8333, 
68480, 
68500, 
68520, 
68540, 
68560, 
68580, 169.0000, 
68600, 411.8333, 
68620, 274.0000, 
68640, 292.0000, 
68660, 277.1667, 
68680, 
68700, 304.0000, 
68720, 134.8333, 
68740, 247.0000, 
68760, 397.5000, 
68780, 
68800, 
68820, 
68840, 
68860, 
68880, 
68900, 231.3333, 
68920, 
68940, 
68960, 
68980, 
69000, 
69020, 308.5000, 
69040, 234.6667, 
69060, 260.6667, 
69080, 248.8333, 
69100, 345.5000, 
69120, 215.0000, 
69140, 488.3333, 
69160, 384.0000, 
69180, 389.5000, 
69200, 271.8333, 
69220, 157.1667, 
69240, 230.6667, 
69260, 233.5000, 
69280, 270.1667, 
69300, 
69320, 
69340, 
69360, 
69380, 217.1667, 
69400, 156.1667, 
69420, 321.5000, 
69440, 215.3333, 
69460, 369.6667, 
69480, 276.5000, 
69500, 277.6667, 
69520, 412.3333, 
69540, 403.8333, 
69560, 351.0000, 
69580, 
69600, 
69620, 
69640, 
69660, 280.8333, 
69680, 345.1667, 
69700, 408.3333, 
69720, 
69740, 221.6667, 
69760, 229.0000, 
69780, 252.8333, 
69800, 
69820, 
69840, 
69860, 
69880, 
69900, 305.1667, 
69920, 287.8333, 
69940, 417.1667, 
69960, 328.1667, 
69980, 235.3333, 
70000, 355.3333, 
70020, 254.0000, 
70040, 367.8333, 
70060, 178.6667, 
70080, 353.0000, 
70100, 396.6667, 
70120, 290.1667, 
70140, 333.5000, 
70160, 267.1667, 
70180, 370.6667, 
70200, 277.1667, 
70220, 385.5000, 
70240, 369.3333, 
70260, 346.0000, 
70280, 373.0000, 
70300, 
70320, 
70340, 
70360, 
70380, 
70400, 
70420, 
70440, 
70460, 680.0000, 
70480, 290.3333, 
70500, 329.8333, 
70520, 221.5000, 
70540, 208.0000, 
70560, 
70580, 
70600, 
70620, 306.1667, 
70640, 346.6667, 
70660, 
70680, 638.0000, 
70700, 
70720, 
70740, 
70760, 
70780, 
70800, 189.0000, 
70820, 
70840, 
70860, 
70880, 
70900, 
70920, 
70940, 
70960, 428.6667, 
70980, 389.0000, 
71000, 201.1667, 
71020, 318.5000, 
71040, 266.8333, 
71060, 176.1667, 
71080, 250.5000, 
71100, 259.6667, 
71120, 218.6667, 
71140, 248.8333, 
71160, 252.1667, 
71180, 153.5000, 
71200, 
71220, 
71240, 
71260, 
71280, 
71300, 
71320, 
71340, 
71360, 
71380, 326.0000, 
71400, 244.6667, 
71420, 304.5000, 
71440, 249.1667, 
71460, 422.3333, 
71480, 160.1667, 
71500, 315.5000, 
71520, 238.3333, 
71540, 232.8333, 
71560, 210.6667, 
71580, 
71600, 
71620, 
71640, 
71660, 
71680, 463.8333, 
71700, 176.8333, 
71720, 236.5000, 
71740, 203.6667, 
71760, 301.1667, 
71780, 235.1667, 
71800, 250.5000, 
71820, 218.8333, 
71840, 
71860, 
71880, 406.6667, 
71900, 171.0000, 
71920, 228.1667, 
71940, 
71960, 
71980, 
72000, 
72020, 
72040, 
72060, 323.8333, 
72080, 241.5000, 
72100, 210.0000, 
72120, 305.0000, 
72140, 317.8333, 
72160, 395.1667, 
72180, 224.6667, 
72200, 194.1667, 
72220, 361.8333, 
72240, 331.1667, 
72260, 279.8333, 
72280, 231.5000, 
72300, 212.0000, 
72320, 213.8333, 
72340, 246.0000, 
72360, 221.5000, 
72380, 174.0000, 
72400, 384.5000, 
72420, 208.5000, 
72440, 196.5000, 
72460, 397.3333, 
72480, 
72500, 
72520, 
72540, 
72560, 
72580, 
72600, 321.6667, 
72620, 367.3333, 
72640, 274.6667, 
72660, 289.5000, 
72680, 
72700, 
72720, 
72740, 
72760, 
72780, 
72800, 
72820, 
72840, 356.1667, 
72860, 325.6667, 
72880, 290.0000, 
72900, 239.0000, 
72920, 203.3333, 
72940, 448.8333, 
72960, 255.1667, 
72980, 431.8333, 
73000, 365.0000, 
73020, 266.5000, 
73040, 231.8333, 
73060, 187.5000, 
73080, 147.3333, 
73100, 541.3333, 
73120, 425.1667, 
73140, 248.8333, 
73160, 508.0000, 
73180, 200.3333, 
73200, 266.5000, 
73220, 217.6667, 
73240, 359.3333, 
73260, 293.6667, 
73280, 361.8333, 
73300, 198.0000, 
73320, 174.5000, 
73340, 445.5000, 
73360, 
73380, 
73400, 251.0000, 
73420, 346.6667, 
73440, 324.3333, 
73460, 258.6667, 
73480, 408.8333, 
73500, 336.6667, 
73520, 288.5000, 
73540, 346.1667, 
73560, 
73580, 
73600, 
73620, 
