  3.286978e-02   1.609314e+01   6.504381e+00
  3.758368e-02   1.363071e+01   4.965862e+00
  4.229758e-02   9.676194e+00   3.998236e+00
  4.701148e-02   1.276510e+01   3.113877e+00
  5.172539e-02   1.203227e+01   2.502519e+00
  5.643929e-02   1.463637e+01   2.074238e+00
  6.115319e-02   1.582286e+01   1.752435e+00
  6.586709e-02   1.623927e+01   1.499821e+00
  7.058099e-02   1.631824e+01   1.294547e+00
  7.529489e-02   1.524340e+01   1.136188e+00
  8.000879e-02   1.405716e+01   1.006774e+00
  8.472270e-02   1.448148e+01   9.034871e-01
  8.943660e-02   1.359547e+01   8.122383e-01
  9.415050e-02   1.415270e+01   7.395319e-01
  9.886440e-02   1.349862e+01   6.816498e-01
  1.035783e-01   1.285259e+01   6.304263e-01
  1.082922e-01   1.288968e+01   5.827554e-01
  1.130061e-01   1.362172e+01   5.446113e-01
  1.177200e-01   1.315174e+01   5.118130e-01
  1.224339e-01   1.307612e+01   4.831317e-01
  1.271478e-01   1.280047e+01   4.573947e-01
  1.318617e-01   1.320713e+01   4.343966e-01
  1.365756e-01   1.249137e+01   4.137438e-01
  1.412895e-01   1.214089e+01   3.958732e-01
  1.460034e-01   1.247482e+01   3.796200e-01
  1.507173e-01   1.199936e+01   3.640618e-01
  1.554312e-01   1.184549e+01   3.508818e-01
  1.601451e-01   1.173895e+01   3.389937e-01
  1.648590e-01   1.146040e+01   3.269764e-01
  1.695729e-01   1.126040e+01   3.159359e-01
  1.742868e-01   1.138628e+01   3.072122e-01
  1.790007e-01   1.107385e+01   2.986903e-01
  1.837146e-01   1.155387e+01   2.906101e-01
  1.884285e-01   1.153366e+01   2.837766e-01
  1.931424e-01   1.123160e+01   2.767227e-01
  1.978563e-01   1.070027e+01   2.701193e-01
  2.025702e-01   1.116506e+01   2.643758e-01
  2.072841e-01   1.104608e+01   2.584345e-01
  2.119980e-01   1.021598e+01   2.530504e-01
  2.167119e-01   1.034512e+01   2.483177e-01
  2.214258e-01   1.067831e+01   2.443015e-01
  2.261397e-01   1.108102e+01   2.401739e-01
  2.308536e-01   1.047171e+01   2.352594e-01
  2.355675e-01   1.028830e+01   2.319061e-01
  2.402814e-01   1.026556e+01   2.279738e-01
  2.449953e-01   1.021983e+01   2.245439e-01
  2.497092e-01   9.765056e+00   2.207009e-01
  2.544231e-01   9.982304e+00   2.177406e-01
  2.591371e-01   1.036355e+01   2.147358e-01
  2.638510e-01   9.744345e+00   2.113786e-01
  2.685649e-01   9.716575e+00   2.085493e-01
  2.732788e-01   9.793030e+00   2.061477e-01
  2.779927e-01   9.640175e+00   2.037487e-01
  2.827066e-01   9.277694e+00   2.005652e-01
  2.874205e-01   9.147606e+00   1.980930e-01
  2.921344e-01   8.959852e+00   1.959089e-01
  2.968483e-01   9.123360e+00   1.938253e-01
  3.015622e-01   9.513072e+00   1.956103e-01
  3.062761e-01   9.113037e+00   1.967705e-01
  3.109900e-01   9.220307e+00   1.970246e-01
  3.157039e-01   8.833296e+00   1.963609e-01
  3.204178e-01   8.822752e+00   1.961130e-01
  3.251317e-01   8.849275e+00   1.967312e-01
  3.298456e-01   8.571746e+00   2.005221e-01
  3.345595e-01   8.694403e+00   2.028330e-01
  3.392734e-01   8.486309e+00   2.043456e-01
  3.439873e-01   8.199504e+00   2.051950e-01
  3.487012e-01   8.299454e+00   2.064753e-01
  3.534151e-01   8.264772e+00   2.072208e-01
  3.581290e-01   8.550602e+00   2.084283e-01
  3.628429e-01   8.254800e+00   2.089430e-01
  3.675568e-01   7.961548e+00   2.090961e-01
  3.722707e-01   8.008279e+00   2.100806e-01
  3.769846e-01   8.106785e+00   2.103430e-01
  3.816985e-01   8.285115e+00   2.105661e-01
  3.864124e-01   8.044362e+00   2.111178e-01
  3.911263e-01   7.959725e+00   2.131155e-01
  3.958402e-01   7.794682e+00   2.143181e-01
  4.005541e-01   7.738640e+00   2.150354e-01
  4.052680e-01   7.612242e+00   1.143166e-01
  4.099819e-01   7.471334e+00   1.137309e-01
  4.146958e-01   7.403899e+00   1.134084e-01
  4.194097e-01   7.289744e+00   1.130110e-01
  4.241236e-01   7.095913e+00   1.125534e-01
  4.288375e-01   7.157892e+00   1.123670e-01
  4.335514e-01   7.140299e+00   1.118841e-01
  4.382653e-01   7.048875e+00   1.118749e-01
  4.429792e-01   6.952281e+00   1.155751e-01
  4.476931e-01   7.012425e+00   1.184439e-01
  4.524070e-01   6.802290e+00   1.200116e-01
  4.571209e-01   6.826486e+00   1.215938e-01
  4.618348e-01   6.892188e+00   1.229709e-01
  4.665487e-01   6.978763e+00   1.243397e-01
  4.712626e-01   6.683551e+00   1.255514e-01
  4.759765e-01   6.774725e+00   1.268853e-01
  4.806904e-01   6.685349e+00   1.279710e-01
  4.854043e-01   6.529218e+00   1.283829e-01
  4.901182e-01   6.483702e+00   1.293865e-01
  4.948321e-01   6.397659e+00   1.304081e-01
  4.995460e-01   6.204248e+00   1.314568e-01
  5.042599e-01   6.138290e+00   1.304180e-01
  5.089738e-01   6.214715e+00   1.251377e-01
  5.136877e-01   6.246920e+00   1.225177e-01
  5.184016e-01   6.203283e+00   1.204450e-01
  5.231155e-01   5.985767e+00   1.186690e-01
  5.278294e-01   6.143660e+00   1.175460e-01
  5.325433e-01   5.870845e+00   1.164181e-01
  5.372572e-01   5.948191e+00   1.152138e-01
  5.419711e-01   5.889636e+00   1.145496e-01
  5.466850e-01   5.865773e+00   1.139355e-01
  5.513989e-01   5.893457e+00   1.130912e-01
  5.561128e-01   5.786433e+00   1.115305e-01
  5.608267e-01   5.679291e+00   1.104780e-01
  5.655406e-01   5.475253e+00   1.092926e-01
  5.702545e-01   5.492064e+00   1.086831e-01
  5.749685e-01   5.552347e+00   1.076486e-01
  5.796824e-01   5.388511e+00   1.067589e-01
  5.843963e-01   5.274572e+00   1.060324e-01
  5.891102e-01   5.326260e+00   1.052585e-01
  5.938241e-01   5.110153e+00   1.043902e-01
  5.985380e-01   5.296572e+00   6.850997e-02
  6.032519e-01   5.302914e+00   6.819789e-02
  6.079658e-01   5.314920e+00   6.796277e-02
  6.126797e-01   5.215217e+00   6.757040e-02
  6.173936e-01   5.063443e+00   6.709135e-02
  6.221075e-01   5.026574e+00   6.693578e-02
  6.268214e-01   5.048117e+00   6.657242e-02
  6.315353e-01   5.056782e+00   6.631331e-02
  6.362492e-01   4.993957e+00   6.605752e-02
  6.409631e-01   4.890653e+00   6.561266e-02
  6.456770e-01   4.863197e+00   6.548928e-02
  6.503909e-01   4.775554e+00   6.521915e-02
  6.551048e-01   4.774289e+00   6.496821e-02
  6.598187e-01   4.860612e+00   6.475574e-02
  6.645326e-01   4.771833e+00   6.436388e-02
  6.692465e-01   4.611433e+00   6.380823e-02
  6.739604e-01   4.644311e+00   6.371606e-02
  6.786743e-01   4.532408e+00   6.352463e-02
  6.833882e-01   4.534902e+00   6.333579e-02
  6.881021e-01   4.515970e+00   6.319767e-02
  6.928160e-01   4.463731e+00   6.283141e-02
  6.975299e-01   4.400162e+00   6.254971e-02
  7.022438e-01   4.420963e+00   6.224972e-02
  7.069577e-01   4.362209e+00   6.208467e-02
  7.116716e-01   4.342722e+00   6.182927e-02
  7.163855e-01   4.336529e+00   6.153934e-02
  7.210994e-01   4.253492e+00   6.124119e-02
  7.258133e-01   4.272670e+00   6.109157e-02
  7.305272e-01   4.260467e+00   6.095339e-02
  7.352411e-01   4.242441e+00   6.074972e-02
  7.399550e-01   4.184385e+00   6.045799e-02
  7.446689e-01   4.049729e+00   6.014616e-02
  7.493828e-01   4.100185e+00   6.010678e-02
  7.540967e-01   4.093663e+00   5.983737e-02
  7.588106e-01   4.110229e+00   5.980656e-02
  7.635245e-01   4.026299e+00   5.959005e-02
  7.682384e-01   3.932547e+00   5.924358e-02
  7.729523e-01   3.801640e+00   5.879024e-02
  7.776662e-01   3.825383e+00   5.875649e-02
  7.823801e-01   3.813576e+00   5.870117e-02
  7.870940e-01   3.791345e+00   5.839295e-02
  7.918079e-01   3.768749e+00   5.816190e-02
  7.965218e-01   3.623191e+00   5.769236e-02
  8.012357e-01   3.741100e+00   5.791289e-02
  8.059496e-01   3.570184e+00   5.748337e-02
  8.106635e-01   3.584658e+00   5.716558e-02
  8.153774e-01   3.680927e+00   5.717291e-02
  8.200913e-01   3.609810e+00   5.700795e-02
  8.248052e-01   3.560380e+00   5.692411e-02
  8.295191e-01   3.572390e+00   5.662586e-02
  8.342330e-01   3.528768e+00   5.647409e-02
  8.389469e-01   3.492931e+00   5.640097e-02
  8.436608e-01   3.391317e+00   5.597401e-02
  8.483747e-01   3.415680e+00   5.593792e-02
  8.530886e-01   3.484742e+00   5.578505e-02
  8.578025e-01   3.458710e+00   5.572034e-02
  8.625164e-01   3.344497e+00   5.521038e-02
  8.672303e-01   3.319415e+00   5.514194e-02
  8.719442e-01   3.292448e+00   5.500451e-02
  8.766581e-01   3.258576e+00   5.483173e-02
  8.813720e-01   3.228358e+00   5.463589e-02
  8.860859e-01   3.214771e+00   5.443156e-02
  8.907999e-01   3.237553e+00   5.438170e-02
  8.955138e-01   3.248873e+00   5.425457e-02
  9.002277e-01   3.149784e+00   5.392444e-02
  9.049416e-01   3.112268e+00   5.385475e-02
  9.096555e-01   3.114658e+00   5.371173e-02
  9.143694e-01   3.123906e+00   5.366798e-02
  9.190833e-01   3.136177e+00   5.342888e-02
  9.237972e-01   3.052712e+00   5.306849e-02
  9.285111e-01   3.120708e+00   5.307296e-02
  9.332250e-01   3.042347e+00   5.294098e-02
  9.379389e-01   2.876636e+00   5.261077e-02
  9.426528e-01   2.994928e+00   5.264403e-02
  9.473667e-01   2.929820e+00   5.238861e-02
  9.520806e-01   2.978012e+00   5.219898e-02
  9.567945e-01   2.857391e+00   5.201921e-02
  9.615084e-01   2.841063e+00   5.192924e-02
  9.662223e-01   2.866477e+00   5.181310e-02
  9.709362e-01   2.853549e+00   5.164783e-02
  9.756501e-01   2.856544e+00   5.164676e-02
  9.803640e-01   2.770047e+00   5.137790e-02
  9.850779e-01   2.767061e+00   5.113026e-02
  9.897918e-01   2.747882e+00   5.105810e-02
  9.945057e-01   2.714925e+00   5.095258e-02
  9.992196e-01   2.667160e+00   5.076442e-02
  1.003933e+00   2.717475e+00   5.068072e-02
  1.008647e+00   2.603491e+00   5.043079e-02
  1.013361e+00   2.657375e+00   5.041395e-02
  1.018075e+00   2.622858e+00   5.024167e-02
  1.022789e+00   2.591661e+00   5.009731e-02
  1.027503e+00   2.584343e+00   4.988864e-02
  1.032217e+00   2.605046e+00   4.984497e-02
  1.036931e+00   2.616945e+00   4.968735e-02
  1.041645e+00   2.510072e+00   4.964673e-02
  1.046359e+00   2.531278e+00   4.942007e-02
  1.051073e+00   2.484253e+00   4.929411e-02
  1.055786e+00   2.538955e+00   4.924541e-02
  1.060500e+00   2.474048e+00   4.897458e-02
  1.065214e+00   2.473346e+00   4.891136e-02
  1.069928e+00   2.436119e+00   4.879422e-02
  1.074642e+00   2.404578e+00   4.859308e-02
  1.079356e+00   2.431426e+00   4.859512e-02
  1.084070e+00   2.393954e+00   4.843443e-02
  1.088784e+00   2.377876e+00   4.841513e-02
  1.093498e+00   2.414088e+00   4.827830e-02
  1.098212e+00   2.410674e+00   4.809029e-02
  1.102925e+00   2.260867e+00   4.785303e-02
  1.107639e+00   2.333217e+00   4.807665e-02
  1.112353e+00   2.316009e+00   4.775379e-02
  1.117067e+00   2.329728e+00   4.776170e-02
  1.121781e+00   2.292698e+00   4.751508e-02
  1.126495e+00   2.238506e+00   4.729028e-02
  1.131209e+00   2.325607e+00   4.747407e-02
  1.135923e+00   2.306125e+00   4.735727e-02
  1.140637e+00   2.298183e+00   4.724422e-02
  1.145351e+00   2.220660e+00   4.703773e-02
  1.150064e+00   2.229355e+00   4.696533e-02
  1.154778e+00   2.191818e+00   4.684288e-02
  1.159492e+00   2.226070e+00   4.678459e-02
  1.164206e+00   2.171888e+00   4.648494e-02
  1.168920e+00   2.127223e+00   4.637818e-02
  1.173634e+00   2.158848e+00   4.641901e-02
  1.178348e+00   2.065429e+00   4.616223e-02
  1.183062e+00   2.073288e+00   4.608248e-02
  1.187776e+00   2.048445e+00   4.598784e-02
  1.192490e+00   2.048723e+00   4.579376e-02
  1.197203e+00   2.069137e+00   4.587042e-02
  1.201917e+00   2.096091e+00   4.584414e-02
  1.206631e+00   2.047346e+00   4.563103e-02
  1.211345e+00   2.025680e+00   4.557380e-02
  1.216059e+00   2.026507e+00   4.538229e-02
  1.220773e+00   1.942580e+00   4.522241e-02
  1.225487e+00   1.986639e+00   4.523938e-02
  1.230201e+00   2.026033e+00   4.507025e-02
  1.234915e+00   2.067533e+00   4.518037e-02
  1.239629e+00   1.996992e+00   4.494017e-02
  1.244342e+00   1.958185e+00   4.550664e-02
  1.249056e+00   1.936703e+00   4.693373e-02
  1.253770e+00   1.885419e+00   4.756097e-02
  1.258484e+00   1.919594e+00   4.825414e-02
  1.263198e+00   2.002692e+00   4.894807e-02
  1.267912e+00   1.917437e+00   4.934620e-02
  1.272626e+00   1.892536e+00   4.988810e-02
  1.277340e+00   1.856078e+00   5.013894e-02
  1.282054e+00   1.873930e+00   5.051651e-02
  1.286768e+00   1.818243e+00   5.083408e-02
  1.291481e+00   1.849150e+00   5.114007e-02
  1.296195e+00   1.789656e+00   5.118818e-02
  1.300909e+00   1.733092e+00   5.119183e-02
  1.305623e+00   1.828461e+00   5.145108e-02
  1.310337e+00   1.837223e+00   5.010637e-02
  1.315051e+00   1.855530e+00   4.859751e-02
  1.319765e+00   1.766935e+00   4.761053e-02
  1.324479e+00   1.760404e+00   4.696587e-02
  1.329193e+00   1.786201e+00   4.644893e-02
  1.333907e+00   1.736039e+00   4.580262e-02
  1.338620e+00   1.774610e+00   4.545264e-02
  1.343334e+00   1.774929e+00   4.509904e-02
  1.348048e+00   1.717256e+00   4.473201e-02
  1.352762e+00   1.709051e+00   4.450337e-02
  1.357476e+00   1.732761e+00   4.442988e-02
  1.362190e+00   1.708441e+00   4.430353e-02
  1.366904e+00   1.770231e+00   4.435945e-02
  1.371618e+00   1.683665e+00   4.393376e-02
  1.376332e+00   1.637308e+00   4.380567e-02
  1.381046e+00   1.661915e+00   4.369848e-02
  1.385760e+00   1.647592e+00   4.364012e-02
  1.390473e+00   1.671925e+00   4.352463e-02
  1.395187e+00   1.643367e+00   4.330853e-02
  1.399901e+00   1.656997e+00   4.336314e-02
  1.404615e+00   1.684273e+00   4.325109e-02
  1.409329e+00   1.631465e+00   4.308748e-02
  1.414043e+00   1.586590e+00   4.292073e-02
  1.418757e+00   1.544533e+00   4.283165e-02
  1.423471e+00   1.614884e+00   4.283552e-02
  1.428185e+00   1.615684e+00   4.264679e-02
  1.432899e+00   1.561737e+00   4.258058e-02
  1.437612e+00   1.558304e+00   4.250734e-02
  1.442326e+00   1.564979e+00   4.232157e-02
  1.447040e+00   1.593498e+00   4.232998e-02
  1.451754e+00   1.531466e+00   4.231578e-02
  1.456468e+00   1.559893e+00   4.215974e-02
  1.461182e+00   1.512374e+00   4.201750e-02
  1.465896e+00   1.539604e+00   4.201043e-02
  1.470610e+00   1.550003e+00   4.181790e-02
  1.475324e+00   1.489799e+00   4.175179e-02
  1.480038e+00   1.569697e+00   4.174135e-02
  1.484751e+00   1.510236e+00   4.157705e-02
  1.489465e+00   1.492586e+00   4.144871e-02
  1.494179e+00   1.457930e+00   4.128186e-02
  1.498893e+00   1.517011e+00   4.145579e-02
  1.503607e+00   1.543700e+00   4.134498e-02
  1.508321e+00   1.548341e+00   4.129372e-02
  1.513035e+00   1.528897e+00   4.122813e-02
  1.517749e+00   1.523685e+00   4.118199e-02
  1.522463e+00   1.484658e+00   4.204951e-02
  1.527177e+00   1.492688e+00   4.317983e-02
  1.531890e+00   1.487445e+00   4.388280e-02
  1.536604e+00   1.478750e+00   4.439923e-02
  1.541318e+00   1.523766e+00   4.490844e-02
  1.546032e+00   1.444864e+00   4.503760e-02
  1.550746e+00   1.435576e+00   4.384879e-02
  1.555460e+00   1.432094e+00   4.295669e-02
  1.560174e+00   1.422878e+00   4.235123e-02
  1.564888e+00   1.413529e+00   4.187997e-02
  1.569602e+00   1.464573e+00   4.156069e-02
  1.574316e+00   1.353302e+00   4.099315e-02
  1.579029e+00   1.363157e+00   4.090651e-02
  1.583743e+00   1.361335e+00   4.073200e-02
  1.588457e+00   1.391666e+00   4.050110e-02
  1.593171e+00   1.425600e+00   4.047599e-02
  1.597885e+00   1.352419e+00   4.004419e-02
  1.602599e+00   1.349079e+00   3.993328e-02
  1.607313e+00   1.351808e+00   3.980126e-02
  1.612027e+00   1.299653e+00   3.976266e-02
  1.616741e+00   1.307563e+00   3.973592e-02
  1.621455e+00   1.319949e+00   3.976546e-02
  1.626168e+00   1.358752e+00   3.993895e-02
  1.630882e+00   1.270543e+00   3.974158e-02
  1.635596e+00   1.305555e+00   3.976931e-02
  1.640310e+00   1.270311e+00   3.962499e-02
  1.645024e+00   1.271863e+00   3.954562e-02
  1.649738e+00   1.308212e+00   3.953576e-02
  1.654452e+00   1.311737e+00   3.938862e-02
  1.659166e+00   1.257118e+00   3.938865e-02
  1.663880e+00   1.258770e+00   3.930676e-02
  1.668594e+00   1.295908e+00   3.920589e-02
  1.673307e+00   1.277301e+00   3.910166e-02
  1.678021e+00   1.242305e+00   3.905385e-02
  1.682735e+00   1.249651e+00   3.896674e-02
  1.687449e+00   1.208444e+00   3.883518e-02
  1.692163e+00   1.225519e+00   3.878983e-02
  1.696877e+00   1.196335e+00   3.875969e-02
  1.701591e+00   1.223750e+00   3.875220e-02
  1.706305e+00   1.241142e+00   3.872994e-02
  1.711019e+00   1.247103e+00   3.860006e-02
  1.715733e+00   1.272661e+00   3.859146e-02
  1.720447e+00   1.212455e+00   3.853540e-02
  1.725160e+00   1.167743e+00   3.830807e-02
  1.729874e+00   1.207932e+00   3.830159e-02
  1.734588e+00   1.249050e+00   3.823355e-02
  1.739302e+00   1.220086e+00   3.818458e-02
  1.744016e+00   1.195559e+00   3.802910e-02
  1.748730e+00   1.129853e+00   3.799645e-02
  1.753444e+00   1.185624e+00   3.799803e-02
  1.758158e+00   1.116307e+00   3.790094e-02
  1.762872e+00   1.180255e+00   3.782478e-02
  1.767586e+00   1.126648e+00   3.765378e-02
  1.772299e+00   1.159713e+00   3.768628e-02
  1.777013e+00   1.110875e+00   3.763183e-02
  1.781727e+00   1.076681e+00   3.752342e-02
  1.786441e+00   1.139998e+00   3.754458e-02
  1.791155e+00   1.140043e+00   3.752271e-02
  1.795869e+00   1.068987e+00   3.737890e-02
  1.800583e+00   1.120342e+00   3.741893e-02
  1.805297e+00   1.132126e+00   3.733723e-02
  1.810011e+00   1.156901e+00   3.725305e-02
  1.814725e+00   1.090070e+00   3.717625e-02
  1.819438e+00   1.113454e+00   3.713493e-02
  1.824152e+00   1.083537e+00   3.697785e-02
  1.828866e+00   1.195265e+00   3.707716e-02
  1.833580e+00   1.112630e+00   3.696908e-02
  1.838294e+00   1.055165e+00   3.681327e-02
  1.843008e+00   1.104477e+00   3.679489e-02
  1.847722e+00   1.037862e+00   3.672136e-02
  1.852436e+00   1.077885e+00   3.669083e-02
  1.857150e+00   1.067498e+00   3.663875e-02
  1.861864e+00   1.100455e+00   3.657109e-02
  1.866577e+00   1.080336e+00   3.660925e-02
  1.871291e+00   1.095108e+00   3.650948e-02
  1.876005e+00   1.024397e+00   3.627127e-02
  1.880719e+00   1.038770e+00   3.635497e-02
  1.885433e+00   1.050013e+00   3.635568e-02
  1.890147e+00   1.042790e+00   3.626804e-02
  1.894861e+00   1.048092e+00   3.615422e-02
  1.899575e+00   1.058370e+00   3.617495e-02
  1.904289e+00   1.042980e+00   3.607721e-02
  1.909003e+00   9.812727e-01   3.598663e-02
  1.913716e+00   9.763039e-01   3.590623e-02
  1.918430e+00   1.057211e+00   3.603046e-02
  1.923144e+00   1.022215e+00   3.595059e-02
  1.927858e+00   9.982486e-01   3.582198e-02
  1.932572e+00   1.075330e+00   3.580693e-02
  1.937286e+00   1.048799e+00   3.573936e-02
  1.942000e+00   1.029590e+00   3.568948e-02
  1.946714e+00   1.041023e+00   3.560795e-02
  1.951428e+00   9.910262e-01   3.550038e-02
  1.956142e+00   1.007520e+00   3.547370e-02
  1.960855e+00   9.973859e-01   3.545987e-02
  1.965569e+00   1.014625e+00   3.533147e-02
  1.970283e+00   9.362118e-01   3.525819e-02
  1.974997e+00   9.711363e-01   3.515255e-02
  1.979711e+00   9.681480e-01   3.505214e-02
  1.984425e+00   9.734478e-01   3.499342e-02
  1.989139e+00   9.537881e-01   3.494045e-02
  1.993853e+00   9.902710e-01   3.499653e-02
  1.998567e+00   1.004938e+00   3.487604e-02
  2.003281e+00   9.261387e-01   3.478814e-02
  2.007995e+00   9.336894e-01   3.474964e-02
  2.012708e+00   9.368451e-01   3.472262e-02
  2.017422e+00   9.696556e-01   3.473123e-02
  2.022136e+00   9.550544e-01   3.476819e-02
  2.026850e+00   8.972435e-01   3.471585e-02
  2.031564e+00   9.191224e-01   3.464218e-02
  2.036278e+00   9.462656e-01   3.466276e-02
  2.040992e+00   9.108696e-01   3.457966e-02
  2.045706e+00   9.379628e-01   3.478124e-02
  2.050420e+00   9.381693e-01   3.563873e-02
  2.055134e+00   9.263004e-01   3.625676e-02
  2.059847e+00   9.389031e-01   3.678651e-02
  2.064561e+00   8.659343e-01   3.706683e-02
  2.069275e+00   9.085434e-01   3.737312e-02
  2.073989e+00   9.218073e-01   3.778688e-02
  2.078703e+00   8.976393e-01   3.785480e-02
  2.083417e+00   9.512847e-01   3.798166e-02
  2.088131e+00   8.689202e-01   3.796401e-02
  2.092845e+00   9.223366e-01   3.815462e-02
  2.097559e+00   9.219916e-01   3.830003e-02
  2.102273e+00   9.220441e-01   3.838154e-02
  2.106986e+00   8.829437e-01   3.844380e-02
  2.111700e+00   8.623471e-01   3.825367e-02
  2.116414e+00   8.808325e-01   3.713571e-02
  2.121128e+00   8.164976e-01   3.626964e-02
  2.125842e+00   8.434793e-01   3.587676e-02
  2.130556e+00   8.465346e-01   3.554697e-02
  2.135270e+00   8.361188e-01   3.521934e-02
  2.139984e+00   8.691054e-01   3.506177e-02
  2.144698e+00   8.939889e-01   3.492062e-02
  2.149412e+00   8.708756e-01   3.487389e-02
  2.154125e+00   7.970123e-01   3.469996e-02
  2.158839e+00   8.594621e-01   3.463323e-02
  2.163553e+00   8.362937e-01   3.458048e-02
  2.168267e+00   8.151122e-01   3.443039e-02
  2.172981e+00   8.763629e-01   3.439920e-02
  2.177695e+00   8.542643e-01   3.427726e-02
  2.182409e+00   8.577229e-01   3.422798e-02
  2.187123e+00   7.901706e-01   3.409926e-02
  2.191837e+00   8.206524e-01   3.413645e-02
  2.196551e+00   8.342351e-01   3.411029e-02
  2.201264e+00   8.280706e-01   3.408043e-02
  2.205978e+00   8.671506e-01   3.407758e-02
  2.210692e+00   8.464182e-01   3.391838e-02
  2.215406e+00   8.311847e-01   3.377324e-02
  2.220120e+00   8.268361e-01   3.375058e-02
  2.224834e+00   7.770860e-01   3.361461e-02
  2.229548e+00   7.491680e-01   3.355229e-02
  2.234262e+00   7.342756e-01   3.353964e-02
  2.238976e+00   7.743652e-01   3.346119e-02
  2.243690e+00   7.769887e-01   3.342336e-02
  2.248403e+00   7.646517e-01   3.338820e-02
  2.253117e+00   7.703209e-01   3.331425e-02
  2.257831e+00   7.489862e-01   3.327447e-02
  2.262545e+00   7.592709e-01   3.323819e-02
  2.267259e+00   7.780146e-01   3.317606e-02
  2.271973e+00   7.620037e-01   3.310066e-02
  2.276687e+00   7.671842e-01   3.306593e-02
  2.281401e+00   7.894734e-01   3.306216e-02
  2.286115e+00   7.735899e-01   3.299411e-02
  2.290829e+00   7.342935e-01   3.290290e-02
  2.295542e+00   7.872043e-01   3.289972e-02
  2.300256e+00   7.636882e-01   3.284826e-02
  2.304970e+00   7.662183e-01   3.282633e-02
  2.309684e+00   7.755076e-01   3.271958e-02
  2.314398e+00   7.726143e-01   3.269998e-02
  2.319112e+00   7.892076e-01   3.272451e-02
  2.323826e+00   7.687711e-01   3.268994e-02
  2.328540e+00   7.543716e-01   3.260173e-02
  2.333254e+00   7.162197e-01   3.254674e-02
  2.337968e+00   7.108598e-01   3.242390e-02
  2.342682e+00   7.290389e-01   3.242718e-02
  2.347395e+00   7.771183e-01   3.247412e-02
  2.352109e+00   7.538291e-01   3.238670e-02
  2.356823e+00   7.601264e-01   3.225342e-02
  2.361537e+00   7.711055e-01   3.227112e-02
  2.366251e+00   7.432453e-01   3.227482e-02
  2.370965e+00   7.372813e-01   3.219593e-02
  2.375679e+00   7.008036e-01   3.210598e-02
  2.380393e+00   7.372842e-01   3.212352e-02
  2.385107e+00   7.949767e-01   3.212691e-02
  2.389821e+00   7.280001e-01   3.203438e-02
  2.394534e+00   6.964730e-01   3.196733e-02
  2.399248e+00   7.054497e-01   3.193931e-02
  2.403962e+00   7.140429e-01   3.196587e-02
  2.408676e+00   7.361912e-01   3.188562e-02
  2.413390e+00   7.005724e-01   3.179863e-02
  2.418104e+00   6.624785e-01   3.170513e-02
  2.422818e+00   6.902497e-01   3.167282e-02
  2.427532e+00   6.891264e-01   3.161492e-02
  2.432246e+00   7.541662e-01   3.169184e-02
  2.436960e+00   7.372278e-01   3.161010e-02
  2.441673e+00   7.557478e-01   3.159184e-02
  2.446387e+00   6.733836e-01   3.151501e-02
  2.451101e+00   7.033469e-01   3.151914e-02
  2.455815e+00   6.944740e-01   3.146081e-02
  2.460529e+00   6.600891e-01   3.136393e-02
  2.465243e+00   7.065830e-01   3.137501e-02
  2.469957e+00   7.298855e-01   3.139295e-02
  2.474671e+00   6.857281e-01   3.124855e-02
  2.479385e+00   6.927200e-01   3.124118e-02
  2.484099e+00   7.199408e-01   3.122281e-02
  2.488812e+00   6.835027e-01   3.122207e-02
  2.493526e+00   6.442725e-01   3.111431e-02
  2.498240e+00   6.863878e-01   3.110821e-02
  2.502954e+00   7.201485e-01   3.110084e-02
  2.507668e+00   6.998802e-01   3.105669e-02
  2.512382e+00   6.823861e-01   3.101605e-02
  2.517096e+00   6.579790e-01   3.095069e-02
  2.521810e+00   6.804147e-01   3.092336e-02
  2.526524e+00   7.038931e-01   3.093623e-02
  2.531238e+00   6.612414e-01   3.082983e-02
  2.535951e+00   6.585422e-01   3.073693e-02
  2.540665e+00   6.682769e-01   3.073725e-02
  2.545379e+00   6.618554e-01   3.070954e-02
  2.550093e+00   7.219263e-01   3.076481e-02
  2.554807e+00   6.499890e-01   3.066444e-02
  2.559521e+00   6.804996e-01   3.062973e-02
  2.564235e+00   6.811843e-01   3.052973e-02
  2.568949e+00   6.565671e-01   3.042085e-02
  2.573663e+00   6.264317e-01   3.035858e-02
  2.578377e+00   6.205803e-01   3.032466e-02
  2.583090e+00   6.565798e-01   3.039164e-02
  2.587804e+00   6.817646e-01   3.036982e-02
  2.592518e+00   6.554593e-01   3.021738e-02
  2.597232e+00   6.231713e-01   3.016983e-02
  2.601946e+00   6.320493e-01   3.023759e-02
  2.606660e+00   6.628942e-01   3.025749e-02
  2.611374e+00   6.255630e-01   3.027768e-02
  2.616088e+00   6.031364e-01   3.020108e-02
  2.620802e+00   5.948483e-01   3.008801e-02
  2.625516e+00   6.576057e-01   3.025516e-02
  2.630230e+00   6.580453e-01   3.017615e-02
  2.634943e+00   6.445417e-01   3.014049e-02
  2.639657e+00   6.670090e-01   3.017583e-02
  2.644371e+00   6.166732e-01   2.999091e-02
  2.649085e+00   6.223707e-01   2.997408e-02
  2.653799e+00   6.228252e-01   2.998575e-02
  2.658513e+00   6.406715e-01   3.007129e-02
  2.663227e+00   6.147167e-01   2.998596e-02
  2.667941e+00   6.422480e-01   2.993856e-02
  2.672655e+00   6.243335e-01   2.991360e-02
  2.677369e+00   6.490871e-01   2.986437e-02
  2.682082e+00   6.184780e-01   2.981317e-02
  2.686796e+00   5.665051e-01   2.973008e-02
  2.691510e+00   6.197498e-01   2.972859e-02
  2.696224e+00   6.386730e-01   2.972160e-02
  2.700938e+00   6.384570e-01   2.973966e-02
  2.705652e+00   6.328480e-01   2.967797e-02
  2.710366e+00   6.014154e-01   2.959743e-02
  2.715080e+00   6.099526e-01   2.960895e-02
  2.719794e+00   6.075991e-01   2.954418e-02
  2.724508e+00   5.787826e-01   2.950103e-02
  2.729221e+00   5.872428e-01   2.947717e-02
  2.733935e+00   5.647469e-01   2.939442e-02
  2.738649e+00   5.838838e-01   2.940248e-02
  2.743363e+00   5.719884e-01   2.935062e-02
  2.748077e+00   5.903037e-01   2.936436e-02
  2.752791e+00   6.077706e-01   2.935151e-02
  2.757505e+00   5.743299e-01   2.926008e-02
  2.762219e+00   5.725359e-01   2.925851e-02
  2.766933e+00   5.743035e-01   2.923997e-02
  2.771647e+00   6.078275e-01   2.917064e-02
  2.776360e+00   5.775013e-01   2.916845e-02
  2.781074e+00   5.503741e-01   2.906708e-02
  2.785788e+00   5.930508e-01   2.908800e-02
  2.790502e+00   5.715794e-01   2.907609e-02
  2.795216e+00   5.891083e-01   2.909253e-02
  2.799930e+00   5.538919e-01   2.898726e-02
  2.804644e+00   5.491219e-01   2.894869e-02
  2.809358e+00   5.403838e-01   2.888656e-02
  2.814072e+00   5.528596e-01   2.893657e-02
  2.818786e+00   5.605566e-01   2.885832e-02
  2.823499e+00   5.633197e-01   2.885891e-02
  2.828213e+00   5.704522e-01   2.882679e-02
  2.832927e+00   5.571095e-01   2.883872e-02
  2.837641e+00   5.683490e-01   2.883680e-02
  2.842355e+00   5.840921e-01   2.875045e-02
  2.847069e+00   5.330682e-01   2.877465e-02
  2.851783e+00   5.713890e-01   2.919047e-02
  2.856497e+00   6.079861e-01   2.987442e-02
  2.861211e+00   5.876495e-01   3.027456e-02
  2.865925e+00   5.703438e-01   3.052130e-02
  2.870638e+00   5.598945e-01   3.073052e-02
  2.875352e+00   5.394990e-01   3.081879e-02
  2.880066e+00   5.245088e-01   3.090653e-02
  2.884780e+00   5.513181e-01   3.105726e-02
  2.889494e+00   5.311042e-01   3.108793e-02
  2.894208e+00   5.397611e-01   3.120781e-02
  2.898922e+00   5.304990e-01   3.123352e-02
  2.903636e+00   5.096766e-01   3.131175e-02
  2.908350e+00   5.213174e-01   3.134157e-02
  2.913064e+00   5.453994e-01   3.144334e-02
  2.917777e+00   5.321453e-01   3.063772e-02
  2.922491e+00   4.956744e-01   3.006808e-02
  2.927205e+00   5.321678e-01   2.970969e-02
  2.931919e+00   5.196526e-01   2.941078e-02
  2.936633e+00   5.176448e-01   2.925102e-02
  2.941347e+00   5.266267e-01   2.918475e-02
  2.946061e+00   5.048387e-01   2.911670e-02
  2.950775e+00   5.350595e-01   2.905810e-02
  2.955489e+00   5.293686e-01   2.897869e-02
  2.960203e+00   4.969725e-01   2.886864e-02
  2.964917e+00   5.669329e-01   2.894485e-02
  2.969630e+00   5.559033e-01   2.886475e-02
  2.974344e+00   5.055513e-01   2.876716e-02
  2.979058e+00   4.995445e-01   2.870544e-02
  2.983772e+00   5.773072e-01   2.870850e-02
  2.988486e+00   5.125148e-01   2.860697e-02
  2.993200e+00   5.442864e-01   2.864799e-02
  2.997914e+00   5.130393e-01   2.857818e-02
  3.002628e+00   5.377544e-01   2.854444e-02
  3.007342e+00   5.094936e-01   2.848648e-02
  3.012056e+00   5.075872e-01   2.836284e-02
  3.016769e+00   4.971148e-01   2.835547e-02
  3.021483e+00   4.922518e-01   2.835618e-02
  3.026197e+00   5.164101e-01   2.839414e-02
  3.030911e+00   5.159344e-01   2.826082e-02
  3.035625e+00   4.931471e-01   2.820317e-02
  3.040339e+00   4.981644e-01   2.818961e-02
  3.045053e+00   4.898282e-01   2.813014e-02
  3.049767e+00   4.926961e-01   2.814261e-02
  3.054481e+00   5.221041e-01   2.812480e-02
  3.059195e+00   5.129137e-01   2.802932e-02
  3.063908e+00   4.854100e-01   2.798400e-02
  3.068622e+00   4.997189e-01   2.797169e-02
  3.073336e+00   4.794217e-01   2.791051e-02
  3.078050e+00   5.291948e-01   2.800558e-02
  3.082764e+00   4.915908e-01   2.787320e-02
  3.087478e+00   5.356648e-01   2.783831e-02
  3.092192e+00   5.047996e-01   2.787001e-02
  3.096906e+00   4.725967e-01   2.779640e-02
  3.101620e+00   4.699627e-01   2.775178e-02
  3.106334e+00   4.867829e-01   2.777440e-02
  3.111047e+00   4.822624e-01   2.775181e-02
  3.115761e+00   5.056089e-01   2.771023e-02
  3.120475e+00   4.674911e-01   2.763855e-02
  3.125189e+00   4.652559e-01   2.759709e-02
  3.129903e+00   4.659663e-01   2.760322e-02
  3.134617e+00   4.851419e-01   2.754996e-02
  3.139331e+00   4.928390e-01   2.752747e-02
  3.144045e+00   4.809293e-01   2.744821e-02
  3.148759e+00   4.670527e-01   2.740372e-02
  3.153473e+00   4.718587e-01   2.742640e-02
  3.158186e+00   4.577603e-01   2.739330e-02
  3.162900e+00   4.721519e-01   2.738651e-02
  3.167614e+00   4.634490e-01   2.737077e-02
  3.172328e+00   4.811946e-01   2.736995e-02
  3.177042e+00   4.982620e-01   2.730373e-02
  3.181756e+00   4.806382e-01   2.727262e-02
  3.186470e+00   4.793976e-01   2.723919e-02
  3.191184e+00   4.349575e-01   2.720791e-02
  3.195898e+00   4.577323e-01   2.724522e-02
  3.200612e+00   5.131315e-01   2.722393e-02
  3.205325e+00   4.644822e-01   2.715573e-02
  3.210039e+00   4.358654e-01   2.707983e-02
  3.214753e+00   4.623811e-01   2.709917e-02
  3.219467e+00   4.708538e-01   2.705524e-02
  3.224181e+00   4.952096e-01   2.708258e-02
  3.228895e+00   5.227432e-01   2.707677e-02
  3.233609e+00   4.772218e-01   2.700015e-02
  3.238323e+00   4.680057e-01   2.692321e-02
  3.243037e+00   4.631023e-01   2.685359e-02
  3.247751e+00   4.829905e-01   2.693164e-02
  3.252464e+00   4.575617e-01   2.682958e-02
  3.257178e+00   4.418791e-01   2.681049e-02
  3.261892e+00   4.462610e-01   2.679729e-02
  3.266606e+00   4.875366e-01   2.676051e-02
  3.271320e+00   4.969618e-01   2.670303e-02
  3.276034e+00   4.585638e-01   2.666423e-02
  3.280748e+00   4.605917e-01   2.665704e-02
  3.285462e+00   4.620681e-01   2.666525e-02
  3.290176e+00   4.639633e-01   2.667879e-02
  3.294890e+00   4.815512e-01   2.670425e-02
  3.299604e+00   4.575543e-01   2.667393e-02
  3.304317e+00   4.422837e-01   2.662876e-02
  3.309031e+00   4.364902e-01   2.659649e-02
  3.313745e+00   4.697623e-01   2.657731e-02
  3.318459e+00   4.418547e-01   2.650797e-02
  3.323173e+00   4.492904e-01   2.653238e-02
  3.327887e+00   4.742617e-01   2.652351e-02
  3.332601e+00   4.798961e-01   2.650204e-02
  3.337315e+00   4.367354e-01   2.642212e-02
  3.342029e+00   4.791895e-01   2.646532e-02
  3.346743e+00   4.266454e-01   2.636811e-02
  3.351456e+00   4.432051e-01   2.639088e-02
  3.356170e+00   4.406748e-01   2.635162e-02
  3.360884e+00   4.403154e-01   2.632675e-02
  3.365598e+00   3.983219e-01   2.626103e-02
  3.370312e+00   4.480418e-01   2.629836e-02
  3.375026e+00   4.527817e-01   2.631574e-02
  3.379740e+00   4.270415e-01   2.625491e-02
  3.384454e+00   4.090956e-01   2.623103e-02
  3.389168e+00   4.305069e-01   2.625470e-02
  3.393882e+00   4.400202e-01   2.683841e-02
  3.398595e+00   4.397539e-01   2.729133e-02
  3.403309e+00   3.764123e-01   2.752332e-02
  3.408023e+00   4.030454e-01   2.773168e-02
  3.412737e+00   4.647715e-01   2.780870e-02
  3.417451e+00   4.474858e-01   2.793553e-02
  3.422165e+00   4.235189e-01   2.795404e-02
  3.426879e+00   3.815632e-01   2.786447e-02
  3.431593e+00   4.107334e-01   2.792063e-02
  3.436307e+00   4.401828e-01   2.802322e-02
  3.441021e+00   4.695469e-01   2.807681e-02
  3.445734e+00   4.297881e-01   2.812175e-02
  3.450448e+00   4.354819e-01   2.824749e-02
  3.455162e+00   4.025067e-01   2.822533e-02
  3.459876e+00   4.233060e-01   2.827120e-02
  3.464590e+00   4.144101e-01   2.825198e-02
  3.469304e+00   4.125702e-01   2.836689e-02
  3.474018e+00   3.925958e-01   2.837971e-02
  3.478732e+00   4.084588e-01   2.842184e-02
  3.483446e+00   4.435819e-01   2.848144e-02
  3.488160e+00   4.422246e-01   2.851312e-02
  3.492873e+00   3.782396e-01   2.848515e-02
  3.497587e+00   3.738954e-01   2.850726e-02
  3.502301e+00   3.990250e-01   2.861149e-02
  3.507015e+00   4.246566e-01   2.861242e-02
  3.511729e+00   4.291278e-01   2.865853e-02
  3.516443e+00   3.953446e-01   2.864727e-02
  3.521157e+00   3.932215e-01   2.867836e-02
  3.525871e+00   4.137794e-01   2.878473e-02
  3.530585e+00   4.023365e-01   2.880438e-02
  3.535299e+00   3.906950e-01   2.877459e-02
  3.540012e+00   4.351487e-01   2.885436e-02
  3.544726e+00   4.142300e-01   2.884851e-02
  3.549440e+00   3.999692e-01   2.883534e-02
  3.554154e+00   3.965205e-01   2.888787e-02
  3.558868e+00   4.288693e-01   2.894490e-02
  3.563582e+00   4.152060e-01   2.892699e-02
  3.568296e+00   3.925981e-01   2.895400e-02
  3.573010e+00   4.079391e-01   2.904120e-02
  3.577724e+00   3.686395e-01   2.898538e-02
  3.582438e+00   4.170943e-01   2.901477e-02
  3.587152e+00   3.985720e-01   2.909155e-02
  3.591865e+00   4.104327e-01   2.915105e-02
  3.596579e+00   4.166367e-01   2.913894e-02
  3.601293e+00   3.849990e-01   2.904364e-02
  3.606007e+00   3.816680e-01   2.913473e-02
  3.610721e+00   3.600005e-01   2.907283e-02
  3.615435e+00   4.073929e-01   2.911331e-02
  3.620149e+00   4.125523e-01   2.909903e-02
  3.624863e+00   3.981506e-01   2.904987e-02
  3.629577e+00   4.261097e-01   2.901114e-02
  3.634291e+00   4.046944e-01   2.902979e-02
  3.639004e+00   3.830086e-01   2.907934e-02
  3.643718e+00   3.999360e-01   2.905174e-02
  3.648432e+00   3.982877e-01   2.920069e-02
  3.653146e+00   3.772997e-01   2.986256e-02
  3.657860e+00   4.070350e-01   3.091238e-02
  3.662574e+00   3.885697e-01   3.125114e-02
  3.667288e+00   3.920252e-01   3.154732e-02
  3.672002e+00   3.986651e-01   3.171512e-02
  3.676716e+00   3.541166e-01   3.193834e-02
  3.681430e+00   3.690199e-01   3.215196e-02
  3.686143e+00   3.599715e-01   3.227315e-02
  3.690857e+00   4.145386e-01   3.252824e-02
  3.695571e+00   3.761533e-01   3.261802e-02
  3.700285e+00   3.479382e-01   3.286401e-02
  3.704999e+00   3.682226e-01   3.302805e-02
  3.709713e+00   3.829974e-01   3.314188e-02
  3.714427e+00   3.534750e-01   3.325656e-02
  3.719141e+00   3.729735e-01   3.336323e-02
  3.723855e+00   3.625739e-01   3.358762e-02
  3.728569e+00   4.391582e-01   3.390275e-02
  3.733282e+00   4.209226e-01   3.397234e-02
  3.737996e+00   3.771590e-01   3.402817e-02
  3.742710e+00   3.544234e-01   3.407577e-02
  3.747424e+00   3.078703e-01   3.421781e-02
  3.752138e+00   3.599202e-01   3.436749e-02
  3.756852e+00   3.281721e-01   3.448863e-02
  3.761566e+00   3.821413e-01   3.473784e-02
  3.766280e+00   3.739432e-01   3.494418e-02
  3.770994e+00   3.209253e-01   3.493756e-02
  3.775708e+00   3.603088e-01   3.507966e-02
  3.780421e+00   3.862318e-01   3.516660e-02
  3.785135e+00   3.676879e-01   3.524230e-02
  3.789849e+00   3.874439e-01   3.549820e-02
  3.794563e+00   3.632767e-01   3.556191e-02
  3.799277e+00   3.229268e-01   3.566202e-02
  3.803991e+00   3.844499e-01   3.580668e-02
  3.808705e+00   3.897255e-01   3.595535e-02
  3.813419e+00   3.863015e-01   3.609185e-02
  3.818133e+00   4.091563e-01   3.625540e-02
  3.822847e+00   3.877511e-01   3.641552e-02
  3.827560e+00   3.713983e-01   3.642252e-02
  3.832274e+00   3.945925e-01   3.659611e-02
  3.836988e+00   3.940811e-01   3.678914e-02
  3.841702e+00   3.573346e-01   3.692656e-02
  3.846416e+00   3.655759e-01   3.709599e-02
  3.851130e+00   3.686130e-01   3.714073e-02
  3.855844e+00   3.571657e-01   3.722883e-02
  3.860558e+00   3.732245e-01   3.744812e-02
  3.865272e+00   3.583401e-01   3.761462e-02
  3.869986e+00   3.044726e-01   3.765926e-02
  3.874699e+00   3.757933e-01   3.773885e-02
  3.879413e+00   3.152456e-01   3.784564e-02
  3.884127e+00   3.268819e-01   3.794480e-02
  3.888841e+00   3.824231e-01   3.821132e-02
  3.893555e+00   3.750294e-01   3.831084e-02
  3.898269e+00   3.493654e-01   3.845520e-02
  3.902983e+00   3.077166e-01   3.841392e-02
  3.907697e+00   3.410682e-01   3.871901e-02
  3.912411e+00   3.573001e-01   3.883580e-02
  3.917125e+00   2.822947e-01   3.890465e-02
  3.921839e+00   2.778938e-01   3.900473e-02
  3.926552e+00   3.931150e-01   3.928143e-02
  3.931266e+00   3.728035e-01   3.930004e-02
  3.935980e+00   3.287885e-01   3.938326e-02
  3.940694e+00   3.670838e-01   3.957176e-02
  3.945408e+00   3.470228e-01   3.958033e-02
  3.950122e+00   3.684812e-01   3.983308e-02
  3.954836e+00   4.154008e-01   4.007155e-02
  3.959550e+00   3.980672e-01   4.016901e-02
  3.964264e+00   3.287223e-01   3.998240e-02
  3.968978e+00   3.759096e-01   4.000142e-02
  3.973691e+00   3.437359e-01   4.002281e-02
  3.978405e+00   3.250582e-01   4.004024e-02
  3.983119e+00   3.830370e-01   4.015138e-02
  3.987833e+00   3.866094e-01   4.018360e-02
  3.992547e+00   4.174016e-01   4.032233e-02
  3.997261e+00   3.825405e-01   4.028347e-02
  4.001975e+00   3.724394e-01   4.039113e-02
  4.006689e+00   3.807871e-01   4.061679e-02
  4.011403e+00   3.620496e-01   4.066215e-02
  4.016117e+00   3.607049e-01   4.080264e-02
  4.020830e+00   3.062468e-01   4.084527e-02
  4.025544e+00   3.549886e-01   4.118895e-02
  4.030258e+00   3.299432e-01   4.123386e-02
  4.034972e+00   3.239866e-01   4.134260e-02
  4.039686e+00   3.507882e-01   4.158954e-02
  4.044400e+00   3.644155e-01   4.160363e-02
  4.049114e+00   3.851251e-01   4.184607e-02
  4.053828e+00   3.446152e-01   4.187752e-02
  4.058542e+00   4.064431e-01   4.207454e-02
  4.063256e+00   3.166889e-01   4.217290e-02
  4.067969e+00   3.243961e-01   4.235132e-02
  4.072683e+00   3.210366e-01   4.240706e-02
  4.077397e+00   3.118566e-01   4.256881e-02
  4.082111e+00   2.967180e-01   4.258152e-02
  4.086825e+00   3.774309e-01   4.295816e-02
  4.091539e+00   3.678510e-01   4.311060e-02
  4.096253e+00   3.502298e-01   4.319411e-02
  4.100967e+00   3.357706e-01   4.326254e-02
  4.105681e+00   3.661232e-01   4.351400e-02
  4.110395e+00   3.357978e-01   4.360136e-02
  4.115108e+00   3.077522e-01   4.366279e-02
  4.119822e+00   3.348814e-01   4.381044e-02
  4.124536e+00   3.090068e-01   4.395468e-02
  4.129250e+00   3.156032e-01   4.422130e-02
  4.133964e+00   3.471283e-01   4.427931e-02
  4.138678e+00   3.162219e-01   4.454756e-02
  4.143392e+00   2.431947e-01   4.439273e-02
  4.148106e+00   3.212777e-01   4.476302e-02
  4.152820e+00   3.691020e-01   4.503280e-02
  4.157534e+00   3.180949e-01   4.507419e-02
  4.162247e+00   3.515745e-01   4.542040e-02
  4.166961e+00   3.407929e-01   4.549350e-02
  4.171675e+00   3.242752e-01   4.568278e-02
  4.176389e+00   3.605567e-01   4.586685e-02
  4.181103e+00   3.361179e-01   4.591660e-02
  4.185817e+00   3.939315e-01   4.620490e-02
  4.190531e+00   3.552039e-01   4.634330e-02
  4.195245e+00   2.702032e-01   4.639097e-02
  4.199959e+00   2.811699e-01   4.660235e-02
  4.204673e+00   3.596455e-01   4.702517e-02
  4.209386e+00   3.598853e-01   4.700035e-02
  4.214100e+00   3.213084e-01   4.713304e-02
  4.218814e+00   3.190662e-01   4.746618e-02
  4.223528e+00   3.346631e-01   4.753611e-02
  4.228242e+00   3.000169e-01   4.777087e-02
  4.232956e+00   2.929967e-01   4.775526e-02
  4.237670e+00   3.287890e-01   4.800074e-02
  4.242384e+00   3.780037e-01   4.840382e-02
  4.247098e+00   3.243010e-01   4.825872e-02
  4.251812e+00   2.861148e-01   4.849507e-02
  4.256526e+00   3.240241e-01   4.874603e-02
  4.261239e+00   3.521523e-01   4.904932e-02
  4.265953e+00   3.027233e-01   4.932437e-02
  4.270667e+00   3.024504e-01   4.934366e-02
  4.275381e+00   3.008602e-01   4.969490e-02
  4.280095e+00   2.262064e-01   4.970298e-02
  4.284809e+00   2.386511e-01   4.990446e-02
  4.289523e+00   2.524910e-01   5.006147e-02
  4.294237e+00   2.817524e-01   5.049890e-02
  4.298951e+00   2.680655e-01   5.046386e-02
  4.303665e+00   2.837818e-01   5.062225e-02
  4.308378e+00   2.721046e-01   5.081379e-02
  4.313092e+00   2.908989e-01   5.115941e-02
  4.317806e+00   3.019364e-01   5.134530e-02
  4.322520e+00   3.692973e-01   5.176623e-02
  4.327234e+00   2.772769e-01   5.179372e-02
  4.331948e+00   2.759441e-01   5.205464e-02
  4.336662e+00   3.208860e-01   5.242345e-02
  4.341376e+00   3.156834e-01   5.257116e-02
  4.346090e+00   3.012096e-01   5.276620e-02
  4.350804e+00   3.440647e-01   5.288085e-02
  4.355517e+00   3.282854e-01   5.329517e-02
  4.360231e+00   2.991948e-01   5.344648e-02
  4.364945e+00   3.238689e-01   5.366755e-02
  4.369659e+00   3.275635e-01   5.410951e-02
  4.374373e+00   2.405340e-01   5.413316e-02
  4.379087e+00   2.131016e-01   5.426173e-02
  4.383801e+00   2.758495e-01   5.454115e-02
  4.388515e+00   2.644626e-01   5.473716e-02
  4.393229e+00   2.190384e-01   5.505474e-02
  4.397943e+00   3.073618e-01   5.538251e-02
  4.402656e+00   3.400434e-01   5.574229e-02
  4.407370e+00   3.620362e-01   5.594694e-02
  4.412084e+00   2.798681e-01   5.628143e-02
  4.416798e+00   2.751939e-01   5.661431e-02
  4.421512e+00   2.623387e-01   5.653095e-02
  4.426226e+00   2.259609e-01   5.695547e-02
  4.430940e+00   2.817452e-01   5.712049e-02
  4.435654e+00   3.280394e-01   5.721264e-02
  4.440368e+00   3.106250e-01   5.709221e-02
  4.445082e+00   2.630483e-01   5.704327e-02
  4.449795e+00   3.263029e-01   5.733506e-02
  4.454509e+00   2.449559e-01   5.719454e-02
  4.459223e+00   1.786558e-01   5.720622e-02
  4.463937e+00   2.637472e-01   5.745249e-02
  4.468651e+00   3.168241e-01   5.755381e-02
  4.473365e+00   3.392204e-01   5.751379e-02
  4.478079e+00   2.905624e-01   5.776934e-02
  4.482793e+00   3.069958e-01   5.824017e-02
  4.487507e+00   3.846192e-01   5.874247e-02
  4.492221e+00   3.053384e-01   5.884387e-02
  4.496934e+00   2.030530e-01   5.880825e-02
  4.501648e+00   2.359187e-01   5.932199e-02
  4.506362e+00   3.264537e-01   6.007092e-02
  4.511076e+00   3.872320e-01   6.061497e-02
  4.515790e+00   2.997404e-01   6.046920e-02
  4.520504e+00   3.248405e-01   6.113828e-02
  4.525218e+00   2.807667e-01   6.102470e-02
  4.529932e+00   2.836952e-01   6.141621e-02
  4.534646e+00   3.555613e-01   6.213548e-02
  4.539360e+00   2.315472e-01   6.202925e-02
  4.544074e+00   2.319732e-01   6.218721e-02
  4.548787e+00   3.328332e-01   6.303000e-02
  4.553501e+00   3.497183e-01   6.363300e-02
  4.558215e+00   3.162303e-01   6.339655e-02
  4.562929e+00   2.958832e-01   6.391101e-02
  4.567643e+00   3.570166e-01   6.428715e-02
  4.572357e+00   3.085007e-01   6.459945e-02
  4.577071e+00   3.513669e-01   6.528695e-02
  4.581785e+00   3.104645e-01   6.566221e-02
  4.586499e+00   2.303511e-01   6.625711e-02
  4.591213e+00   3.556093e-01   6.682208e-02
  4.595926e+00   3.023396e-01   6.668910e-02
  4.600640e+00   3.673935e-01   6.755385e-02
  4.605354e+00   3.245644e-01   6.782773e-02
  4.610068e+00   3.000404e-01   6.804413e-02
  4.614782e+00   2.185693e-01   6.839086e-02
  4.619496e+00   1.495699e-01   6.861497e-02
  4.624210e+00   1.463012e-01   6.917513e-02
  4.628924e+00   2.964223e-01   7.002023e-02
  4.633638e+00   1.848809e-01   7.046005e-02
  4.638352e+00   2.355305e-01   7.091823e-02
  4.643065e+00   3.074162e-01   7.138317e-02
  4.647779e+00   2.943868e-01   7.204772e-02
  4.652493e+00   2.047890e-01   7.219795e-02
  4.657207e+00   1.944335e-01   7.261244e-02
  4.661921e+00   2.487962e-01   7.363713e-02
  4.666635e+00   2.514668e-01   7.427125e-02
  4.671349e+00   3.465611e-01   7.518220e-02
  4.676063e+00   2.684382e-01   7.575720e-02
  4.680777e+00   2.376101e-01   7.577030e-02
  4.685491e+00   2.074539e-01   7.639602e-02
  4.690204e+00   1.955555e-01   7.716261e-02
  4.694918e+00   2.779987e-01   7.812273e-02
  4.699632e+00   2.690066e-01   7.868711e-02
  4.704346e+00   1.553129e-01   7.912931e-02
  4.709060e+00   2.801964e-01   8.051202e-02
  4.713774e+00   3.080339e-01   8.078090e-02
  4.718488e+00   3.251123e-01   8.183701e-02
  4.723202e+00   3.747276e-01   8.287181e-02
  4.727916e+00   2.786929e-01   8.351225e-02
  4.732630e+00   3.122956e-01   8.395455e-02
  4.737343e+00   2.704522e-01   8.502055e-02
  4.742057e+00   2.335424e-01   8.548727e-02
  4.746771e+00   2.918981e-01   8.694575e-02
  4.751485e+00   2.912609e-01   8.781401e-02
  4.756199e+00   3.520714e-01   8.889828e-02
  4.760913e+00   2.249881e-01   8.965544e-02
  4.765627e+00   2.098707e-01   9.019291e-02
  4.770341e+00   2.572953e-01   9.149657e-02
  4.775055e+00   1.881319e-01   9.218234e-02
  4.779769e+00   2.031600e-01   9.384883e-02
  4.784482e+00   4.093200e-01   9.538733e-02
  4.789196e+00   3.555843e-01   9.657227e-02
  4.793910e+00   3.617387e-01   9.745461e-02
  4.798624e+00   2.846755e-01   9.811023e-02
  4.803338e+00   2.298916e-01   9.988008e-02
  4.808052e+00   2.916959e-01   1.010128e-01
  4.812766e+00   2.761798e-01   1.033209e-01
  4.817480e+00   2.559782e-01   1.050550e-01
  4.822194e+00   3.462316e-01   1.065726e-01
  4.826908e+00   4.086659e-01   1.081570e-01
  4.831621e+00   3.225629e-01   1.103189e-01
  4.836335e+00   3.617523e-01   1.111599e-01
  4.841049e+00   2.078524e-01   1.128889e-01
  4.845763e+00   3.752232e-01   1.154476e-01
  4.850477e+00   3.759925e-01   1.180345e-01
  4.855191e+00   1.450581e-01   1.195275e-01
  4.859905e+00   3.520676e-01   1.225120e-01
  4.864619e+00   3.477643e-01   1.245595e-01
  4.869333e+00   2.895096e-01   1.274006e-01
  4.874047e+00   2.399101e-01   1.294217e-01
  4.878761e+00   2.702224e-01   1.324432e-01
  4.883474e+00   2.114417e-01   1.355649e-01
  4.888188e+00   4.149636e-01   1.416456e-01
  4.892902e+00   4.881678e-01   1.447023e-01
  4.897616e+00   1.489111e-02   1.472308e-01
  4.902330e+00   1.660305e-01   1.525079e-01
  4.907044e+00   2.404578e-01   1.591322e-01
  4.911758e+00   2.431574e-01   1.632624e-01
  4.916472e+00   4.473044e-01   1.691387e-01
  4.921186e+00   3.551738e-01   1.782744e-01
  4.925900e+00   2.485083e-01   1.852020e-01
  4.930613e+00   5.243133e-02   1.913310e-01
  4.935327e+00   5.300494e-01   2.171340e-01
  4.940041e+00   1.239956e-01   2.516627e-01
  4.944755e+00   3.803631e-01   3.846409e-01