0.0045	0.0300396447	0.0145843248
0.0046307992	0.0301044100	0.0141080027
0.0047615984	0.0302242589	0.0126341685
0.0048923977	0.0294905961	0.0112435828
0.0050231969	0.0292588817	0.0113366307
0.0051539961	0.0265075467	0.0094651507
0.0052847953	0.0311921322	0.0095703769
0.0054155945	0.0251950975	0.0084999000
0.0055463938	0.0279077781	0.0077823575
0.005677193	0.0268727525	0.0077363592
0.0058079922	0.0258336850	0.0071910660
0.0059387914	0.0246694442	0.0067140191
0.0060695906	0.0290325028	0.0066545837
0.0062003899	0.0290944106	0.0057352153
0.0063311891	0.0265766114	0.0060114561
0.0064619883	0.0238647464	0.0055666048
0.0065927875	0.0287066483	0.0052421561
0.0067235867	0.0279312959	0.0052617422
0.006854386	0.0279903012	0.0047246136
0.0069851852	0.0257847990	0.0047995941
0.0071159844	0.0285169016	0.0047310256
0.0072467836	0.0279035100	0.0044305949
0.0073775828	0.0271788894	0.0043431572
0.0075083821	0.0269467165	0.0041146007
0.0076391813	0.0288882418	0.0040068972
0.0077699805	0.0288300374	0.0040832670
0.0079007797	0.0274634691	0.0037374492
0.0080315789	0.0291026652	0.0039401728
0.0081623782	0.0260779868	0.0036646235
0.0082931774	0.0272597421	0.0035601689
0.0084239766	0.0275624381	0.0036123618
0.0085547758	0.0280024104	0.0035063139
0.008685575	0.0272782940	0.0034532358
0.0088163743	0.0277752498	0.0033821029
0.0089471735	0.0277172167	0.0031724848
0.0090779727	0.0290193390	0.0033035905
0.0092087719	0.0261134780	0.0031903336
0.0093395712	0.0264514059	0.0031249978
0.0094703704	0.0264759190	0.0031323607
0.0096011696	0.0265533939	0.0029715677
0.0097319688	0.0277487788	0.0030161275
0.009862768	0.0264887839	0.0029681509
0.0099935673	0.0267678118	0.0029160705
0.010124366	0.0267445145	0.0029063755
0.010255166	0.0278075657	0.0027767971
0.010385965	0.0275586154	0.0027791114
0.010516764	0.0271505197	0.0028102262
0.010647563	0.0270700444	0.0026874585
0.010778363	0.0258040236	0.0027665962
0.010909162	0.0275691586	0.0025958994
0.011039961	0.0270813423	0.0025634864
0.01117076	0.0257662390	0.0025263747
0.011301559	0.0264063679	0.0024908627
0.011432359	0.0264699842	0.0024904939
0.011563158	0.0259564220	0.0024837591
0.011693957	0.0255649284	0.0023914744
0.011824756	0.0258666247	0.0024478424
0.011955556	0.0270788062	0.0024399069
0.012086355	0.0270453658	0.0024245864
0.012217154	0.0273671389	0.0024570220
0.012347953	0.0259259587	0.0023390994
0.012478752	0.0257424972	0.0023674068
0.012609552	0.0265520642	0.0023657291
0.012740351	0.0269676079	0.0023276946
0.01287115	0.0272812655	0.0023083956
0.013001949	0.0265401966	0.0022279616
0.013132749	0.0263587636	0.0022026010
0.013263548	0.0272353370	0.0021933427
0.013394347	0.0273235398	0.0021511973
0.013525146	0.0257267340	0.0021531272
0.013655945	0.0268595399	0.0020931819
0.013786745	0.0264362724	0.0020757707
0.013917544	0.0268429026	0.0020972705
0.014048343	0.0264782258	0.0020527807
0.014179142	0.0262467577	0.0020538472
0.014309942	0.0262177674	0.0020463115
0.014440741	0.0257438454	0.0020177380
0.01457154	0.0262212349	0.0020077101
0.014702339	0.0263227052	0.0019876254
0.014833138	0.0257747154	0.0019912377
0.014963938	0.0254428272	0.0019867071
0.015094737	0.0261267594	0.0019470184
0.015225536	0.0259516107	0.0019416265
0.015356335	0.0263892486	0.0019308436
0.015487135	0.0266345553	0.0019264619
0.015617934	0.0260520472	0.0019318082
0.015748733	0.0254535872	0.0018784781
0.015879532	0.0259308426	0.0018971278
0.016010331	0.0255501122	0.0018842990
0.016141131	0.0252806490	0.0018645087
0.01627193	0.0257847843	0.0018838424
0.016402729	0.0254246618	0.0018400858
0.016533528	0.0256693313	0.0018447090
0.016664327	0.0258320263	0.0018452394
0.016795127	0.0253569860	0.0018251708
0.016925926	0.0253912904	0.0018201054
0.017056725	0.0254895170	0.0018086349
0.017187524	0.0249680888	0.0017882243
0.017318324	0.0256362032	0.0018041566
0.017449123	0.0259761850	0.0017781705
0.017579922	0.0252702519	0.0017799432
0.017710721	0.0251227422	0.0017671022
0.01784152	0.0252899093	0.0017364666
0.01797232	0.0256870955	0.0017657604
0.018103119	0.0248608195	0.0017252330
0.018233918	0.0251471692	0.0017451003
0.018364717	0.0255059003	0.0017308197
0.018495517	0.0254692964	0.0017159178
0.018626316	0.0250763401	0.0017255298
0.018757115	0.0250306251	0.0017016361
0.018887914	0.0255844564	0.0016855815
0.019018713	0.0253833874	0.0017089171
0.019149513	0.0253722201	0.0016750483
0.019280312	0.0249951058	0.0016805118
0.019411111	0.0251253838	0.0016783588
0.01954191	0.0248766717	0.0016626175
0.01967271	0.0246550447	0.0016729439
0.019803509	0.0251220872	0.0016523754
0.019934308	0.0249037610	0.0016405852
0.020065107	0.0250174486	0.0016461185
0.020195906	0.0250450514	0.0016240679
0.020326706	0.0244480738	0.0016436467
0.020457505	0.0244709499	0.0016187672
0.020588304	0.0250379224	0.0016174318
0.020719103	0.0246850667	0.0016217931
0.020849903	0.0253649346	0.0015892665
0.020980702	0.0245536924	0.0016034687
0.021111501	0.0245493561	0.0015926143
0.0212423	0.0246142650	0.0015785351
0.021373099	0.0239493841	0.0015869214
0.021503899	0.0246334433	0.0015762778
0.021634698	0.0252802605	0.0015604926
0.021765497	0.0246853871	0.0015621673
0.021896296	0.0246836675	0.0015503699
0.022027096	0.0247811179	0.0015620846
0.022157895	0.0252307665	0.0015360098
0.022288694	0.0243500304	0.0015352154
0.022419493	0.0239178118	0.0015336794
0.022550292	0.0243902030	0.0015234644
0.022681092	0.0242023915	0.0015228449
0.022811891	0.0244089258	0.0015137327
0.02294269	0.0248262738	0.0015036954
0.023073489	0.0243375984	0.0015115391
0.023204288	0.0238346471	0.0014978261
0.023335088	0.0241459126	0.0014995718
0.023465887	0.0241469045	0.0014954031
0.023596686	0.0247113078	0.0014846739
0.023727485	0.0244563833	0.0014900573
0.023858285	0.0245195505	0.0014807353
0.023989084	0.0236404705	0.0014737550
0.024119883	0.0242497219	0.0014718933
0.024250682	0.0237740736	0.0014670818
0.024381481	0.0243982179	0.0014590689
0.024512281	0.0237413657	0.0014594829
0.02464308	0.0240389549	0.0014518369
0.024773879	0.0241255212	0.0014539499
0.024904678	0.0242220308	0.0014450226
0.025035478	0.0238427594	0.0014327768
0.025166277	0.0238586839	0.0014403068
0.025297076	0.0238551051	0.0014290619
0.025427875	0.0234329809	0.0014377816
0.025558674	0.0236219443	0.0014181365
0.025689474	0.0233877984	0.0014150635
0.025820273	0.0233335853	0.0014189521
0.025951072	0.0235299320	0.0014057103
0.026081871	0.0240259177	0.0014136015
0.026212671	0.0233987733	0.0014027985
0.02634347	0.0235353418	0.0014057276
0.026474269	0.0231515277	0.0014029069
0.026605068	0.0232203552	0.0013875450
0.026735867	0.0231093412	0.0013980665
0.026866667	0.0229058011	0.0013843668
0.026997466	0.0237175298	0.0013781305
0.027128265	0.0232289250	0.0013693027
0.027259064	0.0228869723	0.0013708436
0.027389864	0.0225427523	0.0013655968
0.027520663	0.0232628838	0.0013749218
0.027651462	0.0233322926	0.0013558471
0.027782261	0.0226999381	0.0013642637
0.02791306	0.0225183622	0.0013513309
0.02804386	0.0233428487	0.0013463325
0.028174659	0.0225785322	0.0013508363
0.028305458	0.0221236007	0.0013404323
0.028436257	0.0225635252	0.0013357790
0.028567057	0.0229716311	0.0013340180
0.028697856	0.0228744577	0.0013268604
0.028828655	0.0226687775	0.0013266574
0.028959454	0.0232403764	0.0013264753
0.029090253	0.0217863382	0.0013124650
0.029221053	0.0225908229	0.0013181359
0.029351852	0.0225786501	0.0013126224
0.029482651	0.0223795288	0.0013140044
0.02961345	0.0226295380	0.0013116428
0.02974425	0.0222466311	0.0013009933
0.029875049	0.0226420453	0.0013023400
0.030005848	0.0228898671	0.0012960129
0.030136647	0.0229401300	0.0012954464
0.030267446	0.0220224466	0.0012959841
0.030398246	0.0218292725	0.0012903407
0.030529045	0.0216993102	0.0012982446
0.030659844	0.0219892818	0.0012874050
0.030790643	0.0217092202	0.0012889539
0.030921442	0.0216410081	0.0012844865
0.031052242	0.0217947608	0.0012760181
0.031183041	0.0227130898	0.0012846639
0.03131384	0.0222863746	0.0012759919
0.031444639	0.0215595601	0.0012644223
0.031575439	0.0221618558	0.0012701997
0.031706238	0.0217207199	0.0012685684
0.031837037	0.0223378167	0.0012596394
0.031967836	0.0217163827	0.0012685080
0.032098635	0.0224734791	0.0012520130
0.032229435	0.0217251749	0.0012607490
0.032360234	0.0220879256	0.0012501037
0.032491033	0.0222935625	0.0012466437
0.032621832	0.0220291493	0.0012522284
0.032752632	0.0215871395	0.0012411676
0.032883431	0.0217257377	0.0012378688
0.03301423	0.0217988394	0.0012291745
0.033145029	0.0208167764	0.0012407751
0.033275828	0.0216061035	0.0012494290
0.033406628	0.0216079302	0.0012522747
0.033537427	0.0217816683	0.0012513005
0.033668226	0.0213845959	0.0012558152
0.033799025	0.0209452089	0.0012587257
0.033929825	0.0212458801	0.0012579522
0.034060624	0.0218423787	0.0012600059
0.034191423	0.0214432002	0.0012613996
0.034322222	0.0216069008	0.0012597492
0.034453021	0.0210486886	0.0012594584
0.034583821	0.0213586371	0.0012617546
0.03471462	0.0211711360	0.0012640858
0.034845419	0.0209491534	0.0012533590
0.034976218	0.0211162922	0.0012603205
0.035107018	0.0212170642	0.0012616468
0.035237817	0.0205112198	0.0012558269
0.035368616	0.0212908496	0.0012583798
0.035499415	0.0208260785	0.0012560969
0.035630214	0.0200344818	0.0012492786
0.035761014	0.0207279101	0.0012660960
0.035891813	0.0210106080	0.0012785219
0.036022612	0.0200766200	0.0012878094
0.036153411	0.0204765351	0.0012990357
0.036284211	0.0197405626	0.0012900813
0.03641501	0.0197992567	0.0013017105
0.036545809	0.0208255347	0.0012977653
0.036676608	0.0207903659	0.0013024090
0.036807407	0.0202954230	0.0013094582
0.036938207	0.0201008000	0.0013070863
0.037069006	0.0200612783	0.0013027372
0.037199805	0.0200574218	0.0013046103
0.037330604	0.0207943727	0.0013005809
0.037461404	0.0203038749	0.0013162196
0.037592203	0.0199462467	0.0013122531
0.037723002	0.0204798571	0.0013061675
0.037853801	0.0201129991	0.0013069859
0.0379846	0.0200912520	0.0013101894
0.0381154	0.0196447258	0.0012953756
0.038246199	0.0198477380	0.0012819542
0.038376998	0.0203379184	0.0012760923
0.038507797	0.0201122738	0.0012781498
0.038638596	0.0196817685	0.0012706583
0.038769396	0.0197515394	0.0012682139
0.038900195	0.0196670822	0.0012671241
0.039030994	0.0197763652	0.0012588965
0.039161793	0.0194936486	0.0012572926
0.039292593	0.0197945936	0.0012558477
0.039423392	0.0193237050	0.0012529572
0.039554191	0.0195231386	0.0012533441
0.03968499	0.0197546396	0.0012558126
0.039815789	0.0195628564	0.0012432324
0.039946589	0.0190518754	0.0012511233
0.040077388	0.0192955277	0.0012395961
0.040208187	0.0199471117	0.0012467240
0.040338986	0.0192852571	0.0012366590
0.040469786	0.0188644385	0.0012404203
0.040600585	0.0194921830	0.0012348322
0.040731384	0.0190682764	0.0012349462
0.040862183	0.0187726691	0.0012342919
0.040992982	0.0191479254	0.0012324500
0.041123782	0.0193666936	0.0012298759
0.041254581	0.0188463647	0.0012336440
0.04138538	0.0186487299	0.0012256502
0.041516179	0.0186662681	0.0012275657
0.041646979	0.0184673922	0.0012216970
0.041777778	0.0187045939	0.0012133759
0.041908577	0.0186997740	0.0012268549
0.042039376	0.0188301994	0.0012172674
0.042170175	0.0186267393	0.0012225263
0.042300975	0.0190463413	0.0012088724
0.042431774	0.0189061787	0.0012156581
0.042562573	0.0186968170	0.0012166126
0.042693372	0.0184091954	0.0012137110
0.042824172	0.0185311800	0.0012069242
0.042954971	0.0184372573	0.0012085865
0.04308577	0.0185030819	0.0012023815
0.043216569	0.0179012918	0.0012059065
0.043347368	0.0185506875	0.0012067194
0.043478168	0.0180412881	0.0011998228
0.043608967	0.0181532529	0.0012030967
0.043739766	0.0180694797	0.0011968944
0.043870565	0.0183484054	0.0011963172
0.044001365	0.0179029843	0.0012001834
0.044132164	0.0179017149	0.0011974189
0.044262963	0.0183265700	0.0011985576
0.044393762	0.0175730735	0.0011943286
0.044524561	0.0180972282	0.0011886112
0.044655361	0.0176907867	0.0011910592
0.04478616	0.0179302694	0.0011891974
0.044916959	0.0179274913	0.0011928297
0.045047758	0.0179548959	0.0011848208
0.045178558	0.0173516808	0.0011822545
0.045309357	0.0174912882	0.0011862570
0.045440156	0.0178796692	0.0011820343
0.045570955	0.0177621107	0.0011809253
0.045701754	0.0177812232	0.0011759759
0.045832554	0.0174395431	0.0011784940
0.045963353	0.0175743116	0.0011753780
0.046094152	0.0172052258	0.0011705792
0.046224951	0.0172022543	0.0011868499
0.04635575	0.0176709932	0.0012024832
0.04648655	0.0171150162	0.0011977466
0.046617349	0.0175606977	0.0012144189
0.046748148	0.0177009743	0.0012169090
0.046878947	0.0171230016	0.0012181661
0.047009747	0.0172972648	0.0012198156
0.047140546	0.0169690488	0.0012220767
0.047271345	0.0172261194	0.0012107808
0.047402144	0.0173563908	0.0012290670
0.047532943	0.0171066269	0.0012307042
0.047663743	0.0168646281	0.0012370185
0.047794542	0.0170564924	0.0012316111
0.047925341	0.0172938146	0.0012265726
0.04805614	0.0165881235	0.0012425562
0.04818694	0.0166260158	0.0012394820
0.048317739	0.0167673387	0.0012388637
0.048448538	0.0168870965	0.0012431356
0.048579337	0.0166762908	0.0012366864
0.048710136	0.0166088489	0.0012475313
0.048840936	0.0165305041	0.0012514677
0.048971735	0.0162593502	0.0012373946
0.049102534	0.0167597991	0.0012574662
0.049233333	0.0168360684	0.0012421882
0.049364133	0.0166601121	0.0012583515
0.049494932	0.0166548578	0.0012568664
0.049625731	0.0158889626	0.0012458519
0.04975653	0.0159650377	0.0012539578
0.049887329	0.0165981384	0.0012521713
0.050018129	0.0162757902	0.0012517967
0.050148928	0.0167062978	0.0012657035
0.050279727	0.0161609949	0.0012484451
0.050410526	0.0159498919	0.0012595994
0.050541326	0.0158737026	0.0012588529
0.050672125	0.0165460194	0.0012468003
0.050802924	0.0159728931	0.0012604710
0.050933723	0.0165497399	0.0012586065
0.051064522	0.0161616958	0.0012599697
0.051195322	0.0157045624	0.0012608253
0.051326121	0.0156519908	0.0012586450
0.05145692	0.0156939155	0.0012613082
0.051587719	0.0157808324	0.0012674712
0.051718519	0.0159348361	0.0012602504
0.051849318	0.0153455819	0.0012648480
0.051980117	0.0154267677	0.0012623290
0.052110916	0.0159516263	0.0012582662
0.052241715	0.0157423788	0.0012640905
0.052372515	0.0155320527	0.0012715389
0.052503314	0.0155950891	0.0012670732
0.052634113	0.0157084837	0.0012650396
0.052764912	0.0156034942	0.0012690079
0.052895712	0.0158298009	0.0012720357
0.053026511	0.0155450884	0.0012757834
0.05315731	0.0150627508	0.0012696551
0.053288109	0.0152386989	0.0012716688
0.053418908	0.0153041086	0.0012745809
0.053549708	0.0151279974	0.0012669723
0.053680507	0.0150560699	0.0012667502
0.053811306	0.0150194478	0.0012713088
0.053942105	0.0157264067	0.0012699004
0.054072904	0.0156251916	0.0012702543
0.054203704	0.0149013838	0.0012745847
0.054334503	0.0151888299	0.0012737628
0.054465302	0.0151788635	0.0012729212
0.054596101	0.0146429360	0.0012660731
0.054726901	0.0147813613	0.0012686902
0.0548577	0.0148071069	0.0012760676
0.054988499	0.0147809937	0.0012684303
0.055119298	0.0146284671	0.0012785339
0.055250097	0.0148111408	0.0012730032
0.055380897	0.0156791489	0.0012769629
0.055511696	0.0152440618	0.0012778774
0.055642495	0.0148785382	0.0012739360
0.055773294	0.0146999229	0.0012855329
0.055904094	0.0144360282	0.0012794689
0.056034893	0.0141784627	0.0012709354
0.056165692	0.0145329243	0.0012790055
0.056296491	0.0145914199	0.0012769714
0.05642729	0.0138489691	0.0012775132
0.05655809	0.0146030435	0.0012778521
0.056688889	0.0145966473	0.0012724563
0.056819688	0.0143565872	0.0012792805
0.056950487	0.0144281742	0.0012720607
0.057081287	0.0143175395	0.0012808119
0.057212086	0.0143601517	0.0012731397
0.057342885	0.0142950360	0.0012646501
0.057473684	0.0137096414	0.0012706954
0.057604483	0.0141576543	0.0012710603
0.057735283	0.0137948577	0.0012737314
0.057866082	0.0135771472	0.0012750893
0.057996881	0.0136524424	0.0012591463
0.05812768	0.0132671481	0.0012632358
0.05825848	0.0138345829	0.0012694657
0.058389279	0.0136346322	0.0012646014
0.058520078	0.0139112031	0.0012728386
0.058650877	0.0136472920	0.0012590929
0.058781676	0.0137313287	0.0012595512
0.058912476	0.0137563688	0.0012559884
0.059043275	0.0139095808	0.0012594984
0.059174074	0.0135801058	0.0012559339
0.059304873	0.0138852829	0.0012627658
0.059435673	0.0136170051	0.0012455803
0.059566472	0.0140056919	0.0012596482
0.059697271	0.0135922843	0.0012478777
0.05982807	0.0139886244	0.0012521129
0.059958869	0.0134546488	0.0012518962
0.060089669	0.0132042185	0.0012403825
0.060220468	0.0132933264	0.0012459140
0.060351267	0.0135567242	0.0012421349
0.060482066	0.0132311508	0.0012382565
0.060612865	0.0137050439	0.0012489834
0.060743665	0.0133686122	0.0012420262
0.060874464	0.0133286657	0.0012401627
0.061005263	0.0135650998	0.0012465796
0.061136062	0.0132057017	0.0012338707
0.061266862	0.0130769084	0.0012506847
0.061397661	0.0131837118	0.0012374564
0.06152846	0.0128740437	0.0012385918
0.061659259	0.0131182367	0.0012360984
0.061790058	0.0129983815	0.0012423559
0.061920858	0.0135872371	0.0012362149
0.062051657	0.0130163639	0.0012350601
0.062182456	0.0124504251	0.0012294683
0.062313255	0.0122762603	0.0012341994
0.062444055	0.0124126835	0.0012289787
0.062574854	0.0126109864	0.0012346887
0.062705653	0.0129095462	0.0012425690
0.062836452	0.0130201538	0.0012217203
0.062967251	0.0122495332	0.0012316180
0.063098051	0.0125547453	0.0012242561
0.06322885	0.0129052929	0.0012305101
0.063359649	0.0127674931	0.0012271268
0.063490448	0.0124893677	0.0012216334
0.063621248	0.0125319960	0.0012320546
0.063752047	0.0127468385	0.0012281348
0.063882846	0.0122741567	0.0012167606
0.064013645	0.0133710879	0.0012341906
0.064144444	0.0124849473	0.0012244372
0.064275244	0.0123831673	0.0012204098
0.064406043	0.0120739011	0.0012204177
0.064536842	0.0122330523	0.0012164761
0.064667641	0.0122137194	0.0012249979
0.064798441	0.0124498261	0.0012189629
0.06492924	0.0120926172	0.0012150028
0.065060039	0.0123543740	0.0012147857
0.065190838	0.0123070251	0.0012166057
0.065321637	0.0120509406	0.0012177242
0.065452437	0.0119506962	0.0012224834
0.065583236	0.0124050117	0.0012083635
0.065714035	0.0122906230	0.0012180147
0.065844834	0.0118949120	0.0012113517
0.065975634	0.0121595883	0.0012120921
0.066106433	0.0112232007	0.0012100621
0.066237232	0.0115245804	0.0012090410
0.066368031	0.0117870830	0.0012108074
0.06649883	0.0120919176	0.0012163405
0.06662963	0.0117537177	0.0012004947
0.066760429	0.0121364062	0.0012108270
0.066891228	0.0111065437	0.0012049632
0.067022027	0.0116258514	0.0012025432
0.067152827	0.0118971017	0.0012057978
0.067283626	0.0114159209	0.0012039055
0.067414425	0.0110877347	0.0012001915
0.067545224	0.0119468542	0.0012067348
0.067676023	0.0115845618	0.0012012233
0.067806823	0.0121015431	0.0012003099
0.067937622	0.0116937681	0.0011987039
0.068068421	0.0113862700	0.0011992807
0.06819922	0.0112033157	0.0012034988
0.068330019	0.0117226222	0.0011956440
0.068460819	0.0115628672	0.0012005119
0.068591618	0.0118084691	0.0011930643
0.068722417	0.0115628339	0.0012007534
0.068853216	0.0108863039	0.0011938557
0.068984016	0.0107249596	0.0011934950
0.069114815	0.0110188698	0.0011951352
0.069245614	0.0107129942	0.0011913250
0.069376413	0.0116294381	0.0011882370
0.069507212	0.0114233671	0.0011927544
0.069638012	0.0108584792	0.0011873322
0.069768811	0.0110652629	0.0011926088
0.06989961	0.0112178277	0.0011895763
0.070030409	0.0111076542	0.0011855796
0.070161209	0.0108000764	0.0011939279
0.070292008	0.0110333912	0.0011800800
0.070422807	0.0110546781	0.0011873097
0.070553606	0.0109808534	0.0011872216
0.070684405	0.0108454977	0.0011788362
0.070815205	0.0110147174	0.0011833095
0.070946004	0.0111189435	0.0011827055
0.071076803	0.0107588624	0.0011776911
0.071207602	0.0109250384	0.0011951736
0.071338402	0.0109198273	0.0011704278
0.071469201	0.0106427659	0.0011863096
0.0716	0.0106990248	0.0011821657
0.071730799	0.0105838256	0.0011779539
0.071861598	0.0109442109	0.0011715412
0.071992398	0.0104666262	0.0011743779
0.072123197	0.0100674538	0.0011782492
0.072253996	0.0101898022	0.0011777017
0.072384795	0.0101585332	0.0011701071
0.072515595	0.0104950210	0.0011729199
0.072646394	0.0103786381	0.0011753595
0.072777193	0.0101038692	0.0011638866
0.072907992	0.0106107989	0.0011786480
0.073038791	0.0107197850	0.0011645384
0.073169591	0.0097576267	0.0011713344
0.07330039	0.0109446089	0.0011704282
0.073431189	0.0102481789	0.0011641167
0.073561988	0.0101764413	0.0011687206
0.073692788	0.0103202841	0.0011625909
0.073823587	0.0104541990	0.0011623538
0.073954386	0.0098952208	0.0011736362
0.074085185	0.0100158419	0.0011554190
0.074215984	0.0102591253	0.0011660483
0.074346784	0.0106250076	0.0011611130
0.074477583	0.0100216365	0.0011563603
0.074608382	0.0096631193	0.0011609111
0.074739181	0.0102699276	0.0011562291
0.074869981	0.0095884778	0.0011632595
0.07500078	0.0097660719	0.0011597236
0.075131579	0.0098290120	0.0011534737
0.075262378	0.0098560710	0.0011558860
0.075393177	0.0096616614	0.0011600922
0.075523977	0.0095560189	0.0011525831
0.075654776	0.0097734852	0.0011576735
0.075785575	0.0100260423	0.0011481404
0.075916374	0.0098410441	0.0011574479
0.076047173	0.0096623072	0.0011571118
0.076177973	0.0098486153	0.0011520809
0.076308772	0.0095659860	0.0011522199
0.076439571	0.0092574648	0.0011476580
0.07657037	0.0093212839	0.0011528676
0.07670117	0.0095144715	0.0011619025
0.076831969	0.0099484666	0.0011453101
0.076962768	0.0096564517	0.0011500714
0.077093567	0.0096896137	0.0011484147
0.077224366	0.0088642458	0.0011394003
0.077355166	0.0092023032	0.0011514942
0.077485965	0.0091124688	0.0011431279
0.077616764	0.0097321203	0.0011489267
0.077747563	0.0097192603	0.0011473566
0.077878363	0.0091406114	0.0011382999
0.078009162	0.0098060777	0.0011434673
0.078139961	0.0091264454	0.0011432993
0.07827076	0.0092969890	0.0011386453
0.078401559	0.0089289849	0.0011436286
0.078532359	0.0091144475	0.0011383765
0.078663158	0.0096188487	0.0011450706
0.078793957	0.0090773619	0.0011387651
0.078924756	0.0094140449	0.0011416764
0.079055556	0.0085560319	0.0011381188
0.079186355	0.0094170057	0.0011384351
0.079317154	0.0089625126	0.0011404869
0.079447953	0.0096393924	0.0011457462
0.079578752	0.0090093496	0.0011315107
0.079709552	0.0092224167	0.0011362339
0.079840351	0.0092716278	0.0011299818
0.07997115	0.0088354580	0.0011322168
0.080101949	0.0089707614	0.0011331157
0.080232749	0.0093383206	0.0011271520
0.080363548	0.0090675850	0.0011330426
0.080494347	0.0087201583	0.0011245071
0.080625146	0.0091618164	0.0011281402
0.080755945	0.0085465141	0.0011260837
0.080886745	0.0086856871	0.0011283935
0.081017544	0.0087134835	0.0011259160
0.081148343	0.0086850674	0.0011304430
0.081279142	0.0090442324	0.0011209901
0.081409942	0.0087904126	0.0011308774
0.081540741	0.0093425286	0.0011246006
0.08167154	0.0084698921	0.0011241674
0.081802339	0.0084031234	0.0011219459
0.081933138	0.0087964201	0.0011200142
0.082063938	0.0086485824	0.0011234784
0.082194737	0.0084945814	0.0011215256
0.082325536	0.0086489320	0.0011236489
0.082456335	0.0087115652	0.0011187221
0.082587135	0.0087898304	0.0011200240
0.082717934	0.0088393038	0.0011191849
0.082848733	0.0088405138	0.0011211570
0.082979532	0.0084291813	0.0011124993
0.083110331	0.0080283477	0.0011204783
0.083241131	0.0085900163	0.0011140935
0.08337193	0.0086427607	0.0011188612
0.083502729	0.0088923468	0.0011160659
0.083633528	0.0089900290	0.0011130104
0.083764327	0.0085194584	0.0011141138
0.083895127	0.0089516179	0.0011142204
0.084025926	0.0081955847	0.0011116349
0.084156725	0.0087053161	0.0011129794
0.084287524	0.0081670979	0.0011115951
0.084418324	0.0083073961	0.0011134185
0.084549123	0.0078132918	0.0011146235
0.084679922	0.0081717620	0.0011085136
0.084810721	0.0076863631	0.0011134999
0.08494152	0.0080280837	0.0011099277
0.08507232	0.0082069119	0.0011119109
0.085203119	0.0081185987	0.0011156383
0.085333918	0.0079277820	0.0011036375
0.085464717	0.0079606447	0.0011094975
0.085595517	0.0080500012	0.0011127925
0.085726316	0.0081862319	0.0011009862
0.085857115	0.0080676569	0.0011109321
0.085987914	0.0080154779	0.0011024717
0.086118713	0.0078758332	0.0011074206
0.086249513	0.0082348613	0.0011021881
0.086380312	0.0080573633	0.0010951905
0.086511111	0.0079565949	0.0011060215
0.08664191	0.0077874273	0.0011004225
0.08677271	0.0075196355	0.0010984925
0.086903509	0.0078046478	0.0011048001
0.087034308	0.0077148121	0.0010956316
0.087165107	0.0082452770	0.0010991913
0.087295906	0.0079154056	0.0011056048
0.087426706	0.0076873824	0.0010906133
0.087557505	0.0078068246	0.0010964566
0.087688304	0.0076604877	0.0010880897
0.087819103	0.0075664328	0.0010971263
0.087949903	0.0072529101	0.0010952989
0.088080702	0.0078278200	0.0010893485
0.088211501	0.0079652104	0.0010977970
0.0883423	0.0079131488	0.0011009076
0.088473099	0.0076868264	0.0010918083
0.088603899	0.0076638601	0.0010905438
0.088734698	0.0078306654	0.0010929372
0.088865497	0.0072511916	0.0010900491
0.088996296	0.0073828163	0.0010918337
0.089127096	0.0076823803	0.0010835391
0.089257895	0.0074690956	0.0010927438
0.089388694	0.0073806796	0.0010878068
0.089519493	0.0078907919	0.0010879733
0.089650292	0.0071531989	0.0010940744
0.089781092	0.0075773509	0.0010820149
0.089911891	0.0076976658	0.0010855632
0.09004269	0.0078682408	0.0010859117
0.090173489	0.0070989521	0.0010813937
0.090304288	0.0072148378	0.0010878985
0.090435088	0.0070744773	0.0010795459
0.090565887	0.0076103836	0.0010827977
0.090696686	0.0072533151	0.0010865659
0.090827485	0.0077916315	0.0010823216
0.090958285	0.0074903913	0.0010823635
0.091089084	0.0070643467	0.0010877651
0.091219883	0.0070225350	0.0010805983
0.091350682	0.0075164899	0.0010832577
0.091481481	0.0076140029	0.0010806647
0.091612281	0.0072850773	0.0011005495
0.09174308	0.0070753606	0.0011179648
0.091873879	0.0071089470	0.0011159242
0.092004678	0.0072932746	0.0011307303
0.092135478	0.0068126544	0.0011341273
0.092266277	0.0067792149	0.0011387453
0.092397076	0.0073377241	0.0011468464
0.092527875	0.0073182590	0.0011469442
0.092658674	0.0070612713	0.0011499997
0.092789474	0.0074892621	0.0011559842
0.092920273	0.0066968967	0.0011290379
0.093051072	0.0075026659	0.0011205114
0.093181871	0.0070805271	0.0011115917
0.093312671	0.0072197731	0.0011140749
0.09344347	0.0068720806	0.0011108543
0.093574269	0.0069049486	0.0011019140
0.093705068	0.0070217726	0.0011092207
0.093835867	0.0066223866	0.0010990884
0.093966667	0.0068818404	0.0011024754
0.094097466	0.0067559637	0.0010980555
0.094228265	0.0067599876	0.0010932826
0.094359064	0.0069731326	0.0010980133
0.094489864	0.0069553093	0.0010938163
0.094620663	0.0069568152	0.0010967648
0.094751462	0.0064430789	0.0010937139
0.094882261	0.0066489319	0.0010861160
0.09501306	0.0072747107	0.0010909338
0.09514386	0.0075598554	0.0010903613
0.095274659	0.0070001352	0.0010845843
0.095405458	0.0066720414	0.0010896761
0.095536257	0.0062964534	0.0010819476
0.095667057	0.0069486270	0.0010862696
0.095797856	0.0066649758	0.0010872089
0.095928655	0.0068144779	0.0010777282
0.096059454	0.0066962549	0.0010854582
0.096190253	0.0067163171	0.0010767374
0.096321053	0.0066923253	0.0010784548
0.096451852	0.0069722411	0.0010783224
0.096582651	0.0069461805	0.0010803588
0.09671345	0.0068632394	0.0010801325
0.09684425	0.0061744275	0.0010796877
0.096975049	0.0066653748	0.0010715131
0.097105848	0.0064894515	0.0010770679
0.097236647	0.0063586602	0.0010716052
0.097367446	0.0067263400	0.0010737685
0.097498246	0.0066657769	0.0010714069
0.097629045	0.0065021768	0.0010650040
0.097759844	0.0061726100	0.0010713963
0.097890643	0.0063105470	0.0010653173
0.098021442	0.0061532171	0.0010636322
0.098152242	0.0063269874	0.0010688570
0.098283041	0.0062621065	0.0010540818
0.09841384	0.0064671315	0.0010566437
0.098544639	0.0065331068	0.0010618493
0.098675439	0.0065415788	0.0010536409
0.098806238	0.0059450922	0.0010555990
0.098937037	0.0062118335	0.0010473757
0.099067836	0.0061362863	0.0010497991
0.099198635	0.0057070090	0.0010561941
0.099329435	0.0061439391	0.0010478505
0.099460234	0.0063211129	0.0010547823
0.099591033	0.0061296472	0.0010494420
0.099721832	0.0062967768	0.0010459384
0.099852632	0.0061888954	0.0010532776
0.099983431	0.0061648289	0.0010489644
0.10011423	0.0065584866	0.0010545086
0.10024503	0.0064340570	0.0010522897
0.10037583	0.0064986093	0.0010437355
0.10050663	0.0062421620	0.0010523217
0.10063743	0.0066308356	0.0010490191
0.10076823	0.0058535218	0.0010450872
0.10089903	0.0060568928	0.0010515545
0.10102982	0.0058544468	0.0010440039
0.10116062	0.0052873234	0.0010444508
0.10129142	0.0057977154	0.0010512720
0.10142222	0.0059999748	0.0010442433
0.10155302	0.0057029234	0.0010499366
0.10168382	0.0058171799	0.0010393736
0.10181462	0.0057893831	0.0010435200
0.10194542	0.0060313297	0.0010482936
0.10207622	0.0059262269	0.0010396388
0.10220702	0.0058892227	0.0010431317
0.10233782	0.0060831088	0.0010412432
0.10246862	0.0063885997	0.0010423892
0.10259942	0.0056572649	0.0010447297
0.10273021	0.0056874791	0.0010379644
0.10286101	0.0058074610	0.0010401952
0.10299181	0.0059537821	0.0010392022
0.10312261	0.0057644864	0.0010331808
0.10325341	0.0057660186	0.0010424918
0.10338421	0.0058564884	0.0010371026
0.10351501	0.0058084980	0.0010352890
0.10364581	0.0061603877	0.0010378968
0.10377661	0.0056590304	0.0010301877
0.10390741	0.0057894815	0.0010368585
0.10403821	0.0057525062	0.0010362648
0.10416901	0.0056208463	0.0010312318
0.10429981	0.0058256709	0.0010370550
0.1044306	0.0063087536	0.0010252251
0.1045614	0.0054413511	0.0010332190
0.1046922	0.0056054219	0.0010327068
0.104823	0.0054946110	0.0010285321
0.1049538	0.0054785093	0.0010316951
0.1050846	0.0055609110	0.0010290742
0.1052154	0.0056524651	0.0010316764
0.1053462	0.0053874040	0.0010335876
0.105477	0.0060657692	0.0010240597
0.1056078	0.0059812720	0.0010262435
0.1057386	0.0057761891	0.0010272895
0.1058694	0.0054733542	0.0010284873
0.10600019	0.0059626383	0.0010320424
0.10613099	0.0057999911	0.0010283719
0.10626179	0.0053639894	0.0010247656
0.10639259	0.0059546843	0.0010282672
0.10652339	0.0052763590	0.0010236580
0.10665419	0.0052371489	0.0010253742
0.10678499	0.0057999529	0.0010335224
0.10691579	0.0052515183	0.0010491751
0.10704659	0.0053555764	0.0010604092
0.10717739	0.0052326266	0.0010583589
0.10730819	0.0051579162	0.0010713813
0.10743899	0.0053214123	0.0010762956
0.10756979	0.0060066034	0.0010793610
0.10770058	0.0058968857	0.0010843291
0.10783138	0.0056587193	0.0010824774
0.10796218	0.0053178779	0.0010922033
0.10809298	0.0055909253	0.0010980001
0.10822378	0.0053700544	0.0010978628
0.10835458	0.0055123145	0.0011102439
0.10848538	0.0053620247	0.0011052898
0.10861618	0.0055118252	0.0011064338
0.10874698	0.0054728466	0.0011188847
0.10887778	0.0056276797	0.0011095398
0.10900858	0.0051898773	0.0011262932
0.10913938	0.0052540299	0.0011208129
0.10927018	0.0054622389	0.0011207519
0.10940097	0.0055918219	0.0011307420
0.10953177	0.0054176901	0.0011279067
0.10966257	0.0046789272	0.0011380463
0.10979337	0.0059829852	0.0011353343
0.10992417	0.0051429383	0.0011299030
0.11005497	0.0056374983	0.0011401260
0.11018577	0.0049154043	0.0011441991
0.11031657	0.0053493580	0.0011476776
0.11044737	0.0053682295	0.0011536239
0.11057817	0.0057582002	0.0011445954
0.11070897	0.0049847801	0.0011556595
0.11083977	0.0050285302	0.0011564837
0.11097057	0.0050857179	0.0011608686
0.11110136	0.0050685026	0.0011638817
0.11123216	0.0057109851	0.0011526208
0.11136296	0.0050954696	0.0011656039
0.11149376	0.0052115743	0.0011699627
0.11162456	0.0054614735	0.0011689757
0.11175536	0.0053264170	0.0011484952
0.11188616	0.0050185087	0.0011233697
0.11201696	0.0050526867	0.0011190776
0.11214776	0.0046867388	0.0011208156
0.11227856	0.0055007424	0.0011103928
0.11240936	0.0049553582	0.0011132937
0.11254016	0.0053457190	0.0011008900
0.11267096	0.0048740324	0.0010971651
0.11280175	0.0056813035	0.0010990862
0.11293255	0.0057883681	0.0010913058
0.11306335	0.0050594127	0.0010886917
0.11319415	0.0052899452	0.0010915835
0.11332495	0.0049298241	0.0010750412
0.11345575	0.0051706189	0.0010862900
0.11358655	0.0050273356	0.0010790099
0.11371735	0.0050543570	0.0010784880
0.11384815	0.0052973287	0.0010797041
0.11397895	0.0053353508	0.0010708758
0.11410975	0.0047134761	0.0010734814
0.11424055	0.0047051280	0.0010715115
0.11437135	0.0050481562	0.0010687796
0.11450214	0.0048544770	0.0010742773
0.11463294	0.0046630667	0.0010651266
0.11476374	0.0051265262	0.0010592607
0.11489454	0.0044052940	0.0010704583
0.11502534	0.0048961748	0.0010559916
0.11515614	0.0051105612	0.0010615053
0.11528694	0.0051070836	0.0010553898
0.11541774	0.0048444416	0.0010516984
0.11554854	0.0049007665	0.0010587921
0.11567934	0.0045036491	0.0010519059
0.11581014	0.0050131370	0.0010558481
0.11594094	0.0048076072	0.0010531215
0.11607173	0.0046518754	0.0010463232
0.11620253	0.0044764519	0.0010521961
0.11633333	0.0047326004	0.0010439481
0.11646413	0.0046942385	0.0010471494
0.11659493	0.0050762333	0.0010479456
0.11672573	0.0043265897	0.0010381610
0.11685653	0.0047319398	0.0010409888
0.11698733	0.0045041939	0.0010350690
0.11711813	0.0051264608	0.0010408590
0.11724893	0.0050008819	0.0010356298
0.11737973	0.0043138580	0.0010297034
0.11751053	0.0046471411	0.0010289891
0.11764133	0.0044361029	0.0010329848
0.11777212	0.0046603260	0.0010267590
0.11790292	0.0048326199	0.0010315888
0.11803372	0.0043925996	0.0010233144
0.11816452	0.0042452647	0.0010243930
0.11829532	0.0049414978	0.0010243637
0.11842612	0.0044241770	0.0010176463
0.11855692	0.0046473343	0.0010216071
0.11868772	0.0044338035	0.0010201232
0.11881852	0.0049371260	0.0010154581
0.11894932	0.0047951766	0.0010165658
0.11908012	0.0045984031	0.0010114793
0.11921092	0.0049262999	0.0010136222
0.11934172	0.0045661555	0.0010151490
0.11947251	0.0041792955	0.0010051091
0.11960331	0.0043587606	0.0010126058
0.11973411	0.0044172555	0.0010027132
0.11986491	0.0044533183	0.0010090293
0.11999571	0.0042689537	0.0010055092
0.12012651	0.0046896055	0.0010012015
0.12025731	0.0042098530	0.0010032106
0.12038811	0.0038408833	0.0009964647
0.12051891	0.0042296859	0.0009984001
0.12064971	0.0045985406	0.0010008897
0.12078051	0.0046451574	0.0009912189
0.12091131	0.0043528573	0.0009949454
0.12104211	0.0044167761	0.0009926936
0.1211729	0.0046196252	0.0009931539
0.1213037	0.0046511241	0.0009939935
0.1214345	0.0045693610	0.0009875616
0.1215653	0.0041583743	0.0009923793
0.1216961	0.0043501810	0.0009923767
0.1218269	0.0043663041	0.0009875282
0.1219577	0.0044048189	0.0009914271
0.1220885	0.0045069745	0.0009891053
0.1222193	0.0040952749	0.0009869768
0.1223501	0.0044273161	0.0009933191
0.1224809	0.0048566934	0.0009841223
0.1226117	0.0043468081	0.0009927533
0.1227425	0.0043644366	0.0009874204
0.12287329	0.0043626395	0.0009841908
0.12300409	0.0046171222	0.0009871379
0.12313489	0.0041010247	0.0009850535
0.12326569	0.0044263871	0.0009856559
0.12339649	0.0038167245	0.0009874469
0.12352729	0.0046236997	0.0009821809
0.12365809	0.0045093459	0.0009821819
0.12378889	0.0042755662	0.0009845689
0.12391969	0.0045957140	0.0009803763
0.12405049	0.0039701538	0.0009825215
0.12418129	0.0042539639	0.0009805662
0.12431209	0.0039344709	0.0009852694
0.12444288	0.0041462462	0.0009805397
0.12457368	0.0041783490	0.0009805276
0.12470448	0.0042037520	0.0009818432
0.12483528	0.0041817796	0.0009775337
0.12496608	0.0042821328	0.0009791570
0.12509688	0.0045785531	0.0009776107
0.12522768	0.0041510418	0.0009749747
0.12535848	0.0042774361	0.0009797159
0.12548928	0.0037144395	0.0009782099
0.12562008	0.0040684871	0.0009750429
0.12575088	0.0043051254	0.0009791033
0.12588168	0.0043748637	0.0009722317
0.12601248	0.0042272749	0.0009782233
0.12614327	0.0041928648	0.0009747161
0.12627407	0.0044589755	0.0009712437
0.12640487	0.0040665401	0.0009747771
0.12653567	0.0040131383	0.0009709706
0.12666647	0.0040291874	0.0009747452
0.12679727	0.0042898079	0.0009757729
0.12692807	0.0040946029	0.0009664996
0.12705887	0.0038160660	0.0009709265
0.12718967	0.0037960982	0.0009675540
0.12732047	0.0045023251	0.0009655695
0.12745127	0.0042884887	0.0009704392
0.12758207	0.0040532251	0.0009659165
0.12771287	0.0041581309	0.0009658910
0.12784366	0.0041140468	0.0009652207
0.12797446	0.0041975884	0.0009650045
0.12810526	0.0036522415	0.0009672899
0.12823606	0.0038965415	0.0009635695
0.12836686	0.0039234643	0.0009652018
0.12849766	0.0043900742	0.0009707686
0.12862846	0.0037246515	0.0009625177
0.12875926	0.0041826819	0.0009642828
0.12889006	0.0038313562	0.0009630065
0.12902086	0.0042783116	0.0009632233
0.12915166	0.0040700328	0.0009621785
0.12928246	0.0039938361	0.0009604393
0.12941326	0.0039860460	0.0009626551
0.12954405	0.0041949151	0.0009623289
0.12967485	0.0038186098	0.0009623961
0.12980565	0.0038613338	0.0009617204
0.12993645	0.0044911609	0.0009581976
0.13006725	0.0040143018	0.0009590143
0.13019805	0.0040414733	0.0009614546
0.13032885	0.0040090834	0.0009567899
0.13045965	0.0040304502	0.0009580360
0.13059045	0.0038957301	0.0009588509
0.13072125	0.0037564971	0.0009570596
0.13085205	0.0040768834	0.0009596792
0.13098285	0.0037508161	0.0009540854
0.13111365	0.0035123956	0.0009611728
0.13124444	0.0038914404	0.0009585555
0.13137524	0.0039304811	0.0009532118
0.13150604	0.0040028556	0.0009572013
0.13163684	0.0035197185	0.0009579002
0.13176764	0.0037761682	0.0009542343
0.13189844	0.0036945262	0.0009570701
0.13202924	0.0037651421	0.0009544121
0.13216004	0.0038779082	0.0009558712
0.13229084	0.0037936157	0.0009504922
0.13242164	0.0039941472	0.0009545556
0.13255244	0.0039198993	0.0009502070
0.13268324	0.0041932687	0.0009490802
0.13281404	0.0039334224	0.0009519199
0.13294483	0.0036240179	0.0009510483
0.13307563	0.0037831514	0.0009481511
0.13320643	0.0035544761	0.0009529684
0.13333723	0.0034619709	0.0009507998
0.13346803	0.0034505365	0.0009543539
0.13359883	0.0039631203	0.0009526300
0.13372963	0.0034689096	0.0009442365
0.13386043	0.0036581519	0.0009477112
0.13399123	0.0037554139	0.0009450030
0.13412203	0.0037809220	0.0009466088
0.13425283	0.0033710998	0.0009477444
0.13438363	0.0038642080	0.0009444714
0.13451442	0.0036609868	0.0009513844
0.13464522	0.0036550283	0.0009454245
0.13477602	0.0037376251	0.0009399432
0.13490682	0.0033565796	0.0009497598
0.13503762	0.0038889059	0.0009404496
0.13516842	0.0037164009	0.0009420399
0.13529922	0.0035601302	0.0009452609
0.13543002	0.0032448466	0.0009402744
0.13556082	0.0033903171	0.0009460450
0.13569162	0.0035741888	0.0009410222
0.13582242	0.0037129692	0.0009425883
0.13595322	0.0035435953	0.0009428327
0.13608402	0.0034728506	0.0009421645
0.13621481	0.0033003085	0.0009427803
0.13634561	0.0032966051	0.0009387907
0.13647641	0.0034177237	0.0009379388
0.13660721	0.0034269988	0.0009428850
0.13673801	0.0037931556	0.0009361576
0.13686881	0.0036585620	0.0009403897
0.13699961	0.0035368218	0.0009452999
0.13713041	0.0035992293	0.0009352600
0.13726121	0.0037521485	0.0009397173
0.13739201	0.0032718662	0.0009362416
0.13752281	0.0036781773	0.0009407538
0.13765361	0.0034458482	0.0009404203
0.13778441	0.0035078990	0.0009338140
0.1379152	0.0032604817	0.0009350826
0.138046	0.0030433385	0.0009339636
0.1381768	0.0034265953	0.0009312526
0.1383076	0.0035187058	0.0009358748
0.1384384	0.0033854299	0.0009329273
0.1385692	0.0034638350	0.0009362363
0.1387	0.0032234512	0.0009351102
0.1388308	0.0036586669	0.0009296148
0.1389616	0.0031896175	0.0009392969
0.1390924	0.0040923420	0.0009279064
0.1392232	0.0035716627	0.0009301103
0.139354	0.0031150896	0.0009321289
0.1394848	0.0038850012	0.0009288977
0.13961559	0.0031981427	0.0009289463
0.13974639	0.0034564217	0.0009353248
0.13987719	0.0037711417	0.0009279849
0.14000799	0.0036104257	0.0009318311
0.14013879	0.0036552660	0.0009261829
0.14026959	0.0036527569	0.0009316594
0.14040039	0.0032687439	0.0009316289
0.14053119	0.0035207905	0.0009265962
0.14066199	0.0034864392	0.0009307843
0.14079279	0.0035840833	0.0009249125
0.14092359	0.0032850697	0.0009245206
0.14105439	0.0034797645	0.0009275720
0.14118519	0.0036422690	0.0009221925
0.14131598	0.0034594927	0.0009243717
0.14144678	0.0033888878	0.0009214786
0.14157758	0.0032108738	0.0009210287
0.14170838	0.0034371018	0.0009271356
0.14183918	0.0033497228	0.0009200723
0.14196998	0.0034662133	0.0009206977
0.14210078	0.0033944874	0.0009214113
0.14223158	0.0029379079	0.0009189910
0.14236238	0.0032010773	0.0009207512
0.14249318	0.0030993867	0.0009209225
0.14262398	0.0030550074	0.0009185998
0.14275478	0.0033953914	0.0009216190
0.14288558	0.0033137668	0.0009137136
0.14301637	0.0032648462	0.0009208033
0.14314717	0.0031265390	0.0009221849
0.14327797	0.0035274333	0.0009179846
0.14340877	0.0036764837	0.0009211575
0.14353957	0.0034564771	0.0009168493
0.14367037	0.0027639213	0.0009203063
0.14380117	0.0032034594	0.0009180931
0.14393197	0.0035377362	0.0009134523
0.14406277	0.0034522529	0.0009152082
0.14419357	0.0034492683	0.0009144923
0.14432437	0.0032136277	0.0009151213
0.14445517	0.0030163054	0.0009177725
0.14458596	0.0030996849	0.0009135939
0.14471676	0.0032981947	0.0009136719
0.14484756	0.0033026736	0.0009161818
0.14497836	0.0032595492	0.0009139634
0.14510916	0.0032460859	0.0009154764
0.14523996	0.0033245860	0.0009125228
0.14537076	0.0031372863	0.0009182061
0.14550156	0.0033078381	0.0009108889
0.14563236	0.0031213359	0.0009117761
0.14576316	0.0031170017	0.0009174232
0.14589396	0.0032563712	0.0009163339
0.14602476	0.0029752411	0.0009124476
0.14615556	0.0036270602	0.0009156329
0.14628635	0.0032092543	0.0009087948
0.14641715	0.0031891831	0.0009132987
0.14654795	0.0028111676	0.0009147435
0.14667875	0.0029521368	0.0009112843
0.14680955	0.0031447897	0.0009129552
0.14694035	0.0032989455	0.0009076463
0.14707115	0.0033193622	0.0009104741
0.14720195	0.0036129776	0.0009154439
0.14733275	0.0032563826	0.0009091160
0.14746355	0.0030788921	0.0009149951
0.14759435	0.0030498479	0.0009089854
0.14772515	0.0028680283	0.0009072550
0.14785595	0.0031862406	0.0009134305
0.14798674	0.0031812572	0.0009064382
0.14811754	0.0028798982	0.0009147628
0.14824834	0.0027268193	0.0009045264
0.14837914	0.0031405636	0.0009089542
0.14850994	0.0025436791	0.0009084223
0.14864074	0.0029042234	0.0009087684
0.14877154	0.0030490837	0.0009092738
0.14890234	0.0029534631	0.0009068363
0.14903314	0.0032612139	0.0009002860
0.14916394	0.0031764215	0.0009078800
0.14929474	0.0033695539	0.0009057849
0.14942554	0.0028986321	0.0009064567
0.14955634	0.0028744863	0.0009060186
0.14968713	0.0029358760	0.0008985542
0.14981793	0.0027015187	0.0009095375
0.14994873	0.0032976482	0.0009069488
0.15007953	0.0031434855	0.0009035225
0.15021033	0.0028529059	0.0009058303
0.15034113	0.0029612281	0.0009021079
0.15047193	0.0032597777	0.0009001527
0.15060273	0.0028612177	0.0009099432
0.15073353	0.0027182205	0.0008993276
0.15086433	0.0031397248	0.0009057014
0.15099513	0.0029808644	0.0008995043
0.15112593	0.0029686679	0.0009017783
0.15125673	0.0026811386	0.0009012311
0.15138752	0.0029532703	0.0009016532
0.15151832	0.0028513207	0.0009006526
0.15164912	0.0030498675	0.0009012229
0.15177992	0.0029884504	0.0008967992
0.15191072	0.0030789864	0.0008997336
0.15204152	0.0029362087	0.0009025638
0.15217232	0.0029310430	0.0008981112
0.15230312	0.0030508079	0.0009002073
0.15243392	0.0027829668	0.0008952578
0.15256472	0.0030931220	0.0008978230
0.15269552	0.0022051298	0.0008990407
0.15282632	0.0026881881	0.0008971665
0.15295712	0.0029697322	0.0008981604
0.15308791	0.0027627138	0.0008958395
0.15321871	0.0027365620	0.0008937887
0.15334951	0.0028616797	0.0008969772
0.15348031	0.0028531680	0.0008939460
0.15361111	0.0029558568	0.0008963009
0.15374191	0.0026607363	0.0008951504
0.15387271	0.0025541832	0.0008961328
0.15400351	0.0029316311	0.0008960965
0.15413431	0.0028824831	0.0008955010
0.15426511	0.0026003852	0.0008966757
0.15439591	0.0025487633	0.0008943617
0.15452671	0.0028176873	0.0008933334
0.1546575	0.0029390989	0.0008908922
0.1547883	0.0024404163	0.0008988236
0.1549191	0.0030303499	0.0008924817
0.1550499	0.0025110518	0.0008927276
0.1551807	0.0028400359	0.0008905617
0.1553115	0.0025040036	0.0008923597
0.1554423	0.0026922139	0.0008915664
0.1555731	0.0028018380	0.0008902281
0.1557039	0.0028068200	0.0008899570
0.1558347	0.0026098560	0.0008876008
0.1559655	0.0031300002	0.0008875758
0.1560963	0.0028761177	0.0008898545
0.1562271	0.0029585550	0.0008905497
0.15635789	0.0030442729	0.0008871722
0.15648869	0.0024953598	0.0008861795
0.15661949	0.0027904562	0.0008855759
0.15675029	0.0029850109	0.0008916991
0.15688109	0.0029914228	0.0008838599
0.15701189	0.0028859751	0.0008876385
0.15714269	0.0028097286	0.0008839607
0.15727349	0.0027020690	0.0008845999
0.15740429	0.0029335607	0.0008857642
0.15753509	0.0027008710	0.0008856632
0.15766589	0.0028525685	0.0008870105
0.15779669	0.0026200506	0.0008829657
0.15792749	0.0024103462	0.0008867838
0.15805828	0.0024980263	0.0008844026
0.15818908	0.0028401032	0.0008826249
0.15831988	0.0028099459	0.0008856240
0.15845068	0.0028349130	0.0008827701
0.15858148	0.0028187330	0.0008799175
0.15871228	0.0025197519	0.0008834488
0.15884308	0.0026043274	0.0008810487
0.15897388	0.0027706493	0.0008834867
0.15910468	0.0024445600	0.0008843826
0.15923548	0.0027750469	0.0008790884
0.15936628	0.0026391054	0.0008804319
0.15949708	0.0025970536	0.0008814576
0.15962788	0.0024532710	0.0008818711
0.15975867	0.0029939687	0.0008817382
0.15988947	0.0029174279	0.0008805847
0.16002027	0.0027429275	0.0008786667
0.16015107	0.0026664048	0.0008786389
0.16028187	0.0026423044	0.0008800361
0.16041267	0.0027866994	0.0008838085
0.16054347	0.0026599166	0.0008757551
0.16067427	0.0027304562	0.0008790666
0.16080507	0.0026069748	0.0008817155
0.16093587	0.0025522047	0.0008781737
0.16106667	0.0020888652	0.0008811301
0.16119747	0.0022775417	0.0008732401
0.16132827	0.0030117612	0.0008763628
0.16145906	0.0027518909	0.0008766213
0.16158986	0.0027092820	0.0008712306
0.16172066	0.0025193440	0.0008762513
0.16185146	0.0026100122	0.0008760997
0.16198226	0.0025075570	0.0008725900
0.16211306	0.0026989148	0.0008759264
0.16224386	0.0029064426	0.0008693035
0.16237466	0.0027274863	0.0008731442
0.16250546	0.0030632281	0.0008750158
0.16263626	0.0028574479	0.0008671583
0.16276706	0.0028716460	0.0008735009
0.16289786	0.0027192364	0.0008689025
0.16302865	0.0027265593	0.0008707123
0.16315945	0.0021842077	0.0008744851
0.16329025	0.0025063671	0.0008671226
0.16342105	0.0027502253	0.0008717211
0.16355185	0.0028537933	0.0008697930
0.16368265	0.0026799163	0.0008685584
0.16381345	0.0026717341	0.0008721662
0.16394425	0.0026175069	0.0008670673
0.16407505	0.0028600874	0.0008719270
0.16420585	0.0024350649	0.0008733035
0.16433665	0.0027556974	0.0008649188
0.16446745	0.0025231413	0.0008685928
0.16459825	0.0025904664	0.0008666477
0.16472904	0.0029539112	0.0008686567
0.16485984	0.0027259544	0.0008690944
0.16499064	0.0026362030	0.0008630013
0.16512144	0.0027039590	0.0008676834
0.16525224	0.0023752842	0.0008667818
0.16538304	0.0024092649	0.0008640127
0.16551384	0.0025959145	0.0008699132
0.16564464	0.0023407865	0.0008636199
0.16577544	0.0024510017	0.0008678955
0.16590624	0.0023584438	0.0008695141
0.16603704	0.0023073189	0.0008644166
0.16616784	0.0020212492	0.0008653420
0.16629864	0.0025415489	0.0008637464
0.16642943	0.0024816644	0.0008621304
0.16656023	0.0023522639	0.0008685009
0.16669103	0.0026754073	0.0008596056
0.16682183	0.0027312545	0.0008684723
0.16695263	0.0023287489	0.0008649473
0.16708343	0.0021043811	0.0008602615
0.16721423	0.0025973560	0.0008659420
0.16734503	0.0024892517	0.0008611728
0.16747583	0.0023173496	0.0008636474
0.16760663	0.0022744480	0.0008621829
0.16773743	0.0021753798	0.0008589434
0.16786823	0.0023933282	0.0008623274
0.16799903	0.0021753127	0.0008603373
0.16812982	0.0026111655	0.0008596429
0.16826062	0.0017831635	0.0008669990
0.16839142	0.0026831179	0.0008597530
0.16852222	0.0021815017	0.0008599238
0.16865302	0.0021873434	0.0008620603
0.16878382	0.0027520497	0.0008582727
0.16891462	0.0020584301	0.0008622003
0.16904542	0.0025483728	0.0008580799
0.16917622	0.0027031562	0.0008613243
0.16930702	0.0023586425	0.0008596009
0.16943782	0.0022276460	0.0008546252
0.16956862	0.0021642718	0.0008586006
0.16969942	0.0022473628	0.0008573148
0.16983021	0.0025809708	0.0008573509
0.16996101	0.0024672945	0.0008560863
0.17009181	0.0026920850	0.0008516853
0.17022261	0.0024255829	0.0008573322
0.17035341	0.0022207822	0.0008566679
0.17048421	0.0025507637	0.0008548979
0.17061501	0.0020899609	0.0008567261
0.17074581	0.0021270617	0.0008514134
0.17087661	0.0023501743	0.0008551943
0.17100741	0.0026036932	0.0008588622
0.17113821	0.0023425485	0.0008529050
0.17126901	0.0024427796	0.0008538623
0.17139981	0.0022609649	0.0008507003
0.1715306	0.0021413129	0.0008535226
0.1716614	0.0023481704	0.0008595153
0.1717922	0.0020278252	0.0008502719
0.171923	0.0026693643	0.0008547105
0.1720538	0.0024077207	0.0008490365
0.1721846	0.0019669458	0.0008530876
0.1723154	0.0025865491	0.0008517658
0.1724462	0.0024440374	0.0008512842
0.172577	0.0023088527	0.0008543768
0.1727078	0.0023788315	0.0008517476
0.1728386	0.0024910165	0.0008479659
0.1729694	0.0023144489	0.0008501278
0.17310019	0.0023766584	0.0008495391
0.17323099	0.0024410996	0.0008498977
0.17336179	0.0022389865	0.0008519014
0.17349259	0.0026044778	0.0008441569
0.17362339	0.0021720402	0.0008481765
0.17375419	0.0022441833	0.0008455609
0.17388499	0.0023802869	0.0008475363
0.17401579	0.0020174503	0.0008474970
0.17414659	0.0025616694	0.0008429336
0.17427739	0.0021922601	0.0008460557
0.17440819	0.0022638757	0.0008487677
0.17453899	0.0021421139	0.0008432406
0.17466979	0.0023381539	0.0008481878
0.17480058	0.0026170894	0.0008420941
0.17493138	0.0023771735	0.0008455007
0.17506218	0.0022155221	0.0008460942
0.17519298	0.0022985019	0.0008412884
0.17532378	0.0026522654	0.0008434471
0.17545458	0.0024374974	0.0008413722
0.17558538	0.0021591444	0.0008422827
0.17571618	0.0023182089	0.0008454880
0.17584698	0.0021495164	0.0008438125
0.17597778	0.0023802013	0.0008412298
0.17610858	0.0018534508	0.0008455181
0.17623938	0.0021743026	0.0008374713
0.17637018	0.0023643460	0.0008459288
0.17650097	0.0021364209	0.0008396549
0.17663177	0.0025595537	0.0008406576
0.17676257	0.0021691644	0.0008464759
0.17689337	0.0022597088	0.0008354452
0.17702417	0.0021823021	0.0008420699
0.17715497	0.0019330541	0.0008421537
0.17728577	0.0023890485	0.0008413504
0.17741657	0.0022658996	0.0008437436
0.17754737	0.0019732539	0.0008338933
0.17767817	0.0021456450	0.0008364241
0.17780897	0.0021163403	0.0008402542
0.17793977	0.0022621978	0.0008376844
0.17807057	0.0022675539	0.0008398776
0.17820136	0.0022664164	0.0008323473
0.17833216	0.0024063758	0.0008378749
0.17846296	0.0019576273	0.0008415139
0.17859376	0.0018405092	0.0008382195
0.17872456	0.0019927851	0.0008386265
0.17885536	0.0017766924	0.0008357108
0.17898616	0.0026006432	0.0008320341
0.17911696	0.0020817547	0.0008373348
0.17924776	0.0022011506	0.0008348250
0.17937856	0.0023419989	0.0008380079
0.17950936	0.0023043111	0.0008367850
0.17964016	0.0021008455	0.0008298534
0.17977096	0.0019716746	0.0008369023
0.17990175	0.0015862443	0.0008332600
0.18003255	0.0022928447	0.0008380160
0.18016335	0.0024196795	0.0008350655
0.18029415	0.0023404572	0.0008288744
0.18042495	0.0023911099	0.0008268586
0.18055575	0.0019340598	0.0008463729
0.18068655	0.0025178562	0.0008530303
0.18081735	0.0020149829	0.0008635870
0.18094815	0.0020992184	0.0008607618
0.18107895	0.0019328865	0.0008682433
0.18120975	0.0024146889	0.0008739765
0.18134055	0.0024969331	0.0008733255
0.18147135	0.0022102113	0.0008819969
0.18160214	0.0020196724	0.0008807393
0.18173294	0.0023968221	0.0008824217
0.18186374	0.0018267893	0.0008899648
0.18199454	0.0018596036	0.0008892548
0.18212534	0.0018598413	0.0008952339
0.18225614	0.0019910017	0.0008964165
0.18238694	0.0021636913	0.0008976152
0.18251774	0.0024718195	0.0009044737
0.18264854	0.0022797065	0.0009007013
0.18277934	0.0022000192	0.0009085673
0.18291014	0.0020253051	0.0009066666
0.18304094	0.0017922577	0.0009085173
0.18317173	0.0018438508	0.0009120220
0.18330253	0.0021056173	0.0009125061
0.18343333	0.0025430187	0.0009201492
0.18356413	0.0022847655	0.0009228935
0.18369493	0.0017763299	0.0009194462
0.18382573	0.0019968547	0.0009208112
0.18395653	0.0020737623	0.0009233620
0.18408733	0.0017084762	0.0009236521
0.18421813	0.0023264674	0.0009289928
0.18434893	0.0019347519	0.0009242434
0.18447973	0.0023099762	0.0009317834
0.18461053	0.0022055109	0.0009313326
0.18474133	0.0019445678	0.0009309736
0.18487212	0.0020260092	0.0009375700
0.18500292	0.0022212331	0.0009369651
0.18513372	0.0023977801	0.0009386561
0.18526452	0.0019039134	0.0009441362
0.18539532	0.0016878491	0.0009385528
0.18552612	0.0021005983	0.0009228771
0.18565692	0.0018665883	0.0009056777
0.18578772	0.0019706143	0.0009046400
0.18591852	0.0020093236	0.0009042253
0.18604932	0.0018369386	0.0008988276
0.18618012	0.0021360411	0.0008974537
0.18631092	0.0017684947	0.0008929814
0.18644172	0.0016237752	0.0008921337
0.18657251	0.0019739091	0.0008865009
0.18670331	0.0018889013	0.0008835701
0.18683411	0.0021531800	0.0008850698
0.18696491	0.0019688234	0.0008819481
0.18709571	0.0017203746	0.0008730175
0.18722651	0.0020199612	0.0008771429
0.18735731	0.0019931931	0.0008712540
0.18748811	0.0017941354	0.0008696325
0.18761891	0.0021321010	0.0008712932
0.18774971	0.0021907077	0.0008648288
0.18788051	0.0020023146	0.0008668975
0.18801131	0.0018810935	0.0008629240
0.18814211	0.0018540236	0.0008631117
0.1882729	0.0019016475	0.0008617738
0.1884037	0.0017109671	0.0008565759
0.1885345	0.0022295036	0.0008575718
0.1886653	0.0016505401	0.0008576786
0.1887961	0.0023201137	0.0008510625
0.1889269	0.0021468638	0.0008547663
0.1890577	0.0020369856	0.0008503306
0.1891885	0.0023334713	0.0008494371
0.1893193	0.0017976423	0.0008497722
0.1894501	0.0017410684	0.0008464189
0.1895809	0.0023538436	0.0008455642
0.1897117	0.0017838771	0.0008437600
0.1898425	0.0019849171	0.0008431718
0.18997329	0.0022070208	0.0008439131
0.19010409	0.0020060446	0.0008415898
0.19023489	0.0020211927	0.0008443146
0.19036569	0.0018826623	0.0008396839
0.19049649	0.0020536262	0.0008343491
0.19062729	0.0019789837	0.0008382580
0.19075809	0.0021185843	0.0008360117
0.19088889	0.0020084538	0.0008364433
0.19101969	0.0023638975	0.0008341715
0.19115049	0.0021230093	0.0008283274
0.19128129	0.0018658573	0.0008378048
0.19141209	0.0014949013	0.0008311929
0.19154288	0.0019141109	0.0008305907
0.19167368	0.0021521242	0.0008329577
0.19180448	0.0018827945	0.0008274582
0.19193528	0.0019223792	0.0008298953
0.19206608	0.0019442751	0.0008320841
0.19219688	0.0019277186	0.0008266716
0.19232768	0.0020996991	0.0008286471
0.19245848	0.0017930879	0.0008261864
0.19258928	0.0019289190	0.0008278781
0.19272008	0.0016159271	0.0008285710
0.19285088	0.0021938166	0.0008255059
0.19298168	0.0017920918	0.0008267420
0.19311248	0.0022690797	0.0008220398
0.19324327	0.0020164753	0.0008275113
0.19337407	0.0018420336	0.0008273601
0.19350487	0.0019498118	0.0008234616
0.19363567	0.0019375601	0.0008259685
0.19376647	0.0016642847	0.0008258234
0.19389727	0.0017930167	0.0008234719
0.19402807	0.0021487638	0.0008259108
0.19415887	0.0020374105	0.0008226366
0.19428967	0.0018452237	0.0008233635
0.19442047	0.0018846141	0.0008255061
0.19455127	0.0017794897	0.0008209814
0.19468207	0.0017824001	0.0008243146
0.19481287	0.0022321528	0.0008214146
0.19494366	0.0014767284	0.0008209261
0.19507446	0.0017488551	0.0008232129
0.19520526	0.0018599918	0.0008187427
0.19533606	0.0016796697	0.0008245616
0.19546686	0.0019885641	0.0008203555
0.19559766	0.0025311156	0.0008196945
0.19572846	0.0021458104	0.0008225212
0.19585926	0.0016707114	0.0008148049
0.19599006	0.0018374519	0.0008179977
0.19612086	0.0015529291	0.0008217258
0.19625166	0.0020236588	0.0008138589
0.19638246	0.0017954617	0.0008173670
0.19651326	0.0018954488	0.0008139859
0.19664405	0.0017988021	0.0008168942
0.19677485	0.0016574274	0.0008176804
0.19690565	0.0017514458	0.0008172675
0.19703645	0.0018387391	0.0008167559
0.19716725	0.0019699637	0.0008123450
0.19729805	0.0020545262	0.0008147518
0.19742885	0.0017230251	0.0008159338
0.19755965	0.0018577966	0.0008160677
0.19769045	0.0020745316	0.0008122151
0.19782125	0.0020845670	0.0008151012
0.19795205	0.0017005857	0.0008088801
0.19808285	0.0017901186	0.0008139414
0.19821365	0.0016212367	0.0008139877
0.19834444	0.0019300744	0.0008154211
0.19847524	0.0017886298	0.0008136361
0.19860604	0.0017806877	0.0008106280
0.19873684	0.0019413071	0.0008161920
0.19886764	0.0015145566	0.0008138299
0.19899844	0.0017447443	0.0008097957
0.19912924	0.0017592971	0.0008117509
0.19926004	0.0016481243	0.0008076144
0.19939084	0.0018694289	0.0008104294
0.19952164	0.0016717536	0.0008139180
0.19965244	0.0017537881	0.0008087062
0.19978324	0.0017698057	0.0008134427
0.19991404	0.0020335936	0.0008056559
0.20004483	0.0014959531	0.0008083373
0.20017563	0.0020004405	0.0008129666
0.20030643	0.0017765062	0.0008107604
0.20043723	0.0020178733	0.0008092048
0.20056803	0.0018511282	0.0008061560
0.20069883	0.0017190671	0.0008091709
0.20082963	0.0018250035	0.0008078359
0.20096043	0.0020774702	0.0008091955
0.20109123	0.0019350634	0.0008110728
0.20122203	0.0016036027	0.0008080032
0.20135283	0.0019020668	0.0008042113
0.20148363	0.0019064268	0.0008080182
0.20161442	0.0014929806	0.0008044507
0.20174522	0.0018370675	0.0008053625
0.20187602	0.0019243091	0.0008096229
0.20200682	0.0022400286	0.0008054590
0.20213762	0.0017989948	0.0008054197
0.20226842	0.0019024742	0.0008055606
0.20239922	0.0019550449	0.0008044673
0.20253002	0.0015108761	0.0008053822
0.20266082	0.0020941747	0.0007990928
0.20279162	0.0016523984	0.0008027555
0.20292242	0.0015459261	0.0008023005
0.20305322	0.0017976602	0.0007994581
0.20318402	0.0017306570	0.0007998201
0.20331481	0.0015833114	0.0007997871
0.20344561	0.0017473845	0.0008035729
0.20357641	0.0017185639	0.0008012161
0.20370721	0.0021370664	0.0007982965
0.20383801	0.0019270957	0.0008010269
0.20396881	0.0017210723	0.0008002768
0.20409961	0.0015815376	0.0007962215
0.20423041	0.0018736604	0.0008011530
0.20436121	0.0018368819	0.0007965802
0.20449201	0.0012099509	0.0008016635
0.20462281	0.0018147726	0.0007962006
0.20475361	0.0015024780	0.0007991334
0.20488441	0.0014289990	0.0007986614
0.2050152	0.0015887257	0.0007979305
0.205146	0.0013907552	0.0008012240
0.2052768	0.0016023180	0.0007966220
0.2054076	0.0016319997	0.0007955457
0.2055384	0.0017316802	0.0007968890
0.2056692	0.0014538469	0.0007933310
0.2058	0.0016450484	0.0007982413
0.2059308	0.0016650194	0.0007972636
0.2060616	0.0014558525	0.0007928572
0.2061924	0.0018116517	0.0007977259
0.2063232	0.0023061330	0.0007965648
0.206454	0.0018326457	0.0007950242
0.2065848	0.0016629937	0.0007951127
0.20671559	0.0015589678	0.0007936580
0.20684639	0.0015366227	0.0007952107
0.20697719	0.0014265890	0.0007963652
0.20710799	0.0017987146	0.0007914009
0.20723879	0.0016351801	0.0007980271
0.20736959	0.0015914882	0.0007962369
0.20750039	0.0015533486	0.0007933636
0.20763119	0.0013492112	0.0007968042
0.20776199	0.0016046020	0.0007928520
0.20789279	0.0020823153	0.0007945014
0.20802359	0.0016221834	0.0007918550
0.20815439	0.0016836461	0.0007918250
0.20828519	0.0015210607	0.0007944089
0.20841598	0.0019362322	0.0007905719
0.20854678	0.0018134823	0.0007929948
0.20867758	0.0013486843	0.0007949847
0.20880838	0.0014455876	0.0007885826
0.20893918	0.0019158758	0.0008229238
0.20906998	0.0019158896	0.0007908570
0.20920078	0.0016571661	0.0007943797
0.20933158	0.0014950152	0.0007914164
0.20946238	0.0017491934	0.0007876100
0.20959318	0.0017884838	0.0007932648
0.20972398	0.0014568301	0.0007910747
0.20985478	0.0016073679	0.0007889330
0.20998558	0.0017193417	0.0007910897
0.21011637	0.0015956025	0.0007886666
0.21024717	0.0015777649	0.0007881871
0.21037797	0.0018020422	0.0007919891
0.21050877	0.0015519366	0.0007861696
0.21063957	0.0017017673	0.0007909140
0.21077037	0.0015191979	0.0007878362
0.21090117	0.0018189566	0.0007877368
0.21103197	0.0013879299	0.0007904030
0.21116277	0.0018389929	0.0007864909
0.21129357	0.0019219797	0.0007881142
0.21142437	0.0016286426	0.0007867883
0.21155517	0.0017977183	0.0007868792
0.21168596	0.0017119760	0.0007881766
0.21181676	0.0016807710	0.0007859448
0.21194756	0.0014656581	0.0007880004
0.21207836	0.0017111388	0.0007880445
0.21220916	0.0015422413	0.0007823029
0.21233996	0.0015197755	0.0007870006
0.21247076	0.0018953483	0.0007867419
0.21260156	0.0013784213	0.0007853848
0.21273236	0.0015410545	0.0007888186
0.21286316	0.0017764955	0.0007826341
0.21299396	0.0017700318	0.0007837685
0.21312476	0.0015936782	0.0007861249
0.21325556	0.0015456683	0.0007866866
0.21338635	0.0016500091	0.0007852558
0.21351715	0.0016357442	0.0007855608
0.21364795	0.0015119888	0.0007853650
0.21377875	0.0014022815	0.0007814166
0.21390955	0.0014702370	0.0007832474
0.21404035	0.0013083203	0.0007837087
0.21417115	0.0014714998	0.0007816676
0.21430195	0.0016483827	0.0007809956
0.21443275	0.0012721845	0.0007836244
0.21456355	0.0016097736	0.0007796194
0.21469435	0.0012583976	0.0007828774
0.21482515	0.0012502594	0.0007809532
0.21495595	0.0014343939	0.0007827617
0.21508674	0.0016954600	0.0007816525
0.21521754	0.0017023257	0.0007790002
0.21534834	0.0013835913	0.0007809932
0.21547914	0.0019471864	0.0007771207
0.21560994	0.0015840699	0.0007812712
0.21574074	0.0016432839	0.0007797552
0.21587154	0.0015630765	0.0007794739
0.21600234	0.0013239894	0.0007791940
0.21613314	0.0013091819	0.0007810602
0.21626394	0.0016129482	0.0007766704
0.21639474	0.0011713993	0.0007797759
0.21652554	0.0011767637	0.0007767920
0.21665634	0.0013657260	0.0007776302
0.21678713	0.0012548801	0.0007790892
0.21691793	0.0015732875	0.0007757282
0.21704873	0.0017783241	0.0007788330
0.21717953	0.0016564679	0.0007777816
0.21731033	0.0013087547	0.0007777834
0.21744113	0.0018169338	0.0007775093
0.21757193	0.0016722121	0.0007753761
0.21770273	0.0013165747	0.0007754613
0.21783353	0.0013582318	0.0007789432
0.21796433	0.0017574549	0.0007738562
0.21809513	0.0014293561	0.0007754151
0.21822593	0.0015862623	0.0007733191
0.21835673	0.0014448949	0.0007778584
0.21848752	0.0014056976	0.0007778809
0.21861832	0.0012572027	0.0007744696
0.21874912	0.0013249562	0.0007724670
0.21887992	0.0018160118	0.0007761870
0.21901072	0.0015455658	0.0007756735
0.21914152	0.0016982856	0.0007757727
0.21927232	0.0018235857	0.0007726888
0.21940312	0.0013449110	0.0007768731
0.21953392	0.0011025509	0.0007755033
0.21966472	0.0013135804	0.0007690009
0.21979552	0.0017920281	0.0007713346
0.21992632	0.0014843553	0.0007701296
0.22005712	0.0015884634	0.0007695035
0.22018791	0.0013691107	0.0007707911
0.22031871	0.0013325300	0.0007699614
0.22044951	0.0015994800	0.0007726898
0.22058031	0.0016331077	0.0007700370
0.22071111	0.0014762526	0.0007692471
0.22084191	0.0014391502	0.0007726115
0.22097271	0.0015177127	0.0007672829
0.22110351	0.0013151319	0.0007713750
0.22123431	0.0018120371	0.0007702147
0.22136511	0.0015234012	0.0007678674
0.22149591	0.0012284053	0.0007702847
0.22162671	0.0019066459	0.0007688530
0.2217575	0.0016587169	0.0007717545
0.2218883	0.0015272939	0.0007711824
0.2220191	0.0013653328	0.0007665633
0.2221499	0.0012797193	0.0007678444
0.2222807	0.0012674516	0.0007702309
0.2224115	0.0010674105	0.0007665300
0.2225423	0.0015214144	0.0007711237
0.2226731	0.0014098129	0.0007654172
0.2228039	0.0017641916	0.0007662403
0.2229347	0.0012198866	0.0007672034
0.2230655	0.0013146209	0.0007652517
0.2231963	0.0014255711	0.0007697608
0.2233271	0.0009372217	0.0007642316
0.22345789	0.0013483022	0.0007671785
0.22358869	0.0010045718	0.0007693152
0.22371949	0.0013192397	0.0007644153
0.22385029	0.0011985448	0.0007693699
0.22398109	0.0013694944	0.0007664328
0.22411189	0.0010652373	0.0007616660
0.22424269	0.0013550217	0.0007652789
0.22437349	0.0014076190	0.0007627601
0.22450429	0.0015839945	0.0007675375
0.22463509	0.0012441536	0.0007667071
0.22476589	0.0015331863	0.0007633614
0.22489669	0.0011300475	0.0007657689
0.22502749	0.0010865349	0.0007631929
0.22515828	0.0010069615	0.0007665724
0.22528908	0.0011904979	0.0007681232
0.22541988	0.0011858804	0.0007591952
0.22555068	0.0017170918	0.0007624949
0.22568148	0.0014999793	0.0007633374
0.22581228	0.0015902602	0.0007642397
0.22594308	0.0014656538	0.0007665533
0.22607388	0.0013099584	0.0007585322
0.22620468	0.0015695631	0.0007626410
0.22633548	0.0013946516	0.0007627973
0.22646628	0.0015615511	0.0007608398
0.22659708	0.0016403935	0.0007636344
0.22672788	0.0017482133	0.0007564105
0.22685867	0.0012369722	0.0007607608
0.22698947	0.0015306003	0.0007618799
0.22712027	0.0016003867	0.0007611229
0.22725107	0.0014065255	0.0007622356
0.22738187	0.0014225054	0.0007608865
0.22751267	0.0013524311	0.0007564332
0.22764347	0.0012429076	0.0007645727
0.22777427	0.0014959942	0.0007585708
0.22790507	0.0012687964	0.0007605813
0.22803587	0.0014291539	0.0007607359
0.22816667	0.0016898655	0.0007590916
0.22829747	0.0017230313	0.0007603473
0.22842827	0.0015160968	0.0007583809
0.22855906	0.0011545123	0.0007598082
0.22868986	0.0010789943	0.0007594458
0.22882066	0.0016000495	0.0007576436
0.22895146	0.0012427303	0.0007572224
0.22908226	0.0013205579	0.0007572216
0.22921306	0.0014290830	0.0007578863
0.22934386	0.0013013358	0.0007610355
0.22947466	0.0014327542	0.0007554172
0.22960546	0.0012263931	0.0007577493
0.22973626	0.0013827973	0.0007578441
0.22986706	0.0013132912	0.0007564567
0.22999786	0.0015045214	0.0007574836
0.23012865	0.0014678916	0.0007667216
0.23025945	0.0012311071	0.0007758946
0.23039025	0.0012278862	0.0007782678
0.23052105	0.0011330768	0.0007839854
0.23065185	0.0012848309	0.0007924220
0.23078265	0.0012810774	0.0007882772
0.23091345	0.0015855972	0.0007940450
0.23104425	0.0013812907	0.0007993199
0.23117505	0.0011830110	0.0007968760
0.23130585	0.0014238495	0.0008067026
0.23143665	0.0014107000	0.0008021207
0.23156745	0.0010762275	0.0008061509
0.23169825	0.0011416932	0.0008103425
0.23182904	0.0011468541	0.0008060855
0.23195984	0.0010317918	0.0008145159
0.23209064	0.0015784229	0.0008155568
0.23222144	0.0012299221	0.0008147467
0.23235224	0.0011440217	0.0008206118
0.23248304	0.0011268482	0.0008177273
0.23261384	0.0012670292	0.0008229940
0.23274464	0.0009287757	0.0008232424
0.23287544	0.0013075835	0.0008167786
0.23300624	0.0011367024	0.0008218676
0.23313704	0.0012828145	0.0008187369
0.23326784	0.0011701964	0.0008204934
0.23339864	0.0012686385	0.0008240340
0.23352943	0.0012906808	0.0008180039
0.23366023	0.0014371974	0.0008248259
0.23379103	0.0014002883	0.0008210853
0.23392183	0.0012763063	0.0008275258
0.23405263	0.0013142581	0.0008255605
0.23418343	0.0010183304	0.0008225420
0.23431423	0.0012995791	0.0008292718
0.23444503	0.0011954568	0.0008281275
0.23457583	0.0009988452	0.0008263476
0.23470663	0.0009984174	0.0008291808
0.23483743	0.0010141639	0.0008274363
0.23496823	0.0013837407	0.0008310351
0.23509903	0.0015047120	0.0008309220
0.23522982	0.0011104953	0.0008265319
0.23536062	0.0012200950	0.0008329954
0.23549142	0.0016243703	0.0008269528
0.23562222	0.0015784223	0.0008332375
0.23575302	0.0012179415	0.0008352074
0.23588382	0.0012817778	0.0008307244
0.23601462	0.0014895802	0.0008358752
0.23614542	0.0012161390	0.0008340827
0.23627622	0.0008621116	0.0008322789
0.23640702	0.0015432072	0.0008368069
0.23653782	0.0012704432	0.0008306559
0.23666862	0.0013713374	0.0008376789
0.23679942	0.0013712133	0.0008382377
0.23693021	0.0013856398	0.0008330032
0.23706101	0.0014634709	0.0008384835
0.23719181	0.0012185077	0.0008353813
0.23732261	0.0011082764	0.0008363650
0.23745341	0.0011455473	0.0008400781
0.23758421	0.0011149944	0.0008342881
0.23771501	0.0014684914	0.0008385834
0.23784581	0.0010474021	0.0008353271
0.23797661	0.0007602398	0.0008376096
0.23810741	0.0012707826	0.0008433162
0.23823821	0.0011278666	0.0008379035
0.23836901	0.0012220536	0.0008396271
0.23849981	0.0013021868	0.0008435345
0.2386306	0.0012005910	0.0008352273
0.2387614	0.0013332720	0.0008448936
0.2388922	0.0012083661	0.0008398272
0.239023	0.0016707820	0.0008419133
0.2391538	0.0011645859	0.0008432099
0.2392846	0.0016321481	0.0008391683
0.2394154	0.0011561539	0.0008441963
0.2395462	0.0015294554	0.0008407644
0.239677	0.0012303621	0.0008452188
0.2398078	0.0014536074	0.0008475001
0.2399386	0.0011882364	0.0008403271
0.2400694	0.0017532970	0.0008464539
0.24020019	0.0014446962	0.0008436700
0.24033099	0.0012209836	0.0008447988
0.24046179	0.0012883996	0.0008491839
0.24059259	0.0014449874	0.0008422947
0.24072339	0.0012345972	0.0008488521
0.24085419	0.0013784309	0.0008471229
0.24098499	0.0012606420	0.0008445870
0.24111579	0.0012672229	0.0008480973
0.24124659	0.0011278177	0.0008478060
0.24137739	0.0011777179	0.0008452085
0.24150819	0.0008127095	0.0008516998
0.24163899	0.0012133097	0.0008429882
0.24176979	0.0017019022	0.0008497482
0.24190058	0.0012354543	0.0008518180
0.24203138	0.0011458672	0.0008457060
0.24216218	0.0011587060	0.0008525096
0.24229298	0.0015157343	0.0008470482
0.24242378	0.0014379504	0.0008529945
0.24255458	0.0008336417	0.0008530808
0.24268538	0.0013026875	0.0008512040
0.24281618	0.0014010605	0.0008516020
0.24294698	0.0010797724	0.0008546682
0.24307778	0.0010867646	0.0008498477
0.24320858	0.0014382774	0.0008527867
0.24333938	0.0012488977	0.0008475980
0.24347018	0.0012023047	0.0008531366
0.24360097	0.0011306394	0.0008505079
0.24373177	0.0008545375	0.0008535302
0.24386257	0.0012971134	0.0008578095
0.24399337	0.0013225554	0.0008495375
0.24412417	0.0010947174	0.0008544785
0.24425497	0.0007968216	0.0008562238
0.24438577	0.0013709076	0.0008619628
0.24451657	0.0010556115	0.0008545977
0.24464737	0.0012394088	0.0008572197
0.24477817	0.0012476792	0.0008520198
0.24490897	0.0011887656	0.0008607136
0.24503977	0.0009418211	0.0008488424
0.24517057	0.0010966212	0.0008574363
0.24530136	0.0009721997	0.0008559360
0.24543216	0.0012296049	0.0008562309
0.24556296	0.0011560723	0.0008573784
0.24569376	0.0011629152	0.0008544940
0.24582456	0.0010504147	0.0008580279
0.24595536	0.0010498431	0.0008547350
0.24608616	0.0010677497	0.0008567143
0.24621696	0.0013234164	0.0008572546
0.24634776	0.0015012846	0.0008534896
0.24647856	0.0011048978	0.0008583063
0.24660936	0.0015033794	0.0008619505
0.24674016	0.0013651624	0.0008533198
0.24687096	0.0013968771	0.0008598951
0.24700175	0.0008431328	0.0008574233
0.24713255	0.0012870759	0.0008593008
0.24726335	0.0010828303	0.0008592783
0.24739415	0.0012774967	0.0008590044
0.24752495	0.0011046003	0.0008623567
0.24765575	0.0007532325	0.0008588388
0.24778655	0.0012547161	0.0008576696
0.24791735	0.0011769985	0.0008601626
0.24804815	0.0011128891	0.0008622482
0.24817895	0.0009940149	0.0008616569
0.24830975	0.0010921532	0.0008619031
0.24844055	0.0010849906	0.0008588480
0.24857135	0.0012665476	0.0008656227
0.24870214	0.0013215680	0.0008626574
0.24883294	0.0011097191	0.0008619776
0.24896374	0.0009205895	0.0008646418
0.24909454	0.0010431527	0.0008567297
0.24922534	0.0009575259	0.0008676871
0.24935614	0.0010672857	0.0008622250
0.24948694	0.0011004336	0.0008633975
0.24961774	0.0009863800	0.0008618566
0.24974854	0.0011950930	0.0008611332
0.24987934	0.0010435272	0.0008621569
0.25001014	0.0013464501	0.0008662502
0.25014094	0.0009232404	0.0008606345
0.25027173	0.0011331303	0.0008659739
0.25040253	0.0009715314	0.0008609288
0.25053333	0.0012443728	0.0008649855
0.25066413	0.0009495066	0.0008666768
0.25079493	0.0013130252	0.0008617857
0.25092573	0.0009599397	0.0008643830
0.25105653	0.0013819710	0.0008612591
0.25118733	0.0012645532	0.0008652605
0.25131813	0.0009490772	0.0008693737
0.25144893	0.0009298409	0.0008649541
0.25157973	0.0010801117	0.0008651643
0.25171053	0.0009071906	0.0008634774
0.25184133	0.0011066569	0.0008652358
0.25197212	0.0012308087	0.0008686024
0.25210292	0.0011908784	0.0008653923
0.25223372	0.0011098869	0.0008718980
0.25236452	0.0010780762	0.0008703108
0.25249532	0.0013604651	0.0008614436
0.25262612	0.0013595522	0.0008679790
0.25275692	0.0011414355	0.0008687256
0.25288772	0.0012168652	0.0008662623
0.25301852	0.0013946822	0.0008726999
0.25314932	0.0012319403	0.0008622720
0.25328012	0.0009942919	0.0008719084
0.25341092	0.0012323250	0.0008668987
0.25354172	0.0012063424	0.0008681571
0.25367251	0.0011515736	0.0008739061
0.25380331	0.0011474084	0.0008661819
0.25393411	0.0009400711	0.0008688175
0.25406491	0.0011190820	0.0008675533
0.25419571	0.0011421950	0.0008682262
0.25432651	0.0014485504	0.0008902369
0.25445731	0.0009870494	0.0008957627
0.25458811	0.0010675973	0.0009073468
0.25471891	0.0008944694	0.0009183423
0.25484971	0.0011871221	0.0009149002
0.25498051	0.0010541482	0.0009259207
0.25511131	0.0010334639	0.0009279953
0.25524211	0.0007730169	0.0009347576
0.2553729	0.0014620870	0.0009367335
0.2555037	0.0008030266	0.0009407613
0.2556345	0.0012495175	0.0009462914
0.2557653	0.0014121476	0.0009510707
0.2558961	0.0014898130	0.0009519801
0.2560269	0.0009193657	0.0009624670
0.2561577	0.0009818058	0.0009620345
0.2562885	0.0012266675	0.0009680825
0.2564193	0.0011380634	0.0009734756
0.2565501	0.0010618376	0.0009737818
0.2566809	0.0010155743	0.0009779998
0.2568117	0.0012932860	0.0009809645
0.2569425	0.0006535120	0.0009857751
0.25707329	0.0012723179	0.0009933755
0.25720409	0.0012256961	0.0009950292
0.25733489	0.0013358603	0.0009971191
0.25746569	0.0009142422	0.0010035327
0.25759649	0.0010013077	0.0010022249
0.25772729	0.0007063630	0.0010124288
0.25785809	0.0008586540	0.0010116765
0.25798889	0.0010922507	0.0010141869
0.25811969	0.0011257803	0.0010219932
0.25825049	0.0009869736	0.0010244324
0.25838129	0.0013822781	0.0010227250
0.25851209	0.0011118511	0.0010316519
0.25864288	0.0012160605	0.0010278166
0.25877368	0.0013269775	0.0010303548
0.25890448	0.0005794939	0.0010395145
0.25903528	0.0003636076	0.0010371673
0.25916608	0.0009354723	0.0010414416
0.25929688	0.0013881179	0.0010368547
0.25942768	0.0008868418	0.0010397813
0.25955848	0.0010606382	0.0010446814
0.25968928	0.0012246695	0.0010439313
0.25982008	0.0007326851	0.0010484821
0.25995088	0.0006854571	0.0010520404
0.26008168	0.0011728020	0.0010488780
0.26021248	0.0015669954	0.0010522837
0.26034327	0.0011600762	0.0010576566
0.26047407	0.0010760388	0.0010580916
0.26060487	0.0011131243	0.0010578029
0.26073567	0.0014474684	0.0010522109
0.26086647	0.0013656455	0.0010664748
0.26099727	0.0012078167	0.0010593481
0.26112807	0.0010670078	0.0010699322
0.26125887	0.0009160398	0.0010666452
0.26138967	0.0011322236	0.0010707209
0.26152047	0.0008920089	0.0010674429
0.26165127	0.0009124837	0.0010724541
0.26178207	0.0012858198	0.0010735640
0.26191287	0.0014848726	0.0010742202
0.26204366	0.0010500828	0.0010758250
0.26217446	0.0009716132	0.0010778034
0.26230526	0.0011806109	0.0010769722
0.26243606	0.0012682092	0.0010863470
0.26256686	0.0011725066	0.0010821238
0.26269766	0.0011020818	0.0010833597
0.26282846	0.0010694156	0.0010976139
0.26295926	0.0008270886	0.0010775557
0.26309006	0.0012952438	0.0010926261
0.26322086	0.0009571632	0.0010935213
0.26335166	0.0009339599	0.0010935920
0.26348246	0.0013805723	0.0010923767
0.26361326	0.0014236640	0.0010887901
0.26374405	0.0010545218	0.0011054823
0.26387485	0.0008491254	0.0011022174
0.26400565	0.0012359192	0.0011038656
0.26413645	0.0005795678	0.0011030121
0.26426725	0.0005666522	0.0011032505
0.26439805	0.0008738531	0.0011070163
0.26452885	0.0009855597	0.0011121059
0.26465965	0.0009705514	0.0011045788
0.26479045	0.0012280075	0.0011167885
0.26492125	0.0013682161	0.0010995088
0.26505205	0.0010274246	0.0011198557
0.26518285	0.0009223402	0.0011242417
0.26531365	0.0004997531	0.0011097856
0.26544444	0.0004374625	0.0011248851
0.26557524	0.0011458080	0.0011154314
0.26570604	0.0012187173	0.0011200749
0.26583684	0.0012171726	0.0011288829
0.26596764	0.0008250284	0.0011229105
0.26609844	0.0010935228	0.0011287746
0.26622924	0.0006818229	0.0011310759
0.26636004	0.0007804956	0.0011210813
0.26649084	0.0007723829	0.0011385513
0.26662164	0.0012482565	0.0011293987
0.26675244	0.0010205311	0.0011427016
0.26688324	0.0008934301	0.0011379089
0.26701404	0.0009405398	0.0011330738
0.26714483	0.0011291781	0.0011421163
0.26727563	0.0009440826	0.0011389802
0.26740643	0.0008777004	0.0011515455
0.26753723	0.0010097759	0.0011480233
0.26766803	0.0009625257	0.0011390095
0.26779883	0.0006171125	0.0011500125
0.26792963	0.0011814884	0.0011553073
0.26806043	0.0014644483	0.0011431861
0.26819123	0.0011047168	0.0011599574
0.26832203	0.0009008991	0.0011448355
0.26845283	0.0008131427	0.0011594143
0.26858363	0.0011061428	0.0011665322
0.26871442	0.0006508868	0.0011555773
0.26884522	0.0009268928	0.0011681485
0.26897602	0.0010373863	0.0011534326
0.26910682	0.0011199159	0.0011641216
0.26923762	0.0007780924	0.0011714417
0.26936842	0.0010015803	0.0011629960
0.26949922	0.0010114002	0.0011735214
0.26963002	0.0019843089	0.0011698045
0.26976082	0.0014210483	0.0011642272
0.26989162	0.0010715332	0.0011808235
0.27002242	0.0012300068	0.0011635826
0.27015322	0.0009423226	0.0011859617
0.27028402	0.0009222623	0.0011796840
0.27041481	0.0004934915	0.0011683237
0.27054561	0.0005440929	0.0011859374
0.27067641	0.0007038263	0.0011794915
0.27080721	0.0010496234	0.0011847505
0.27093801	0.0009710896	0.0011883999
0.27106881	0.0012304240	0.0011715140
0.27119961	0.0014393454	0.0011892626
0.27133041	0.0014824294	0.0011852750
0.27146121	0.0007221698	0.0011885582
0.27159201	0.0011433978	0.0012021571
0.27172281	0.0012651703	0.0011771070
0.27185361	0.0011099299	0.0011971037
0.27198441	0.0012097244	0.0012001490
0.2721152	0.0008898266	0.0011969435
0.272246	0.0008574368	0.0012049745
0.2723768	0.0017454788	0.0011963559
0.2725076	0.0010742960	0.0011978789
0.2726384	0.0004755327	0.0012116427
0.2727692	0.0012403803	0.0011990698
0.2729	0.0010679349	0.0012150757
0.2730308	0.0004746100	0.0012069939
0.2731616	0.0013408187	0.0012039743
0.2732924	0.0010522527	0.0012223019
0.2734232	0.0009052966	0.0012052173
0.273554	0.0010301342	0.0012251243
0.2736848	0.0006018630	0.0012153512
0.27381559	0.0008812737	0.0012102723
0.27394639	0.0014624559	0.0012300203
0.27407719	0.0007652461	0.0012166420
0.27420799	0.0016901228	0.0012274827
0.27433879	0.0014897306	0.0012318016
0.27446959	0.0008705079	0.0012190776
0.27460039	0.0005117057	0.0012351444
0.27473119	0.0009908635	0.0012265415
0.27486199	0.0014088150	0.0012338697
0.27499279	0.0010718809	0.0012448822
0.27512359	0.0013136096	0.0012221471
0.27525439	0.0013920652	0.0012372647
0.27538519	0.0015736432	0.0012391199
0.27551598	0.0010787618	0.0012388936
0.27564678	0.0009106429	0.0012548368
0.27577758	0.0011337629	0.0012322811
0.27590838	0.0008307939	0.0012457317
0.27603918	0.0008089691	0.0012487996
0.27616998	0.0010131399	0.0012482584
0.27630078	0.0010260288	0.0012560488
0.27643158	0.0012463730	0.0012468234
0.27656238	0.0011641695	0.0012542380
0.27669318	0.0007913939	0.0012626682
0.27682398	0.0013271556	0.0012470405
0.27695478	0.0008881786	0.0012690469
0.27708558	0.0007033844	0.0012584022
0.27721637	0.0009519474	0.0012559017
0.27734717	0.0011880740	0.0012723330
0.27747797	0.0012968871	0.0012584478
0.27760877	0.0009929823	0.0012756060
0.27773957	0.0009961990	0.0012699844
0.27787037	0.0010305046	0.0012630471
0.27800117	0.0010224352	0.0012818905
0.27813197	0.0007782383	0.0012656578
0.27826277	0.0009886911	0.0012816805
0.27839357	0.0006480708	0.0012840985
0.27852437	0.0012872530	0.0012709016
0.27865517	0.0020951564	0.0012801429
0.27878596	0.0010932326	0.0012803794
0.27891676	0.0009282228	0.0012877189
0.27904756	0.0007298027	0.0012975847
0.27917836	0.0009689433	0.0012819600
0.27930916	0.0009652213	0.0012914352
0.27943996	0.0008530405	0.0012862186
0.27957076	0.0010706357	0.0012926197
0.27970156	0.0004776848	0.0013097187
0.27983236	0.0002121761	0.0012886443
0.27996316	0.0010458879	0.0013038371
0.28009396	0.0007927988	0.0013016997
0.28022476	0.0008483881	0.0013035838
0.28035556	0.0007295418	0.0013138656
0.28048635	0.0009458311	0.0013015491
0.28061715	0.0007420057	0.0013054283
0.28074795	0.0003585800	0.0013294355
0.28087875	0.0009543307	0.0012972580
0.28100955	0.0007065513	0.0013238462
0.28114035	0.0014552669	0.0013171406
0.28127115	0.0009352917	0.0013139867
0.28140195	0.0008076737	0.0013275515
0.28153275	0.0016486625	0.0013062461
0.28166355	0.0005623790	0.0013323591
0.28179435	0.0012641758	0.0013168060
0.28192515	0.0015393946	0.0013313866
0.28205595	0.0009042404	0.0013294938
0.28218674	0.0015416762	0.0013187356
0.28231754	0.0018429572	0.0013353647
0.28244834	0.0006314639	0.0013479044
0.28257914	0.0005294139	0.0013325491
0.28270994	0.0007799791	0.0013363480
0.28284074	0.0004475843	0.0013261117
0.28297154	0.0011520932	0.0013506040
0.28310234	0.0007271393	0.0013612447
0.28323314	0.0010650766	0.0013258733
0.28336394	0.0007861801	0.0013520005
0.28349474	0.0011024828	0.0013463972
0.28362554	0.0013668067	0.0013544323
0.28375634	0.0009161558	0.0013598079
0.28388713	0.0009446201	0.0013550777
0.28401793	0.0004104970	0.0013681349
0.28414873	0.0003476499	0.0013582641
0.28427953	0.0007745571	0.0013551409
0.28441033	0.0008267489	0.0013847034
0.28454113	0.0013265094	0.0013492631
0.28467193	0.0011086513	0.0013705030
0.28480273	0.0010322518	0.0013777461
0.28493353	0.0007401011	0.0013598924
0.28506433	0.0007727142	0.0013854179
0.28519513	0.0001854102	0.0013738819
0.28532593	0.0013191286	0.0013909513
0.28545673	0.0008201066	0.0013871659
0.28558752	0.0013453969	0.0013667007
0.28571832	0.0011566737	0.0013910742
0.28584912	0.0013173176	0.0013880960
0.28597992	0.0011784992	0.0013795685
0.28611072	0.0010925159	0.0014113342
0.28624152	0.0010633796	0.0013791590
0.28637232	0.0005559360	0.0014002575
0.28650312	0.0008090225	0.0013982156
0.28663392	0.0011926682	0.0013978373
0.28676472	0.0009157173	0.0014073721
0.28689552	0.0010003494	0.0013951487
0.28702632	0.0010782090	0.0014089326
0.28715712	0.0009153275	0.0014196345
0.28728791	0.0009100878	0.0013881527
0.28741871	0.0009256773	0.0014249423
0.28754951	0.0009331638	0.0014086220
0.28768031	0.0009123531	0.0014163345
0.28781111	0.0006984983	0.0014254418
0.28794191	0.0011878359	0.0014045469
0.28807271	0.0011032176	0.0014359420
0.28820351	0.0010902122	0.0014159225
0.28833431	0.0008921624	0.0014234744
0.28846511	0.0012125795	0.0014386362
0.28859591	0.0006867916	0.0014151419
0.28872671	0.0005797358	0.0014359808
0.2888575	0.0006052458	0.0014616997
0.2889883	0.0009490645	0.0014315435
0.2891191	0.0011252835	0.0014472489
0.2892499	0.0009297792	0.0014366477
0.2893807	0.0001243946	0.0014493718
0.2895115	0.0013259567	0.0014661944
0.2896423	0.0010680599	0.0014247737
0.2897731	0.0012400123	0.0014619089
0.2899039	0.0010078167	0.0014491968
0.2900347	0.0003125394	0.0014524994
0.2901655	0.0001282338	0.0014662917
0.2902963	0.0006071277	0.0014432916
0.2904271	0.0003566296	0.0014700851
0.29055789	0.0011450668	0.0014657168
0.29068869	0.0009976332	0.0014600141
0.29081949	0.0010800018	0.0014819684
0.29095029	0.0010055594	0.0014584106
0.29108109	0.0005834461	0.0014760314
0.29121189	0.0008659555	0.0014922601
0.29134269	0.0006674987	0.0014576053
0.29147349	0.0009407314	0.0014948435
0.29160429	0.0011746668	0.0014682701
0.29173509	0.0010191787	0.0014964069
0.29186589	0.0008723931	0.0015018006
0.29199669	0.0014736366	0.0014748399
0.29212749	0.0006170472	0.0015018087
0.29225828	0.0004315118	0.0014852614
0.29238908	0.0005146658	0.0014998418
0.29251988	0.0008024134	0.0015075186
0.29265068	0.0009823932	0.0014792468
0.29278148	0.0014597333	0.0015044515
0.29291228	0.0010427163	0.0014956726
0.29304308	0.0009438900	0.0014897474
0.29317388	0.0008476621	0.0015168572
0.29330468	0.0007751434	0.0014863251
0.29343548	0.0005881376	0.0015090478
0.29356628	0.0008501081	0.0015143698
0.29369708	0.0013381276	0.0014842382
0.29382788	0.0011201368	0.0015128535
0.29395867	0.0012469175	0.0014958419
0.29408947	0.0008948663	0.0015012831
0.29422027	0.0008243124	0.0015243487
0.29435107	0.0013562721	0.0014793412
0.29448187	0.0014959354	0.0015152694
0.29461267	0.0008699909	0.0015036941
0.29474347	0.0011594520	0.0015001688
0.29487427	0.0010187937	0.0015197672
0.29500507	0.0008351618	0.0014915001
0.29513587	0.0008429751	0.0015187596
0.29526667	0.0013851821	0.0015117676
0.29539747	0.0006122009	0.0015018911
0.29552827	0.0003185914	0.0015202251
0.29565906	0.0007196685	0.0015035196
0.29578986	0.0005899668	0.0015223710
0.29592066	0.0013830452	0.0015288972
0.29605146	0.0010315564	0.0015001964
0.29618226	0.0014875551	0.0015388985
0.29631306	0.0009849276	0.0015067961
0.29644386	0.0002653818	0.0015227473
0.29657466	0.0001913367	0.0015513049
0.29670546	0.0006929390	0.0015087969
0.29683626	0.0010345959	0.0015535299
0.29696706	0.0006114210	0.0015332475
0.29709786	0.0004205988	0.0015401672
0.29722865	0.0010421538	0.0015469999
0.29735945	0.0015520583	0.0015418193
0.29749025	0.0006107134	0.0015506729
0.29762105	0.0003192956	0.0015626319
0.29775185	0.0010063602	0.0015249188
0.29788265	0.0006118772	0.0015718564
0.29801345	0.0007208908	0.0015424314
0.29814425	0.0008123356	0.0015632660
0.29827505	0.0008698609	0.0015789219
0.29840585	0.0001298679	0.0015425142
0.29853665	0.0007673451	0.0015803108
0.29866745	0.0008247437	0.0015617470
0.29879825	0.0005487081	0.0015801123
0.29892904	0.0010151609	0.0015882294
0.29905984	0.0008838435	0.0015598033
0.29919064	0.0009304615	0.0015789007
0.29932144	0.0007524038	0.0015954967
0.29945224	0.0006371266	0.0015669036
0.29958304	0.0001844092	0.0016137855
0.29971384	-0.0000109086	0.0015685462
0.29984464	0.0004663493	0.0015983925
0.29997544	0.0003296419	0.0016210353
0.30010624	0.0001618766	0.0015760366
0.30023704	0.0006275398	0.0016138617
0.30036784	0.0010684775	0.0015863889
0.30049864	0.0005609171	0.0016113470
0.30062943	0.0014510303	0.0016293728
0.30076023	0.0000874828	0.0015923220
0.30089103	0.0006232244	0.0016196987
0.30102183	0.0011389197	0.0016199115
0.30115263	0.0009279586	0.0016183464
0.30128343	0.0005819826	0.0016616193
0.30141423	0.0005970288	0.0015974713
0.30154503	0.0008491984	0.0016511531
0.30167583	0.0010545800	0.0016340245
0.30180663	0.0013528369	0.0016275645
0.30193743	0.0006533660	0.0016514736
0.30206823	0.0006061835	0.0016332215
0.30219903	0.0011665344	0.0016506288
0.30232982	0.0013285951	0.0016606146
0.30246062	0.0009013261	0.0016235671
0.30259142	0.0011136353	0.0016635913
0.30272222	0.0007651979	0.0016613265
0.30285302	0.0014875575	0.0016541228
0.30298382	0.0000927593	0.0016871362
0.30311462	0.0002443996	0.0016431699
0.30324542	0.0007139010	0.0016888306
0.30337622	0.0000087199	0.0016560794
0.30350702	0.0008896835	0.0016753466
0.30363782	0.0001560101	0.0016971477
0.30376862	0.0005808114	0.0016585506
0.30389942	0.0008524088	0.0016995848
0.30403021	0.0000181949	0.0016957932
0.30416101	0.0004163976	0.0016806530
0.30429181	0.0014723249	0.0017043843
0.30442261	0.0013292458	0.0016916759
0.30455341	0.0015420240	0.0016960874
0.30468421	-0.0003414751	0.0017390237
0.30481501	0.0003144473	0.0016739241
0.30494581	0.0006986286	0.0017334491
0.30507661	0.0004962977	0.0017079037
0.30520741	-0.0000685617	0.0017221317
0.30533821	0.0005194076	0.0017389511
0.30546901	0.0007915999	0.0017023975
0.30559981	0.0007479667	0.0017384872
0.3057306	0.0008469433	0.0017318319
0.3058614	0.0012147372	0.0017255090
0.3059922	0.0013658180	0.0017464599
0.306123	0.0011492989	0.0017205787
0.3062538	0.0012650024	0.0017492878
0.3063846	0.0007937252	0.0017601049
0.3065154	0.0012088839	0.0017231461
0.3066462	0.0015613903	0.0017830066
0.306777	0.0010586180	0.0017392102
0.3069078	0.0008031904	0.0017747621
0.3070386	0.0009599114	0.0017833966
0.3071694	0.0006377964	0.0017363836
0.30730019	0.0009684296	0.0017903792
0.30743099	0.0007981673	0.0017617363
0.30756179	0.0001759302	0.0017797867
0.30769259	0.0007728752	0.0018126504
0.30782339	0.0008843058	0.0017577829
0.30795419	0.0011198877	0.0017895617
0.30808499	0.0007671403	0.0017833242
0.30821579	-0.0002519764	0.0018085128
0.30834659	0.0005306368	0.0018132564
0.30847739	0.0004241746	0.0017762155
0.30860819	0.0005849630	0.0018146722
0.30873899	0.0004970016	0.0018438717
0.30886979	0.0014976974	0.0017677934
0.30900058	0.0006659346	0.0018458994
0.30913138	-0.0000071718	0.0018133772
0.30926218	0.0007378925	0.0018168441
0.30939298	0.0008245621	0.0018656150
0.30952378	0.0006373036	0.0017870120
0.30965458	0.0002339058	0.0018749403
0.30978538	0.0009141430	0.0018267845
0.30991618	-0.0003583079	0.0018417256
0.31004698	0.0008829799	0.0018890664
0.31017778	0.0006922581	0.0018185949
0.31030858	0.0014497508	0.0018786428
0.31043938	0.0008308117	0.0018595425
0.31057018	0.0006047786	0.0018467399
0.31070097	0.0010985228	0.0018859964
0.31083177	0.0009054991	0.0018575866
0.31096257	0.0005836952	0.0018971886
0.31109337	0.0012334686	0.0019154986
0.31122417	0.0014230440	0.0018401377
0.31135497	0.0011710169	0.0019122265
0.31148577	0.0008005893	0.0018770341
0.31161657	0.0006659905	0.0018962307
0.31174737	0.0002074509	0.0019452881
0.31187817	0.0003151594	0.0018776528
0.31200897	0.0007631372	0.0019271913
0.31213977	0.0002690315	0.0019080093
0.31227057	0.0005539703	0.0019212866
0.31240136	0.0012788312	0.0019706642
0.31253216	0.0013222951	0.0018882948
0.31266296	0.0009216507	0.0019498310
0.31279376	0.0014900576	0.0019537385
0.31292456	-0.0000319441	0.0019253728
0.31305536	0.0009417470	0.0019740277
0.31318616	0.0006036964	0.0019203797
0.31331696	0.0004899837	0.0019743888
0.31344776	0.0003895636	0.0019875307
0.31357856	0.0004608079	0.0019228835
0.31370936	0.0008485949	0.0020103337
0.31384016	0.0008299449	0.0019600220
0.31397096	0.0010825907	0.0019795086
0.31410175	0.0001214313	0.0020225434
0.31423255	0.0006470964	0.0019485540
0.31436335	0.0016482801	0.0020073245
0.31449415	0.0014453854	0.0019921101
0.31462495	0.0010918765	0.0019855316
0.31475575	0.0012364794	0.0020471781
0.31488655	0.0006650644	0.0019736932
0.31501735	0.0008544240	0.0020300893
0.31514815	0.0004961680	0.0020547828
0.31527895	0.0004888985	0.0019939221
0.31540975	0.0012016941	0.0020641988
0.31554055	0.0006962323	0.0020096730
0.31567135	0.0013032154	0.0020549026
0.31580214	0.0014562415	0.0020908916
0.31593294	0.0017347290	0.0020090486
0.31606374	0.0000892286	0.0021067722
0.31619454	0.0007880637	0.0020420001
0.31632534	0.0003563125	0.0020671455
0.31645614	-0.0001507919	0.0021312293
0.31658694	-0.0002941992	0.0020530431
0.31671774	0.0013077347	0.0021086691
0.31684854	0.0008307747	0.0020856829
0.31697934	0.0012814891	0.0020940427
0.31711014	0.0005917765	0.0021436587
0.31724094	0.0009492099	0.0020683149
0.31737173	0.0008859790	0.0021377868
0.31750253	0.0005825657	0.0021639304
0.31763333	0.0001723227	0.0020941536
0.31776413	0.0001246182	0.0021632190
0.31789493	0.0009955901	0.0021203648
0.31802573	0.0014302337	0.0021570059
0.31815653	0.0005466390	0.0022047032
0.31828733	0.0011132720	0.0021034293
0.31841813	0.0005817740	0.0022011461
0.31854893	0.0002887744	0.0021450947
0.31867973	0.0012792653	0.0021646316
0.31881053	0.0010042281	0.0022417640
0.31894133	0.0011206232	0.0021310868
0.31907212	-0.0001426111	0.0022363098
0.31920292	0.0003398569	0.0022124903
0.31933372	0.0007380070	0.0022000782
0.31946452	0.0008779199	0.0022727299
0.31959532	0.0005956323	0.0021729130
0.31972612	0.0015393419	0.0022472337
0.31985692	0.0007812563	0.0022882795
0.31998772	0.0009533767	0.0021774975
0.32011852	0.0007897064	0.0022942419
0.32024932	0.0006359623	0.0022307571
0.32038012	0.0007355281	0.0022731234
0.32051092	0.0007230928	0.0023284500
0.32064172	0.0007078907	0.0022127021
0.32077251	0.0007446874	0.0023274756
0.32090331	0.0016900220	0.0022615752
0.32103411	0.0008060991	0.0023145531
0.32116491	0.0004899424	0.0023858228
0.32129571	0.0011875574	0.0022356457
0.32142651	0.0017210339	0.0023636189
0.32155731	0.0003929743	0.0023062716
0.32168811	0.0000802249	0.0023241056
0.32181891	0.0004807781	0.0024049998
0.32194971	0.0003983717	0.0022973761
0.32208051	0.0005981167	0.0024023110
0.32221131	-0.0003872078	0.0023966243
0.32234211	0.0010980678	0.0023184384
0.3224729	0.0017258936	0.0024152941
0.3226037	0.0011454145	0.0023385155
0.3227345	0.0024683004	0.0024044464
0.3228653	0.0006252773	0.0024676647
0.3229961	0.0003223465	0.0023747478
0.3231269	0.0012667035	0.0024394137
0.3232577	0.0006475054	0.0023976259
0.3233885	0.0003123480	0.0024625725
0.3235193	-0.0004940159	0.0025124520
0.3236501	0.0007370109	0.0024005205
0.3237809	0.0004939403	0.0024863359
0.3239117	0.0002819139	0.0024735043
0.3240425	0.0003593502	0.0024689364
0.32417329	0.0010039649	0.0025401110
0.32430409	0.0012820682	0.0024589984
0.32443489	0.0001660225	0.0025470651
0.32456569	-0.0001256911	0.0025615574
0.32469649	0.0013187273	0.0024814295
0.32482729	0.0005846435	0.0025890013
0.32495809	0.0002610704	0.0025366093
0.32508889	-0.0003072710	0.0025609003
0.32521969	0.0004405472	0.0026001657
0.32535049	0.0004622972	0.0025509338
0.32548129	0.0008848265	0.0026129148
0.32561209	0.0003585804	0.0025993651
0.32574288	0.0007117398	0.0025963681
0.32587368	0.0012946718	0.0026492202
0.32600448	-0.0001007845	0.0026129657
0.32613528	-0.0001236954	0.0026677844
0.32626608	0.0009378652	0.0026890397
0.32639688	0.0010978268	0.0026272683
0.32652768	0.0011405068	0.0026882497
0.32665848	0.0006727084	0.0026617206
0.32678928	0.0005798483	0.0026999920
0.32692008	0.0013951942	0.0027451181
0.32705088	0.0014344260	0.0026746432
0.32718168	0.0002164387	0.0027639940
0.32731248	0.0011035199	0.0027605205
0.32744327	0.0003954724	0.0027336649
0.32757407	-0.0002640448	0.0027760929
0.32770487	0.0011918916	0.0027740480
0.32783567	0.0018208824	0.0027794415
0.32796647	0.0005613767	0.0028332040
0.32809727	0.0014965851	0.0028241096
0.32822807	0.0001585327	0.0028369083
0.32835887	0.0011703374	0.0028766426
0.32848967	0.0002007510	0.0028495571
0.32862047	-0.0000371519	0.0028819713
0.32875127	0.0003195159	0.0028902132
0.32888207	0.0013043739	0.0028709498
0.32901287	0.0013160474	0.0029354274
0.32914366	0.0000653394	0.0028979664
0.32927446	-0.0007859201	0.0029908297
0.32940526	-0.0000999644	0.0029538352
0.32953606	-0.0006869112	0.0029582696
0.32966686	0.0008352843	0.0029889404
0.32979766	0.0011714219	0.0030164843
0.32992846	-0.0003298899	0.0030189589
0.33005926	-0.0005099418	0.0030676866
0.33019006	0.0008253928	0.0030203172
0.33032086	-0.0019025521	0.0030696874
0.33045166	0.0001504363	0.0031305413
0.33058246	-0.0000074401	0.0030836451
0.33071326	0.0014982416	0.0031144159
0.33084405	0.0006290782	0.0031340616
0.33097485	0.0004252548	0.0031182149
0.33110565	0.0003679096	0.0031710462
0.33123645	-0.0002231179	0.0031956897
0.33136725	0.0003397654	0.0031943599
0.33149805	0.0010765410	0.0032478177
0.33162885	0.0002167871	0.0032430905
0.33175965	0.0010410674	0.0032600414
0.33189045	0.0004814912	0.0033079625
0.33202125	0.0016699224	0.0032853288
0.33215205	0.0011883686	0.0033165504
0.33228285	0.0012090400	0.0033661950
0.33241365	0.0013932381	0.0033146783
0.33254444	0.0013528463	0.0034304019
0.33267524	-0.0007299773	0.0034252533
0.33280604	-0.0012504104	0.0034178558
0.33293684	0.0009559388	0.0035184780
0.33306764	0.0003480369	0.0034740128
0.33319844	0.0006368452	0.0035605297
0.33332924	0.0012121196	0.0035344033
0.33346004	0.0019553992	0.0035240285
0.33359084	0.0008498069	0.0035994881
0.33372164	0.0009198120	0.0036422061
0.33385244	0.0011416753	0.0035917305
0.33398324	0.0013439722	0.0036408839
0.33411404	0.0004163532	0.0037167238
0.33424483	0.0006565774	0.0036640852
0.33437563	-0.0003249307	0.0037683039
0.33450643	0.0012017900	0.0038166418
0.33463723	0.0005156302	0.0037597453
0.33476803	0.0013415894	0.0038269138
0.33489883	0.0014788299	0.0038754528
0.33502963	0.0011958458	0.0039109057
0.33516043	-0.0006543442	0.0039560279
0.33529123	0.0006545433	0.0039810314
0.33542203	0.0007640231	0.0039585976
0.33555283	0.0012099851	0.0040545470
0.33568363	-0.0008450728	0.0041243107
0.33581442	0.0004330709	0.0041298875
0.33594522	0.0016760842	0.0041685939
0.33607602	0.0032251652	0.0041792454
0.33620682	0.0001898478	0.0042277671
0.33633762	0.0001188961	0.0043025566
0.33646842	0.0005086552	0.0043875520
0.33659922	0.0012798923	0.0043551212
0.33673002	-0.0001092795	0.0044853092
0.33686082	0.0006492802	0.0044658884
0.33699162	0.0007452678	0.0045279179
0.33712242	-0.0006512794	0.0046499098
0.33725322	0.0010540584	0.0045137288
0.33738402	0.0015463344	0.0048451765
0.33751481	0.0018019439	0.0048015443
0.33764561	0.0014894772	0.0048102141
0.33777641	0.0017919555	0.0048344045
0.33790721	-0.0014088173	0.0050375619
0.33803801	-0.0001317315	0.0049825060
0.33816881	0.0019828816	0.0052060344
0.33829961	0.0010498962	0.0051331159
0.33843041	0.0009217644	0.0052632000
0.33856121	-0.0000321487	0.0053348282
0.33869201	0.0002780698	0.0055361397
0.33882281	0.0019199962	0.0053989493
0.33895361	0.0031167984	0.0056730227
0.33908441	0.0013252875	0.0058235768
0.3392152	-0.0000738567	0.0057401538
0.339346	-0.0007206596	0.0058917520
0.3394768	0.0009463130	0.0062214038
0.3396076	0.0008898109	0.0059786215
0.3397384	0.0029791509	0.0063334023
0.3398692	0.0014985519	0.0064953931
0.34	0.0029006843	0.0065620869
