0.0027543000	-759.6232000000	666.0231000000
0.0030174100	-201.8742000000	381.0750000000
0.0032805200	331.5138000000	295.6132000000
0.0035436300	-19.1844200000	228.9280000000
0.0038067400	-193.1462000000	195.1551000000
0.0040698500	403.3981000000	169.0902000000
0.0043329600	115.1963000000	134.6247000000
0.0045960800	-84.3028000000	121.6866000000
0.0048591900	162.0430000000	99.3505200000
0.0051223000	175.4820000000	87.6393600000
0.0053854100	100.5106000000	78.6250100000
0.0056485200	76.4548300000	67.6016300000
0.0059116300	114.5251000000	62.8908200000
0.0061747400	52.4323300000	55.5133800000
0.0064378500	82.3291400000	49.6886400000
0.0067009600	136.7194000000	46.4562000000
0.0069640700	54.7288000000	41.4074800000
0.0072271800	-1.9633390000	40.4135200000
0.0074902900	100.5348000000	36.3015700000
0.0077534000	101.3043000000	34.9293800000
0.0080165100	62.2988600000	32.6971900000
0.0082796300	116.4162000000	30.7283900000
0.0085427400	88.9779100000	29.7846300000
0.0088058500	42.3561300000	27.2079600000
0.0090689600	56.4829200000	27.0957100000
0.0093320700	32.5466200000	24.8777000000
0.0095951800	106.9982000000	24.2483700000
0.0098582900	118.0872000000	24.1255000000
0.0101214000	82.9900200000	22.2690400000
0.0103845000	90.0823700000	22.2166100000
0.0106476000	29.7522400000	20.9507700000
0.0109107000	65.9377500000	20.3223700000
0.0111738000	106.9802000000	20.7324100000
0.0114370000	78.0953600000	18.8621600000
0.0117001000	98.4996300000	19.6489100000
0.0119632000	75.3637100000	18.2924700000
0.0122263000	78.1385600000	18.1758300000
0.0124894000	68.4232400000	17.5574600000
0.0127525000	85.8108400000	17.6091300000
0.0130156000	72.6817900000	17.3373500000
0.0132787000	70.7210600000	16.5568700000
0.0135418000	46.8529100000	16.5391600000
0.0138050000	71.0369100000	16.1727600000
0.0140681000	64.3298600000	15.9576000000
0.0143312000	81.4074100000	16.2564500000
0.0145943000	66.7112800000	15.9886500000
0.0148574000	85.2902600000	16.5234500000
0.0151205000	65.5544600000	16.0948200000
0.0153836000	78.9486300000	15.8187800000
0.0156467000	106.3220000000	16.1366200000
0.0159098000	91.0357100000	15.4397500000
0.0161729000	87.0992900000	15.9563100000
0.0164361000	81.8049200000	15.4685500000
0.0166992000	68.3905100000	15.6654500000
0.0169623000	56.8349100000	15.1409900000
0.0172254000	92.6256900000	15.7178100000
0.0174885000	71.8371000000	15.4735800000
0.0177516000	82.5979800000	14.7794200000
0.0180147000	82.9867400000	15.3414200000
0.0182778000	79.2322400000	14.7871800000
0.0185409000	64.1033500000	14.6874200000
0.0188041000	84.0302800000	14.8000900000
0.0190672000	87.0271900000	14.5098700000
0.0193303000	68.2858100000	14.5980400000
0.0195934000	69.3060000000	14.5049500000
0.0198565000	40.1874300000	14.3037900000
0.0201196000	63.8892900000	14.3256300000
0.0203827000	81.3258300000	14.1394200000
0.0206458000	78.1563300000	14.3624300000
0.0209089000	69.6875300000	14.0390200000
0.0211721000	60.6960400000	13.9925000000
0.0214352000	92.7653200000	14.1994000000
0.0216983000	93.2608000000	14.1274400000
0.0219614000	75.0424700000	13.9750200000
0.0222245000	83.2141900000	13.7208200000
0.0224876000	82.0168300000	13.8192300000
0.0227507000	72.7817400000	7.2016070000
0.0230138000	63.6538500000	6.8647220000
0.0232769000	74.0610100000	7.0748850000
0.0235400000	73.7425600000	6.9093210000
0.0238032000	61.9475000000	6.9038680000
0.0240663000	63.5092700000	6.7736730000
0.0243294000	79.7823300000	6.9854940000
0.0245925000	73.9416600000	6.9223640000
0.0248556000	78.7857200000	6.8811860000
0.0251187000	84.9661900000	6.9376890000
0.0253818000	77.2836500000	6.8233180000
0.0256449000	83.7695600000	6.7513680000
0.0259080000	76.2763100000	6.6324070000
0.0261712000	69.7589300000	6.6480580000
0.0264343000	69.9512500000	6.7743950000
0.0266974000	69.1360700000	6.5413390000
0.0269605000	77.1804100000	6.5973090000
0.0272236000	78.5236200000	6.6507340000
0.0274867000	70.7770400000	6.5164000000
0.0277498000	73.0059000000	6.4958550000
0.0280129000	61.4360100000	6.3732940000
0.0282760000	75.8831900000	6.4419450000
0.0285392000	64.5769400000	6.2671040000
0.0288023000	70.0877600000	6.3525740000
0.0290654000	62.7968700000	6.3402970000
0.0293285000	74.2079500000	6.2316950000
0.0295916000	70.1228400000	6.3933560000
0.0298547000	66.6619700000	6.2097430000
0.0301178000	58.7394800000	6.2211000000
0.0303809000	89.0317600000	6.2507420000
0.0306440000	73.0576400000	6.2367910000
0.0309071000	66.0586800000	6.1462440000
0.0311703000	68.0843600000	6.1580130000
0.0314334000	59.7451300000	6.0637780000
0.0316965000	62.3999200000	6.0570970000
0.0319596000	67.0565600000	6.1019020000
0.0322227000	68.1273700000	6.0244830000
0.0324858000	67.4181500000	6.1252020000
0.0327489000	67.5536300000	6.1143580000
0.0330120000	66.2815100000	5.9872300000
0.0332751000	82.7943900000	6.1123790000
0.0335383000	80.3938200000	6.0713580000
0.0338014000	65.0826100000	5.9276550000
0.0340645000	74.6624700000	5.9913850000
0.0343276000	69.9759700000	5.9137330000
0.0345907000	59.8852800000	5.8938380000
0.0348538000	69.2332600000	5.7674340000
0.0351169000	68.4982500000	5.9213810000
0.0353800000	70.3501500000	5.8518740000
0.0356431000	73.1861700000	5.8126350000
0.0359063000	56.9000700000	5.8204770000
0.0361694000	59.7233800000	5.6581670000
0.0364325000	62.4695300000	5.8215060000
0.0366956000	63.4754100000	5.6897270000
0.0369587000	72.2251400000	5.7101040000
0.0372218000	66.5094300000	5.8255300000
0.0374849000	67.8526300000	5.8184450000
0.0377480000	66.9348800000	6.0608300000
0.0380111000	69.8644800000	6.0521860000
0.0382742000	56.6407500000	5.9501870000
0.0385374000	74.0197000000	6.1545200000
0.0388005000	57.6351700000	6.0926360000
0.0390636000	67.2531800000	6.1045810000
0.0393267000	73.3116600000	6.0704360000
0.0395898000	61.7131000000	6.2374060000
0.0398529000	73.2285600000	6.3114860000
0.0401160000	68.0258400000	6.1853530000
0.0403791000	73.9300700000	6.2821390000
0.0406422000	63.3827200000	6.2316000000
0.0409054000	64.5353400000	6.2627510000
0.0411685000	62.1722300000	6.2265530000
0.0414316000	64.0944700000	6.3013890000
0.0416947000	56.7464300000	6.1698540000
0.0419578000	73.8799900000	6.2345310000
0.0422209000	64.2537400000	6.3221550000
0.0424840000	56.8513700000	6.2620550000
0.0427471000	62.9397900000	6.2375300000
0.0430102000	65.3592300000	6.0679630000
0.0432734000	63.3682900000	5.9247440000
0.0435365000	64.8419900000	5.9246330000
0.0437996000	64.4178600000	5.7524260000
0.0440627000	66.5167000000	5.8526450000
0.0443258000	59.8004600000	5.8273460000
0.0445889000	53.7226800000	5.6739340000
0.0448520000	67.2399500000	5.7228240000
0.0451151000	62.0641800000	5.6580570000
0.0453782000	57.8956700000	5.7191760000
0.0456413000	68.1686500000	5.6049750000
0.0459045000	53.2089700000	5.5376500000
0.0461676000	64.8139400000	5.5753780000
0.0464307000	64.7920400000	5.5101130000
0.0466938000	73.9096700000	5.5502900000
0.0469569000	70.0464800000	5.5769000000
0.0472200000	67.0978300000	5.4106420000
0.0474831000	68.4614600000	5.4474090000
0.0477462000	64.6814000000	5.3865470000
0.0480093000	63.3069800000	5.4324270000
0.0482725000	75.1963300000	5.4086980000
0.0485356000	60.3800500000	5.3199930000
0.0487987000	54.5424200000	5.3752670000
0.0490618000	57.7426800000	5.3589760000
0.0493249000	69.4860000000	5.3115400000
0.0495880000	59.4628700000	5.3241160000
0.0498511000	60.4587800000	5.3546020000
0.0501142000	67.4428000000	5.3096100000
0.0503773000	63.5151300000	5.2682350000
0.0506405000	64.7598700000	5.3297480000
0.0509036000	59.7869200000	5.3235070000
0.0511667000	59.7958500000	5.3662870000
0.0514298000	63.5552400000	5.2988730000
0.0516929000	53.2289600000	5.3642690000
0.0519560000	60.9903400000	5.4765960000
0.0522191000	56.5128100000	5.4547880000
0.0524822000	61.1773900000	5.5124100000
0.0527453000	72.8559200000	5.5280710000
0.0530084000	62.7505200000	5.5161300000
0.0532716000	62.7513700000	5.5004900000
0.0535347000	55.6958300000	5.4819400000
0.0537978000	56.1913300000	5.4292150000
0.0540609000	62.5226200000	5.3478540000
0.0543240000	62.6450500000	5.2433750000
0.0545871000	57.3253800000	5.2167710000
0.0548502000	60.4263000000	5.1019380000
0.0551133000	62.5362200000	5.1579830000
0.0553764000	63.4533700000	5.1332020000
0.0556396000	55.1561400000	4.9998850000
0.0559027000	55.3844300000	5.0287460000
0.0561658000	54.9792500000	5.0433680000
0.0564289000	52.0248400000	5.0213140000
0.0566920000	55.5228400000	4.9159160000
0.0569551000	58.4801100000	4.9748630000
0.0572182000	60.7000800000	4.9996450000
0.0574813000	57.3238700000	4.9549720000
0.0577444000	59.1525600000	5.0047930000
0.0580076000	58.0471600000	4.8951490000
0.0582707000	54.7545000000	4.8805920000
0.0585338000	57.9060900000	4.9438110000
0.0587969000	53.3215000000	4.8963060000
0.0590600000	48.9729900000	4.8559670000
0.0593231000	49.0735300000	4.7928150000
0.0595862000	56.4653700000	4.8382490000
0.0598493000	52.5719300000	4.8742930000
0.0601124000	54.5652600000	4.8578400000
0.0603755000	50.1089300000	4.7835720000
0.0606387000	55.5177500000	2.3894320000
0.0609018000	53.2034300000	2.3834240000
0.0611649000	58.5478300000	2.4052930000
0.0614280000	56.8204600000	2.3735630000
0.0616911000	51.9566400000	2.3365160000
0.0619542000	53.7049900000	2.3917430000
0.0622173000	49.7904600000	2.3339360000
0.0624804000	59.1278900000	2.3721430000
0.0627435000	53.1315600000	2.3153760000
0.0630067000	51.8242800000	2.2998550000
0.0632698000	51.9026200000	2.3329120000
0.0635329000	52.4262700000	2.2988290000
0.0637960000	50.8440400000	2.2891100000
0.0640591000	51.8318300000	2.2772980000
0.0643222000	53.4104400000	2.2954790000
0.0645853000	51.9429200000	2.2982480000
0.0648484000	56.0386000000	2.2636870000
0.0651115000	53.3848200000	2.2994460000
0.0653747000	49.1636100000	2.2464210000
0.0656378000	51.0843000000	2.2671860000
0.0659009000	54.5208200000	2.2911690000
0.0661640000	51.8408000000	2.2409810000
0.0664271000	52.3236500000	2.2774090000
0.0666902000	51.6210100000	2.2194950000
0.0669533000	50.6296800000	2.2526080000
0.0672164000	51.8339200000	2.2255650000
0.0674795000	53.6823100000	2.2502510000
0.0677427000	54.3823400000	2.2749730000
0.0680058000	52.2337800000	2.2219470000
0.0682689000	51.5084000000	2.2319470000
0.0685320000	50.0784500000	2.2197970000
0.0687951000	52.3911800000	2.2312290000
0.0690582000	48.8419800000	2.2125170000
0.0693213000	49.3551900000	2.1628300000
0.0695844000	46.7188700000	2.1883730000
0.0698475000	52.3387500000	2.2107540000
0.0701106000	46.7046200000	2.2025400000
0.0703738000	51.9018600000	2.1812790000
0.0706369000	47.1588000000	2.1381250000
0.0709000000	47.7786600000	2.1782170000
0.0711631000	51.8607600000	2.1616240000
0.0714262000	48.5424100000	2.1727100000
0.0716893000	49.5032800000	2.1550840000
0.0719524000	48.4474300000	2.1620830000
0.0722155000	46.5885700000	2.1331930000
0.0724786000	44.2548200000	2.1297350000
0.0727418000	49.6950000000	2.1350590000
0.0730049000	53.6227500000	2.1556060000
0.0732680000	47.8642900000	2.1501180000
0.0735311000	44.7063900000	2.1120010000
0.0737942000	45.1133000000	2.0824420000
0.0740573000	49.5866700000	2.1235950000
0.0743204000	50.4403200000	2.1311170000
0.0745835000	52.1043700000	2.1316570000
0.0748466000	46.6504200000	2.0826690000
0.0751098000	47.4221200000	2.0973910000
0.0753729000	47.7342300000	2.1195390000
0.0756360000	44.2438500000	2.0807380000
0.0758991000	46.4773100000	2.0869860000
0.0761622000	46.1565900000	2.0713780000
0.0764253000	46.3999300000	2.0788090000
0.0766884000	48.5125000000	2.0878850000
0.0769515000	49.5571000000	2.0798030000
0.0772146000	48.3640300000	2.0629980000
0.0774777000	46.2205600000	2.0262670000
0.0777409000	46.2228200000	2.1316490000
0.0780040000	42.9248500000	2.1108110000
0.0782671000	43.5967200000	2.1120140000
0.0785302000	49.1142200000	2.1689520000
0.0787933000	46.0868500000	2.1455850000
0.0790564000	42.3284300000	2.1601850000
0.0793195000	47.6697400000	2.1490780000
0.0795826000	40.6634300000	2.1420820000
0.0798457000	45.5343400000	2.1657990000
0.0801089000	44.3963600000	2.1413570000
0.0803720000	45.1726800000	2.1721460000
0.0806351000	43.9776300000	2.0889640000
0.0808982000	40.3788800000	2.1005570000
0.0811613000	44.2310300000	2.0675080000
0.0814244000	49.6480000000	2.0543790000
0.0816875000	46.3462800000	2.0538360000
0.0819506000	43.2540200000	1.9989920000
0.0822137000	42.2342900000	2.0201830000
0.0824769000	44.7825100000	2.0184790000
0.0827400000	45.2156700000	2.0056910000
0.0830031000	46.3179300000	2.0286700000
0.0832662000	45.1767100000	2.0074770000
0.0835293000	41.8645200000	2.0044050000
0.0837924000	44.2751000000	1.9694480000
0.0840555000	42.8188600000	1.9846990000
0.0843186000	38.8613000000	1.9629660000
0.0845817000	41.8826500000	1.9574960000
0.0848448000	41.9485400000	1.9793120000
0.0851080000	40.3360800000	1.9434950000
0.0853711000	39.6589400000	1.9587630000
0.0856342000	38.7049800000	1.9385140000
0.0858973000	43.2027900000	1.9638830000
0.0861604000	39.0671500000	1.9326370000
0.0864235000	42.4164300000	1.9305400000
0.0866866000	40.7085300000	1.9352640000
0.0869497000	41.1998800000	1.9276370000
0.0872128000	42.2406400000	1.9061440000
0.0874760000	38.7505400000	1.9168870000
0.0877391000	40.6013700000	1.8833870000
0.0880022000	41.3655500000	1.9259780000
0.0882653000	39.8508700000	1.8638980000
0.0885284000	40.8511200000	1.8992350000
0.0887915000	40.1633100000	1.8849070000
0.0890546000	41.2270500000	1.8820390000
0.0893177000	39.1321800000	1.8989900000
0.0895808000	38.0141400000	1.8555500000
0.0898440000	35.6111000000	1.8869930000
0.0901071000	37.3291500000	1.8489830000
0.0903702000	39.7959900000	1.8747640000
0.0906333000	37.2357000000	1.8648800000
0.0908964000	40.8729800000	1.8754500000
0.0911595000	40.0545600000	1.8894260000
0.0914226000	40.8782200000	1.8576540000
0.0916857000	40.8386300000	1.8792940000
0.0919488000	37.3662200000	1.8385580000
0.0922119000	41.4950600000	1.8752440000
0.0924751000	40.4222100000	1.8720830000
0.0927382000	39.5571200000	1.8353940000
0.0930013000	36.6797400000	1.8671410000
0.0932644000	36.7286900000	1.8961420000
0.0935275000	37.5654100000	1.9092500000
0.0937906000	37.7266800000	1.9303330000
0.0940537000	41.6999400000	1.9579330000
0.0943168000	36.4097400000	1.9459000000
0.0945799000	41.3716400000	1.9733240000
0.0948431000	33.3956800000	1.9314700000
0.0951062000	40.5638000000	1.9899180000
0.0953693000	35.0843300000	1.9504030000
0.0956324000	39.5837500000	1.9889310000
0.0958955000	42.2814700000	1.9982920000
0.0961586000	37.1790100000	1.9808660000
0.0964217000	36.8405000000	1.9782040000
0.0966848000	38.8684400000	1.9854570000
0.0969479000	35.4433000000	2.0047130000
0.0972111000	34.3870900000	1.9619800000
0.0974742000	35.7882300000	2.0037010000
0.0977373000	35.0386200000	1.9881280000
0.0980004000	36.1561100000	2.0056390000
0.0982635000	33.3674500000	2.0103050000
0.0985266000	35.9956400000	1.9710690000
0.0987897000	34.5493900000	1.9499640000
0.0990528000	39.6040200000	1.9466140000
0.0993159000	33.3083900000	1.8934500000
0.0995790000	33.3827800000	1.8969990000
0.0998422000	34.1273200000	1.8788300000
0.1001050000	35.9194900000	1.9009530000
0.1003680000	36.2053700000	1.8676760000
0.1006310000	35.4745200000	1.8575600000
0.1008950000	34.5544200000	1.8488650000
0.1011580000	37.7584700000	1.8879230000
0.1014210000	34.4485800000	1.8475830000
0.1016840000	35.6301700000	1.8292800000
0.1019470000	34.5393600000	1.8601210000
0.1022100000	33.5655800000	1.8182450000
0.1024730000	37.2198300000	1.8210890000
0.1027360000	33.8769600000	1.8075540000
0.1029990000	35.1168600000	1.8046540000
0.1032630000	34.9262500000	1.8385070000
0.1035260000	31.8608700000	1.7811540000
0.1037890000	31.6990400000	1.7992520000
0.1040520000	35.4390000000	1.7736350000
0.1043150000	32.7670000000	1.7832690000
0.1045780000	34.7547000000	1.8031450000
0.1048410000	33.7124900000	1.7785070000
0.1051040000	36.4716000000	1.8005670000
0.1053670000	33.4525800000	1.7708270000
0.1056310000	32.5623000000	1.7642400000
0.1058940000	30.9690800000	1.7546880000
0.1061570000	30.6345500000	1.7334570000
0.1064200000	30.0762400000	1.7655610000
0.1066830000	32.3293600000	1.7257500000
0.1069460000	31.7407800000	1.7476210000
0.1072090000	34.5263800000	1.7504550000
0.1074720000	33.0780300000	1.7350810000
0.1077350000	30.3650000000	1.7477730000
0.1079990000	29.3946600000	1.6994160000
0.1082620000	28.1841900000	1.7172570000
0.1085250000	30.6089200000	1.7025960000
0.1087880000	31.8310800000	1.7172570000
0.1090510000	30.5835500000	1.6966500000
0.1093140000	28.9311400000	1.6795700000
0.1095770000	30.8792900000	1.6988840000
0.1098400000	29.4752200000	1.6844540000
0.1101030000	30.1790600000	1.6992270000
0.1103670000	30.9738400000	1.7017510000
0.1106300000	32.2000200000	1.6808350000
0.1108930000	30.8474900000	1.6921020000
0.1111560000	33.4944000000	1.6971090000
0.1114190000	29.3194700000	1.6859570000
0.1116820000	30.1393100000	1.6854820000
0.1119450000	32.7255500000	1.6832530000
0.1122080000	29.7792100000	1.6830800000
0.1124710000	30.5409900000	1.6764360000
0.1127350000	26.7713400000	1.6561690000
0.1129980000	29.4055700000	1.6704980000
0.1132610000	28.6900900000	1.6508090000
0.1135240000	28.1183100000	1.6700720000
0.1137870000	26.8952800000	1.6428730000
0.1140500000	27.6060100000	1.6513670000
0.1143130000	28.6422800000	1.6475940000
0.1145760000	30.2141900000	1.6642920000
0.1148390000	28.6807000000	1.6432790000
0.1151030000	29.7480900000	1.6292310000
0.1153660000	28.9407500000	1.6513390000
0.1156290000	26.4798100000	1.6266580000
0.1158920000	29.8098700000	1.6520950000
0.1161550000	29.5836900000	1.6304820000
0.1164180000	28.3556800000	1.6259870000
0.1166810000	26.5114900000	1.6088860000
0.1169440000	28.6050800000	1.6169220000
0.1172070000	33.0699100000	1.6587050000
0.1174710000	27.1328400000	1.6222440000
0.1177340000	28.2978100000	1.6393370000
0.1179970000	27.6310800000	1.6137820000
0.1182600000	27.8077800000	1.5951480000
0.1185230000	26.2523200000	1.6087090000
0.1187860000	31.2013200000	1.6104450000
0.1190490000	29.2096400000	1.6232070000
0.1193120000	26.6690700000	1.5837100000
0.1195750000	27.1319000000	1.5975440000
0.1198390000	28.2987300000	1.6053410000
0.1201020000	24.4627800000	1.5765110000
0.1203650000	26.8480100000	1.5998510000
0.1206280000	26.8256300000	1.5945140000
0.1208910000	27.3570400000	1.5964970000
0.1211540000	25.9543500000	1.5815950000
0.1214170000	25.9360200000	1.5698350000
0.1216800000	27.6363400000	1.5826570000
0.1219430000	23.8856900000	1.5430200000
0.1222070000	27.9699000000	1.5808650000
0.1224700000	27.9862700000	1.5796510000
0.1227330000	28.5573000000	1.5682840000
0.1229960000	25.5018300000	1.5703960000
0.1232590000	24.1317600000	1.5521850000
0.1235220000	28.5055600000	1.5783210000
0.1237850000	26.0424400000	1.5524400000
0.1240480000	26.9629900000	1.5650430000
0.1243110000	26.2682400000	1.5626680000
0.1245750000	24.8626600000	1.5410480000
0.1248380000	25.3471400000	1.5520880000
0.1251010000	24.6968100000	1.5330050000
0.1253640000	26.6598800000	1.5567590000
0.1256270000	26.0487100000	1.5539790000
0.1258900000	26.3272400000	1.5419880000
0.1261530000	24.7054300000	1.5466130000
0.1264160000	24.5065300000	1.5130100000
0.1266790000	23.3845900000	1.5376750000
0.1269430000	25.0816900000	1.5210390000
0.1272060000	24.3728000000	1.5311360000
0.1274690000	23.8611900000	1.5252510000
0.1277320000	24.4741100000	1.5299910000
0.1279950000	22.6246700000	1.5342760000
0.1282580000	24.6814200000	1.5195890000
0.1285210000	26.9172700000	1.5413000000
0.1287840000	25.1665700000	1.5095680000
0.1290470000	26.1373700000	1.5196520000
0.1293110000	22.7786000000	1.5117540000
0.1295740000	22.1468800000	1.4963280000
0.1298370000	25.5287500000	1.5254580000
0.1301000000	24.3102100000	1.5021250000
0.1303630000	22.7457000000	1.5079600000
0.1306260000	25.6239400000	1.4965350000
0.1308890000	24.9833700000	1.4982900000
0.1311520000	23.6668300000	1.5084570000
0.1314150000	23.0878700000	1.5086350000
0.1316790000	23.6398300000	1.4961750000
0.1319420000	25.6025800000	1.5028290000
0.1322050000	22.2876300000	1.4953500000
0.1324680000	23.6600700000	1.4956440000
0.1327310000	22.6673400000	1.4730990000
0.1329940000	22.1730700000	1.4767900000
0.1332570000	24.5962900000	1.4813590000
0.1335200000	24.2414700000	1.4807420000
0.1337830000	24.7579600000	1.4852040000
0.1340470000	21.6083100000	1.4715790000
0.1343100000	19.7092000000	1.4658120000
0.1345730000	20.8905600000	1.4771370000
0.1348360000	24.7419300000	1.4712010000
0.1350990000	23.1119300000	1.4677610000
0.1353620000	23.5191800000	1.4700260000
0.1356250000	22.9461200000	1.4654630000
0.1358880000	20.4228500000	1.4545840000
0.1361510000	23.4319100000	1.4616580000
0.1364150000	22.9816400000	1.4613800000
0.1366780000	21.1341900000	1.4484820000
0.1369410000	22.0298700000	1.4665020000
0.1372040000	19.8776100000	1.4318850000
0.1374670000	22.3832700000	1.4380310000
0.1377300000	21.3927900000	1.4537880000
0.1379930000	23.8218000000	1.4541530000
0.1382560000	20.8410800000	1.4466720000
0.1385190000	23.1449100000	1.4476080000
0.1387830000	23.2396600000	1.4543830000
0.1390460000	21.0734500000	1.4265180000
0.1393090000	23.2607500000	1.4437760000
0.1395720000	22.3967500000	1.4388390000
0.1398350000	23.2464700000	1.4403890000
0.1400980000	22.9237300000	1.4433570000
0.1403610000	21.5272600000	1.4222380000
0.1406240000	20.9658200000	1.4293230000
0.1408870000	21.2445700000	1.4316170000
0.1411510000	21.4269400000	1.4373850000
0.1414140000	20.7158200000	1.4227140000
0.1416770000	19.8915300000	1.4159620000
0.1419400000	21.2812900000	1.4155480000
0.1422030000	20.7059200000	1.4124290000
0.1424660000	19.9114100000	1.4239690000
0.1427290000	20.7758200000	1.4221480000
0.1429920000	19.7947300000	1.3977950000
0.1432550000	23.2904500000	1.4313870000
0.1435190000	21.3845300000	1.4024080000
0.1437820000	20.7784300000	1.4111780000
0.1440450000	21.9890500000	1.4126690000
0.1443080000	19.1706800000	1.4024070000
0.1445710000	20.5885700000	1.4261430000
0.1448340000	17.5487100000	1.3843550000
0.1450970000	18.4869500000	1.3923710000
0.1453600000	21.1064100000	1.4068210000
0.1456230000	19.8155400000	1.3942800000
0.1458870000	20.7960400000	1.4046380000
0.1461500000	23.6630900000	1.4030980000
0.1464130000	21.2578400000	1.3977200000
0.1466760000	20.0167300000	1.3924830000
0.1469390000	20.2545500000	1.3996560000
0.1472020000	17.7352200000	1.3863420000
0.1474650000	17.9898700000	1.3732560000
0.1477280000	20.6142100000	1.3935620000
0.1479910000	20.4320800000	1.3792340000
0.1482550000	20.9445300000	1.3887480000
0.1485180000	18.0595900000	1.3780360000
0.1487810000	18.3324700000	1.3991710000
0.1490440000	18.7886400000	1.4222720000
0.1493070000	20.5165700000	1.4307040000
0.1495700000	20.8833800000	1.4418780000
0.1498330000	18.6024300000	1.4362960000
0.1500960000	20.7664900000	1.4475700000
0.1503590000	20.4202700000	1.4546550000
0.1506230000	19.5507800000	1.4471430000
0.1508860000	19.4452500000	1.4635790000
0.1511490000	17.4814500000	1.4504050000
0.1514120000	22.8630600000	1.4896050000
0.1516750000	17.9030300000	1.4681180000
0.1519380000	19.4524700000	1.4771000000
0.1522010000	17.7933500000	1.4900100000
0.1524640000	17.8721800000	1.4700980000
0.1527270000	14.9347300000	1.4784010000
0.1529910000	17.3211900000	1.4776920000
0.1532540000	20.1023400000	1.5041230000
0.1535170000	17.2340900000	1.4978560000
0.1537800000	15.8914000000	1.4829340000
0.1540430000	18.3406800000	1.4988250000
0.1543060000	17.9080300000	1.4611400000
0.1545690000	18.7291400000	1.4740100000
0.1548320000	17.0321700000	1.4554330000
0.1550950000	20.4506800000	1.4322880000
0.1553590000	19.0664800000	1.4626180000
0.1556220000	19.7551200000	1.4245740000
0.1558850000	16.7040500000	1.4354980000
0.1561480000	18.0366900000	1.4246220000
0.1564110000	17.9020000000	1.4090140000
0.1566740000	19.3873600000	1.4240760000
0.1569370000	17.9515100000	1.3971610000
0.1572000000	18.2476500000	1.4163440000
0.1574630000	19.5233800000	1.3972110000
0.1577270000	16.7960800000	1.4026390000
0.1579900000	15.6300100000	1.4025050000
0.1582530000	14.3516800000	1.3751540000
0.1585160000	14.5162700000	1.3857660000
0.1587790000	16.1776400000	1.3796320000
0.1590420000	18.0898200000	1.4035690000
0.1593050000	19.1235300000	1.3928980000
0.1595680000	15.4570100000	1.3667220000
0.1598310000	14.4517400000	1.3758520000
0.1600950000	17.8739600000	1.3763430000
0.1603580000	16.2871500000	1.3775350000
0.1606210000	16.6187600000	1.3650650000
0.1608840000	16.1449000000	1.3649080000
0.1611470000	17.9282500000	1.3688760000
0.1614100000	14.6701900000	1.3513370000
0.1616730000	18.7977900000	1.3794490000
0.1619360000	16.0565000000	1.3502190000
0.1621990000	17.6062500000	1.3717050000
0.1624630000	17.2509400000	1.3728590000
0.1627260000	16.5570300000	1.3591770000
0.1629890000	15.9492800000	1.3594120000
0.1632520000	15.2267700000	1.3542640000
0.1635150000	16.1022900000	1.3650240000
0.1637780000	17.3797300000	1.3664110000
0.1640410000	16.4198400000	1.3466490000
0.1643040000	18.4809700000	1.3571660000
0.1645670000	16.0769700000	1.3391200000
0.1648310000	16.5706500000	1.3544090000
0.1650940000	18.6081500000	1.3514030000
0.1653570000	16.0559600000	1.3400670000
0.1656200000	13.4039600000	1.3430440000
0.1658830000	13.1214300000	1.3369460000
0.1661460000	16.3512200000	1.3487050000
0.1664090000	15.6723600000	1.3369710000
0.1666720000	14.1563000000	1.3398920000
0.1669350000	15.1093500000	1.3450070000
0.1671990000	14.7777800000	1.3510200000
0.1674620000	14.9315100000	1.3398360000
0.1677250000	15.0667100000	1.3294810000
0.1679880000	15.7787300000	1.3322560000
0.1682510000	15.7745100000	1.3192320000
0.1685140000	14.9469800000	1.3244840000
0.1687770000	18.2519600000	1.3530350000
0.1690400000	13.8694000000	1.3198170000
0.1693030000	15.8453300000	1.3352030000
0.1695670000	17.1588000000	1.3266390000
0.1698300000	13.7129200000	1.3176900000
0.1700930000	14.7136600000	1.3243580000
0.1703560000	13.3744000000	1.3066090000
0.1706190000	15.0585500000	1.3331970000
0.1708820000	14.0693200000	1.2978540000
0.1711450000	11.6178800000	1.3131020000
0.1714080000	17.4598400000	1.3230520000
0.1716710000	14.5149300000	1.3173140000
0.1719340000	16.7883600000	1.3239160000
0.1721980000	15.7927700000	1.3163690000
0.1724610000	15.1654400000	1.3204320000
0.1727240000	13.5399100000	1.3052610000
0.1729870000	15.5563400000	1.3208530000
0.1732500000	15.4229000000	1.3153500000
0.1735130000	14.6154800000	1.3186820000
0.1737760000	14.3114800000	1.3032200000
0.1740390000	17.5054000000	1.3168790000
0.1743020000	15.2245700000	1.3147700000
0.1745660000	14.6513600000	1.3027320000
0.1748290000	15.0142900000	1.3112230000
0.1750920000	13.9254300000	1.3136400000
0.1753550000	14.2548900000	1.3019560000
0.1756180000	13.9265700000	1.3095870000
0.1758810000	14.0850000000	1.3052300000
0.1761440000	13.7944400000	1.2990680000
0.1764070000	14.1502400000	1.2991600000
0.1766700000	14.5546800000	1.3052710000
0.1769340000	13.0682300000	1.3062720000
0.1771970000	13.1099300000	1.2940980000
0.1774600000	14.0430400000	1.2959190000
0.1777230000	15.0562700000	1.2955550000
0.1779860000	13.9471300000	1.2935390000
0.1782490000	13.3127900000	1.3049220000
0.1785120000	14.3462400000	1.2884590000
0.1787750000	13.8073200000	1.3101800000
0.1790380000	12.8711900000	1.2833380000
0.1793020000	15.9113200000	1.2939400000
0.1795650000	12.6934700000	1.2879100000
0.1798280000	11.8463200000	1.2888470000
0.1800910000	12.6666100000	1.2852360000
0.1803540000	14.4355300000	1.2868930000
0.1806170000	15.7960300000	1.2968630000
0.1808800000	13.0233500000	1.2874390000
0.1811430000	14.8384500000	1.2980620000
0.1814060000	14.1704800000	1.2983020000
0.1816700000	11.3638100000	1.2722930000
0.1819330000	13.9268600000	1.2945440000
0.1821960000	13.5231400000	1.2781480000
0.1824590000	14.7359900000	1.2872400000
0.1827220000	16.3849200000	1.2936080000
0.1829850000	14.3984700000	1.2702680000
0.1832480000	13.4714800000	1.2893450000
0.1835110000	13.2995800000	1.2789290000
0.1837740000	13.8276000000	1.2880690000
0.1840380000	11.0506900000	1.2897590000
0.1843010000	13.0709400000	1.2597030000
0.1845640000	11.9405200000	1.2914150000
0.1848270000	14.7752000000	1.2795430000
0.1850900000	14.1238200000	1.2845190000
0.1853530000	12.2082300000	1.2745450000
0.1856160000	10.6421500000	1.2654980000
0.1858790000	14.4591700000	1.2865680000
0.1861420000	14.9938800000	1.2874950000
0.1864060000	12.8613900000	1.2825060000
0.1866690000	12.3918400000	1.2804510000
0.1869320000	11.8767700000	1.2824240000
0.1871950000	10.2949200000	1.2729910000
0.1874580000	11.8711900000	1.2765220000
0.1877210000	12.7456000000	1.2851430000
0.1879840000	11.0485200000	1.2729030000
0.1882470000	11.0626200000	1.2813250000
0.1885100000	13.5923000000	1.2915700000
0.1887740000	13.2971700000	1.2802920000
0.1890370000	12.0570700000	1.2900360000
0.1893000000	11.9712100000	1.2686120000
0.1895630000	10.2774000000	1.2929450000
0.1898260000	12.9003700000	1.2821480000
0.1900890000	14.7653600000	1.2919820000
0.1903520000	12.0782900000	1.2965520000
0.1906150000	9.9424700000	1.2758190000
0.1908780000	11.7937900000	1.2870810000
0.1911420000	13.3210900000	1.2816860000
0.1914050000	14.4878000000	1.2939600000
0.1916680000	10.2113400000	1.2757260000
0.1919310000	14.4471100000	1.2918990000
0.1921940000	13.7122200000	1.2954060000
0.1924570000	10.9017500000	1.2805480000
0.1927200000	12.7842500000	1.2909240000
0.1929830000	11.1814400000	1.2870900000
0.1932460000	14.1311400000	1.2782840000
0.1935100000	9.7299700000	1.2771000000
0.1937730000	11.8143800000	1.2809960000
0.1940360000	9.6952900000	1.2864630000
0.1942990000	10.7509900000	1.2720670000
0.1945620000	9.6104100000	1.2874630000
0.1948250000	13.3574500000	1.2930710000
0.1950880000	12.4858800000	1.2834650000
0.1953510000	13.6883600000	1.2974290000
0.1956140000	12.9954100000	1.2862930000
0.1958780000	11.4307100000	1.2768450000
0.1961410000	10.4000700000	1.2858700000
0.1964040000	12.8243100000	1.2722470000
0.1966670000	10.4561400000	1.2861080000
0.1969300000	10.8302000000	1.2701920000
0.1971930000	11.2957800000	1.2937200000
0.1974560000	11.5773400000	1.2688860000
0.1977190000	12.5526200000	1.2830010000
0.1979820000	11.0492000000	1.2858150000
0.1982460000	10.9949500000	1.2760900000
0.1985090000	11.0846700000	1.2893550000
0.1987720000	9.6809700000	1.2554800000
0.1990350000	10.8861700000	1.2796910000
0.1992980000	10.9560400000	1.2794700000
0.1995610000	8.8903300000	1.2691260000
0.1998240000	12.4545900000	1.2901770000
0.2000870000	11.1429600000	1.2772710000
0.2003500000	10.0519800000	1.2753270000
0.2006140000	12.3072700000	1.2732790000
0.2008770000	11.5569000000	1.2708850000
0.2011400000	11.6229500000	1.2838240000
0.2014030000	10.1408900000	1.2715990000
0.2016660000	10.3434900000	1.2881400000
0.2019290000	9.9562300000	1.2614780000
0.2021920000	11.5214700000	1.2833890000
0.2024550000	10.9076600000	1.2764780000
0.2027180000	8.8035800000	1.2694380000
0.2029820000	12.6789200000	1.2893130000
0.2032450000	9.3023600000	1.2793920000
0.2035080000	10.8987700000	1.2845670000
0.2037710000	12.0656500000	1.2771070000
0.2040340000	10.8269400000	1.2733180000
0.2042970000	10.2433800000	1.2811360000
0.2045600000	10.7018500000	1.2905290000
0.2048230000	11.5983400000	1.3234060000
0.2050860000	10.3787900000	1.3107930000
0.2053500000	10.5652800000	1.3244040000
0.2056130000	7.9022900000	1.3262920000
0.2058760000	9.4509500000	1.3236450000
0.2061390000	12.0736000000	1.3603330000
0.2064020000	9.0181900000	1.3412360000
0.2066650000	11.8977400000	1.3700290000
0.2069280000	9.3064400000	1.3614690000
0.2071910000	10.8616900000	1.3550390000
0.2074540000	10.3333200000	1.3841100000
0.2077180000	10.4475700000	1.3675480000
0.2079810000	10.6859600000	1.3879820000
0.2082440000	11.0982600000	1.3936060000
0.2085070000	10.3049800000	1.3909490000
0.2087700000	11.2912400000	1.4056690000
0.2090330000	8.9677700000	1.3893720000
0.2092960000	9.5389300000	1.4156450000
0.2095590000	8.9931600000	1.4074810000
0.2098220000	11.4302900000	1.4030180000
0.2100860000	10.0037000000	1.3901870000
0.2103490000	10.4353500000	1.3702960000
0.2106120000	10.5829500000	1.3759900000
0.2108750000	12.3727600000	1.3517690000
0.2111380000	8.6761000000	1.3231640000
0.2114010000	9.0873500000	1.3418380000
0.2116640000	9.7181100000	1.3411020000
0.2119270000	8.4591300000	1.3343040000
0.2121900000	11.3317200000	1.3353030000
0.2124540000	8.2323000000	1.3247180000
0.2127170000	9.3247600000	1.3453310000
0.2129800000	11.4301500000	1.3314990000
0.2132430000	10.2706400000	1.3257100000
0.2135060000	8.6572900000	1.3151780000
0.2137690000	10.8256200000	1.3318250000
0.2140320000	9.2135700000	1.3416190000
0.2142950000	11.1476700000	1.3349960000
0.2145580000	10.1679800000	1.3315940000
0.2148220000	11.4662500000	1.3216510000
0.2150850000	11.1858000000	1.3358860000
0.2153480000	9.7424900000	1.3309570000
0.2156110000	7.4183900000	1.3165770000
0.2158740000	9.6262000000	1.3356140000
0.2161370000	5.9261500000	1.3060510000
0.2164000000	9.7039700000	1.3284770000
0.2166630000	11.3891000000	1.3372570000
0.2169260000	8.7328000000	1.3388560000
0.2171900000	10.2337400000	1.3395940000
0.2174530000	9.3946800000	1.3270850000
0.2177160000	10.5028900000	1.3324670000
0.2179790000	8.5628600000	1.3445450000
0.2182420000	10.7809000000	1.3505110000
0.2185050000	10.9911600000	1.3266570000
0.2187680000	9.7090700000	1.3355450000
0.2190310000	10.6314800000	1.3361330000
0.2192940000	7.8612800000	1.3246680000
0.2195580000	6.5048800000	1.3178920000
0.2198210000	11.8836100000	1.3331390000
0.2200840000	11.2454000000	1.3399030000
0.2203470000	8.5100400000	1.3241770000
0.2206100000	9.9798500000	1.3320810000
0.2208730000	9.0866100000	1.3299810000
0.2211360000	9.2894800000	1.3329380000
0.2213990000	9.1685200000	1.3339850000
0.2216620000	10.5453700000	1.3202070000
0.2219260000	9.7626900000	1.3276100000
0.2221890000	9.4385700000	1.3235990000
0.2224520000	10.9403000000	1.3268330000
0.2227150000	8.7413800000	1.3369010000
0.2229780000	8.6245400000	1.3154910000
0.2232410000	11.9659200000	1.3446420000
0.2235040000	6.6572500000	1.3285620000
0.2237670000	10.4331400000	1.3408750000
0.2240300000	7.9765100000	1.3420000000
0.2242940000	9.1692000000	1.3250810000
0.2245570000	8.7428100000	1.3447030000
0.2248200000	9.8961900000	1.3308750000
0.2250830000	9.5375200000	1.3424670000
0.2253460000	9.2857500000	1.3374220000
0.2256090000	10.3914300000	1.3393040000
0.2258720000	9.4299500000	1.3529770000
0.2261350000	11.1797400000	1.3421750000
0.2263980000	7.9872000000	1.3364480000
0.2266620000	7.4694700000	1.3335660000
0.2269250000	8.8844500000	1.3354280000
0.2271880000	9.5271900000	1.3391410000
0.2274510000	7.2323400000	1.3320980000
0.2277140000	10.7570600000	1.3514370000
0.2279770000	7.9731500000	1.3257240000
0.2282400000	11.7228400000	1.3617910000
0.2285030000	6.9825800000	1.3303000000
0.2287660000	8.9264000000	1.3297500000
0.2290300000	9.8517700000	1.3591790000
0.2292930000	8.6814200000	1.3203750000
0.2295560000	8.1154900000	1.3297270000
0.2298190000	11.6397400000	1.3437870000
0.2300820000	9.4645200000	1.3354010000
0.2303450000	7.1175000000	1.3320120000
0.2306080000	10.1777400000	1.3204590000
0.2308710000	8.7953400000	1.3466120000
0.2311340000	10.2951700000	1.3306280000
0.2313980000	7.4815300000	1.3312010000
0.2316610000	8.2057100000	1.3319970000
0.2319240000	8.2243000000	1.3352060000
0.2321870000	7.8691300000	1.3378240000
0.2324500000	10.5445700000	1.3422230000
0.2327130000	8.3967800000	1.3366820000
0.2329760000	9.0828700000	1.3418020000
0.2332390000	7.2249200000	1.3220590000
0.2335020000	7.9988500000	1.3454150000
0.2337660000	8.2917200000	1.3251360000
0.2340290000	7.3484500000	1.3447490000
0.2342920000	7.6664300000	1.3365550000
0.2345550000	10.2890500000	1.3307100000
0.2348180000	6.7879000000	1.3323410000
0.2350810000	9.7260000000	1.3309070000
0.2353440000	9.0825000000	1.3365860000
0.2356070000	10.7257100000	1.3397310000
0.2358700000	8.0654800000	1.3329180000
0.2361340000	6.4130600000	1.3240630000
0.2363970000	7.9951500000	1.3231880000
0.2366600000	10.6421400000	1.3486010000
0.2369230000	7.3984500000	1.3201020000
0.2371860000	8.9001400000	1.3357360000
0.2374490000	8.2035100000	1.3240940000
0.2377120000	7.1006400000	1.3199390000
0.2379750000	9.0460700000	1.3426690000
0.2382380000	7.4120000000	1.3331970000
0.2385020000	7.3304900000	1.3228350000
0.2387650000	8.4103600000	1.3229290000
0.2390280000	6.8227500000	1.3317690000
0.2392910000	8.5351500000	1.3362400000
0.2395540000	10.1937700000	1.3280450000
0.2398170000	9.7682300000	1.3450530000
0.2400800000	7.9428500000	1.3114020000
0.2403430000	8.3747100000	1.3314300000
0.2406060000	8.4472100000	1.3428130000
0.2408700000	7.5238400000	1.3227220000
0.2411330000	7.3730700000	1.3372280000
0.2413960000	8.0362700000	1.3247150000
0.2416590000	10.9168300000	1.3412960000
0.2419220000	6.6498600000	1.3207320000
0.2421850000	7.8492200000	1.3189210000
0.2424480000	5.7087900000	1.3282370000
0.2427110000	8.5988100000	1.3257280000
0.2429740000	8.8749100000	1.3375410000
0.2432380000	8.7627000000	1.3187200000
0.2435010000	6.9152700000	1.3362920000
0.2437640000	7.0449500000	1.3232280000
0.2440270000	8.3109600000	1.3366490000
0.2442900000	10.0797100000	1.3442720000
0.2445530000	7.7770100000	1.3194640000
0.2448160000	7.0494700000	1.3353980000
0.2450790000	6.0793200000	1.3287830000
0.2453420000	8.4033800000	1.3412070000
0.2456060000	8.2566100000	1.3325150000
0.2458690000	8.2261000000	1.3122760000
0.2461320000	8.0563200000	1.3407810000
0.2463950000	8.6317500000	1.3336440000
0.2466580000	7.3342400000	1.3312750000
0.2469210000	9.2347500000	1.3596800000
0.2471840000	7.5674300000	1.3330830000
0.2474470000	4.7171000000	1.3273870000
0.2477100000	6.0773300000	1.3255860000
0.2479730000	7.4173000000	1.3299110000
0.2482370000	7.3988100000	1.3289030000
0.2485000000	6.0529200000	1.3227650000
0.2487630000	5.2093500000	1.3293830000
0.2490260000	7.4162000000	1.3271530000
0.2492890000	7.9958100000	1.3414670000
0.2495520000	7.7197300000	1.3216920000
0.2498150000	6.8901400000	1.3314410000
0.2500780000	7.4274900000	1.3355530000
0.2503410000	7.3607200000	1.3317720000
0.2506050000	10.1537700000	1.3554780000
0.2508680000	5.2545000000	1.3100780000
0.2511310000	9.6938000000	1.3416770000
0.2513940000	5.9721000000	1.3272450000
0.2516570000	9.0136800000	1.3343830000
0.2519200000	8.6122700000	1.3521440000
0.2521830000	6.9215100000	1.3217800000
0.2524460000	7.3658300000	1.3394230000
0.2527090000	6.6401000000	1.3283310000
0.2529730000	7.4717700000	1.3388170000
0.2532360000	8.2897900000	1.3467650000
0.2534990000	5.9393100000	1.3237320000
0.2537620000	7.8356100000	1.3480390000
0.2540250000	7.0690000000	1.3232120000
0.2542880000	5.7014500000	1.3335760000
0.2545510000	6.3661900000	1.3321780000
0.2548140000	9.0507600000	1.3391930000
0.2550770000	7.2198600000	1.3579360000
0.2553410000	8.0354100000	1.3198660000
0.2556040000	7.6018400000	1.3339030000
0.2558670000	9.2085300000	1.3428130000
0.2561300000	7.8249700000	1.3333600000
0.2563930000	8.0890700000	1.3505340000
0.2566560000	9.7739000000	1.3233200000
0.2569190000	6.9973400000	1.3385070000
0.2571820000	5.8676400000	1.3164960000
0.2574450000	9.6589800000	1.3278150000
0.2577090000	6.6002200000	1.3180450000
0.2579720000	6.1927100000	1.3191430000
0.2582350000	7.8642600000	1.3370230000
0.2584980000	7.4581100000	1.3313790000
0.2587610000	7.0532500000	1.3173180000
0.2590240000	4.8194400000	1.3110400000
0.2592870000	9.0129600000	1.3269190000
0.2595500000	6.5331400000	1.3319650000
0.2598130000	5.9451600000	1.3216540000
0.2600770000	6.6514600000	1.3303520000
0.2603400000	8.1623100000	1.3587010000
0.2606030000	4.7158200000	1.3673750000
0.2608660000	7.7595600000	1.3944020000
0.2611290000	7.7798600000	1.3916950000
0.2613920000	8.2107100000	1.4147640000
0.2616550000	7.4555000000	1.4236840000
0.2619180000	5.3729500000	1.4340940000
0.2621810000	6.2661800000	1.4384730000
0.2624450000	7.5440800000	1.4505810000
0.2627080000	6.3182700000	1.4652280000
0.2629710000	7.8237300000	1.4701830000
0.2632340000	4.6572700000	1.4708700000
0.2634970000	6.7358300000	1.4711020000
0.2637600000	6.8458500000	1.4756390000
0.2640230000	6.1708500000	1.4873880000
0.2642860000	7.6197800000	1.4989470000
0.2645490000	6.9455300000	1.5288070000
0.2648130000	5.9995600000	1.5180210000
0.2650760000	7.7285600000	1.5451440000
0.2653390000	6.2494100000	1.5354100000
0.2656020000	6.6199900000	1.5349640000
0.2658650000	7.3957300000	1.5229490000
0.2661280000	6.4293400000	1.4718470000
0.2663910000	5.9891600000	1.4730490000
0.2666540000	5.8009400000	1.4538310000
0.2669170000	5.0011800000	1.4507420000
0.2671810000	6.5604600000	1.4454580000
0.2674440000	6.9117500000	1.4312370000
0.2677070000	7.2940600000	1.4459490000
0.2679700000	9.9598900000	1.4354910000
0.2682330000	7.0004000000	1.4414640000
0.2684960000	7.7533500000	1.4340810000
0.2687590000	5.6099800000	1.4105900000
0.2690220000	5.7521600000	1.4156110000
0.2692850000	5.2789100000	1.4066580000
0.2695490000	7.2646900000	1.4283400000
0.2698120000	5.1264700000	1.4099660000
0.2700750000	4.8538700000	1.4062520000
0.2703380000	3.5204300000	1.4050440000
0.2706010000	5.9056000000	1.4061830000
0.2708640000	5.9195400000	1.4132130000
0.2711270000	6.2171900000	1.4031410000
0.2713900000	7.7431400000	1.4208530000
0.2716530000	8.9172600000	1.4148080000
0.2719170000	5.5408000000	1.4064360000
0.2721800000	4.4434100000	1.3960610000
0.2724430000	7.4443800000	1.3866030000
0.2727060000	5.4679200000	1.4024320000
0.2729690000	5.4818600000	1.4002190000
0.2732320000	5.7428500000	1.3893810000
0.2734950000	5.8079700000	1.4019210000
0.2737580000	7.4254300000	1.3804290000
0.2740210000	7.6719700000	1.4089620000
0.2742850000	6.1872500000	1.3723540000
0.2745480000	7.5178400000	1.3716950000
0.2748110000	7.4291400000	1.3858760000
0.2750740000	9.3839900000	1.3805360000
0.2753370000	7.7550000000	1.3808520000
0.2756000000	4.1693900000	1.3606690000
0.2758630000	4.4925500000	1.3699930000
0.2761260000	6.9147300000	1.3851490000
0.2763890000	9.4016600000	1.3933530000
0.2766530000	7.0270400000	1.3788610000
0.2769160000	4.1298500000	1.3581630000
0.2771790000	6.7081200000	1.3929750000
0.2774420000	6.4716100000	1.3821330000
0.2777050000	6.2057600000	1.3744960000
0.2779680000	6.2765100000	1.3812700000
0.2782310000	7.9561800000	1.3663300000
0.2784940000	7.5032400000	1.3827840000
0.2787570000	6.7816800000	1.3782180000
0.2790210000	8.1752900000	1.3772250000
0.2792840000	6.4767300000	1.3751330000
0.2795470000	7.7467400000	1.3917460000
0.2798100000	6.3253200000	1.3912650000
0.2800730000	5.1280000000	1.3594520000
0.2803360000	8.4706100000	1.3907960000
0.2805990000	5.0722900000	1.3674360000
0.2808620000	4.8257900000	1.3725560000
0.2811250000	6.1420900000	1.3760850000
0.2813890000	6.6634600000	1.3723840000
0.2816520000	8.8970300000	1.3864830000
0.2819150000	5.4855700000	1.3670440000
0.2821780000	4.2255300000	1.3699310000
0.2824410000	4.0822300000	1.3604220000
0.2827040000	7.0696600000	1.3675350000
0.2829670000	6.1415400000	1.3772760000
0.2832300000	4.2980100000	1.3559860000
0.2834930000	6.9664400000	1.3664370000
0.2837570000	4.8588500000	1.3627450000
0.2840200000	3.2542200000	1.3673710000
0.2842830000	6.2087300000	1.3603090000
0.2845460000	4.8201700000	1.3564280000
0.2848090000	5.4387600000	1.3720820000
0.2850720000	8.2427000000	1.3738250000
0.2853350000	4.0334700000	1.3627220000
0.2855980000	6.0089200000	1.3694850000
0.2858610000	5.4733300000	1.3627220000
0.2861250000	3.9329300000	1.3708200000
0.2863880000	6.3123600000	1.3666450000
0.2866510000	8.0403100000	1.3703310000
0.2869140000	6.5769000000	1.3585830000
0.2871770000	6.3138800000	1.3730950000
0.2874400000	6.9777900000	1.3867460000
0.2877030000	6.8130100000	1.3606500000
0.2879660000	5.0701400000	1.3656920000
0.2882290000	4.7582200000	1.3630980000
0.2884930000	6.8934800000	1.3717220000
0.2887560000	7.9101400000	1.3724340000
0.2890190000	7.0174500000	1.3573360000
0.2892820000	4.4379200000	1.3626960000
0.2895450000	5.8634000000	1.3615990000
0.2898080000	6.5011700000	1.3632230000
0.2900710000	5.7519000000	1.3593980000
0.2903340000	2.6481000000	1.3401020000
0.2905970000	6.2436300000	1.3691320000
0.2908610000	3.4358100000	1.3671200000
0.2911240000	7.0989900000	1.3625570000
0.2913870000	5.7066000000	1.3668640000
0.2916500000	4.1189900000	1.3510380000
0.2919130000	7.0448700000	1.3665830000
0.2921760000	4.8352900000	1.3658910000
0.2924390000	6.1933900000	1.3613620000
0.2927020000	5.1945800000	1.3577800000
0.2929650000	5.6366800000	1.3471480000
0.2932290000	6.8016700000	1.3700890000
0.2934920000	5.8422300000	1.3515400000
0.2937550000	4.7019000000	1.3503610000
0.2940180000	4.2344800000	1.3438060000
0.2942810000	3.2745600000	1.3483300000
0.2945440000	6.4307100000	1.3551970000
0.2948070000	5.0937100000	1.3391960000
0.2950700000	2.6498000000	1.3459250000
0.2953330000	4.8587900000	1.3458910000
0.2955970000	6.4764400000	1.3504000000
0.2958600000	4.6340100000	1.3584810000
0.2961230000	5.0921300000	1.3432190000
0.2963860000	7.5492500000	1.3508900000
0.2966490000	5.6783700000	1.3529290000
0.2969120000	2.2667900000	1.3352480000
0.2971750000	6.0412500000	1.3473870000
0.2974380000	7.2719300000	1.3606270000
0.2977010000	7.4150000000	1.3501380000
0.2979650000	5.0497400000	1.3426690000
0.2982280000	5.5033800000	1.3490140000
0.2984910000	5.8145400000	1.3609240000
0.2987540000	7.7161000000	1.3618230000
0.2990170000	5.4577700000	1.3448880000
0.2992800000	6.9433500000	1.3484290000
0.2995430000	6.8699200000	1.3674340000
0.2998060000	5.5099300000	1.3389650000
0.3000690000	6.4655600000	1.3493240000
0.3003330000	4.3032400000	1.3427410000
0.3005960000	6.8204900000	1.3536530000
0.3008590000	4.2968000000	1.3584630000
0.3011220000	5.4378700000	1.3547450000
0.3013850000	4.0153000000	1.3451530000
0.3016480000	5.1476600000	1.3538170000
0.3019110000	6.8393200000	1.3554820000
0.3021740000	5.6334500000	1.3515770000
0.3024370000	6.9392900000	1.3414260000
0.3027010000	4.1587400000	1.3406510000
0.3029640000	5.0783700000	1.3359060000
0.3032270000	4.0762800000	1.3561000000
0.3034900000	4.3901100000	1.3316660000
0.3037530000	6.7081600000	1.3447890000
0.3040160000	3.2930100000	1.3412800000
0.3042790000	7.5909700000	1.3449810000
0.3045420000	5.9339300000	1.3413220000
0.3048050000	4.9465300000	1.3432940000
0.3050690000	6.5328900000	1.3663800000
0.3053320000	4.2624400000	1.3481570000
0.3055950000	3.9318100000	1.3430110000
0.3058580000	6.5512000000	1.3565200000
0.3061210000	5.3719500000	1.3509960000
0.3063840000	6.5289600000	1.3584640000
0.3066470000	7.5696600000	1.3639590000
0.3069100000	3.9238100000	1.3317500000
0.3071730000	4.5329900000	1.3511750000
0.3074370000	4.3630800000	1.3473020000
0.3077000000	6.3121600000	1.3528270000
0.3079630000	4.6627300000	1.3500530000
0.3082260000	5.5037700000	1.3484430000
0.3084890000	4.5542500000	1.3410710000
0.3087520000	4.0658800000	1.3513600000
0.3090150000	4.4243700000	1.3274660000
0.3092780000	9.0280000000	1.3625310000
0.3095410000	9.2654400000	1.3591210000
0.3098050000	5.3578800000	1.3281250000
0.3100680000	3.3037300000	1.3378070000
0.3103310000	2.7476000000	1.3306990000
0.3105940000	6.4265400000	1.3462670000
0.3108570000	3.7671500000	1.3417710000
0.3111200000	4.1120600000	1.3289470000
0.3113830000	5.6690500000	1.3514300000
0.3116460000	5.9447700000	1.3525410000
0.3119090000	5.3410600000	1.3547230000
0.3121730000	6.6117600000	1.3526180000
0.3124360000	5.1020700000	1.3387650000
0.3126990000	3.9455500000	1.3497500000
0.3129620000	7.3632600000	1.3482150000
0.3132250000	5.4010300000	1.3435820000
0.3134880000	4.6334600000	1.3465110000
0.3137510000	7.2973200000	1.3634720000
0.3140140000	6.8882500000	1.3610070000
0.3142770000	5.6038500000	1.3344360000
0.3145410000	6.4762200000	1.3528960000
0.3148040000	7.0749800000	1.3529850000
0.3150670000	3.1956500000	1.3409910000
0.3153300000	5.7974100000	1.3496870000
0.3155930000	6.3112100000	1.3393680000
0.3158560000	5.2808900000	1.3511910000
0.3161190000	5.6486600000	1.3735590000
0.3163820000	5.9114000000	1.4022650000
0.3166450000	4.1128300000	1.4290770000
0.3169090000	6.4981000000	1.4395240000
0.3171720000	4.7027900000	1.4494030000
0.3174350000	3.9858900000	1.4605020000
0.3176980000	6.6164000000	1.4698780000
0.3179610000	5.0548400000	1.4763710000
0.3182240000	6.5933600000	1.4986020000
0.3184870000	4.0024700000	1.4972620000
0.3187500000	6.4051400000	1.5006890000
0.3190130000	3.8652800000	1.5044710000
0.3192770000	7.0120800000	1.5339810000
0.3195400000	4.6779500000	1.5479880000
0.3198030000	7.6614700000	1.5434990000
0.3200660000	5.2273100000	1.5433820000
0.3203290000	2.9195800000	1.5313650000
0.3205920000	3.4347700000	1.5389520000
0.3208550000	6.9920700000	1.5798230000
0.3211180000	5.1795100000	1.5556610000
0.3213810000	10.4078400000	1.5823280000
0.3216450000	4.8042300000	1.5510720000
0.3219080000	3.7343500000	1.5123460000
0.3221710000	6.0652100000	1.5059290000
0.3224340000	2.6750300000	1.4658450000
0.3226970000	6.4048800000	1.4802070000
0.3229600000	2.0216800000	1.4515340000
0.3232230000	5.7612900000	1.4652920000
0.3234860000	5.8873200000	1.4452740000
0.3237490000	6.2419200000	1.4536600000
0.3240120000	5.0814100000	1.4544480000
0.3242760000	5.8779700000	1.4536550000
0.3245390000	3.6191100000	1.4230400000
0.3248020000	2.7399700000	1.4148600000
0.3250650000	4.3189300000	1.4243880000
0.3253280000	4.9869500000	1.4353770000
0.3255910000	5.9908200000	1.4299880000
0.3258540000	3.4572700000	1.4181790000
0.3261170000	3.7984000000	1.4178230000
0.3263800000	4.2924100000	1.4186240000
0.3266440000	4.7953800000	1.4166390000
0.3269070000	3.8146500000	1.4132140000
0.3271700000	5.0947500000	1.4154310000
0.3274330000	6.5208900000	1.4166880000
0.3276960000	5.2895100000	1.4167150000
0.3279590000	4.5949600000	1.4093940000
0.3282220000	3.2259300000	1.4155770000
0.3284850000	4.3366400000	1.4112330000
0.3287480000	3.0551300000	1.3875790000
0.3290120000	5.2141000000	1.4095640000
0.3292750000	3.7482400000	1.3944660000
0.3295380000	7.0564200000	1.4077710000
0.3298010000	3.9676600000	1.4059000000
0.3300640000	3.9305900000	1.4045440000
0.3303270000	7.8163300000	1.4073490000
0.3305900000	3.6091400000	1.3897050000
0.3308530000	4.6779500000	1.4013590000
0.3311160000	3.7295100000	1.3953740000
0.3313800000	4.6190200000	1.3895030000
0.3316430000	3.1315600000	1.4034140000
0.3319060000	6.0139400000	1.4014480000
0.3321690000	6.8054500000	1.4085370000
0.3324320000	3.2492400000	1.3877680000
0.3326950000	5.9894900000	1.4040680000
0.3329580000	5.2450000000	1.3990010000
0.3332210000	4.3677000000	1.3920880000
0.3334840000	5.5920700000	1.4054460000
0.3337480000	3.5951000000	1.3915220000
0.3340110000	4.7071900000	1.3808820000
0.3342740000	3.7154400000	1.3966970000
0.3345370000	4.9063200000	1.3866760000
0.3348000000	4.8012100000	1.3816000000
0.3350630000	3.4652900000	1.3854350000
0.3353260000	4.6940700000	1.3853160000
0.3355890000	2.8561600000	1.3677220000
0.3358520000	4.3769500000	1.3770580000
0.3361160000	6.8860100000	1.3943120000
0.3363790000	4.9208600000	1.3746840000
0.3366420000	5.3102600000	1.3644470000
0.3369050000	4.0419900000	1.3855930000
0.3371680000	3.6572700000	1.3714470000
0.3374310000	4.7919500000	1.3836950000
0.3376940000	4.3157400000	1.3856670000
0.3379570000	3.9021700000	1.3606120000
0.3382200000	3.7267100000	1.3656170000
0.3384840000	2.8577100000	1.3719230000
0.3387470000	2.8434400000	1.3684300000
0.3390100000	4.7644900000	1.3748790000
0.3392730000	4.6669500000	1.3722950000
0.3395360000	6.1066300000	1.3821860000
0.3397990000	4.8728000000	1.3782150000
0.3400620000	3.2512700000	1.3540110000
0.3403250000	4.2524900000	1.3687190000
0.3405880000	6.4849800000	1.3837250000
0.3408520000	4.1746600000	1.3793720000
0.3411150000	5.3983500000	1.3606960000
0.3413780000	4.4779000000	1.3647750000
0.3416410000	4.0404300000	1.3710760000
0.3419040000	5.1573400000	1.3752610000
0.3421670000	4.5154800000	1.3695040000
0.3424300000	4.0555500000	1.3529050000
0.3426930000	6.7776000000	1.3815610000
0.3429560000	5.5344600000	1.3870940000
0.3432200000	4.4782800000	1.3757990000
0.3434830000	5.9390200000	1.3692630000
0.3437460000	6.3014800000	1.3806200000
0.3440090000	3.6711200000	1.3730730000
0.3442720000	3.6922700000	1.3687100000
0.3445350000	6.7560000000	1.3579920000
0.3447980000	2.9288000000	1.3549990000
0.3450610000	3.4469900000	1.3692430000
0.3453240000	5.3890800000	1.3776650000
0.3455880000	6.5571000000	1.3717790000
0.3458510000	5.2125300000	1.3604360000
0.3461140000	5.7055300000	1.3673930000
0.3463770000	5.3716900000	1.3935990000
0.3466400000	2.9244100000	1.3576880000
0.3469030000	5.0005900000	1.3787570000
0.3471660000	4.7783600000	1.3712730000
0.3474290000	1.6320500000	1.3627260000
0.3476920000	4.9669600000	1.3539670000
0.3479560000	3.2242000000	1.3603990000
0.3482190000	5.1157700000	1.3651610000
0.3484820000	4.7838200000	1.3621830000
0.3487450000	3.3726600000	1.3683670000
0.3490080000	5.6364800000	1.3603580000
0.3492710000	3.7398100000	1.3706310000
0.3495340000	4.2865800000	1.3725170000
0.3497970000	3.5438700000	1.3598350000
0.3500600000	5.4479900000	1.3627620000
0.3503240000	4.8993200000	1.3728690000
0.3505870000	3.6204100000	1.3711060000
0.3508500000	6.9998500000	1.3852200000
0.3511130000	4.8387400000	1.3657070000
0.3513760000	7.1574000000	1.3789900000
0.3516390000	4.7597200000	1.3668160000
0.3519020000	4.2654800000	1.3747950000
0.3521650000	4.0347200000	1.3570470000
0.3524280000	3.7160300000	1.3632200000
0.3526920000	5.5191300000	1.3619570000
0.3529550000	7.1771600000	1.3755710000
0.3532180000	5.6184000000	1.3651210000
0.3534810000	3.7277600000	1.3688890000
0.3537440000	4.5969100000	1.3687110000
0.3540070000	4.3082400000	1.3730320000
0.3542700000	6.0364200000	1.3813590000
0.3545330000	6.0675500000	1.3618090000
0.3547960000	4.0208200000	1.3635040000
0.3550600000	4.8231300000	1.3697740000
0.3553230000	4.6007500000	1.3601990000
0.3555860000	4.4203900000	1.3662800000
0.3558490000	5.1248000000	1.3538110000
0.3561120000	5.0159100000	1.3686130000
0.3563750000	2.8720900000	1.3612200000
0.3566380000	6.6990600000	1.3669840000
0.3569010000	4.1198300000	1.3499820000
0.3571640000	5.1551200000	1.3624050000
0.3574280000	4.0544800000	1.3686360000
0.3576910000	3.7520200000	1.3519480000
0.3579540000	4.1884800000	1.3457530000
0.3582170000	5.1066200000	1.3599430000
0.3584800000	4.5351900000	1.3571860000
0.3587430000	3.1841300000	1.3560910000
0.3590060000	6.0320400000	1.3682370000
0.3592690000	3.4968900000	1.3628320000
0.3595320000	2.8284900000	1.3547710000
0.3597960000	2.4333900000	1.3516620000
0.3600590000	3.6828600000	1.3550410000
0.3603220000	6.1065000000	1.3682840000
0.3605850000	2.8029400000	1.3595280000
0.3608480000	5.3485300000	1.3675110000
0.3611110000	2.0020900000	1.3569600000
0.3613740000	4.8672000000	1.3544310000
0.3616370000	2.1805900000	1.3607460000
0.3619000000	3.4689300000	1.3581720000
0.3621640000	5.7566300000	1.3656270000
0.3624270000	3.7496300000	1.3441390000
0.3626900000	2.8243300000	1.3567440000
0.3629530000	3.1230700000	1.3618660000
0.3632160000	4.8419300000	1.3508090000
0.3634790000	4.8201700000	1.3697500000
0.3637420000	3.4742100000	1.3612110000
0.3640050000	5.3532600000	1.3634140000
0.3642680000	3.1102500000	1.3628190000
0.3645320000	2.7863600000	1.3489020000
0.3647950000	3.1218500000	1.3502540000
0.3650580000	2.8539000000	1.3466030000
0.3653210000	5.9622900000	1.3710900000
0.3655840000	4.5057900000	1.3542460000
0.3658470000	3.7723200000	1.3415350000
0.3661100000	4.4577700000	1.3370300000
0.3663730000	6.1802100000	1.3564970000
0.3666360000	3.6708500000	1.3451580000
0.3669000000	2.2754900000	1.3401890000
0.3671630000	7.0823500000	1.3484230000
0.3674260000	4.3535700000	1.3497800000
0.3676890000	0.2693700000	1.3261580000
0.3679520000	4.0247200000	1.3333750000
0.3682150000	5.4656400000	1.3440910000
0.3684780000	3.7386300000	1.3323120000
0.3687410000	4.3320000000	1.3502460000
0.3690040000	4.3062700000	1.3412500000
0.3692680000	3.5181500000	1.3257850000
0.3695310000	4.0536800000	1.3391010000
0.3697940000	1.7136600000	1.3335040000
0.3700570000	3.0913500000	1.3431330000
0.3703200000	1.6733000000	1.3281000000
0.3705830000	6.0764400000	1.3487470000
0.3708460000	4.9859600000	1.3436220000
0.3711090000	6.4795900000	1.3569960000
0.3713720000	5.4482500000	1.3466740000
0.3716360000	2.1700500000	1.3352790000
0.3718990000	1.9291800000	1.3732300000
0.3721620000	2.4123300000	1.4078640000
0.3724250000	3.8308900000	1.4200480000
0.3726880000	2.2845700000	1.4417090000
0.3729510000	3.7636200000	1.4520610000
0.3732140000	3.1940100000	1.4812070000
0.3734770000	4.4793400000	1.4949150000
0.3737400000	5.4952600000	1.5198370000
0.3740040000	-0.0782500000	1.5073600000
0.3742670000	5.9939800000	1.5290430000
0.3745300000	6.2535800000	1.5642720000
0.3747930000	7.2241900000	1.5525230000
0.3750560000	1.4756300000	1.5655360000
0.3753190000	1.8924500000	1.5599860000
0.3755820000	4.2509400000	1.5615640000
0.3758450000	5.4367100000	1.5834540000
0.3761080000	6.6171900000	1.6039580000
0.3763720000	5.3693200000	1.6153100000
0.3766350000	5.1584900000	1.6147920000
0.3768980000	5.4103600000	1.6255070000
0.3771610000	4.2126300000	1.6192430000
0.3774240000	4.7774600000	1.5872550000
0.3776870000	2.1722000000	1.5563410000
0.3779500000	5.1050300000	1.5435450000
0.3782130000	1.6519800000	1.5268200000
0.3784760000	4.3019600000	1.5255120000
0.3787400000	3.5782600000	1.5227240000
0.3790030000	4.2526100000	1.4986440000
0.3792660000	6.3562100000	1.5152000000
0.3795290000	1.4210600000	1.4835630000
0.3797920000	2.3103500000	1.5081060000
0.3800550000	2.6015300000	1.4851190000
0.3803180000	4.4026200000	1.4959810000
0.3805810000	3.3454100000	1.4854470000
0.3808440000	1.6483900000	1.4857050000
0.3811080000	1.2463900000	1.4876640000
0.3813710000	2.4987300000	1.4764060000
0.3816340000	1.7026000000	1.4877970000
0.3818970000	5.8490600000	1.5205610000
0.3821600000	2.5269900000	1.4815550000
0.3824230000	1.5214900000	1.4831250000
0.3826860000	3.9756800000	1.4853280000
0.3829490000	2.7431500000	1.4878450000
0.3832120000	4.7200500000	1.4825250000
0.3834760000	4.7563200000	1.4880970000
0.3837390000	3.9466000000	1.4740750000
0.3840020000	4.8000600000	1.4819510000
0.3842650000	3.5956000000	1.4873280000
0.3845280000	4.5222500000	1.5007920000
0.3847910000	4.6466200000	1.4787350000
0.3850540000	2.5825200000	1.4811050000
0.3853170000	3.4203400000	1.4860600000
0.3855800000	3.7095600000	1.4935970000
0.3858440000	3.6048800000	1.4844610000
0.3861070000	3.2980100000	1.4963610000
0.3863700000	4.3861800000	1.4997120000
0.3866330000	3.1531100000	1.4930150000
0.3868960000	4.6517500000	1.4896590000
0.3871590000	1.6960000000	1.4755670000
0.3874220000	4.0836200000	1.5028720000
0.3876850000	2.1741200000	1.4811950000
0.3879480000	3.7487400000	1.5110950000
0.3882120000	0.2777200000	1.4883390000
0.3884750000	2.6886800000	1.4930170000
0.3887380000	4.1352600000	1.4855740000
0.3890010000	4.0834300000	1.4979280000
0.3892640000	3.7839200000	1.5081890000
0.3895270000	2.5291000000	1.4905790000
0.3897900000	2.6047800000	1.4997900000
0.3900530000	4.3679300000	1.5051670000
0.3903160000	3.8625400000	1.4914830000
0.3905800000	4.9404400000	1.5130850000
0.3908430000	2.6645800000	1.4896720000
0.3911060000	4.0457700000	1.5169120000
0.3913690000	1.9714500000	1.4981710000
0.3916320000	2.3048900000	1.5039960000
0.3918950000	5.7465200000	1.5135430000
0.3921580000	2.3953600000	1.4979790000
0.3924210000	1.5675800000	1.5023450000
0.3926840000	0.1777000000	1.4919400000
0.3929480000	1.3838600000	1.5118240000
0.3932110000	3.3454000000	1.5238760000
0.3934740000	5.1807700000	1.5224400000
0.3937370000	5.0070900000	1.4977600000
0.3940000000	3.1809000000	1.5051140000
0.3942630000	4.4706400000	1.5243220000
0.3945260000	3.9130800000	1.5136160000
0.3947890000	5.8891300000	1.5292050000
0.3950520000	2.0163100000	1.5066670000
0.3953160000	3.7321200000	1.5186520000
0.3955790000	2.6231800000	1.5084470000
0.3958420000	4.5134800000	1.5154660000
0.3961050000	2.2577200000	1.5023440000
0.3963680000	5.7315500000	1.5411010000
0.3966310000	4.1232300000	1.5122610000
0.3968940000	2.9273400000	1.5290460000
0.3971570000	2.0424400000	1.5081860000
0.3974200000	1.7938700000	1.5207820000
0.3976840000	3.6391200000	1.5402020000
0.3979470000	2.9289200000	1.5193170000
0.3982100000	4.0030100000	1.5147480000
0.3984730000	6.4769700000	1.5264710000
0.3987360000	2.9741300000	1.5358750000
0.3989990000	1.7237700000	1.5221560000
0.3992620000	3.5159400000	1.5379590000
0.3995250000	1.6762400000	1.5190720000
0.3997880000	2.0909000000	1.5179450000
0.4000520000	3.8456600000	1.5095620000
0.4003150000	5.0131500000	1.5146340000
0.4005780000	4.3502300000	1.5333600000
0.4008410000	2.5063100000	1.5225960000
0.4011040000	0.8545900000	1.5204400000
0.4013670000	4.4956900000	1.5298300000
0.4016300000	2.9913600000	1.5105410000
0.4018930000	5.0736800000	1.5270880000
0.4021560000	4.2033400000	1.5143840000
0.4024190000	3.0959200000	1.5003870000
0.4026830000	2.9460000000	1.5236860000
0.4029460000	1.8490900000	1.5124930000
0.4032090000	2.3322600000	1.5126500000
0.4034720000	5.1239900000	1.5255430000
0.4037350000	5.6688500000	1.5431920000
0.4039980000	3.9467100000	1.5260860000
0.4042610000	3.4113100000	1.5293180000
0.4045240000	1.4262700000	1.5283340000
0.4047870000	4.5601000000	1.5316770000
0.4050510000	1.9281100000	1.5423380000
0.4053140000	2.4108600000	1.5599500000
0.4055770000	4.6022400000	1.5564700000
0.4058400000	3.4741800000	1.5582510000
0.4061030000	3.9774700000	1.5514420000
0.4063660000	3.9731500000	1.5657060000
0.4066290000	2.8274200000	1.5307050000
0.4068920000	3.4045900000	1.5634360000
0.4071550000	0.7781200000	1.5628100000
0.4074190000	4.9046400000	1.5617300000
0.4076820000	3.3158600000	1.5754190000
0.4079450000	6.1431900000	1.5890050000
0.4082080000	6.7530600000	1.5726420000
0.4084710000	2.0379300000	1.5707960000
0.4087340000	4.4323700000	1.5765660000
0.4089970000	4.7036800000	1.5757050000
0.4092600000	4.1236600000	1.5829610000
0.4095230000	6.4247600000	1.6007240000
0.4097870000	3.9776200000	1.5908600000
0.4100500000	5.2359900000	1.6031740000
0.4103130000	4.3581300000	1.6020770000
0.4105760000	4.8123600000	1.6013940000
0.4108390000	4.1434000000	1.5889050000
0.4111020000	3.8825900000	1.5954230000
0.4113650000	3.3237600000	1.5943090000
0.4116280000	2.8253100000	1.5963220000
0.4118910000	3.2502300000	1.5956200000
0.4121550000	-0.3546700000	1.6001690000
0.4124180000	4.7521800000	1.6242360000
0.4126810000	2.8737900000	1.6159750000
0.4129440000	4.1016500000	1.6104350000
0.4132070000	2.1306600000	1.6057680000
0.4134700000	4.1258800000	1.6081190000
0.4137330000	5.2518200000	1.6353410000
0.4139960000	2.3604500000	1.6039310000
0.4142590000	3.7747100000	1.6221850000
0.4145230000	1.5048700000	1.6224070000
0.4147860000	3.6988300000	1.6103050000
0.4150490000	1.6023400000	1.6129920000
0.4153120000	4.5724500000	1.6026510000
0.4155750000	3.8462800000	1.6219840000
0.4158380000	4.2375300000	1.6144160000
0.4161010000	4.2488400000	1.6094100000
0.4163640000	4.0335500000	1.6314600000
0.4166270000	4.7095800000	1.6165160000
0.4168910000	6.5953800000	1.6425060000
0.4171540000	3.6315300000	1.6299690000
0.4174170000	3.9767700000	1.6068890000
0.4176800000	3.9266500000	1.6232570000
0.4179430000	4.9730400000	1.6176930000
0.4182060000	4.9460500000	1.6275620000
0.4184690000	3.6139700000	1.6169160000
0.4187320000	2.9594200000	1.6119620000
0.4189950000	5.0400400000	1.6414010000
0.4192590000	6.4146000000	1.6369810000
0.4195220000	3.9948600000	1.6371840000
0.4197850000	2.9069400000	1.6330320000
0.4200480000	1.4362500000	1.6288500000
0.4203110000	2.4128900000	1.6387580000
0.4205740000	4.5684600000	1.6320100000
0.4208370000	1.7549300000	1.6128860000
0.4211000000	5.6181800000	1.6494060000
0.4213630000	1.3138300000	1.6370880000
0.4216270000	3.3899400000	1.6311250000
0.4218900000	2.9519300000	1.6537390000
0.4221530000	3.8118400000	1.6556440000
0.4224160000	1.2922900000	1.6477220000
0.4226790000	1.1779100000	1.6411370000
0.4229420000	7.1264900000	1.7098840000
0.4232050000	2.9334800000	1.6720090000
0.4234680000	6.2118900000	1.7058600000
0.4237310000	2.4743500000	1.6630440000
0.4239950000	5.6379700000	1.7056060000
0.4242580000	3.1336800000	1.7072580000
0.4245210000	2.4960000000	1.7251440000
0.4247840000	1.6937000000	1.6938310000
0.4250470000	7.0672200000	1.7470650000
0.4253100000	0.5760700000	1.7231520000
0.4255730000	2.8136600000	1.7192160000
0.4258360000	4.0647300000	1.7537210000
0.4260990000	4.7756500000	1.7795820000
0.4263630000	3.7264300000	1.7608260000
0.4266260000	4.8002000000	1.7944900000
0.4268890000	3.5997700000	1.7796990000
0.4271520000	4.4366700000	1.8020670000
0.4274150000	2.4401200000	1.7796870000
0.4276780000	3.5369600000	1.8636780000
0.4279410000	3.9285500000	1.9432680000
0.4282040000	5.8943200000	2.0035730000
0.4284670000	2.0241100000	2.0985000000
0.4287310000	2.9892900000	2.1387070000
0.4289940000	1.2995900000	2.1492200000
0.4292570000	2.0678000000	2.1683960000
0.4295200000	2.1377100000	2.2129720000
0.4297830000	3.8204300000	2.2354800000
0.4300460000	2.9951800000	2.2423140000
0.4303090000	1.4693000000	2.2123940000
0.4305720000	2.4290900000	2.3028020000
0.4308350000	0.5973100000	2.2662890000
0.4310990000	1.8589300000	2.2711320000
0.4313620000	3.2023100000	2.3167060000
0.4316250000	6.5483100000	2.3655830000
0.4318880000	2.2307000000	2.3460360000
0.4321510000	4.1077500000	2.3846520000
0.4324140000	6.8391700000	2.4532680000
0.4326770000	2.6395500000	2.4053750000
0.4329400000	1.8486400000	2.3823260000
0.4332030000	3.8958500000	2.4256420000
0.4334670000	2.9325100000	2.4744080000
0.4337300000	2.8997400000	2.4333920000
0.4339930000	2.8778000000	2.4821920000
0.4342560000	3.8749100000	2.5230730000
0.4345190000	3.1192100000	2.5040820000
0.4347820000	1.6475600000	2.5136330000
0.4350450000	4.2050400000	2.5361530000
0.4353080000	4.9471800000	2.6344150000
0.4355710000	4.3270500000	2.5946760000
0.4358350000	5.2285000000	2.6310010000
0.4360980000	-0.4128700000	2.6045980000
0.4363610000	7.9457600000	2.6867610000
0.4366240000	4.5385300000	2.6907020000
0.4368870000	2.8104200000	2.6728060000
0.4371500000	1.7015300000	2.7007420000
0.4374130000	-2.2036000000	2.7182510000
0.4376760000	1.5361600000	2.6865220000
0.4379390000	5.1561600000	2.7410000000
0.4382030000	8.3458100000	2.8595410000
0.4384660000	5.5465200000	2.7469930000
0.4387290000	-1.0974700000	2.7863120000
0.4389920000	7.9830400000	2.8654130000
0.4392550000	4.4358500000	2.8589700000
0.4395180000	4.3097800000	2.8534450000
0.4397810000	0.9099900000	2.8917190000
0.4400440000	5.6910400000	2.9338500000
0.4403070000	7.3381900000	2.9264320000
0.4405710000	-0.3352500000	2.9207250000
0.4408340000	4.9945400000	2.9551340000
0.4410970000	5.4840200000	3.0294500000
0.4413600000	5.1184300000	3.0143680000
0.4416230000	0.8314900000	3.0153480000
0.4418860000	-4.6687600000	2.9786610000
0.4421490000	8.8306400000	3.1442380000
0.4424120000	-0.7754900000	3.0028450000
0.4426750000	1.2012200000	3.0694670000
0.4429390000	-0.9120200000	3.1274510000
0.4432020000	6.6141400000	3.1870660000
0.4434650000	5.2266500000	3.2172810000
0.4437280000	1.9577200000	3.1990320000
0.4439910000	-0.5532900000	3.1816180000
0.4442540000	6.6081000000	3.2923920000
0.4445170000	9.6368800000	3.4193510000
0.4447800000	4.8442900000	4.0722540000
0.4450430000	-0.1714800000	8.7204680000
