q                 	I(q) GON7        	sd
0.00958007320091  	1.911465e-02	1.944272e-04
0.0101436057754   	1.918950e-02	1.770753e-04
0.0107071381538   	1.940581e-02	1.655552e-04
0.0112706703254   	1.920393e-02	1.562960e-04
0.0118342022793   	1.898316e-02	1.467944e-04
0.0123977340045   	1.866912e-02	1.408612e-04
0.0129612654902   	1.865653e-02	1.343709e-04
0.0135247967254   	1.856758e-02	1.301957e-04
0.0140883276993   	1.863142e-02	1.260336e-04
0.0146518584011   	1.839285e-02	1.220861e-04
0.0152153888197   	1.832659e-02	1.196649e-04
0.0157789189444   	1.817726e-02	1.163697e-04
0.0163424487642   	1.823949e-02	1.146711e-04
0.0169059782682   	1.832415e-02	1.124204e-04
0.0174695074457   	1.803299e-02	1.105335e-04
0.0180330362856   	1.783920e-02	1.092661e-04
0.0185965647771   	1.762195e-02	1.070268e-04
0.0191600929093   	1.757157e-02	1.061068e-04
0.0197236206713   	1.746027e-02	1.045818e-04
0.0202871480522   	1.725650e-02	1.035211e-04
0.0208506750412   	1.714056e-02	1.024207e-04
0.0214142016273   	1.706478e-02	1.013696e-04
0.0219777277997   	1.700698e-02	1.008107e-04
0.0225412535475   	1.686360e-02	9.951568e-05
0.0231047788597   	1.666203e-02	9.892637e-05
0.0236683037256   	1.643319e-02	9.795354e-05
0.0242318281342   	1.621012e-02	9.713035e-05
0.0247953520746   	1.606526e-02	9.669420e-05
0.0253588755359   	1.595079e-02	9.573649e-05
0.0259223985073   	1.582424e-02	9.537659e-05
0.0264859209779   	1.572866e-02	9.465185e-05
0.0270494429368   	1.553128e-02	9.413120e-05
0.027612964373    	1.541751e-02	9.363142e-05
0.0281764852758   	1.531222e-02	9.299362e-05
0.0287400056342   	1.518703e-02	9.276678e-05
0.0293035254373   	1.504052e-02	9.208123e-05
0.0298670446743   	1.473574e-02	9.163751e-05
0.0304305633342   	1.463941e-02	9.118055e-05
0.0309940814063   	1.456311e-02	9.075774e-05
0.0315575988795   	1.442329e-02	9.047263e-05
0.032121115743    	1.427579e-02	8.988427e-05
0.0326846319859   	1.405708e-02	8.963520e-05
0.0332481475974   	1.388205e-02	8.912935e-05
0.0338116625665   	1.372156e-02	8.886171e-05
0.0343751768824   	1.359564e-02	8.861196e-05
0.0349386905341   	1.356631e-02	8.817473e-05
0.0355022035108   	1.338529e-02	8.801043e-05
0.0360657158017   	1.318295e-02	8.752804e-05
0.0366292273957   	1.306715e-02	8.733693e-05
0.0371927382821   	1.296691e-02	8.705415e-05
0.0377562484499   	1.283378e-02	8.674500e-05
0.0383197578883   	1.274881e-02	8.663154e-05
0.0388832665864   	1.258221e-02	8.618142e-05
0.0394467745333   	1.232926e-02	8.598789e-05
0.040010281718    	1.214927e-02	8.570312e-05
0.0405737881298   	1.199845e-02	8.546044e-05
0.0411372937577   	1.190879e-02	8.532485e-05
0.0417007985909   	1.173706e-02	8.495342e-05
0.0422643026184   	1.156237e-02	8.485264e-05
0.0428278058295   	1.139595e-02	8.452748e-05
0.0433913082131   	1.136797e-02	8.440873e-05
0.0439548097584   	1.123895e-02	8.422496e-05
0.0445183104546   	1.111409e-02	8.396479e-05
0.0450818102907   	1.099476e-02	8.386957e-05
0.0456453092558   	1.089015e-02	8.358841e-05
0.0462088073392   	1.075151e-02	8.347958e-05
0.0467723045298   	1.052724e-02	8.324823e-05
0.0473358008168   	1.036421e-02	8.303112e-05
0.0478992961894   	1.023578e-02	8.292938e-05
0.0484627906366   	1.021489e-02	8.272115e-05
0.0490262841475   	1.012567e-02	8.265471e-05
0.0495897767113   	9.977854e-03	8.242812e-05
0.0501532683171   	9.770916e-03	8.224883e-05
0.0507167589541   	9.691634e-03	8.215648e-05
0.0512802486112   	9.615577e-03	8.197974e-05
0.0518437372777   	9.469010e-03	8.189893e-05
0.0524072249426   	9.320957e-03	8.166975e-05
0.0529707115951   	9.268774e-03	8.159713e-05
0.0535341972243   	9.187206e-03	8.145063e-05
0.0540976818193   	9.039509e-03	8.129130e-05
0.0546611653692   	8.879046e-03	8.122691e-05
0.0552246478632   	8.784810e-03	8.102104e-05
0.0557881292904   	8.645187e-03	8.096673e-05
0.0563516096398   	8.577402e-03	8.082301e-05
0.0569150889006   	8.471646e-03	8.071018e-05
0.0574785670619   	8.399804e-03	8.062995e-05
0.0580420441129   	8.222095e-03	8.044112e-05
0.0586055200426   	8.039799e-03	8.038927e-05
0.0591689948401   	8.001024e-03	8.022696e-05
0.0597324684947   	7.975730e-03	8.017975e-05
0.0602959409954   	7.839069e-03	8.008170e-05
0.0608594123313   	7.753006e-03	7.995286e-05
0.0614228824915   	7.641940e-03	7.992033e-05
0.0619863514652   	7.574124e-03	7.975421e-05
0.0625498192415   	7.436232e-03	7.969940e-05
0.0631132858095   	7.323444e-03	7.958909e-05
0.0636767511583   	7.261635e-03	7.949077e-05
0.064240215277    	7.191100e-03	7.943862e-05
0.0648036781548   	7.122865e-03	7.930944e-05
0.0653671397808   	7.053657e-03	7.927877e-05
0.0659306001441   	6.952554e-03	7.916660e-05
0.0664940592338   	6.928621e-03	7.910619e-05
0.0670575170391   	6.829849e-03	7.904336e-05
0.067620973549    	6.681132e-03	7.891536e-05
0.0681844287527   	6.636772e-03	7.890047e-05
0.0687478826393   	6.536152e-03	7.876522e-05
0.0693113351979   	6.466928e-03	7.872561e-05
0.0698747864177   	6.362621e-03	7.864327e-05
0.0704382362877   	6.222338e-03	7.854713e-05
0.0710016847971   	6.146325e-03	7.851807e-05
0.071565131935    	6.125021e-03	7.840969e-05
0.0721285776906   	6.033098e-03	7.838949e-05
0.0726920220529   	5.912513e-03	7.828950e-05
0.0732554650111   	5.842504e-03	7.823001e-05
0.0738189065542   	5.810502e-03	7.819566e-05
0.0743823466715   	5.744970e-03	7.808886e-05
0.0749457853521   	5.697853e-03	7.807205e-05
0.075509222585    	5.634001e-03	7.797302e-05
0.0760726583594   	5.516164e-03	7.793414e-05
0.0766360926643   	5.420527e-03	7.787758e-05
0.0771995254891   	5.377292e-03	7.780680e-05
0.0777629568226   	5.332493e-03	7.777881e-05
0.0783263866542   	5.239426e-03	7.766862e-05
0.0788898149729   	5.185113e-03	7.766697e-05
0.0794532417677   	5.105517e-03	7.759651e-05
0.080016667028    	5.028098e-03	7.754061e-05
0.0805800907427   	4.982970e-03	7.751784e-05
0.081143512901    	4.956090e-03	7.744124e-05
0.081706933492    	4.859172e-03	7.742543e-05
0.0822703525049   	4.794658e-03	7.733638e-05
0.0828337699287   	4.780012e-03	7.731223e-05
0.0833971857526   	4.702516e-03	7.726958e-05
0.0839605999658   	4.635700e-03	7.718789e-05
0.0845240125573   	4.618219e-03	7.719055e-05
0.0850874235163   	4.566619e-03	7.710589e-05
0.0856508328318   	4.455315e-03	7.707910e-05
0.0862142404931   	4.426416e-03	7.703992e-05
0.0867776464893   	4.407505e-03	7.699229e-05
0.0873410508094   	4.307202e-03	7.701316e-05
0.0879044534426   	4.275120e-03	7.707826e-05
0.0884678543781   	4.256423e-03	7.717622e-05
0.0890312536049   	4.203157e-03	7.718181e-05
0.0895946511122   	4.135706e-03	7.718520e-05
0.0901580468891   	4.047300e-03	7.719179e-05
0.0907214409247   	4.032129e-03	7.716673e-05
0.0912848332082   	3.980497e-03	7.720897e-05
0.0918482237287   	3.914305e-03	7.714680e-05
0.0924116124753   	3.897007e-03	7.716958e-05
0.0929749994371   	3.818321e-03	7.716862e-05
0.0935383846033   	3.724917e-03	7.712559e-05
0.0941017679631   	3.680470e-03	7.714708e-05
0.0946651495054   	3.689885e-03	7.710214e-05
0.0952285292196   	3.680042e-03	7.713171e-05
0.0957919070946   	3.617771e-03	7.709826e-05
0.0963552831196   	3.584572e-03	7.708851e-05
0.0969186572838   	3.562045e-03	7.708818e-05
0.0974820295763   	3.470080e-03	7.702593e-05
0.0980453999862   	3.419698e-03	7.704352e-05
0.0986087685026   	3.372719e-03	7.698956e-05
0.0991721351147   	3.343267e-03	7.699899e-05
0.0997354998115   	3.312033e-03	7.700145e-05
0.100298862582    	3.299714e-03	7.696422e-05
0.100862223416    	3.220027e-03	7.696187e-05
0.101425582302    	3.204765e-03	7.691815e-05
0.10198893923     	3.172588e-03	7.693504e-05
0.102552294188    	3.106617e-03	7.689563e-05
0.103115647165    	3.061036e-03	7.687101e-05
0.103678998151    	3.031900e-03	7.688592e-05
0.104242347135    	3.029262e-03	7.684589e-05
0.104805694106    	2.963886e-03	7.686109e-05
0.105369039053    	2.900924e-03	7.680750e-05
0.105932381966    	2.875228e-03	7.679667e-05
0.106495722832    	2.875643e-03	7.679285e-05
0.107059061643    	2.830048e-03	7.675814e-05
0.107622398386    	2.863734e-03	7.677998e-05
0.10818573305     	2.839583e-03	7.672277e-05
0.108749065626    	2.762312e-03	7.672478e-05
0.109312396102    	2.705894e-03	7.670227e-05
0.109875724466    	2.683238e-03	7.667405e-05
0.11043905071     	2.672478e-03	7.668570e-05
0.11100237482     	2.657070e-03	7.663864e-05
0.111565696787    	2.650513e-03	7.665952e-05
0.1121290166      	2.612470e-03	7.662861e-05
0.112692334248    	2.571143e-03	7.661739e-05
0.11325564972     	2.546165e-03	7.661773e-05
0.113818963005    	2.510264e-03	7.656895e-05
0.114382274092    	2.492875e-03	7.659576e-05
0.114945582971    	2.462726e-03	7.655097e-05
0.11550888963     	2.416736e-03	7.654680e-05
0.116072194059    	2.382140e-03	7.653104e-05
0.116635496247    	2.391560e-03	7.649982e-05
0.117198796182    	2.322554e-03	7.650017e-05
0.117762093855    	2.286204e-03	7.644648e-05
0.118325389254    	2.254590e-03	7.645665e-05
0.118888682368    	2.224634e-03	7.642663e-05
0.119451973187    	2.211090e-03	7.641017e-05
0.1200152617      	2.213801e-03	7.642329e-05
0.120578547895    	2.225908e-03	7.638896e-05
0.121141831762    	2.216457e-03	7.640538e-05
0.12170511329     	2.176855e-03	7.635860e-05
0.122268392469    	2.133954e-03	7.635311e-05
0.122831669287    	2.069231e-03	7.633473e-05
0.123394943733    	2.089357e-03	7.630635e-05
0.123958215797    	2.082230e-03	7.631595e-05
0.124521485468    	2.057180e-03	7.627975e-05
0.125084752734    	2.056157e-03	7.629096e-05
0.125648017586    	2.026950e-03	7.639684e-05
0.126211280012    	1.963204e-03	7.645650e-05
0.126774540001    	1.983765e-03	7.653367e-05
0.127337797543    	1.961855e-03	7.656560e-05
0.127901052626    	1.919523e-03	7.662698e-05
0.12846430524     	1.921381e-03	7.665677e-05
0.129027555375    	1.907558e-03	7.668014e-05
0.129590803018    	1.867348e-03	7.670121e-05
0.130154048159    	1.854805e-03	7.670001e-05
0.130717290787    	1.860149e-03	7.674872e-05
0.131280530893    	1.887681e-03	7.661120e-05
0.131843768463    	1.863109e-03	7.652478e-05
0.132407003489    	1.841042e-03	7.646989e-05
0.132970235958    	1.786365e-03	7.642223e-05
0.133533465861    	1.786695e-03	7.640855e-05
0.134096693185    	1.810116e-03	7.636726e-05
0.134659917921    	1.778769e-03	7.635006e-05
0.135223140058    	1.746648e-03	7.631814e-05
0.135786359584    	1.695575e-03	7.628219e-05
0.136349576489    	1.652849e-03	7.626439e-05
0.136912790762    	1.681332e-03	7.623519e-05
0.137476002392    	1.677160e-03	7.622465e-05
0.138039211368    	1.677143e-03	7.620369e-05
0.13860241768     	1.677605e-03	7.618744e-05
0.139165621316    	1.645194e-03	7.616860e-05
0.139728822266    	1.646854e-03	7.614002e-05
0.140292020519    	1.581197e-03	7.613683e-05
0.140855216063    	1.570956e-03	7.610811e-05
0.141418408889    	1.592351e-03	7.608982e-05
0.141981598985    	1.572865e-03	7.607336e-05
0.142544786341    	1.555997e-03	7.605412e-05
0.143107970945    	1.543539e-03	7.605271e-05
0.143671152786    	1.579143e-03	7.603225e-05
0.144234331855    	1.537070e-03	7.602632e-05
0.14479750814     	1.524984e-03	7.599932e-05
0.14536068163     	1.520385e-03	7.598557e-05
0.145923852314    	1.513205e-03	7.598193e-05
0.146487020182    	1.459555e-03	7.594324e-05
0.147050185222    	1.454954e-03	7.594654e-05
0.147613347424    	1.447056e-03	7.593126e-05
0.148176506778    	1.440131e-03	7.592598e-05
0.148739663271    	1.428309e-03	7.591159e-05
0.149302816893    	1.421333e-03	7.588979e-05
0.149865967634    	1.389390e-03	7.589223e-05
0.150429115483    	1.388344e-03	7.586378e-05
0.150992260428    	1.384973e-03	7.586637e-05
0.151555402459    	1.373145e-03	7.584497e-05
0.152118541565    	1.355006e-03	7.582408e-05
0.152681677735    	1.340011e-03	7.582996e-05
0.153244810959    	1.331071e-03	7.579514e-05
0.153807941225    	1.341234e-03	7.578669e-05
0.154371068523    	1.322462e-03	7.575619e-05
0.154934192841    	1.300249e-03	7.581522e-05
0.15549731417     	1.293179e-03	7.586630e-05
0.156060432497    	1.257441e-03	7.590214e-05
0.156623547813    	1.223913e-03	7.594794e-05
0.157186660107    	1.216661e-03	7.596722e-05
0.157749769367    	1.246505e-03	7.601503e-05
0.158312875582    	1.278120e-03	7.604802e-05
0.158875978743    	1.254162e-03	7.604676e-05
0.159439078838    	1.224508e-03	7.606348e-05
0.160002175856    	1.184309e-03	7.604521e-05
0.160565269786    	1.199705e-03	7.607266e-05
0.161128360618    	1.221920e-03	7.607246e-05
0.161691448341    	1.188394e-03	7.607903e-05
0.162254532943    	1.171997e-03	7.608025e-05
0.162817614415    	1.163879e-03	7.606336e-05
0.163380692745    	1.159767e-03	7.608016e-05
0.163943767922    	1.145937e-03	7.606396e-05
0.164506839935    	1.123632e-03	7.608391e-05
0.165069908775    	1.123981e-03	7.609716e-05
0.165632974429    	1.112535e-03	7.609882e-05
0.166196036887    	1.109871e-03	7.612921e-05
0.166759096139    	1.114962e-03	7.613276e-05
0.167322152173    	1.118862e-03	7.615853e-05
0.167885204978    	1.111068e-03	7.614949e-05
0.168448254544    	1.079862e-03	7.614943e-05
0.16901130086     	1.076189e-03	7.617268e-05
0.169574343915    	1.025414e-03	7.616011e-05
0.170137383698    	1.057779e-03	7.619378e-05
0.170700420198    	1.109373e-03	7.619012e-05
0.171263453405    	1.077815e-03	7.620227e-05
0.171826483308    	1.048011e-03	7.620497e-05
0.172389509895    	1.036062e-03	7.620179e-05
0.172952533156    	1.019414e-03	7.621987e-05
0.173515553081    	1.040159e-03	7.620986e-05
0.174078569658    	1.046954e-03	7.623337e-05
0.174641582877    	1.042052e-03	7.623064e-05
0.175204592726    	1.015365e-03	7.622436e-05
0.175767599195    	1.025502e-03	7.624455e-05
0.176330602273    	1.039024e-03	7.624288e-05
0.176893601949    	1.029534e-03	7.625276e-05
0.177456598213    	1.006573e-03	7.625353e-05
0.178019591053    	9.257920e-04	7.624205e-05
0.178582580459    	9.060898e-04	7.625094e-05
0.17914556642     	9.329579e-04	7.623165e-05
0.179708548925    	9.392199e-04	7.624186e-05
0.180271527963    	9.431797e-04	7.622920e-05
0.180834503523    	9.229424e-04	7.622963e-05
0.181397475596    	9.211730e-04	7.622386e-05
0.181960444168    	9.349013e-04	7.620994e-05
0.182523409231    	9.459118e-04	7.622668e-05
0.183086370773    	9.032530e-04	7.620304e-05
0.183649328783    	8.718763e-04	7.621148e-05
0.184212283251    	8.567501e-04	7.619427e-05
0.184775234165    	8.634632e-04	7.618539e-05
0.185338181516    	9.043747e-04	7.619529e-05
0.185901125291    	9.250265e-04	7.617036e-05
0.18646406548     	8.989559e-04	7.618911e-05
0.187027002073    	8.283930e-04	7.615259e-05
0.187589935058    	8.313173e-04	7.616284e-05
0.188152864425    	8.562022e-04	7.616974e-05
0.188715790162    	8.549878e-04	7.614892e-05
0.18927871226     	8.366364e-04	7.616117e-05
0.189841630707    	8.425439e-04	7.617769e-05
0.190404545493    	8.732215e-04	7.634147e-05
0.190967456606    	8.565516e-04	7.640568e-05
0.191530364035    	8.085494e-04	7.646568e-05
0.192093267771    	8.293081e-04	7.654904e-05
0.192656167802    	8.921321e-04	7.659297e-05
0.193219064117    	8.315253e-04	7.666933e-05
0.193781956706    	7.838883e-04	7.669257e-05
0.194344845558    	8.324385e-04	7.674275e-05
0.194907730661    	8.383010e-04	7.680468e-05
0.195470612005    	8.391992e-04	7.684009e-05
0.19603348958     	8.065838e-04	7.689785e-05
0.196596363374    	7.961959e-04	7.691629e-05
0.197159233377    	8.013926e-04	7.696626e-05
0.197722099577    	7.818038e-04	7.699499e-05
0.198284961965    	8.277673e-04	7.701650e-05
0.198847820528    	8.593277e-04	7.702416e-05
0.199410675257    	8.257123e-04	7.675418e-05
0.199973526141    	7.835284e-04	7.667714e-05
0.200536373168    	7.446328e-04	7.660121e-05
0.201099216328    	7.089207e-04	7.655647e-05
0.20166205561     	7.317202e-04	7.653997e-05
0.202224891004    	7.735964e-04	7.649445e-05
0.202787722498    	7.302304e-04	7.647805e-05
0.203350550082    	7.158011e-04	7.642776e-05
0.203913373744    	7.496549e-04	7.642883e-05
0.204476193475    	7.336750e-04	7.640259e-05
0.205039009263    	6.978772e-04	7.636128e-05
0.205601821097    	7.149788e-04	7.636270e-05
0.206164628967    	7.395102e-04	7.632087e-05
0.206727432862    	7.506305e-04	7.633559e-05
0.207290232771    	7.496766e-04	7.632149e-05
0.207853028683    	7.511628e-04	7.631030e-05
0.208415820587    	7.428696e-04	7.630883e-05
0.208978608473    	7.237950e-04	7.626731e-05
0.20954139233     	7.382809e-04	7.628512e-05
0.210104172147    	7.080242e-04	7.625124e-05
0.210666947913    	6.951316e-04	7.623790e-05
0.211229719617    	6.866525e-04	7.623932e-05
0.211792487249    	6.867470e-04	7.621774e-05
0.212355250798    	6.533589e-04	7.621915e-05
0.212918010253    	6.461380e-04	7.617342e-05
0.213480765603    	6.649128e-04	7.618902e-05
0.214043516837    	6.647860e-04	7.617310e-05
0.214606263945    	6.579517e-04	7.616007e-05
0.215169006915    	6.609543e-04	7.617418e-05
0.215731745738    	6.312135e-04	7.613039e-05
0.216294480401    	6.182906e-04	7.614524e-05
0.216857210896    	6.413782e-04	7.612280e-05
0.217419937209    	6.515663e-04	7.612362e-05
0.217982659332    	6.455567e-04	7.611095e-05
0.218545377252    	6.371164e-04	7.608851e-05
0.219108090959    	6.523151e-04	7.610167e-05
0.219670800443    	6.343429e-04	7.607125e-05
0.220233505693    	6.275556e-04	7.607267e-05
0.220796206697    	6.244249e-04	7.606296e-05
0.221358903445    	6.269241e-04	7.604969e-05
0.221921595927    	6.230302e-04	7.605042e-05
0.22248428413     	6.249171e-04	7.603055e-05
0.223046968046    	6.360581e-04	7.603550e-05
0.223609647662    	5.964805e-04	7.601891e-05
0.224172322968    	6.170183e-04	7.601991e-05
0.224734993954    	6.107951e-04	7.601309e-05
0.225297660608    	6.173445e-04	7.600359e-05
0.225860322919    	5.893258e-04	7.600091e-05
0.226422980877    	5.940289e-04	7.598014e-05
0.226985634472    	5.896536e-04	7.596922e-05
0.227548283691    	5.933169e-04	7.596681e-05
0.228110928526    	5.826664e-04	7.595267e-05
0.228673568963    	5.441752e-04	7.593761e-05
0.229236204994    	5.394642e-04	7.590871e-05
0.229798836607    	5.191496e-04	7.590467e-05
0.230361463791    	5.162593e-04	7.588995e-05
0.230924086536    	5.394158e-04	7.588125e-05
0.23148670483     	5.811421e-04	7.587872e-05
0.232049318663    	6.174699e-04	7.587084e-05
0.232611928025    	6.382836e-04	7.587815e-05
0.233174532904    	6.068285e-04	7.585769e-05
0.233737133289    	5.888264e-04	7.585846e-05
0.23429972917     	5.752864e-04	7.584252e-05
0.234862320537    	5.656711e-04	7.583161e-05
0.235424907377    	5.459799e-04	7.584853e-05
0.235987489681    	5.574897e-04	7.584636e-05
0.236550067438    	5.097140e-04	7.584498e-05
0.237112640637    	4.745499e-04	7.583521e-05
0.237675209266    	5.471979e-04	7.585197e-05
0.238237773316    	5.627024e-04	7.586374e-05
0.238800332776    	5.416477e-04	7.584081e-05
0.239362887634    	5.570300e-04	7.584943e-05
0.239925437881    	5.421281e-04	7.583274e-05
0.240487983504    	5.372688e-04	7.583445e-05
0.241050524494    	5.611544e-04	7.583059e-05
0.24161306084     	6.032240e-04	7.582344e-05
0.242175592531    	6.042646e-04	7.583297e-05
0.242738119555    	5.604554e-04	7.580928e-05
0.243300641903    	5.139848e-04	7.580361e-05
0.243863159564    	5.559566e-04	7.579940e-05
0.244425672526    	5.335100e-04	7.579016e-05
0.244988180779    	4.939780e-04	7.579059e-05
0.245550684313    	4.807596e-04	7.575723e-05
0.246113183116    	4.913863e-04	7.575905e-05
0.246675677177    	5.023980e-04	7.574216e-05
0.247238166487    	4.900306e-04	7.573305e-05
0.247800651034    	5.257909e-04	7.572947e-05
0.248363130807    	5.308298e-04	7.571052e-05
0.248925605795    	5.061192e-04	7.570608e-05
0.249488075989    	5.357099e-04	7.569274e-05
0.250050541376    	5.563425e-04	7.569303e-05
0.250613001947    	5.298073e-04	7.567138e-05
0.25117545769     	4.792128e-04	7.564852e-05
0.251737908595    	4.724564e-04	7.564286e-05
0.252300354651    	4.816100e-04	7.563719e-05
0.252862795848    	4.538683e-04	7.563558e-05
0.253425232173    	4.362152e-04	7.562289e-05
0.253987663617    	4.636867e-04	7.562216e-05
0.25455009017     	4.651404e-04	7.562879e-05
0.255112511819    	4.874374e-04	7.561971e-05
0.255674928555    	4.733206e-04	7.561763e-05
0.256237340366    	4.677586e-04	7.560821e-05
0.256799747242    	4.912829e-04	7.561267e-05
0.257362149172    	5.083987e-04	7.561008e-05
0.257924546146    	4.676478e-04	7.559699e-05
0.258486938152    	4.677893e-04	7.559574e-05
0.25904932518     	4.577767e-04	7.558653e-05
0.259611707219    	4.552114e-04	7.558991e-05
0.260174084258    	4.879440e-04	7.558530e-05
0.260736456287    	5.055599e-04	7.558584e-05
0.261298823294    	4.921911e-04	7.557803e-05
0.26186118527     	4.730004e-04	7.556674e-05
0.262423542202    	4.701488e-04	7.557527e-05
0.262985894081    	5.059189e-04	7.555950e-05
0.263548240896    	4.723609e-04	7.555857e-05
0.264110582636    	4.363226e-04	7.555610e-05
0.26467291929     	4.115842e-04	7.553969e-05
0.265235250848    	4.101737e-04	7.554295e-05
0.265797577298    	4.465078e-04	7.553230e-05
0.26635989863     	4.259946e-04	7.553450e-05
0.266922214834    	4.248294e-04	7.552760e-05
0.267484525897    	4.178598e-04	7.551727e-05
0.268046831811    	4.703163e-04	7.553186e-05
0.268609132563    	5.253508e-04	7.552542e-05
0.269171428144    	4.674066e-04	7.552587e-05
0.269733718542    	3.970217e-04	7.550187e-05
0.270296003746    	4.134361e-04	7.550063e-05
0.270858283747    	4.283252e-04	7.550303e-05
0.271420558533    	4.068848e-04	7.549617e-05
0.271982828093    	4.328403e-04	7.549967e-05
0.272545092417    	3.950380e-04	7.548640e-05
0.273107351494    	4.006729e-04	7.548555e-05
0.273669605313    	3.764986e-04	7.548018e-05
0.274231853863    	3.818237e-04	7.547377e-05
0.274794097134    	3.896553e-04	7.547223e-05
0.275356335115    	4.232090e-04	7.547286e-05
0.275918567795    	4.227791e-04	7.547249e-05
0.276480795164    	3.856030e-04	7.546861e-05
0.277043017211    	3.978438e-04	7.545738e-05
0.277605233924    	4.017140e-04	7.546199e-05
0.278167445294    	3.672264e-04	7.545629e-05
0.278729651309    	3.998488e-04	7.545651e-05
0.279291851959    	4.261127e-04	7.545723e-05
0.279854047233    	3.955377e-04	7.544577e-05
0.28041623712     	3.794408e-04	7.544150e-05
0.28097842161     	4.118906e-04	7.544035e-05
0.281540600691    	4.491704e-04	7.544984e-05
0.282102774354    	4.195850e-04	7.544616e-05
0.282664942586    	3.738250e-04	7.543885e-05
0.283227105379    	3.424719e-04	7.542716e-05
0.28378926272     	3.701831e-04	7.543101e-05
0.284351414599    	3.992794e-04	7.543212e-05
0.284913561006    	4.087856e-04	7.542604e-05
0.285475701929    	3.877239e-04	7.542638e-05
0.286037837359    	3.782571e-04	7.541548e-05
0.286599967283    	3.618063e-04	7.541262e-05
0.287162091692    	4.004627e-04	7.541772e-05
0.287724210575    	3.959179e-04	7.540926e-05
0.28828632392     	4.006950e-04	7.541522e-05
0.288848431718    	3.912701e-04	7.540443e-05
0.289410533957    	4.229466e-04	7.541344e-05
0.289972630627    	4.211467e-04	7.540770e-05
0.290534721717    	3.984210e-04	7.539893e-05
0.291096807217    	4.059978e-04	7.540213e-05
0.291658887115    	3.907479e-04	7.538856e-05
0.2922209614      	3.699992e-04	7.539307e-05
0.292783030064    	3.659447e-04	7.538466e-05
0.293345093093    	3.725691e-04	7.538030e-05
0.293907150478    	3.706761e-04	7.538306e-05
0.294469202208    	3.910665e-04	7.537552e-05
0.295031248272    	3.910837e-04	7.538066e-05
0.29559328866     	3.953491e-04	7.536593e-05
0.296155323361    	3.821157e-04	7.536356e-05
0.296717352363    	3.891353e-04	7.536413e-05
0.297279375658    	3.710376e-04	7.536133e-05
0.297841393232    	3.360710e-04	7.535930e-05
0.298403405077    	3.381256e-04	7.534361e-05
0.29896541118     	3.441120e-04	7.534841e-05
0.299527411533    	3.432529e-04	7.534264e-05
0.300089406123    	3.598564e-04	7.534276e-05
0.30065139494     	3.690204e-04	7.534061e-05
0.301213377973    	3.570447e-04	7.532792e-05
0.301775355212    	3.407012e-04	7.533820e-05
0.302337326646    	3.590086e-04	7.533073e-05
0.302899292263    	3.326131e-04	7.532078e-05
0.303461252055    	3.669806e-04	7.532377e-05
0.304023206009    	3.692585e-04	7.531239e-05
0.304585154115    	3.511311e-04	7.532239e-05
0.305147096363    	3.148787e-04	7.530980e-05
0.305709032741    	3.427820e-04	7.531472e-05
0.306270963239    	3.583223e-04	7.531272e-05
0.306832887846    	3.326858e-04	7.530273e-05
0.307394806551    	3.580250e-04	7.530523e-05
0.307956719345    	3.826160e-04	7.529671e-05
0.308518626215    	3.474456e-04	7.530042e-05
0.309080527152    	3.165092e-04	7.529165e-05
0.309642422144    	3.068982e-04	7.528567e-05
0.310204311181    	3.258139e-04	7.529503e-05
0.310766194253    	3.750191e-04	7.528914e-05
0.311328071348    	3.720990e-04	7.529210e-05
0.311889942456    	3.577286e-04	7.528628e-05
0.312451807565    	3.444949e-04	7.528687e-05
0.313013666667    	3.366541e-04	7.527830e-05
0.313575519749    	3.230319e-04	7.526501e-05
0.314137366801    	3.037126e-04	7.526769e-05
0.314699207812    	3.068053e-04	7.525860e-05
0.315261042772    	3.156470e-04	7.526881e-05
0.31582287167     	3.219292e-04	7.526211e-05
0.316384694495    	3.362555e-04	7.526296e-05
0.316946511236    	3.267164e-04	7.526416e-05
0.317508321883    	3.036982e-04	7.524586e-05
0.318070126426    	3.144457e-04	7.525353e-05
0.318631924852    	3.385117e-04	7.524956e-05
0.319193717153    	3.287190e-04	7.524522e-05
0.319755503316    	3.240531e-04	7.524357e-05
0.320317283332    	3.021906e-04	7.523180e-05
0.320879057189    	2.971128e-04	7.523951e-05
0.321440824877    	2.978820e-04	7.523147e-05
0.322002586386    	3.040197e-04	7.523041e-05
0.322564341704    	2.987564e-04	7.522532e-05
0.323126090821    	3.303205e-04	7.522725e-05
0.323687833726    	3.204531e-04	7.523356e-05
0.324249570409    	3.027692e-04	7.522092e-05
0.324811300858    	2.911684e-04	7.522244e-05
0.325373025063    	3.050438e-04	7.521271e-05
0.325934743014    	3.002512e-04	7.521372e-05
0.326496454699    	2.958833e-04	7.521522e-05
0.327058160109    	2.952366e-04	7.520180e-05
0.327619859232    	2.938434e-04	7.520915e-05
0.328181552057    	2.874280e-04	7.519980e-05
0.328743238575    	3.230355e-04	7.520584e-05
0.329304918774    	3.062727e-04	7.520077e-05
0.329866592643    	2.990026e-04	7.519331e-05
0.330428260172    	2.861807e-04	7.519594e-05
0.330989921351    	2.860021e-04	7.519008e-05
0.331551576168    	2.914634e-04	7.519537e-05
0.332113224613    	2.797477e-04	7.518505e-05
0.332674866675    	2.632410e-04	7.517757e-05
0.333236502343    	2.850077e-04	7.518291e-05
0.333798131608    	3.039170e-04	7.520696e-05
0.334359754458    	3.035205e-04	7.532547e-05
0.334921370882    	2.954497e-04	7.537252e-05
0.33548298087     	3.022251e-04	7.540174e-05
0.336044584411    	2.976559e-04	7.542437e-05
0.336606181494    	2.837620e-04	7.543924e-05
0.337167772109    	2.823882e-04	7.546474e-05
0.337729356246    	2.943239e-04	7.547301e-05
0.338290933893    	3.000640e-04	7.549892e-05
0.338852505039    	2.828168e-04	7.550464e-05
0.339414069675    	2.525678e-04	7.551307e-05
0.339975627789    	2.670446e-04	7.553268e-05
0.340537179371    	3.138440e-04	7.553927e-05
0.34109872441     	3.019603e-04	7.555496e-05
0.341660262895    	2.931493e-04	7.555788e-05
0.342221794816    	2.710286e-04	7.556667e-05
0.342783320163    	2.660321e-04	7.558175e-05
0.343344838923    	2.592544e-04	7.558187e-05
0.343906351087    	3.064230e-04	7.560187e-05
0.344467856645    	2.896656e-04	7.559584e-05
0.345029355585    	2.699848e-04	7.561383e-05
0.345590847896    	2.714038e-04	7.561599e-05
0.346152333569    	2.692805e-04	7.561713e-05
0.346713812592    	2.557625e-04	7.563228e-05
0.347275284955    	2.805431e-04	7.563052e-05
0.347836750647    	3.053390e-04	7.565395e-05
0.348398209657    	2.590458e-04	7.564378e-05
0.348959661976    	2.566563e-04	7.565329e-05
0.349521107591    	2.740506e-04	7.567541e-05
0.350082546493    	2.633629e-04	7.567103e-05
0.35064397867     	2.818933e-04	7.569359e-05
0.351205404113    	2.668176e-04	7.568110e-05
0.35176682281     	2.757921e-04	7.568909e-05
0.352328234752    	2.604922e-04	7.570374e-05
0.352889639926    	2.436565e-04	7.570148e-05
0.353451038323    	2.795486e-04	7.571884e-05
0.354012429932    	2.620771e-04	7.570734e-05
0.354573814742    	2.452777e-04	7.571876e-05
0.355135192742    	2.941547e-04	7.572849e-05
0.355696563923    	3.382814e-04	7.573557e-05
0.356257928273    	3.043577e-04	7.572873e-05
0.356819285781    	2.563661e-04	7.570958e-05
0.357380636437    	2.561214e-04	7.571345e-05
0.357941980231    	2.673466e-04	7.570481e-05
0.358503317152    	2.932794e-04	7.571307e-05
0.359064647188    	2.899081e-04	7.571212e-05
0.35962597033     	2.890451e-04	7.570078e-05
0.360187286567    	3.127051e-04	7.570704e-05
0.360748595888    	2.960078e-04	7.569353e-05
0.361309898282    	2.562143e-04	7.569779e-05
0.361871193739    	3.138228e-04	7.570060e-05
0.362432482249    	2.908606e-04	7.568592e-05
0.3629937638      	2.615353e-04	7.568926e-05
0.363555038381    	3.101285e-04	7.568112e-05
0.364116305983    	2.818693e-04	7.568484e-05
0.364677566595    	2.708284e-04	7.567134e-05
0.365238820206    	2.738005e-04	7.566879e-05
0.365800066805    	2.512699e-04	7.566416e-05
0.366361306382    	2.127839e-04	7.564900e-05
0.366922538926    	2.288430e-04	7.566320e-05
0.367483764426    	2.546901e-04	7.565123e-05
0.368044982872    	2.396435e-04	7.565405e-05
0.368606194254    	2.147760e-04	7.564625e-05
0.36916739856     	2.429846e-04	7.564230e-05
0.369728595779    	2.509211e-04	7.565036e-05
0.370289785903    	2.660003e-04	7.563699e-05
0.370850968918    	2.754841e-04	7.564181e-05
0.371412144816    	2.417114e-04	7.563531e-05
0.371973313586    	2.221800e-04	7.562853e-05
0.372534475216    	2.302942e-04	7.563007e-05
0.373095629696    	2.228377e-04	7.561538e-05
0.373656777016    	2.380426e-04	7.562684e-05
0.374217917164    	2.705733e-04	7.562227e-05
0.374779050131    	2.661461e-04	7.561719e-05
0.375340175906    	2.605702e-04	7.561063e-05
0.375901294478    	2.691975e-04	7.560536e-05
0.376462405836    	2.566510e-04	7.561062e-05
0.37702350997     	2.548819e-04	7.559635e-05
0.377584606869    	2.309996e-04	7.560130e-05
0.378145696522    	2.065666e-04	7.559291e-05
0.37870677892     	2.257367e-04	7.558786e-05
0.379267854051    	2.052136e-04	7.559038e-05
0.379828921904    	2.011783e-04	7.557648e-05
0.38038998247     	2.258275e-04	7.558818e-05
0.380951035737    	2.559285e-04	7.558159e-05
0.381512081695    	2.600515e-04	7.558250e-05
0.382073120333    	2.644428e-04	7.558888e-05
0.382634151641    	2.164929e-04	7.556406e-05
0.383195175608    	2.070178e-04	7.557640e-05
0.383756192224    	2.337922e-04	7.556596e-05
0.384317201477    	2.350797e-04	7.557385e-05
0.384878203357    	2.324742e-04	7.557274e-05
0.385439197854    	2.274174e-04	7.555905e-05
0.386000184957    	2.381646e-04	7.556843e-05
0.386561164655    	2.281900e-04	7.554738e-05
0.387122136938    	2.026038e-04	7.554367e-05
0.387683101795    	2.305637e-04	7.554625e-05
0.388244059215    	2.562013e-04	7.554966e-05
0.388805009189    	2.177476e-04	7.554532e-05
0.389365951705    	2.267772e-04	7.553071e-05
0.389926886753    	2.146666e-04	7.553881e-05
0.390487814321    	1.995767e-04	7.553127e-05
0.391048734401    	2.273814e-04	7.552953e-05
0.39160964698     	2.120763e-04	7.552761e-05
0.392170552049    	2.236704e-04	7.551974e-05
0.392731449596    	2.190873e-04	7.552495e-05
0.393292339612    	2.152045e-04	7.551372e-05
0.393853222085    	2.354496e-04	7.552674e-05
0.394414097004    	2.613954e-04	7.552482e-05
0.394974964361    	2.519759e-04	7.552364e-05
0.395535824143    	2.210488e-04	7.552178e-05
0.39609667634     	2.136466e-04	7.550910e-05
0.396657520942    	1.924630e-04	7.550873e-05
0.397218357938    	2.074250e-04	7.550081e-05
0.397779187317    	2.365440e-04	7.550338e-05
0.398340009069    	2.423253e-04	7.550756e-05
0.398900823183    	2.232854e-04	7.549345e-05
0.399461629649    	2.314834e-04	7.550485e-05
0.400022428456    	2.358505e-04	7.549420e-05
0.400583219593    	2.526880e-04	7.549959e-05
0.40114400305     	2.346901e-04	7.549196e-05
0.401704778817    	2.415571e-04	7.548761e-05
0.402265546882    	2.185703e-04	7.549229e-05
0.402826307235    	2.059493e-04	7.547175e-05
0.403387059866    	2.349863e-04	7.548119e-05
0.403947804763    	2.452296e-04	7.547397e-05
0.404508541917    	2.269210e-04	7.546806e-05
0.405069271317    	2.201868e-04	7.547052e-05
0.405629992952    	2.521130e-04	7.546426e-05
0.406190706812    	2.479913e-04	7.547177e-05
0.406751412886    	2.291164e-04	7.545661e-05
0.407312111163    	2.367183e-04	7.546001e-05
0.407872801633    	2.258367e-04	7.545480e-05
0.408433484285    	1.895638e-04	7.556856e-05
0.40899415911     	1.854426e-04	7.567851e-05
0.409554826095    	2.004479e-04	7.573971e-05
0.410115485231    	2.094400e-04	7.580451e-05
0.410676136507    	2.400433e-04	7.585645e-05
0.411236779912    	2.439623e-04	7.589848e-05
0.411797415437    	2.201682e-04	7.595572e-05
0.412358043069    	1.859881e-04	7.599147e-05
0.4129186628      	1.822826e-04	7.604338e-05
0.413479274617    	2.299460e-04	7.607602e-05
0.414039878511    	2.314363e-04	7.612171e-05
0.414600474472    	2.131212e-04	7.614984e-05
0.415161062487    	1.662910e-04	7.617092e-05
0.415721642548    	1.545739e-04	7.621946e-05
0.416282214643    	1.701949e-04	7.624000e-05
0.416842778762    	2.100025e-04	7.626825e-05
0.417403334894    	2.460764e-04	7.629294e-05
0.417963883029    	2.688588e-04	7.631099e-05
0.418524423156    	2.347472e-04	7.632167e-05
0.419084955264    	2.225567e-04	7.632115e-05
0.419645479344    	2.723592e-04	7.636021e-05
0.420205995384    	2.764085e-04	7.636559e-05
0.420766503373    	2.434105e-04	7.636585e-05
0.421327003303    	2.167140e-04	7.637555e-05
0.421887495161    	2.178618e-04	7.637264e-05
0.422447978937    	2.178617e-04	7.640516e-05
0.423008454621    	1.975537e-04	7.639402e-05
0.423568922201    	2.058334e-04	7.641636e-05
0.424129381669    	2.023157e-04	7.642022e-05
0.424689833013    	1.700956e-04	7.641440e-05
0.425250276222    	1.467671e-04	7.643611e-05
0.425810711286    	1.723265e-04	7.643804e-05
0.426371138194    	2.128136e-04	7.646315e-05
0.426931556936    	2.093764e-04	7.646501e-05
0.427491967502    	2.140131e-04	7.647224e-05
0.42805236988     	2.338850e-04	7.649251e-05
0.42861276406     	2.183982e-04	7.648422e-05
0.429173150033    	2.307527e-04	7.650906e-05
0.429733527786    	2.133171e-04	7.650807e-05
0.43029389731     	1.941334e-04	7.652294e-05
0.430854258594    	1.706016e-04	7.652514e-05
0.431414611627    	1.660998e-04	7.651695e-05
0.431974956399    	2.037814e-04	7.654635e-05
0.4325352929      	2.493258e-04	7.654320e-05
0.433095621119    	2.508868e-04	7.656491e-05
0.433655941045    	2.324377e-04	7.656849e-05
0.434216252668    	2.182214e-04	7.658176e-05
0.434776555977    	2.040223e-04	7.659611e-05
0.435336850962    	2.155978e-04	7.658890e-05
0.435897137612    	1.708688e-04	7.660886e-05
0.436457415916    	1.922803e-04	7.660458e-05
0.437017685865    	2.081305e-04	7.661531e-05
0.437577947448    	1.681684e-04	7.662525e-05
0.438138200654    	1.354905e-04	7.660909e-05
0.438698445472    	1.359018e-04	7.663074e-05
0.439258681892    	1.680775e-04	7.662562e-05
0.439818909904    	2.000623e-04	7.664943e-05
0.440379129497    	1.900033e-04	7.665759e-05
0.44093934066     	1.880744e-04	7.665294e-05
0.441499543384    	2.122099e-04	7.667945e-05
0.442059737656    	1.751867e-04	7.666013e-05
0.442619923468    	1.868733e-04	7.668475e-05
0.443180100808    	1.644894e-04	7.667952e-05
0.443740269666    	1.902809e-04	7.668856e-05
0.444300430031    	2.006519e-04	7.670444e-05
0.444860581894    	1.984151e-04	7.670274e-05
0.445420725242    	1.859897e-04	7.672446e-05
0.445980860066    	1.778886e-04	7.671151e-05
0.446540986356    	1.545891e-04	7.671668e-05
0.4471011041      	1.776642e-04	7.672993e-05
0.447661213289    	2.243156e-04	7.673681e-05
0.448221313911    	2.669699e-04	7.676398e-05
0.448781405957    	2.586608e-04	7.674687e-05
0.449341489415    	2.205461e-04	7.675828e-05
0.449901564276    	2.113429e-04	7.676639e-05
0.450461630528    	2.466437e-04	7.677713e-05
0.451021688162    	2.349014e-04	7.679779e-05
0.451581737166    	2.098788e-04	7.676804e-05
0.452141777531    	1.563213e-04	7.676213e-05
0.452701809245    	1.771016e-04	7.674179e-05
0.453261832298    	1.775214e-04	7.674664e-05
0.45382184668     	1.690466e-04	7.674590e-05
0.45438185238     	1.720624e-04	7.673805e-05
0.454941849388    	1.589104e-04	7.675298e-05
0.455501837694    	1.752763e-04	7.674549e-05
0.456061817286    	1.715599e-04	7.675740e-05
0.456621788154    	1.684169e-04	7.676364e-05
0.457181750287    	1.379005e-04	7.676527e-05
0.457741703676    	1.402180e-04	7.677660e-05
0.45830164831     	1.354026e-04	7.676262e-05
0.458861584178    	1.467261e-04	7.679107e-05
0.45942151127     	1.903122e-04	7.679367e-05
0.459981429575    	1.978821e-04	7.680123e-05
0.460541339082    	1.847698e-04	7.681713e-05
0.461101239782    	1.767267e-04	7.680557e-05
0.461661131664    	1.716697e-04	7.682873e-05
0.462221014717    	1.941790e-04	7.681750e-05
0.462780888931    	1.855004e-04	7.683597e-05
0.463340754295    	1.776535e-04	7.683212e-05
0.463900610799    	1.722078e-04	7.682629e-05
0.464460458432    	1.616061e-04	7.684022e-05
0.465020297184    	1.444160e-04	7.682429e-05
0.465580127044    	1.582554e-04	7.685274e-05
0.466139948003    	1.589769e-04	7.684834e-05
0.466699760049    	1.448349e-04	7.684775e-05
0.467259563171    	1.667842e-04	7.686277e-05
0.467819357361    	1.836306e-04	7.685712e-05
0.468379142606    	1.886817e-04	7.688128e-05
0.468938918896    	1.523848e-04	7.685843e-05
0.469498686222    	1.576826e-04	7.687148e-05
0.470058444572    	1.848947e-04	7.689230e-05
0.470618193937    	1.813621e-04	7.688298e-05
0.471177934305    	1.748539e-04	7.690652e-05
0.471737665666    	1.550195e-04	7.687980e-05
0.47229738801     	1.747493e-04	7.690607e-05
0.472857101326    	1.838930e-04	7.690515e-05
0.473416805603    	1.707409e-04	7.690393e-05
0.473976500832    	1.900981e-04	7.692674e-05
0.474536187002    	1.867569e-04	7.691184e-05
0.475095864102    	1.465755e-04	7.693613e-05
0.475655532122    	1.545855e-04	7.692449e-05
0.476215191052    	1.447488e-04	7.692838e-05
0.47677484088     	1.175392e-04	7.699246e-05
0.477334481597    	1.205988e-04	7.705241e-05
0.477894113192    	1.320449e-04	7.713681e-05
0.478453735654    	1.180672e-04	7.717639e-05
0.479013348974    	1.106934e-04	7.724028e-05
0.47957295314     	1.636184e-04	7.729653e-05
0.480132548142    	1.563733e-04	7.733142e-05
0.48069213397     	1.314458e-04	7.739000e-05
0.481251710614    	1.428385e-04	7.741026e-05
0.481811278062    	1.689044e-04	7.748081e-05
0.482370836304    	2.142960e-04	7.751736e-05
0.482930385331    	2.026783e-04	7.755194e-05
0.483489925131    	1.523968e-04	7.763455e-05
0.484049455694    	1.394939e-04	7.765682e-05
0.48460897701     	1.376353e-04	7.772121e-05
0.485168489067    	1.701516e-04	7.774515e-05
0.485727991857    	1.814720e-04	7.778406e-05
0.486287485367    	2.411303e-04	7.783154e-05
0.486846969589    	1.965040e-04	7.786025e-05
0.487406444511    	1.886713e-04	7.792517e-05
0.487965910122    	1.826177e-04	7.792911e-05
0.488525366413    	1.833856e-04	7.798924e-05
0.489084813374    	1.666851e-04	7.801454e-05
0.489644250992    	1.387053e-04	7.804558e-05
0.490203679259    	1.478721e-04	7.813943e-05
0.490763098164    	1.630389e-04	7.822428e-05
0.491322507696    	1.786589e-04	7.834596e-05
0.491881907845    	1.616369e-04	7.836198e-05
0.4924412986      	1.365990e-04	7.840454e-05
0.493000679951    	1.577413e-04	7.846109e-05
0.493560051887    	1.311721e-04	7.847201e-05
0.494119414399    	1.282750e-04	7.857776e-05
0.494678767476    	1.144672e-04	7.858340e-05
0.495238111106    	1.328424e-04	7.866160e-05
0.495797445281    	1.525111e-04	7.871706e-05
0.496356769989    	1.478729e-04	7.874267e-05
0.49691608522     	1.570157e-04	7.882033e-05
0.497475390963    	1.483735e-04	7.882397e-05
0.498034687209    	1.538418e-04	7.889526e-05
0.498593973946    	1.468216e-04	7.892885e-05
0.499153251165    	1.690803e-04	7.901648e-05
0.499712518854    	1.875475e-04	7.912351e-05
0.500271777004    	2.010213e-04	7.914056e-05
