0.00460056169	6.26716584E-05	4.22397955E-06
0.00488809666	6.86895778E-05	3.09732543E-06
0.00517563161	6.15678539E-05	3.38182464E-06
0.00546316653	5.31455055E-05	4.73073457E-06
0.00575070142	5.16725746E-05	6.37534858E-06
0.00603823629	4.44636225E-05	6.31299801E-06
0.00632577112	4.15203441E-05	5.48741730E-06
0.00661330592	4.50068360E-05	5.52232468E-06
0.00690084069	4.34299700E-05	5.18187323E-06
0.00718837542	4.72476433E-05	5.40700564E-06
0.00747591012	4.54936921E-05	4.80475721E-06
0.00776344478	4.64403674E-05	4.84237262E-06
0.0080509794	4.54191587E-05	4.76583328E-06
0.00833851398	4.84719382E-05	4.59030388E-06
0.00862604852	4.77034121E-05	4.27211863E-06
0.00891358301	4.99418428E-05	3.97935016E-06
0.00920111746	4.93361907E-05	3.94270021E-06
0.00948865187	5.28125200E-05	3.34926013E-06
0.00977618622	5.04345102E-05	3.28801545E-06
0.0100637205	5.34315279E-05	3.38507250E-06
0.0103512548	5.49825799E-05	3.23610873E-06
0.010638789	5.38602463E-05	2.98107298E-06
0.0109263231	5.64902748E-05	2.79407017E-06
0.0112138572	5.82413852E-05	2.95336240E-06
0.0115013913	6.19469389E-05	3.00272200E-06
0.0117889253	5.97846580E-05	2.55561148E-06
0.0120764592	5.80577381E-05	2.28252820E-06
0.012363993	5.73643662E-05	1.91259799E-06
0.0126515268	5.99359589E-05	1.75831374E-06
0.0129390606	5.85975824E-05	1.51957775E-06
0.0132265942	5.92602326E-05	1.40404215E-06
0.0135141278	5.82228760E-05	1.29581624E-06
0.0138016614	5.75219455E-05	1.28433874E-06
0.0140891949	5.80168574E-05	1.19476308E-06
0.0143767282	5.80667705E-05	1.17636062E-06
0.0146642616	5.69981206E-05	1.09537790E-06
0.0149517948	5.61468399E-05	1.15488337E-06
0.015239328	5.67936419E-05	1.10295926E-06
0.0155268611	5.64040647E-05	1.12320273E-06
0.0158143941	5.51986754E-05	1.13864495E-06
0.0161019271	5.57661816E-05	1.13323150E-06
0.0163894599	5.54480951E-05	1.04498407E-06
0.0166769927	5.79534385E-05	1.00397777E-06
0.0169645254	5.74153994E-05	1.00035807E-06
0.017252058	5.73997585E-05	9.81257896E-07
0.0175395905	5.54468870E-05	9.51586367E-07
0.0178271229	5.63432034E-05	9.53314283E-07
0.0181146553	5.67809010E-05	9.35666870E-07
0.0184021875	5.55358259E-05	9.38879065E-07
0.0186897197	5.64215896E-05	8.89569685E-07
0.0189772518	5.59331898E-05	8.72639801E-07
0.0192647837	5.55481006E-05	8.76458288E-07
0.0195523156	5.61258498E-05	8.51230115E-07
0.0198398474	5.49692588E-05	8.25889504E-07
0.020127379	5.55710242E-05	7.88309514E-07
0.0204149106	5.40693830E-05	8.18261306E-07
0.0207024421	5.42811111E-05	7.76420841E-07
0.0209899735	5.28400210E-05	8.02061778E-07
0.0212775047	5.49782332E-05	7.80752987E-07
0.0215650359	5.35278912E-05	7.42811567E-07
0.0218525669	5.36396918E-05	7.91287681E-07
0.0221400979	5.36706897E-05	7.44548977E-07
0.0224276287	5.22430350E-05	7.73372018E-07
0.0227151594	5.09774820E-05	7.32126623E-07
0.02300269	5.36597546E-05	7.37357667E-07
0.0232902205	5.16413375E-05	7.46194405E-07
0.0235777508	5.10176553E-05	7.13795279E-07
0.0238652811	5.03844244E-05	7.16161795E-07
0.0241528112	5.23403988E-05	7.07102851E-07
0.0244403412	5.11760919E-05	7.07939610E-07
0.0247278711	4.94219586E-05	7.11880804E-07
0.0250154008	5.06298987E-05	6.85815150E-07
0.0253029305	5.18323638E-05	6.93379894E-07
0.02559046	4.99391473E-05	6.74914402E-07
0.0258779894	4.94844961E-05	6.44978816E-07
0.0261655186	4.95577815E-05	6.41628466E-07
0.0264530477	4.89027802E-05	6.22465611E-07
0.0267405767	5.03661171E-05	6.24863414E-07
0.0270281055	4.92152072E-05	6.11105069E-07
0.0273156342	4.96188541E-05	6.07571970E-07
0.0276031628	4.94148667E-05	6.16064281E-07
0.0278906913	4.93928397E-05	5.95720607E-07
0.0281782195	4.82836295E-05	6.05532640E-07
0.0284657477	4.84612497E-05	5.84232330E-07
0.0287532757	4.76041265E-05	5.90696203E-07
0.0290408036	4.90332339E-05	5.94594702E-07
0.0293283313	4.68599592E-05	5.92713072E-07
0.0296158589	4.74930360E-05	5.96800046E-07
0.0299033863	4.59998738E-05	5.67802329E-07
0.0301909135	4.67390539E-05	5.91037016E-07
0.0304784407	4.55443453E-05	5.81842205E-07
0.0307659676	4.58999281E-05	5.65683380E-07
0.0310534944	4.56518247E-05	5.86089285E-07
0.0313410211	4.59824453E-05	5.69305529E-07
0.0316285476	4.54621237E-05	5.75972141E-07
0.0319160739	4.62625933E-05	5.58744131E-07
0.0322036001	4.49215324E-05	5.62891792E-07
0.0324911261	4.52360151E-05	5.62911117E-07
0.032778652	4.52248924E-05	5.52640065E-07
0.0330661777	4.39826622E-05	5.64494692E-07
0.0333537032	4.43545020E-05	5.50846001E-07
0.0336412285	4.40828207E-05	5.50051265E-07
0.0339287537	4.39873755E-05	5.43982633E-07
0.0342162787	4.46266567E-05	5.56173714E-07
0.0345038036	4.39546700E-05	5.56110621E-07
0.0347913282	4.24433374E-05	5.41124803E-07
0.0350788527	4.23679144E-05	5.37813889E-07
0.0353663771	4.20282331E-05	5.38679699E-07
0.0356539012	4.12243378E-05	5.42316894E-07
0.0359414251	4.36659840E-05	5.30534503E-07
0.0362289489	4.19130591E-05	5.28801149E-07
0.0365164725	4.17558915E-05	5.45836385E-07
0.0368039959	4.11929130E-05	5.26209695E-07
0.0370915192	4.10098797E-05	5.31028119E-07
0.0373790422	4.01514798E-05	5.06646732E-07
0.0376665651	3.98163176E-05	5.08340313E-07
0.0379540877	3.90182761E-05	5.16057689E-07
0.0382416102	3.92331822E-05	5.07770853E-07
0.0385291325	3.88717319E-05	5.15837606E-07
0.0388166546	3.86589379E-05	5.09899248E-07
0.0391041764	3.93920406E-05	5.15993503E-07
0.0393916981	3.84376990E-05	5.11698306E-07
0.0396792196	3.93615839E-05	5.02952636E-07
0.0399667409	3.86438464E-05	5.04131223E-07
0.040254262	3.71985091E-05	5.01302842E-07
0.0405417829	3.71787869E-05	5.08946439E-07
0.0408293036	3.80763337E-05	4.93807060E-07
0.0411168241	3.75716524E-05	4.96856762E-07
0.0414043444	3.65842240E-05	5.01480390E-07
0.0416918644	3.63272335E-05	4.97376386E-07
0.0419793843	3.61654842E-05	4.92426480E-07
0.0422669039	3.58729025E-05	4.83084314E-07
0.0425544234	3.64824817E-05	4.90706743E-07
0.0428419426	3.42467754E-05	4.91608334E-07
0.0431294616	3.57151938E-05	4.88263875E-07
0.0434169804	3.50597960E-05	4.79145711E-07
0.043704499	3.41967774E-05	4.76856362E-07
0.0439920173	3.46308599E-05	4.73939946E-07
0.0442795354	3.38128537E-05	4.68053053E-07
0.0445670534	3.42811486E-05	4.72326301E-07
0.044854571	3.45523677E-05	4.90383059E-07
0.0451420885	3.43523123E-05	4.90391633E-07
0.0454296057	3.36693093E-05	4.98309640E-07
0.0457171227	3.39043128E-05	4.88413326E-07
0.0460046395	3.33988365E-05	5.06920435E-07
0.046292156	3.42980723E-05	5.06458418E-07
0.0465796723	3.36594243E-05	5.10891573E-07
0.0468671884	3.36017780E-05	5.11033189E-07
0.0471547042	3.35153445E-05	5.00773055E-07
0.0474422198	3.28193935E-05	5.24469299E-07
0.0477297352	3.16846641E-05	5.07676652E-07
0.0480172503	3.26822269E-05	5.10651094E-07
0.0483047652	3.15475512E-05	5.01440422E-07
0.0485922798	3.25964745E-05	5.03078886E-07
0.0488797942	3.25146790E-05	5.19148433E-07
0.0491673084	3.17745420E-05	5.02820308E-07
0.0494548223	3.05587078E-05	4.96447857E-07
0.0497423359	3.09721382E-05	5.14178334E-07
0.0500298493	3.13042322E-05	4.98762059E-07
0.0503173625	3.02243542E-05	5.12110827E-07
0.0506048754	3.13167835E-05	4.95643071E-07
0.050892388	3.09878217E-05	5.00051219E-07
0.0511799004	3.07795235E-05	5.08703012E-07
0.0514674125	2.96174427E-05	5.00531223E-07
0.0517549244	2.93782101E-05	5.10015963E-07
0.052042436	3.00513697E-05	4.95976578E-07
0.0523299474	2.91498133E-05	4.98816123E-07
0.0526174584	2.79100210E-05	4.90683004E-07
0.0529049693	2.92736497E-05	4.86314636E-07
0.0531924798	2.80310266E-05	5.01723382E-07
0.0534799901	2.85909163E-05	4.88238729E-07
0.0537675001	2.85928246E-05	4.99512977E-07
0.0540550099	2.84846755E-05	4.92956799E-07
0.0543425193	2.96931072E-05	4.94516953E-07
0.0546300285	2.68572204E-05	4.96985906E-07
0.0549175375	2.80097783E-05	4.70626057E-07
0.0552050461	2.66888208E-05	4.84112246E-07
0.0554925545	2.69252824E-05	4.79899378E-07
0.0557800626	2.76993743E-05	4.85615426E-07
0.0560675704	2.67013865E-05	4.82785648E-07
0.0563550779	2.63944211E-05	4.86732202E-07
0.0566425852	2.57839538E-05	4.93294497E-07
0.0569300921	2.60043413E-05	4.81795278E-07
0.0572175988	2.59619019E-05	4.88155995E-07
0.0575051052	2.58116738E-05	4.92215001E-07
0.0577926113	2.53173701E-05	4.70575301E-07
0.0580801171	2.57729521E-05	4.83950384E-07
0.0583676226	2.47585320E-05	4.78078257E-07
0.0586551278	2.53701523E-05	4.91676152E-07
0.0589426328	2.45457105E-05	4.82942480E-07
0.0592301374	2.53283844E-05	4.74309991E-07
0.0595176417	2.45929174E-05	4.76762716E-07
0.0598051458	2.43958940E-05	4.69508261E-07
0.0600926495	2.39535218E-05	4.83623894E-07
0.0603801529	2.40760915E-05	4.68850052E-07
0.0606676561	2.34904961E-05	4.72335324E-07
0.0609551589	2.32148012E-05	4.72601282E-07
0.0612426614	2.34943124E-05	4.81173085E-07
0.0615301636	2.40841776E-05	4.79463295E-07
0.0618176655	2.19975901E-05	4.67402205E-07
0.0621051671	2.19939313E-05	4.68124928E-07
0.0623926684	2.28865722E-05	4.72412340E-07
0.0626801693	2.31891130E-05	4.77755645E-07
0.06296767	2.25324013E-05	4.68729618E-07
0.0632551703	2.21531984E-05	4.74237958E-07
0.0635426703	2.20833694E-05	4.71288796E-07
0.06383017	2.18355900E-05	4.60010725E-07
0.0641176694	2.20911503E-05	4.64937880E-07
0.0644051684	2.12616474E-05	4.58208806E-07
0.0646926671	2.10735076E-05	4.76136545E-07
0.0649801655	2.07869892E-05	4.61739438E-07
0.0652676636	2.04832681E-05	4.50753034E-07
0.0655551614	2.08916294E-05	4.67842694E-07
0.0658426588	2.03506181E-05	4.53373567E-07
0.0661301559	2.10753347E-05	4.63683729E-07
0.0664176526	1.99605263E-05	4.56713108E-07
0.066705149	2.07699527E-05	4.51099991E-07
0.0669926451	1.99947140E-05	4.61990941E-07
0.0672801409	2.05073637E-05	4.55152341E-07
0.0675676363	2.00821576E-05	4.57720725E-07
0.0678551313	2.00996171E-05	4.55056176E-07
0.0681426261	1.97799126E-05	4.53722525E-07
0.0684301204	1.97171504E-05	4.61266853E-07
0.0687176145	1.96586807E-05	4.47542083E-07
0.0690051082	1.83144804E-05	4.53995401E-07
0.0692926015	1.94189920E-05	4.47167283E-07
0.0695800945	1.96437476E-05	4.48712996E-07
0.0698675872	1.94573008E-05	4.57823450E-07
0.0701550794	1.92220493E-05	4.42367050E-07
0.0704425714	1.89663876E-05	4.49513069E-07
0.070730063	1.75426000E-05	4.51133128E-07
0.0710175542	1.84872637E-05	4.47059883E-07
0.0713050451	1.87935871E-05	4.45701801E-07
0.0715925356	1.85502835E-05	4.43210957E-07
0.0718800258	1.85918636E-05	4.49485907E-07
0.0721675156	1.81774225E-05	4.50980069E-07
0.072455005	1.69562787E-05	4.56654352E-07
0.0727424941	1.80644317E-05	4.61926007E-07
0.0730299828	1.75711238E-05	4.70270591E-07
0.0733174711	1.69429199E-05	4.81300251E-07
0.0736049591	1.72749263E-05	4.80605436E-07
0.0738924467	1.75590454E-05	4.81550840E-07
0.0741799339	1.64435196E-05	4.87067750E-07
0.0744674207	1.70798439E-05	4.85465392E-07
0.0747549072	1.74184218E-05	4.85980438E-07
0.0750423933	1.71322060E-05	4.80862984E-07
0.075329879	1.71905486E-05	4.86001823E-07
0.0756173644	1.63575851E-05	4.88421582E-07
0.0759048494	1.56947648E-05	4.88533158E-07
0.0761923339	1.55600397E-05	4.90104222E-07
0.0764798181	1.62377309E-05	4.90468286E-07
0.076767302	1.65258693E-05	4.99022562E-07
0.0770547854	1.58658081E-05	4.92115206E-07
0.0773422684	1.53655970E-05	4.71812578E-07
0.0776297511	1.57110444E-05	4.53242747E-07
0.0779172333	1.52913984E-05	4.64061888E-07
0.0782047152	1.63842173E-05	4.58307436E-07
0.0784921967	1.54583761E-05	4.45734897E-07
0.0787796778	1.52382937E-05	4.44032115E-07
0.0790671585	1.54531636E-05	4.45414554E-07
0.0793546387	1.44911943E-05	4.42040357E-07
0.0796421186	1.53375381E-05	4.44715764E-07
0.0799295981	1.48883532E-05	4.38816999E-07
0.0802170772	1.48046606E-05	4.44163308E-07
0.0805045559	1.45870129E-05	4.33121973E-07
0.0807920342	1.38374544E-05	4.45050183E-07
0.0810795121	1.41547677E-05	4.33417826E-07
0.0813669895	1.40709360E-05	4.37916428E-07
0.0816544666	1.45708143E-05	4.34371025E-07
0.0819419432	1.38783488E-05	4.29623381E-07
0.0822294195	1.39800455E-05	4.36752186E-07
0.0825168953	1.36479196E-05	4.34192432E-07
0.0828043707	1.30574252E-05	4.37350938E-07
0.0830918457	1.32647125E-05	4.37710121E-07
0.0833793202	1.30372242E-05	4.28472395E-07
0.0836667944	1.29820579E-05	4.31675628E-07
0.0839542681	1.29534143E-05	4.26693999E-07
0.0842417414	1.25560966E-05	4.28608825E-07
0.0845292143	1.26987909E-05	4.31765940E-07
0.0848166868	1.32171556E-05	4.22706276E-07
0.0851041588	1.28456835E-05	4.27999151E-07
0.0853916304	1.23337963E-05	4.28839948E-07
0.0856791016	1.26793027E-05	4.21782113E-07
0.0859665723	1.20976485E-05	4.23165774E-07
0.0862540427	1.24865655E-05	4.22192923E-07
0.0865415125	1.26093531E-05	4.24108496E-07
0.086828982	1.22308571E-05	4.20390624E-07
0.087116451	1.20281200E-05	4.26229954E-07
0.0874039196	1.27438116E-05	4.17994296E-07
0.0876913877	1.17675183E-05	4.21804196E-07
0.0879788554	1.21531556E-05	4.19002970E-07
0.0882663226	1.19582040E-05	4.15546246E-07
0.0885537894	1.13483670E-05	4.12335182E-07
0.0888412558	1.21994237E-05	4.13328259E-07
0.0891287217	1.15105273E-05	4.19113103E-07
0.0894161872	1.14408939E-05	4.18230977E-07
0.0897036522	1.24387714E-05	4.06356089E-07
0.0899911167	1.16753222E-05	4.10113743E-07
0.0902785809	1.11235970E-05	4.03091547E-07
0.0905660445	1.14491860E-05	4.09444287E-07
0.0908535077	1.11290787E-05	4.04608137E-07
0.0911409705	1.07280974E-05	4.10124882E-07
0.0914284327	1.12721911E-05	4.15089567E-07
0.0917158946	1.17481059E-05	4.05151589E-07
0.0920033559	1.09045456E-05	4.08998556E-07
0.0922908168	1.07927695E-05	4.06026377E-07
0.0925782773	1.07596075E-05	4.03844118E-07
0.0928657372	1.12335012E-05	4.02624344E-07
0.0931531967	1.04324476E-05	4.06111211E-07
0.0934406558	1.07672823E-05	4.08667695E-07
0.0937281144	1.13243458E-05	4.03951832E-07
0.0940155725	9.96835474E-06	4.09363574E-07
0.0943030301	1.05005842E-05	4.02754201E-07
0.0945904872	9.61801417E-06	4.00829684E-07
0.0948779439	9.97365097E-06	3.98884948E-07
0.0951654001	9.73244929E-06	4.03143078E-07
0.0954528558	1.05263407E-05	4.04691685E-07
0.0957403111	9.40444467E-06	3.93701838E-07
0.0960277658	9.80189924E-06	4.06652931E-07
0.0963152201	9.80181552E-06	3.92166681E-07
0.0966026739	1.01451006E-05	4.00072708E-07
0.0968901272	1.06173176E-05	3.97367116E-07
0.09717758	1.00767751E-05	4.02023824E-07
0.0974650323	9.28491410E-06	3.95486762E-07
0.0977524842	1.01949402E-05	3.95161067E-07
0.0980399355	9.86927182E-06	3.94591149E-07
0.0983273864	9.02358030E-06	3.97318517E-07
0.0986148367	9.82800814E-06	3.90252249E-07
0.0989022866	1.01696599E-05	3.99395645E-07
0.099189736	9.63465593E-06	3.88397614E-07
0.0994771848	9.17827683E-06	3.90843803E-07
0.0997646332	9.33537745E-06	3.97316230E-07
0.100052081	9.19033877E-06	3.87674471E-07
0.100339528	9.26663796E-06	3.93340485E-07
0.100626975	8.97707067E-06	3.88570749E-07
0.100914422	8.57586254E-06	3.91464208E-07
0.101201867	8.75561116E-06	3.91145514E-07
0.101489313	8.70087703E-06	3.86793656E-07
0.101776758	8.63645768E-06	3.89555650E-07
0.102064202	9.11546005E-06	3.88083863E-07
0.102351646	8.67225950E-06	3.89396452E-07
0.102639089	8.44253642E-06	3.90914136E-07
0.102926532	9.41861370E-06	3.85047261E-07
0.103213974	8.08632407E-06	3.87416249E-07
0.103501416	8.60416718E-06	3.86747575E-07
0.103788857	7.82505246E-06	3.91772801E-07
0.104076298	8.87082861E-06	3.91933275E-07
0.104363738	8.15477212E-06	3.85166102E-07
0.104651178	8.37078778E-06	3.86894481E-07
0.104938617	8.00419778E-06	3.79812498E-07
0.105226055	8.23818302E-06	3.73170527E-07
0.105513493	7.70838944E-06	3.74822823E-07
0.105800931	8.14357996E-06	3.75450669E-07
0.106088368	8.53522571E-06	3.76526311E-07
0.106375804	7.70014829E-06	3.79562258E-07
0.10666324	8.09905584E-06	3.74863716E-07
0.106950676	7.62019407E-06	3.80906272E-07
0.10723811	8.16860564E-06	3.75032221E-07
0.107525545	8.27560987E-06	3.69063657E-07
0.107812979	7.96823358E-06	3.67733832E-07
0.108100412	7.49307922E-06	3.66766708E-07
0.108387845	7.85619361E-06	3.76040572E-07
0.108675277	7.65985799E-06	3.76494116E-07
0.108962708	8.10442960E-06	3.71691677E-07
0.109250139	7.26851457E-06	3.75233514E-07
0.10953757	7.09161370E-06	3.67500681E-07
0.109825	6.98692644E-06	3.72531011E-07
0.110112429	8.23974551E-06	3.75924338E-07
0.110399858	7.43374048E-06	3.70673295E-07
0.110687286	7.11642413E-06	3.71993982E-07
0.110974714	7.49398651E-06	3.73534351E-07
0.111262141	7.06362311E-06	3.69631490E-07
0.111549568	7.20968177E-06	3.72516730E-07
0.111836994	6.92161624E-06	3.70664921E-07
0.112124419	7.72937055E-06	3.69948750E-07
0.112411844	7.36857167E-06	3.69528337E-07
0.112699269	6.83278903E-06	3.69984248E-07
0.112986693	6.99364211E-06	3.71923701E-07
0.113274116	6.98746393E-06	3.66795522E-07
0.113561538	7.00450957E-06	3.67657127E-07
0.11384896	6.60031498E-06	3.65958000E-07
0.114136382	6.69747049E-06	3.68095110E-07
0.114423803	6.47616196E-06	3.68526882E-07
0.114711223	6.90916924E-06	3.68458463E-07
0.114998643	7.60580367E-06	3.67562406E-07
0.115286062	6.66354931E-06	3.64016926E-07
0.115573481	7.00911840E-06	3.69404342E-07
0.115860899	6.66092989E-06	3.67587782E-07
0.116148317	6.70439858E-06	3.64118942E-07
0.116435733	5.86169605E-06	3.70851736E-07
0.11672315	6.29304213E-06	3.60577360E-07
0.117010565	7.38480762E-06	3.68351737E-07
0.117297981	6.10113341E-06	3.64391189E-07
0.117585395	6.83951930E-06	3.57203893E-07
0.117872809	6.55268127E-06	3.60498161E-07
0.118160222	6.63825365E-06	3.65235904E-07
0.118447635	6.45954204E-06	3.66972424E-07
0.118735047	6.85673095E-06	3.60773251E-07
0.119022459	6.77755025E-06	3.59668604E-07
0.11930987	6.35216645E-06	3.60779021E-07
0.11959728	6.26842884E-06	3.64669358E-07
0.11988469	6.49510603E-06	3.66126854E-07
0.120172099	6.75619445E-06	3.61320344E-07
0.120459508	6.26220580E-06	3.60533525E-07
0.120746916	6.09538812E-06	3.56238050E-07
0.121034323	6.39341889E-06	3.59531125E-07
0.12132173	6.06130187E-06	3.55748901E-07
0.121609136	5.49857762E-06	3.62490241E-07
0.121896541	6.36540538E-06	3.60776253E-07
0.122183946	6.12680079E-06	3.61110999E-07
0.122471351	5.42067415E-06	3.53661819E-07
0.122758754	6.10202538E-06	3.56343110E-07
0.123046157	5.18139326E-06	3.58002433E-07
0.12333356	5.48733601E-06	3.54679721E-07
0.123620962	4.96727223E-06	3.50932488E-07
0.123908363	5.76002938E-06	3.54986947E-07
0.124195763	5.58452227E-06	3.54125157E-07
0.124483163	6.14055917E-06	3.57534639E-07
0.124770563	5.32786306E-06	3.58608429E-07
0.125057961	5.78791266E-06	3.66871708E-07
0.12534536	5.62386245E-06	3.76003607E-07
0.125632757	5.82574896E-06	3.76247102E-07
0.125920154	5.75751769E-06	3.79412385E-07
0.12620755	5.40164425E-06	3.76330943E-07
0.126494946	5.06883937E-06	3.79541919E-07
0.12678234	5.01681686E-06	3.88123009E-07
0.127069735	5.51656042E-06	3.72205100E-07
0.127357128	4.70498453E-06	3.73887101E-07
0.127644521	4.88526723E-06	3.66097106E-07
0.127931914	5.66907358E-06	3.70794790E-07
0.128219305	4.79925615E-06	3.67498556E-07
0.128506696	5.45048323E-06	3.63034678E-07
0.128794087	4.72978123E-06	3.63245746E-07
0.129081477	5.92513176E-06	3.64529557E-07
0.129368866	4.36715397E-06	3.62437444E-07
0.129656254	5.17046430E-06	3.63844683E-07
0.129943642	5.96630505E-06	3.60965145E-07
0.130231029	5.14072976E-06	3.63147746E-07
0.130518416	4.91713712E-06	3.58147143E-07
0.130805802	4.50356006E-06	3.59178482E-07
0.131093187	4.66796918E-06	3.55745608E-07
0.131380571	5.39310926E-06	3.55988064E-07
0.131667955	4.74402438E-06	3.59564127E-07
0.131955338	4.59825829E-06	3.56021917E-07
0.132242721	4.31356157E-06	3.57271156E-07
0.132530103	4.96367640E-06	3.54164356E-07
0.132817484	5.01353635E-06	3.54459426E-07
0.133104865	4.70231911E-06	3.58774299E-07
0.133392245	5.18824008E-06	3.69859954E-07
0.133679624	4.45456163E-06	3.73488714E-07
0.133967002	5.07041273E-06	3.73067991E-07
0.13425438	4.27316251E-06	3.74237147E-07
0.134541757	4.06694555E-06	3.75321969E-07
0.134829134	4.54601264E-06	3.77194429E-07
0.13511651	4.33135937E-06	3.77029125E-07
0.135403885	4.26794082E-06	3.71669544E-07
0.135691259	4.77270603E-06	3.81629241E-07
0.135978633	4.25552521E-06	3.79339310E-07
0.136266006	4.53903210E-06	3.77577389E-07
0.136553379	4.75483939E-06	3.83837930E-07
0.136840751	4.35787832E-06	3.78703700E-07
0.137128122	4.93155058E-06	3.80749528E-07
0.137415492	4.53956477E-06	3.81851521E-07
0.137702862	4.53705545E-06	3.74971987E-07
0.137990231	4.67473762E-06	3.84901635E-07
0.138277599	4.60276402E-06	3.68334202E-07
0.138564967	3.79002685E-06	3.63855921E-07
0.138852333	4.33021248E-06	3.58880918E-07
0.1391397	4.38415839E-06	3.61316226E-07
0.139427065	4.26306309E-06	3.53068413E-07
0.13971443	4.60847009E-06	3.56926380E-07
0.140001794	3.97986867E-06	3.54315273E-07
0.140289157	4.20189772E-06	3.55477202E-07
0.14057652	3.69128753E-06	3.55227317E-07
0.140863882	4.38284511E-06	3.51792247E-07
0.141151243	4.56985393E-06	3.50129279E-07
0.141438604	4.42494896E-06	3.53098775E-07
0.141725964	4.17657309E-06	3.53863797E-07
0.142013323	4.03137639E-06	3.49011011E-07
0.142300681	4.96107117E-06	3.47340591E-07
0.142588039	4.16706612E-06	3.49343241E-07
0.142875396	3.79167153E-06	3.49253412E-07
0.143162752	3.59826459E-06	3.46227318E-07
0.143450108	3.69754648E-06	3.47665993E-07
0.143737463	4.50856671E-06	3.43499127E-07
0.144024817	3.59486009E-06	3.46441540E-07
0.14431217	4.27298010E-06	3.40444947E-07
0.144599523	3.37554908E-06	3.33101793E-07
0.144886875	4.28150837E-06	3.39995976E-07
0.145174226	3.67872291E-06	3.41305895E-07
0.145461577	4.40724405E-06	3.34908716E-07
0.145748927	4.42367149E-06	3.33784397E-07
0.146036276	3.92390676E-06	3.39221406E-07
0.146323624	3.87690451E-06	3.38741555E-07
0.146610971	3.79471597E-06	3.37686222E-07
0.146898318	3.30078320E-06	3.34310142E-07
0.147185664	3.87846333E-06	3.33756644E-07
0.14747301	3.56493770E-06	3.39479995E-07
0.147760354	3.84992894E-06	3.38655799E-07
0.148047698	3.77194554E-06	3.36907559E-07
0.148335041	3.52000179E-06	3.35069289E-07
0.148622384	4.37888014E-06	3.35076348E-07
0.148909725	3.36020687E-06	3.37241408E-07
0.149197066	3.54824120E-06	3.32553973E-07
0.149484406	4.03429300E-06	3.34659732E-07
0.149771746	3.85999762E-06	3.37812575E-07
0.150059084	3.58131779E-06	3.31472340E-07
0.150346422	3.88986507E-06	3.31131157E-07
0.150633759	3.14722431E-06	3.33615347E-07
0.150921096	3.34990943E-06	3.39069183E-07
0.151208431	4.13814142E-06	3.26743850E-07
0.151495766	3.64229994E-06	3.35775863E-07
0.1517831	3.73401134E-06	3.34251314E-07
0.152070433	3.92256423E-06	3.33088958E-07
0.152357766	3.42190480E-06	3.36883554E-07
0.152645098	3.27366423E-06	3.31758150E-07
0.152932429	3.83642114E-06	3.32239256E-07
0.153219759	3.58087423E-06	3.27514010E-07
0.153507088	2.93651569E-06	3.31761538E-07
0.153794417	3.47797305E-06	3.32254073E-07
0.154081745	3.54364338E-06	3.27944530E-07
0.154369072	3.53351269E-06	3.26637487E-07
0.154656399	3.86374959E-06	3.29716501E-07
0.154943724	3.60994867E-06	3.33171059E-07
0.155231049	3.29260802E-06	3.30562170E-07
0.155518373	3.17939994E-06	3.27419997E-07
0.155805696	3.56675534E-06	3.32701432E-07
0.156093019	3.70535991E-06	3.28932877E-07
0.156380341	3.32892113E-06	3.27819331E-07
0.156667662	3.34175198E-06	3.27909427E-07
0.156954982	3.34753065E-06	3.28000039E-07
0.157242301	3.55759975E-06	3.30470861E-07
0.15752962	3.85657264E-06	3.24912576E-07
0.157816937	3.16190757E-06	3.27405292E-07
0.158104254	3.70930815E-06	3.28849762E-07
0.15839157	2.74907845E-06	3.27185796E-07
0.158678886	2.83009084E-06	3.27142268E-07
0.1589662	3.59531013E-06	3.22935537E-07
0.159253514	3.11657085E-06	3.29559428E-07
0.159540827	3.71936980E-06	3.25264012E-07
0.159828139	2.91197354E-06	3.24911866E-07
0.160115451	2.87988147E-06	3.24961139E-07
0.160402761	2.98129960E-06	3.23177067E-07
0.160690071	2.80756646E-06	3.25270275E-07
0.16097738	2.91656413E-06	3.22749913E-07
0.161264688	3.31732632E-06	3.20227279E-07
0.161551996	3.33743283E-06	3.19639535E-07
0.161839302	2.95212965E-06	3.15626778E-07
0.162126608	2.58208182E-06	3.18628230E-07
0.162413913	3.03020865E-06	3.18439279E-07
0.162701217	2.62286896E-06	3.18408213E-07
0.16298852	2.86862721E-06	3.17529392E-07
0.163275822	3.31141981E-06	3.18894826E-07
0.163563124	3.23288387E-06	3.21473391E-07
0.163850425	2.70264759E-06	3.17409858E-07
0.164137725	2.87490345E-06	3.18993864E-07
0.164425024	3.22599211E-06	3.20415664E-07
0.164712322	2.66586985E-06	3.18942957E-07
0.16499962	3.16983452E-06	3.18266201E-07
0.165286917	2.90341932E-06	3.19651589E-07
0.165574212	2.69198474E-06	3.17521967E-07
0.165861507	2.30509151E-06	3.13361097E-07
0.166148802	2.78212490E-06	3.12886482E-07
0.166436095	2.54305192E-06	3.08609757E-07
0.166723387	3.10060908E-06	3.11336185E-07
0.167010679	3.02445637E-06	3.11827519E-07
0.16729797	3.21180647E-06	3.10805977E-07
0.16758526	2.83473416E-06	3.13824462E-07
0.167872549	2.84110261E-06	3.15570477E-07
0.168159837	2.85707548E-06	3.15473558E-07
0.168447125	2.66048165E-06	3.13935579E-07
0.168734412	2.85071289E-06	3.13284147E-07
0.169021697	3.02396798E-06	3.12450348E-07
0.169308982	2.48610112E-06	3.16433115E-07
0.169596266	2.72836084E-06	3.16693852E-07
0.169883549	2.87044877E-06	3.12413032E-07
0.170170832	2.80649534E-06	3.11800471E-07
0.170458113	2.61361058E-06	3.11603485E-07
0.170745394	2.76462572E-06	3.11263417E-07
0.171032674	2.76980475E-06	3.13160135E-07
0.171319953	2.83374848E-06	3.10515466E-07
0.171607231	2.28930741E-06	3.10538641E-07
0.171894508	2.51573126E-06	3.15785899E-07
0.172181784	2.51468395E-06	3.09683730E-07
0.17246906	2.65112523E-06	3.11823483E-07
0.172756335	3.27015573E-06	3.09335678E-07
0.173043608	2.78341960E-06	3.11637560E-07
0.173330881	3.14162406E-06	3.14453329E-07
0.173618153	1.97527554E-06	3.07697648E-07
0.173905424	1.79733617E-06	3.12972433E-07
0.174192695	3.08976032E-06	3.12609662E-07
0.174479964	2.44424207E-06	3.09530526E-07
0.174767232	2.61503356E-06	3.06641926E-07
0.1750545	2.64075216E-06	3.07761101E-07
0.175341767	2.25852062E-06	3.07505263E-07
0.175629033	2.62534505E-06	3.08924066E-07
0.175916298	2.08929900E-06	3.09112228E-07
0.176203562	2.16797244E-06	3.06040028E-07
0.176490825	2.26496618E-06	3.06681020E-07
0.176778087	2.63680259E-06	3.09231895E-07
0.177065349	2.54211714E-06	3.09385402E-07
0.177352609	2.34463336E-06	3.06273814E-07
0.177639869	2.61223950E-06	3.05788919E-07
0.177927128	2.49088238E-06	3.07654082E-07
0.178214386	2.82731024E-06	3.06166615E-07
0.178501643	2.58704313E-06	3.06994353E-07
0.178788899	2.45838397E-06	3.08633743E-07
0.179076154	2.12173205E-06	3.05584590E-07
0.179363408	2.82671877E-06	3.01516619E-07
0.179650662	2.09537230E-06	2.98359177E-07
0.179937914	2.57169677E-06	3.00928055E-07
0.180225166	2.27141361E-06	3.02493794E-07
0.180512417	2.36288809E-06	3.02292108E-07
0.180799666	2.57797702E-06	3.04060778E-07
0.181086915	1.75806368E-06	2.98514340E-07
0.181374163	1.87456944E-06	3.00922839E-07
0.18166141	2.52178331E-06	3.01779697E-07
0.181948656	2.47083684E-06	3.02384711E-07
0.182235902	2.85296009E-06	3.02017092E-07
0.182523146	2.51117222E-06	3.00423917E-07
0.182810389	2.06014242E-06	3.00825574E-07
0.183097632	2.10329603E-06	2.98240208E-07
0.183384873	2.60229382E-06	2.99443542E-07
0.183672114	2.13186069E-06	3.01196918E-07
0.183959354	2.29297130E-06	2.99736917E-07
0.184246592	2.25757684E-06	3.03976673E-07
0.18453383	2.50721923E-06	2.96147907E-07
0.184821067	2.20620336E-06	2.97285368E-07
0.185108303	2.21064914E-06	2.99710387E-07
0.185395538	2.58619232E-06	2.98849118E-07
0.185682773	2.29766016E-06	3.00127916E-07
0.185970006	2.08761700E-06	2.98208245E-07
0.186257238	2.15023322E-06	2.97286701E-07
0.186544469	2.10549712E-06	3.00451086E-07
0.1868317	2.23230895E-06	2.97876041E-07
0.187118929	2.11725265E-06	3.00507867E-07
0.187406158	2.30643930E-06	2.98958377E-07
0.187693385	1.88257794E-06	2.99241732E-07
0.187980612	2.40145527E-06	2.99297438E-07
0.188267838	2.30987558E-06	2.98548152E-07
0.188555062	2.25917854E-06	3.01291968E-07
0.188842286	2.06038634E-06	2.98150073E-07
0.189129509	2.45942515E-06	2.96239570E-07
0.189416731	2.40469090E-06	2.94701318E-07
0.189703952	2.15523728E-06	2.95622840E-07
0.189991172	1.84342821E-06	3.00869776E-07
0.190278391	2.25943994E-06	3.00242535E-07
0.190565609	1.40834770E-06	2.96928726E-07
0.190852826	2.15335184E-06	2.96999862E-07
0.191140043	2.32715734E-06	2.94484725E-07
0.191427258	1.75561429E-06	2.99137101E-07
0.191714472	2.31145755E-06	2.93195613E-07
0.192001685	2.14553031E-06	2.91785208E-07
0.192288898	1.98421786E-06	2.95634424E-07
0.192576109	2.17713769E-06	2.94848512E-07
0.192863319	2.35934894E-06	2.96430951E-07
0.193150529	2.37378860E-06	2.96818602E-07
0.193437737	1.88204249E-06	2.93067728E-07
0.193724945	2.00354867E-06	2.93251950E-07
0.194012151	2.39573273E-06	2.99625095E-07
0.194299357	1.68829237E-06	3.06242117E-07
0.194586562	2.84247234E-06	3.12866903E-07
0.194873765	2.06054987E-06	3.07395417E-07
0.195160968	2.09986857E-06	3.14316373E-07
0.195448169	2.10772561E-06	3.14215039E-07
0.19573537	1.96287584E-06	3.12637845E-07
0.19602257	2.43849906E-06	3.18106484E-07
0.196309768	1.50338759E-06	3.14069136E-07
0.196596966	2.14324941E-06	3.15713153E-07
0.196884163	2.39513422E-06	3.10797654E-07
0.197171359	1.72622563E-06	3.09976385E-07
0.197458553	2.34756864E-06	3.15785481E-07
0.197745747	2.01521723E-06	3.12193486E-07
0.19803294	2.47075678E-06	3.12896455E-07
0.198320132	2.26512685E-06	3.14082008E-07
0.198607322	1.78740386E-06	3.13405748E-07
0.198894512	2.47425461E-06	3.19908804E-07
0.199181701	2.13565820E-06	3.03928892E-07
0.199468889	2.24841563E-06	3.03613205E-07
0.199756075	1.76667252E-06	3.03061128E-07
0.200043261	2.03086043E-06	3.03509185E-07
0.200330446	1.64880116E-06	3.02074714E-07
0.20061763	1.87999072E-06	2.97068127E-07
0.200904812	1.97716277E-06	2.99865413E-07
0.201191994	2.21298534E-06	2.98697389E-07
0.201479175	2.04717561E-06	3.00967173E-07
0.201766355	1.53329675E-06	2.95568905E-07
0.202053533	2.29591534E-06	2.95616482E-07
0.202340711	1.52281325E-06	3.00681584E-07
0.202627888	1.48788987E-06	2.96414125E-07
0.202915063	1.63212058E-06	2.96376022E-07
0.203202238	1.78752893E-06	2.92349055E-07
0.203489412	1.40499458E-06	2.96238875E-07
0.203776584	1.55814348E-06	2.96614945E-07
0.204063756	1.29628442E-06	2.91673383E-07
0.204350926	2.34432954E-06	2.97073893E-07
0.204638096	2.46149999E-06	2.95899799E-07
0.204925264	2.07117842E-06	2.96777954E-07
0.205212432	1.37850477E-06	2.95114248E-07
0.205499598	1.31481274E-06	2.90156912E-07
0.205786764	1.71043341E-06	2.96902839E-07
0.206073928	2.01917103E-06	2.90958782E-07
0.206361091	1.59533071E-06	2.93445172E-07
0.206648254	1.83612113E-06	2.89750455E-07
0.206935415	1.83811074E-06	2.93532179E-07
0.207222575	1.93544592E-06	2.95436798E-07
0.207509734	1.92281281E-06	2.91537941E-07
0.207796893	1.65839916E-06	2.91667995E-07
0.20808405	1.90395420E-06	2.90247867E-07
0.208371206	1.77982023E-06	2.92480303E-07
0.208658361	1.99589997E-06	2.89842038E-07
0.208945515	1.40660188E-06	2.88083440E-07
0.209232668	1.96501317E-06	2.91388323E-07
0.209519819	1.74827809E-06	2.86862585E-07
0.20980697	1.71314430E-06	2.91179297E-07
0.21009412	1.33481926E-06	2.91030225E-07
0.210381269	2.19583975E-06	2.91483212E-07
0.210668416	1.68409453E-06	2.88539042E-07
0.210955563	1.74591024E-06	2.87445670E-07
0.211242708	1.48923761E-06	2.91173224E-07
0.211529853	1.52277526E-06	2.85745661E-07
0.211816996	1.43475536E-06	2.88426631E-07
0.212104139	2.06261168E-06	2.88832333E-07
0.21239128	1.81441962E-06	2.86862520E-07
0.21267842	1.44976343E-06	2.84909137E-07
0.212965559	1.44332440E-06	2.85259474E-07
0.213252697	1.95150307E-06	2.88811306E-07
0.213539834	1.84027763E-06	2.86582995E-07
0.21382697	1.28550815E-06	2.84588702E-07
0.214114105	1.85848225E-06	2.88048926E-07
0.214401239	2.23064662E-06	2.80812707E-07
0.214688372	1.94341711E-06	2.81436598E-07
0.214975503	1.32051541E-06	2.82193834E-07
0.215262634	1.38808225E-06	2.82548814E-07
0.215549763	1.93584572E-06	2.84986851E-07
0.215836892	1.66831880E-06	2.81710654E-07
0.216124019	1.26687765E-06	2.86043245E-07
0.216411145	8.23624543E-07	2.78281369E-07
0.216698271	1.69562864E-06	2.81486850E-07
0.216985395	1.25705366E-06	2.83089737E-07
0.217272518	1.14688802E-06	2.83010990E-07
0.217559639	1.67007070E-06	2.84482723E-07
0.21784676	1.56235423E-06	2.81157027E-07
0.21813388	1.46339647E-06	2.83896532E-07
0.218420999	1.25644913E-06	2.84093992E-07
0.218708116	1.91877950E-06	2.80269012E-07
0.218995232	1.61179673E-06	2.84946483E-07
0.219282348	1.39369637E-06	2.81562445E-07
0.219569462	1.54996786E-06	2.81085007E-07
0.219856575	1.29330288E-06	2.79740178E-07
0.220143687	1.43403194E-06	2.82788231E-07
0.220430798	1.53903250E-06	2.83871918E-07
0.220717908	1.41036260E-06	2.81349431E-07
0.221005016	1.58056966E-06	2.83747796E-07
0.221292124	1.34791644E-06	2.77546039E-07
0.22157923	1.48058272E-06	2.79493096E-07
0.221866336	1.83442913E-06	2.80836084E-07
0.22215344	1.86230876E-06	2.79014005E-07
0.222440543	1.56306542E-06	2.82884259E-07
0.222727645	1.52113973E-06	2.79838050E-07
0.223014746	1.47851906E-06	2.79363637E-07
0.223301846	1.71266775E-06	2.80068846E-07
0.223588944	1.49749097E-06	2.79074488E-07
0.223876042	1.71077332E-06	2.80441971E-07
0.224163138	1.73013670E-06	2.77183756E-07
0.224450234	1.49729737E-06	2.78050725E-07
0.224737328	1.55179347E-06	2.77417421E-07
0.225024421	1.49348293E-06	2.79355941E-07
0.225311513	1.53012124E-06	2.78045373E-07
0.225598603	1.14064060E-06	2.78173601E-07
0.225885693	1.40577202E-06	2.79163607E-07
0.226172782	1.52768335E-06	2.74116144E-07
0.226459869	1.45221743E-06	2.81191350E-07
0.226746955	8.62704437E-07	2.74541526E-07
0.22703404	1.61510248E-06	2.73042387E-07
0.227321124	1.69189108E-06	2.73239614E-07
0.227608207	1.22051816E-06	2.72658828E-07
0.227895289	1.02687545E-06	2.77257488E-07
0.228182369	1.56067925E-06	2.76153508E-07
0.228469449	9.10477868E-07	2.72902211E-07
0.228756527	1.66237289E-06	2.75624660E-07
0.229043604	1.55298546E-06	2.74147608E-07
0.22933068	1.22116935E-06	2.75348881E-07
0.229617755	1.15746260E-06	2.71417496E-07
0.229904828	1.07989861E-06	2.75485115E-07
0.230191901	1.52653852E-06	2.75163950E-07
0.230478972	1.43677386E-06	2.73059366E-07
0.230766042	1.75560466E-06	2.75131398E-07
0.231053111	1.58355139E-06	2.72709560E-07
0.231340179	1.45873490E-06	2.75992414E-07
0.231627246	1.27843022E-06	2.70797487E-07
0.231914311	1.55131040E-06	2.70192710E-07
0.232201376	1.22016671E-06	2.66308284E-07
0.232488439	1.09329604E-06	2.68526638E-07
0.232775501	1.59979384E-06	2.72035558E-07
0.233062562	1.34867082E-06	2.68735249E-07
0.233349621	5.83602768E-07	2.69482716E-07
0.23363668	1.25436232E-06	2.73015878E-07
0.233923737	1.22097697E-06	2.69556750E-07
0.234210794	1.67404020E-06	2.72066335E-07
0.234497849	1.43560686E-06	2.68018798E-07
0.234784902	1.21819133E-06	2.70192386E-07
0.235071955	1.09581180E-06	2.68748466E-07
0.235359006	1.57135001E-06	2.70640635E-07
0.235646057	1.15043139E-06	2.70106413E-07
0.235933106	1.72033772E-06	2.69350001E-07
0.236220154	1.80273973E-06	2.73030114E-07
0.236507201	1.46245719E-06	2.70937700E-07
0.236794246	1.56409352E-06	2.70820384E-07
0.23708129	1.61807183E-06	2.70423860E-07
0.237368334	1.05563444E-06	2.68742875E-07
0.237655376	9.40633967E-07	2.69030392E-07
0.237942416	1.66172286E-06	2.69506973E-07
0.238229456	1.36752290E-06	2.69338547E-07
0.238516494	1.13228078E-06	2.70386860E-07
0.238803532	1.41025875E-06	2.68892832E-07
0.239090568	1.10865135E-06	2.70713731E-07
0.239377602	9.12738462E-07	2.67289946E-07
0.239664636	1.42688741E-06	2.69178983E-07
0.239951668	1.01915188E-06	2.68085293E-07
0.2402387	1.30410631E-06	2.70551903E-07
0.24052573	1.28437600E-06	2.66346471E-07
0.240812758	1.13204323E-06	2.65965838E-07
0.241099786	1.36784763E-06	2.70430614E-07
0.241386812	1.48908598E-06	2.68025507E-07
0.241673838	1.60961576E-06	2.68988678E-07
0.241960861	1.37842959E-06	2.67010149E-07
0.242247884	1.33282742E-06	2.69208706E-07
0.242534906	8.22061641E-07	2.67317514E-07
0.242821926	1.27643190E-06	2.64341682E-07
0.243108945	1.22815298E-06	2.68668242E-07
0.243395963	1.29743786E-06	2.66961081E-07
0.24368298	2.11605758E-06	2.69121382E-07
0.243969995	1.16170538E-06	2.70033528E-07
0.244257009	1.34691006E-06	2.66660244E-07
0.244544022	1.17669151E-06	2.65672060E-07
0.244831034	1.26609821E-06	2.67381114E-07
0.245118045	1.55354949E-06	2.68224201E-07
0.245405054	9.87845771E-07	2.67855186E-07
0.245692062	1.15391523E-06	2.66499292E-07
0.245979069	6.86878190E-07	2.64861916E-07
0.246266074	9.07968684E-07	2.65310255E-07
0.246553079	1.45118939E-06	2.66059880E-07
0.246840082	1.60001444E-06	2.64773139E-07
0.247127084	1.12179950E-06	2.67582759E-07
0.247414084	1.28175746E-06	2.65015215E-07
0.247701084	8.18639780E-07	2.63576739E-07
0.247988082	1.25758125E-06	2.64784343E-07
0.248275079	1.34787528E-06	2.65533985E-07
0.248562075	1.12970105E-06	2.65161420E-07
0.248849069	8.76059091E-07	2.64497688E-07
0.249136062	9.61465175E-07	2.61317014E-07
0.249423054	1.17133184E-06	2.61508099E-07
0.249710045	1.14221567E-06	2.60319400E-07
0.249997034	1.08258320E-06	2.60043571E-07
0.250284022	1.16914634E-06	2.59712447E-07
0.250571009	9.10746288E-07	2.61374616E-07
0.250857995	1.04579982E-06	2.62148292E-07
0.251144979	1.35352613E-06	2.62984323E-07
0.251431962	7.72791635E-07	2.62348145E-07
0.251718944	1.39474672E-06	2.61483906E-07
0.252005925	1.16349610E-06	2.61758489E-07
0.252292904	1.36983061E-06	2.59335551E-07
0.252579882	7.94820498E-07	2.61601756E-07
0.252866859	6.57134685E-07	2.61945077E-07
0.253153835	1.33503901E-06	2.61429566E-07
0.253440809	1.06048509E-06	2.63405474E-07
0.253727782	6.90011428E-07	2.61348112E-07
0.254014754	1.26193281E-06	2.62697475E-07
0.254301724	8.86041919E-07	2.61650718E-07
0.254588694	1.15608279E-06	2.60633269E-07
0.254875661	8.86210620E-07	2.61529088E-07
0.255162628	1.21318259E-06	2.64859399E-07
0.255449593	1.37696752E-06	2.71188134E-07
0.255736558	8.34513022E-07	2.71959532E-07
0.25602352	9.05145443E-07	2.70660712E-07
0.256310482	1.54434321E-06	2.72909298E-07
0.256597442	1.25252695E-06	2.75340945E-07
0.256884401	1.42862993E-06	2.74852666E-07
0.257171359	1.39211306E-06	2.75128459E-07
0.257458315	8.24257208E-07	2.76136813E-07
0.25774527	1.36258398E-06	2.79057834E-07
0.258032224	1.13116187E-06	2.76296745E-07
0.258319176	1.07278521E-06	2.79294049E-07
0.258606128	1.23795896E-06	2.79663728E-07
0.258893077	1.30889810E-06	2.77536074E-07
0.259180026	9.49110455E-07	2.82902465E-07
0.259466973	1.45028913E-06	2.79957119E-07
0.259753919	1.40252705E-06	2.84602778E-07
0.260040864	1.17002829E-06	2.79967087E-07
0.260327807	9.50513768E-07	2.78102727E-07
0.26061475	1.63331993E-06	2.86188775E-07
0.26090169	1.07860345E-06	2.81283722E-07
0.26118863	7.44573687E-07	2.82558641E-07
0.261475568	9.48911571E-07	2.84817096E-07
0.261762505	9.73955715E-07	2.83066556E-07
0.26204944	1.49660849E-06	2.82961989E-07
0.262336375	1.21478161E-06	2.84963068E-07
0.262623307	1.37232306E-06	2.83113970E-07
0.262910239	1.64659468E-06	2.84935413E-07
0.263197169	9.82491843E-07	2.85723220E-07
0.263484098	1.38904480E-06	2.84119352E-07
0.263771026	7.54122886E-07	2.85832816E-07
0.264057952	1.28195967E-06	2.87436597E-07
0.264344877	7.69283877E-07	2.85982275E-07
0.264631801	1.03707844E-06	2.89247238E-07
0.264918723	1.07382716E-06	2.85050042E-07
0.265205644	1.44692660E-06	2.87944491E-07
0.265492564	1.25479163E-06	2.87364854E-07
0.265779482	1.23602038E-06	2.89887669E-07
0.266066399	1.01640001E-06	2.85684843E-07
0.266353315	9.83379735E-07	2.84244213E-07
0.266640229	1.31394758E-06	2.87672823E-07
0.266927142	3.91733996E-07	2.91580852E-07
0.267214054	5.88980063E-07	3.01729747E-07
0.267500964	1.01254701E-06	3.00735244E-07
0.267787873	1.29786300E-06	3.06466041E-07
0.268074781	4.92479559E-07	3.12189685E-07
0.268361687	1.14466909E-06	3.09946756E-07
0.268648592	1.79777613E-06	3.15090655E-07
0.268935496	6.70445831E-07	3.18932078E-07
0.269222398	1.05137247E-06	3.20024755E-07
0.269509299	9.72617002E-07	3.26777850E-07
0.269796199	8.19180882E-07	3.22805789E-07
0.270083097	3.88970047E-07	3.27326003E-07
0.270369994	8.62731385E-07	3.28373886E-07
0.270656889	1.69436199E-06	3.36777886E-07
0.270943783	1.41269465E-06	3.37135588E-07
0.271230676	1.31337305E-06	3.34285150E-07
0.271517568	6.78146648E-07	3.34879524E-07
0.271804458	6.70933633E-07	3.37991917E-07
0.272091346	1.34028895E-06	3.39677455E-07
0.272378234	1.05857711E-06	3.43243758E-07
0.27266512	1.19792619E-06	3.43736500E-07
0.272952004	5.11224622E-07	3.46476062E-07
0.273238888	5.02410439E-07	3.43559275E-07
0.273525769	1.45367284E-06	3.44676929E-07
0.27381265	1.20241683E-06	3.50371120E-07
0.274099529	9.11584579E-07	3.45857653E-07
0.274386407	8.02128504E-07	3.51010251E-07
0.274673283	1.00256710E-06	3.49119487E-07
0.274960158	1.08415903E-06	3.51102818E-07
0.275247032	7.53616764E-07	3.54180926E-07
0.275533904	1.05004185E-06	3.53157166E-07
0.275820775	1.23760177E-06	3.56276335E-07
0.276107644	1.03619442E-06	3.57817281E-07
0.276394513	1.27202270E-06	3.56120698E-07
0.276681379	1.68946344E-06	3.63521144E-07
0.276968245	1.07019177E-06	3.55382898E-07
0.277255108	1.12909448E-06	3.59088967E-07
0.277541971	1.05258607E-06	3.59377358E-07
0.277828832	1.51884117E-06	3.60827294E-07
0.278115692	8.15510775E-07	3.62936978E-07
0.27840255	1.47698478E-06	3.56110480E-07
0.278689407	9.38831505E-07	3.62609016E-07
0.278976263	8.65928153E-07	3.61752930E-07
0.279263117	8.66945650E-07	3.66418983E-07
0.27954997	1.70311987E-06	3.65999524E-07
0.279836821	1.47352360E-06	3.65783197E-07
0.280123671	9.26358341E-07	3.74002553E-07
0.28041052	1.44087999E-06	3.71726968E-07
0.280697367	7.65896284E-07	3.69556784E-07
0.280984213	1.45962572E-06	3.73063685E-07
0.281271057	1.06425086E-06	3.71798069E-07
0.2815579	3.37280601E-07	3.75675088E-07
0.281844742	8.67783290E-07	3.73471819E-07
0.282131582	8.52328272E-07	3.72995457E-07
0.28241842	1.94134247E-06	3.81371491E-07
0.282705258	9.59846328E-07	3.80760568E-07
0.282992094	1.38537491E-06	3.79945242E-07
0.283278928	1.41571007E-06	3.84380633E-07
0.283565761	7.43833496E-07	3.77761175E-07
0.283852593	6.60045071E-07	3.88622536E-07
0.284139423	5.47381692E-07	3.87945653E-07
0.284426252	1.11087818E-06	3.77107506E-07
0.284713079	8.06508693E-07	3.88274966E-07
0.284999905	7.66885166E-07	3.83266291E-07
0.28528673	5.48724540E-07	3.93411890E-07
0.285573553	1.33643498E-06	3.86427792E-07
0.285860374	1.24551967E-06	3.86636098E-07
0.286147194	1.73706988E-06	3.94823777E-07
0.286434013	9.69973297E-07	3.89087841E-07
0.286720831	1.03335690E-06	3.94254260E-07
0.287007646	1.10384755E-06	3.91844882E-07
0.287294461	8.39732935E-07	3.89573817E-07
0.287581274	4.39763032E-07	4.02429348E-07
0.287868085	1.34052605E-06	3.90059608E-07
0.288154896	1.09281824E-06	3.97243261E-07
0.288441704	9.47474626E-07	3.96429749E-07
0.288728512	7.14951433E-07	3.96737907E-07
0.289015317	1.83941735E-06	4.06816939E-07
0.289302122	1.19017661E-06	3.92707344E-07
0.289588925	8.40733637E-07	4.03893224E-07
0.289875726	7.44649763E-07	4.04008232E-07
0.290162526	1.03558502E-06	4.00655836E-07
0.290449325	3.21523369E-07	4.09005299E-07
0.290736122	1.60905711E-06	4.08877571E-07
0.291022917	1.02242706E-06	4.11406327E-07
0.291309712	9.90379426E-07	4.08540614E-07
0.291596504	9.49921695E-07	4.10431875E-07
0.291883296	3.64413944E-07	4.12803052E-07
0.292170085	1.36346094E-06	4.09682320E-07
0.292456874	1.03167832E-06	4.20156308E-07
0.292743661	1.35392552E-06	4.13711538E-07
0.293030446	3.50010696E-07	4.19022309E-07
0.29331723	6.15218624E-07	4.13359234E-07
0.293604012	1.07511091E-06	4.15294027E-07
0.293890793	1.02727398E-06	4.23319945E-07
0.294177573	1.35258897E-06	4.20112302E-07
0.294464351	1.33015778E-06	4.26251982E-07
0.294751127	1.25041850E-06	4.22597313E-07
0.295037903	7.84488914E-07	4.20504858E-07
0.295324676	9.95057472E-07	4.19788580E-07
0.295611448	6.34372670E-07	4.20280092E-07
0.295898219	2.69077802E-07	4.29818369E-07
0.296184988	4.65493378E-07	4.26449037E-07
0.296471756	1.35496412E-06	4.28020876E-07
0.296758522	1.38887028E-06	4.28924060E-07
0.297045287	6.97988019E-07	4.41472911E-07
0.29733205	5.52759059E-07	4.37634601E-07
0.297618812	2.88779943E-07	4.32075057E-07
0.297905572	1.28593433E-06	4.42162513E-07
0.298192331	9.59836120E-07	4.27441456E-07
0.298479088	7.99042149E-07	4.43830707E-07
0.298765844	1.18189172E-06	4.30645178E-07
0.299052598	1.12401186E-06	4.37899190E-07
0.299339351	1.01684108E-06	4.44173577E-07
0.299626102	5.75857376E-07	4.31726289E-07
0.299912852	6.30240381E-07	4.37278317E-07
0.3001996	8.89668719E-07	4.35367489E-07
0.300486347	1.10267847E-06	4.42603532E-07
0.300773092	1.56049626E-06	4.48161618E-07
0.301059836	-2.94254623E-07	4.36136264E-07
0.301346578	4.08048801E-07	4.48045052E-07
0.301633319	-3.30068139E-07	4.31729626E-07
0.301920058	1.46895683E-06	4.51228965E-07
0.302206796	3.00803731E-07	4.45731653E-07
0.302493532	1.13788008E-06	4.42193631E-07
0.302780267	9.34028492E-07	4.58969836E-07
0.303067	2.08897585E-07	4.45066682E-07
0.303353732	1.22725820E-06	4.51678429E-07
0.303640462	1.90703102E-07	4.53732615E-07
0.30392719	5.06349056E-07	4.56050345E-07
0.304213918	8.60693643E-07	4.58992313E-07
0.304500643	5.86921422E-07	4.52833811E-07
0.304787367	1.28427951E-07	4.64245371E-07
0.30507409	8.37950982E-07	4.53254813E-07
0.305360811	5.81594933E-07	4.59944771E-07
0.30564753	9.69385757E-07	4.62559669E-07
0.305934248	1.24250478E-06	4.54072399E-07
0.306220965	1.31989569E-06	4.71338419E-07
0.306507679	1.41543978E-06	4.60965743E-07
0.306794393	6.07282630E-08	4.63980279E-07
0.307081105	6.31123500E-07	4.68466943E-07
0.307367815	1.18060153E-06	4.64488785E-07
0.307654524	8.33867183E-07	4.79691067E-07
0.307941231	-3.70810272E-07	4.56885958E-07
0.308227936	1.02657237E-06	4.75960943E-07
0.30851464	8.23543431E-07	4.85768542E-07
0.308801343	5.98394462E-07	4.76075259E-07
0.309088044	1.12344971E-06	4.88238920E-07
0.309374743	4.69792114E-07	4.67844193E-07
0.309661441	7.78572055E-07	4.84030288E-07
0.309948138	3.53541558E-07	4.77952064E-07
0.310234833	-2.06699254E-07	4.88249773E-07
0.310521526	1.04163585E-06	4.86203777E-07
0.310808218	9.17816212E-08	4.81537102E-07
0.311094908	8.03027931E-07	4.96793274E-07
0.311381596	1.61826650E-06	4.89604407E-07
0.311668283	4.41680058E-07	4.94257616E-07
0.311954969	8.23720764E-07	4.97392235E-07
0.312241653	-1.80700698E-07	4.94508749E-07
0.312528335	2.83791996E-07	5.01440306E-07
0.312815016	9.39868252E-07	4.88813315E-07
0.313101695	4.74433548E-07	5.01888926E-07
0.313388373	3.54515561E-07	4.90305956E-07
0.313675049	6.13349540E-07	5.06240062E-07
0.313961723	1.20410594E-06	5.10095985E-07
0.314248396	8.97431045E-07	5.00122685E-07
0.314535067	-7.07909414E-08	5.20658492E-07
0.314821737	3.34065981E-07	5.04257773E-07
0.315108405	1.04962833E-06	5.16067278E-07
0.315395072	5.82401196E-07	5.09668393E-07
0.315681737	9.33019919E-07	5.12129787E-07
0.315968401	1.33684949E-06	5.37053331E-07
0.316255063	2.70835451E-07	5.13597028E-07
0.316541723	3.54526603E-07	5.21838046E-07
0.316828382	1.32885759E-06	5.17811059E-07
0.317115039	1.39962238E-07	5.14994289E-07
0.317401694	1.96861569E-06	5.42335016E-07
0.317688348	-4.02942048E-07	5.09705958E-07
0.317975001	7.76890826E-07	5.35496921E-07
0.318261651	3.26857600E-07	5.23560151E-07
0.318548301	7.32145722E-07	5.44226855E-07
0.318834948	1.49405265E-06	5.45282740E-07
0.319121594	1.38312278E-06	5.40518213E-07
0.319408239	5.10956231E-07	5.45425364E-07
0.319694881	8.87420609E-07	5.28162543E-07
0.319981523	5.49041610E-07	5.51032349E-07
0.320268162	1.34441490E-06	5.42765592E-07
0.3205548	7.38366863E-07	5.42105003E-07
0.320841436	1.17702909E-06	5.53468336E-07
0.321128071	1.05676210E-06	5.41479961E-07
0.321414704	1.40847273E-06	5.56936901E-07
0.321701336	8.73072761E-07	5.51256653E-07
0.321987966	1.06497387E-07	5.56071026E-07
0.322274594	5.13091604E-07	5.54563849E-07
0.322561221	1.44162143E-06	5.56638846E-07
0.322847846	1.66232796E-06	5.74997796E-07
0.32313447	6.54158593E-07	5.60094496E-07
0.323421092	8.57015543E-07	5.75348275E-07
0.323707712	5.83892595E-07	5.74848326E-07
0.32399433	1.31662901E-06	5.71462313E-07
0.324280948	1.22310082E-06	5.83576521E-07
0.324567563	1.50888628E-07	5.61324881E-07
0.324854177	1.63791065E-06	5.90939481E-07
0.325140789	1.63301845E-06	5.71803124E-07
0.325427399	5.90103810E-07	5.80708261E-07
0.325714008	8.29223304E-08	5.92829032E-07
0.326000616	9.59641383E-07	5.66007895E-07
0.326287221	1.42018790E-06	6.07456124E-07
0.326573825	5.98632055E-07	5.89429520E-07
0.326860428	8.63419290E-07	6.09374643E-07
0.327147028	8.94159195E-07	5.81639389E-07
0.327433627	1.19952083E-06	6.01060839E-07
0.327720225	1.34036264E-06	6.04144720E-07
0.328006821	1.81508231E-06	5.95390662E-07
0.328293415	-3.16963380E-07	6.03091729E-07
0.328580007	8.63271659E-07	6.08233220E-07
0.328866598	2.56531971E-07	6.05326892E-07
0.329153187	1.32639135E-06	6.20354838E-07
0.329439775	4.29802272E-07	5.93314474E-07
0.329726361	4.58736506E-07	6.36067757E-07
0.330012945	1.03850565E-06	6.00479867E-07
0.330299528	1.14364695E-06	6.35092442E-07
0.330586109	9.97154808E-08	6.22055879E-07
0.330872688	7.58829572E-07	6.02342121E-07
0.331159266	3.58617888E-07	6.23701863E-07
0.331445842	6.75196761E-07	5.98620673E-07
0.331732416	1.36135344E-06	6.28724505E-07
0.332018989	2.17942527E-07	6.13717606E-07
0.33230556	2.33399795E-07	6.26755351E-07
0.332592129	1.34668901E-06	6.43414235E-07
0.332878697	1.04049607E-06	5.94235121E-07
0.333165263	-5.19198724E-07	6.46734772E-07
0.333451828	1.08185293E-06	6.21985095E-07
0.33373839	1.07660388E-06	6.20543888E-07
0.334024951	8.75675705E-07	6.47416369E-07
0.334311511	4.69447267E-07	6.19348556E-07
0.334598069	3.80603977E-07	6.57196265E-07
0.334884625	1.01846627E-06	6.29693912E-07
0.335171179	4.03622939E-07	6.58361850E-07
0.335457732	1.21352894E-07	6.34072944E-07
0.335744283	-1.85181024E-07	6.36650916E-07
0.336030832	5.52313968E-07	6.88544751E-07
0.33631738	3.82858092E-07	6.47089162E-07
0.336603925	8.34310012E-08	6.63778341E-07
0.33689047	-7.38195852E-07	6.38898108E-07
0.337177012	3.53815711E-07	6.77237374E-07
0.337463553	5.82946765E-07	6.72741229E-07
0.337750092	4.34116713E-07	6.44185409E-07
0.33803663	9.83630758E-07	6.86401463E-07
0.338323166	6.22076531E-07	6.67421133E-07
0.3386097	-2.14778507E-07	6.90016723E-07
0.338896232	-2.82066099E-08	6.98645308E-07
0.339182763	1.29232619E-06	6.73006596E-07
0.339469292	6.84692603E-07	7.27992985E-07
0.33975582	-7.18935415E-07	6.79386050E-07
0.340042345	1.53597119E-06	7.16468882E-07
0.340328869	1.90496397E-07	6.99652337E-07
0.340615391	1.66581030E-06	7.09982301E-07
0.340901912	8.35400128E-07	7.31808547E-07
0.341188431	1.24586503E-06	6.98825293E-07
0.341474948	1.69743771E-07	7.52958419E-07
0.341761463	6.59820405E-07	6.97093737E-07
0.342047977	-4.09535885E-07	7.24845337E-07
0.342334489	1.93864495E-07	7.45053421E-07
0.342620999	2.76340377E-07	7.16915405E-07
0.342907508	7.18561424E-07	7.68109647E-07
0.343194015	1.11660209E-06	7.16973755E-07
0.34348052	1.96984973E-07	7.63980375E-07
0.343767023	1.36898021E-06	7.30259252E-07
0.344053525	3.35355653E-07	7.41423466E-07
0.344340025	7.18277422E-07	7.59000430E-07
0.344626523	1.36712567E-06	7.48864831E-07
0.34491302	1.73480791E-06	7.80470182E-07
0.345199515	1.17210503E-06	7.72783200E-07
0.345486008	-8.12268817E-07	7.71859229E-07
0.345772499	2.47063455E-06	8.32710275E-07
0.346058989	1.75581351E-06	7.56665693E-07
0.346345477	1.64373021E-06	8.11800944E-07
0.346631963	1.07208160E-06	7.83228879E-07
0.346918447	4.50564583E-07	8.28319590E-07
0.34720493	8.26190359E-07	8.09586083E-07
0.347491411	1.09742932E-06	7.98957581E-07
0.34777789	7.84902446E-07	8.46292118E-07
0.348064368	1.79978380E-06	7.88800471E-07
0.348350844	2.35631525E-06	8.64833096E-07
0.348637318	-4.44086152E-07	8.15776679E-07
0.34892379	5.38229271E-08	8.51478943E-07
0.34921026	-1.61097529E-07	8.72695439E-07
0.349496729	1.29634611E-06	8.05446680E-07
0.349783196	-2.85785134E-07	8.87483646E-07
0.350069662	1.98608363E-06	8.51738504E-07
0.350356125	-7.55243057E-07	9.06664183E-07
0.350642587	6.07210882E-07	9.30811600E-07
0.350929047	1.11437039E-06	8.97137341E-07
0.351215505	-2.36520474E-07	9.28668603E-07
0.351501962	5.90890908E-07	8.73399648E-07
0.351788416	7.91834699E-07	9.54727933E-07
0.352074869	1.47701532E-06	9.32339021E-07
0.352361321	4.39261796E-07	9.14025013E-07
0.35264777	6.07363865E-07	9.96663651E-07
0.352934218	1.80500884E-08	8.84158486E-07
0.353220664	1.51218973E-06	9.90393196E-07
0.353507108	1.23466070E-06	9.45778013E-07
0.35379355	2.06972167E-06	1.01032289E-06
0.354079991	3.50859857E-07	1.02826438E-06
0.35436643	1.08844525E-06	9.30735786E-07
0.354652867	1.36844176E-06	1.06550912E-06
0.354939302	9.05752888E-07	9.57060925E-07
0.355225736	-1.45612543E-06	1.07337653E-06
0.355512168	4.06091988E-07	1.02214545E-06
0.355798598	-2.30167073E-07	1.03694498E-06
0.356085026	9.54503637E-07	1.12849623E-06
0.356371452	-2.64323040E-07	9.79449113E-07
0.356657877	-6.60563226E-07	1.11917242E-06
0.3569443	1.66622578E-06	1.06349793E-06
0.357230721	2.67612120E-06	1.14930445E-06
0.35751714	-1.40065442E-06	1.19157505E-06
0.357803558	3.29850571E-07	1.09429161E-06
0.358089973	2.11799730E-06	1.22072322E-06
0.358376387	2.01461047E-06	1.15860342E-06
0.3586628	9.21707847E-07	1.18594890E-06
0.35894921	1.10801402E-06	1.24323658E-06
0.359235618	5.35988065E-08	1.20651754E-06
0.359522025	5.44064814E-07	1.27941947E-06
0.35980843	2.94934084E-07	1.20333537E-06
0.360094833	3.33512167E-06	1.37368934E-06
0.360381235	7.38586355E-07	1.24833401E-06
0.360667634	9.53582695E-07	1.35765753E-06
0.360954032	1.65532417E-06	1.36863243E-06
0.361240428	5.76915584E-07	1.34058013E-06
0.361526822	-2.89772974E-07	1.43169735E-06
0.361813215	2.28164811E-08	1.36524488E-06
0.362099605	1.21541477E-06	1.40063817E-06
0.362385994	1.72191676E-06	1.65511943E-06
0.362672381	1.06596310E-06	1.40741022E-06
0.362958766	3.39067523E-07	1.66711358E-06
