3	0.01771
4	0.060075
5	0.038668
6	0.097709
7	0.090072
9	0.401363
10	0.117382
11	0.749087
13	0.597842
14	0.44892
15	0.799394
16	0.14459
17	0.19489
18	0.055281
19	0.073178
20	0.024326
21	0.071589
22	0.093578
23	0.087257
24	0.059891
25	0.038569
26	0.100658
27	0.122588
28	0.102776
29	0.028844
30	0.024326
32	0.02248
33	0.05155
34	0.064658
35	0.039752
36	0.015048
37	0.029248
38	0.027014
39	0.052879
40	0.060353
41	0.020812
42	0.030454
43	0.020049
44	0.014765
45	0.090847
46	0.016812
47	0.014435
48	0.021745
49	0.02576
50	0.037299
51	0.012042
52	0.025463
53	0.204288
54	0.030695
55	0.013662
56	0.009677
57	0.030871
58	0.032321
59	0.028078
60	0.027145
61	0.030871
62	0.033482
63	0.043418
64	0.04016
65	0.031852
66	0.032787
67	0.021456
68	0.015322