3	0.028569
4	0.031578
5	0.030447
6	0.080711
7	0.073152
9	0.018763
10	0.024021
11	0.034656
13	0.051926
14	0.03955
15	0.057674
16	0.082654
17	0.135728
18	0.028271
19	0.071413
20	0.035
21	0.061555
22	0.076739
23	0.08968
24	0.067319
25	0.055927
26	0.084075
27	0.099692
28	0.085774
29	0.036674
30	0.035
32	0.022516
33	0.052389
34	0.070347
35	0.043829
36	0.025409
37	0.021757
38	0.025632
39	0.051736
40	0.044761
41	0.00756
42	0.00628
43	0.010032
44	0.020771
45	0.017011
46	0.010632
47	0.010098
48	0.009683
49	0.008488
50	0.024868
51	0.004565
52	0.007214
54	0.034794
55	0.0002
56	0.009621
57	0.009552
58	0.008412
59	0.004841
60	0.011218
61	0.009552
62	0.012192
63	0.016401
64	0.012714
65	0.012536
66	0.013029
67	0.00656
68	0.01287