2	-0.060000000000002
3	-0.330000000000002
4	-2.25
5	0.210000000000001
6	-0.98
7	-0.91
8	1
9	1.09
10	1.57
11	1.42
12	1.74
13	-1.5
14	0.700000000000001
15	1.82
16	1
17	4.89
18	-1.35
19	0.32
20	-2.53
21	0.550000000000001
22	0.979999999999997
23	0.560000000000002
24	0.24
25	0.030000000000001
26	0.32
27	-0.370000000000001
28	-0.21
29	-2.98
30	-0.41
31	0.210000000000001
32	1.17
33	0.239999999999998
34	0.09
35	0.350000000000001
36	0.580000000000002
37	0.08
38	2.26
39	2.32
40	2.57
41	3.6
42	4
43	3.4
44	3.85
45	3.01
46	3.1
47	3.07
48	2.75
49	2.94
50	3.25
51	2.99
52	3.53
53	3.4
54	3.03
55	3.05
56	2.57
57	2.79
58	2.1
59	2.34
60	2.09
61	2.41
62	1.74
63	0.759999999999998
64	0.59
65	0.469999999999999
66	0.46000000000001
67	0.18
