3	-0.098136043	0.025013648
4	-0.018356909	0.043167059
5	0.093418116	0.113889835
6	0.27395788	0.067272346
7	0.335188063	0.066822444
9	0.315249416	0.009318201
10	0.371416212	0.076183021
11	0.452395858	0.0825459
12	0.392236377	0.03247622
13	0.392659747	0.045692127
14	0.399337306	0.023818461
15	0.326821874	0.073175654
17	0.378436417	0.050046526
18	0.265337902	0.026963466
19	0.215177842	0.06443185
20	0.326415924	0.047391414
21	0.303870229	0.046185929
22	0.308865302	0.029472158
23	0.243329647	0.025162459
24	0.218729421	0.015413076
25	0.181568222	0.058733363
26	0.126638857	0.029939707
27	0.083922577	0.084427801
28	0.025684254	0.014153303
29	-0.00518824	0.038727737
30	0.133749655	0.013579993
32	0.11414975	0.034989985
33	0.234156654	0.014272523
34	0.214721638	0.025058467
35	0.245891757	0.005520574
36	0.2533405	0.035408627
37	0.335002046	0.06350835
38	0.521927469	0.031830248
39	0.558713712	0.050965832
40	0.489826933	0.053887217
41	0.43476404	0.045828951
42	0.606948606	0.039002705
43	0.55585463	0.026194762
44	0.624341599	0.063076574
45	0.619997755	0.035307133
46	0.537416472	0.049468376
47	0.654923252	0.096323003
48	0.6005216	0.066363742
49	0.605295022	0.010522116
50	0.701293026	0.054893541
51	0.622432779	0.019212449
52	0.613759925	0.053307169
54	0.684262837	0.051799764
55	0.592747194	0.022532951
56	0.578483037	0.033406929
57	0.581272872	0.026671835
58	0.527206947	0.042347192
59	0.470398385	0.020977058
60	0.479181817	0.080315163
61	0.504195974	0.030243561
62	0.378005969	0.014095002
63	0.286348959	0.029689544
64	0.167189245	0.024487089
65	0.086577293	0.006357228
66	-0.185184838	0.011736082
67	-0.260943438	0.008871255
68	-1.138341955	0.065504693