3	-1.236631756	0.107091808
4	-0.843138822	0.032582118
5	-0.388037623	0.035989544
6	-0.279421405	0.05959683
7	-0.04706575	0.027143065
8	0.033890508	0.040713107
9	0.193719778	0.017251141
10	0.25160898	0.021039531
11	0.112144274	0.023217115
12	0.233504869	0.009466052
13	0.171135905	0.019535271
14	0.156900326	0.016211444
15	0.213972148	0.023911654
16	0.218957316	0.020508084
17	0.17596175	0.034002446
18	0.073621528	0.024500537
19	0.083055647	0.054955759
20	-0.016743626	0.017763084
21	0.059651824	0.010316522
22	0.095266248	0.007211844
23	0.046737828	0.027617693
24	-0.027186896	0.056224184
25	-0.089795584	0.048206268
26	-0.159919209	0.055841892
27	-0.146190702	0.013095413
28	-0.114067108	0.053336123
29	-0.15116904	0.053616968
30	-0.005133701	0.009570507
32	0.002938996	0.010055758
33	0.098799745	0.033915762
34	0.243647837	0.026816933
35	0.170506019	0.027320799
36	0.255101608	0.042813213
37	0.363487733	0.009200602
38	0.443076844	0.023086981
39	0.519827113	0.017479605
40	0.573941807	0.027274633
41	0.578362719	0.01357735
42	0.595722121	0.027103612
43	0.57564022	0.003043157
44	0.605962225	0.031666688
45	0.558124893	0.034771333
46	0.506338811	0.041071355
47	0.444680142	0.016788134
48	0.624519598	0.05081599
49	0.589097164	0.018896756
50	0.628008099	0.044430369
51	0.647067652	0.037349775
52	0.612850263	0.047252428
54	0.634188152	0.003803799
55	0.57173056	0.019830326
56	0.607536539	0.055338839
57	0.552412303	0.016238807
58	0.546056069	0.019838237
59	0.4924415	0.016829088
60	0.482193968	0.019632258
61	0.467139657	0.037806668
62	0.399402801	0.014366914
63	0.321870663	0.022135142
64	0.179101295	0.020554802
65	0.073161339	0.044933549
66	-0.252181397	0.033964114
67	-0.226249696	0.028577821
68	-1.310174381	0.028793047