3	0.1928	0.0534
4	0.1856	0.0352
5	0.1379	0.0342
6	0.137	0.0191
7	0.1598	0.0265
8	0.1269	0.0287
9	0.1029	0.0325
10	0.118	0.0245
11	0.1262	0.0247
13	0.1213	0.0198
14	0.1368	0.0319
15	0.1316	0.044
16	0.1313	0.0185
18	0.1323	0.0305
19	0.2643	0.0592
21	0.1814	0.0247
22	0.2128	0.0815
23	0.2271	0.0565
24	0.2497	0.0579
25	0.1339	0.0331
26	0.2643	0.0368
27	0.3945	0.163
28	0.4862	0.112
29	0.6788	0.148
30	0.5404	0.229
32	0.3194	0.112
33	0.2731	0.0507
34	0.3068	0.136
35	0.2745	0.102
36	0.2625	0.0739
37	0.2263	0.0397
38	0.1783	0.0234
39	0.1383	0.0248
40	0.1306	0.0393
41	0.2075	0.0514
42	0.1217	0.0175
43	0.1275	0.0274
44	0.1188	0.0408
45	0.1547	0.0196
46	0.1528	0.0532
47	0.1193	0.0212
48	0.1239	0.0207
49	0.1432	0.0421
50	0.1315	0.031
51	0.1248	0.0313
52	0.1315	0.0318
53	0.1194	0.0192
54	0.1194	0.0458
55	0.1279	0.0376
56	0.1418	0.0656
57	0.1635	0.0539
58	0.1433	0.016
59	0.1511	0.0234
60	0.1732	0.0212
61	0.1635	0.0691
62	0.2002	0.0333
63	0.2716	0.116
64	0.3475	0.134
65	0.4311	0.219