3	0.4847	0.021
4	0.3602	0.00771
5	0.399	0.0094
6	0.3232	0.0113
7	0.3106	0.0121
8	0.2973	0.00846
9	0.2717	0.00744
10	0.2624	0.00653
11	0.2641	0.00791
12	0.2501	0.00612
13	0.2536	0.00652
14	0.2642	0.00329
15	0.2495	0.00763
16	0.2508	0.00379
17	0.247	0.00315
18	0.2484	0.00471
19	0.243	0.00877
20	0.2686	0.00544
21	0.2666	0.00505
22	0.2635	0.00945
23	0.2791	0.00376
24	0.3067	0.0125
25	0.3167	0.00666
26	0.3231	0.0105
27	0.3167	0.00535
28	0.3419	0.0144
29	0.2856	0.0242
30	0.3016	0.00358
32	0.2369	0.00688
33	0.2142	0.00354
34	0.213	0.00542
35	0.196	0.00476
36	0.1631	0.00876
37	0.1691	0.00744
38	0.1226	0.00801
39	0.09819	0.0039
40	0.09579	0.0031
41	0.09494	0.00256
42	0.09419	0.00702
43	0.09174	0.00824
44	0.08941	0.00455
45	0.0936	0.00449
46	0.09458	0.00396
47	0.08479	0.00295
48	0.09182	0.00382
49	0.09499	0.00292
50	0.09042	0.00323
51	0.09938	0.00294
52	0.09722	0.00322
53	0.1124	0.00276
54	0.09241	0.00195
55	0.09477	0.00337
56	0.1099	0.0048
57	0.1065	0.00302
58	0.1022	0.00282
59	0.1171	0.00631
60	0.1223	0.0104
61	0.1151	0.00351
62	0.1371	0.00604
63	0.1612	0.00167
64	0.1966	0.00698
65	0.2175	0.0064
66	0.3058	0.00699
67	0.3454	0.00648
68	0.5336	0.018