3	1.038	0.00631
4	0.9001	0.0106
5	0.7831	0.00369
6	0.7095	0.00684
7	0.6411	0.00336
8	0.6082	0.00809
9	0.5985	0.00185
10	0.5721	0.0075
11	0.599	0.00562
12	0.6035	0.0086
13	0.6157	0.00662
14	0.6106	0.0022
15	0.6232	0.00725
16	0.6087	0.00922
17	0.6312	0.00779
18	0.6387	0.00163
19	0.5987	0.0191
20	0.6519	0.0106
21	0.6303	0.00842
22	0.6242	0.00406
23	0.6659	0.00644
24	0.6689	0.00593
25	0.6951	0.0102
26	0.6876	0.00647
27	0.6603	0.0161
28	0.7512	0.00751
29	0.7877	0.006
30	0.7336	0.0057
32	0.6467	0.00493
33	0.6322	0.00588
34	0.6509	0.0123
35	0.658	0.0059
36	0.6325	0.0108
37	0.6229	0.00471
38	0.5886	0.00649
39	0.6155	0.0209
40	0.6574	0.00409
41	0.6031	0.00782
42	0.6011	0.0104
43	0.5806	0.00544
44	0.642	0.0129
45	0.6432	0.00755
46	0.6283	0.00955
47	0.6543	0.00713
48	0.6523	0.00444
49	0.6541	0.00983
50	0.6536	0.00606
51	0.6327	0.0201
52	0.627	0.008
53	0.6256	0.00364
54	0.6268	0.00394
55	0.6161	0.00641
56	0.6259	0.00149
57	0.6231	0.00525
58	0.6475	0.0239
59	0.6054	0.00459
60	0.6004	0.00547
61	0.6344	0.00501
62	0.6275	0.00488
63	0.6392	0.00775
64	0.6628	0.00376
65	0.6666	0.004
66	0.7179	0.00263
67	0.7483	0.00866
68	0.9284	0.00166