Useful angular range estimated by SHANUM
for file ED4P_monomer_181-221_12-1221.dat
  0.912193E-02  0.191859E-01  0.597345E-03
  0.957803E-02  0.196711E-01  0.614623E-03
  0.100341E-01  0.193839E-01  0.483617E-03
  0.104902E-01  0.188349E-01  0.435692E-03
  0.109463E-01  0.198224E-01  0.435248E-03
  0.114024E-01  0.194589E-01  0.380596E-03
  0.118585E-01  0.194880E-01  0.369658E-03
  0.123146E-01  0.186562E-01  0.364331E-03
  0.127707E-01  0.186029E-01  0.301356E-03
  0.132268E-01  0.188578E-01  0.304094E-03
  0.136829E-01  0.185239E-01  0.277066E-03
  0.141390E-01  0.184449E-01  0.308490E-03
  0.145951E-01  0.182477E-01  0.315672E-03
  0.150512E-01  0.181892E-01  0.273723E-03
  0.155073E-01  0.180541E-01  0.245401E-03
  0.159634E-01  0.178900E-01  0.236993E-03
  0.164194E-01  0.178754E-01  0.250826E-03
  0.168755E-01  0.174754E-01  0.229769E-03
  0.173316E-01  0.174715E-01  0.228020E-03
  0.177877E-01  0.171913E-01  0.222203E-03
  0.182438E-01  0.170998E-01  0.218210E-03
  0.186999E-01  0.170013E-01  0.199699E-03
  0.191560E-01  0.169301E-01  0.212372E-03
  0.196121E-01  0.165841E-01  0.189411E-03
  0.200682E-01  0.165464E-01  0.207544E-03
  0.205243E-01  0.161864E-01  0.183722E-03
  0.209804E-01  0.161537E-01  0.196366E-03
  0.214365E-01  0.156978E-01  0.169599E-03
  0.218925E-01  0.157491E-01  0.183319E-03
  0.223486E-01  0.154503E-01  0.186561E-03
  0.228047E-01  0.151524E-01  0.171865E-03
  0.232608E-01  0.151214E-01  0.182187E-03
  0.237169E-01  0.152079E-01  0.174686E-03
  0.241730E-01  0.147254E-01  0.183853E-03
  0.246291E-01  0.145418E-01  0.166679E-03
  0.250852E-01  0.144570E-01  0.156982E-03
  0.255413E-01  0.142131E-01  0.151383E-03
  0.259973E-01  0.139682E-01  0.162221E-03
  0.264534E-01  0.139154E-01  0.150209E-03
  0.269095E-01  0.136072E-01  0.144806E-03
  0.273656E-01  0.134903E-01  0.153218E-03
  0.278217E-01  0.134929E-01  0.152958E-03
  0.282778E-01  0.133343E-01  0.159826E-03
  0.287339E-01  0.131514E-01  0.152731E-03
  0.291899E-01  0.127345E-01  0.135809E-03
  0.296460E-01  0.126210E-01  0.155136E-03
  0.301021E-01  0.123157E-01  0.134364E-03
  0.305582E-01  0.121560E-01  0.136913E-03
  0.310143E-01  0.122642E-01  0.138333E-03
  0.314704E-01  0.120897E-01  0.150169E-03
  0.319265E-01  0.118891E-01  0.137894E-03
  0.323825E-01  0.117352E-01  0.131251E-03
  0.328386E-01  0.112579E-01  0.130474E-03
  0.332947E-01  0.112227E-01  0.130600E-03
  0.337508E-01  0.111112E-01  0.123259E-03
  0.342069E-01  0.107694E-01  0.116609E-03
  0.346629E-01  0.106722E-01  0.137774E-03
  0.351190E-01  0.106183E-01  0.113360E-03
  0.355751E-01  0.104437E-01  0.116351E-03
  0.360312E-01  0.101556E-01  0.129530E-03
  0.364873E-01  0.102375E-01  0.129828E-03
  0.369433E-01  0.101350E-01  0.116629E-03
  0.373994E-01  0.987411E-02  0.115230E-03
  0.378555E-01  0.972831E-02  0.130485E-03
  0.383116E-01  0.943981E-02  0.127661E-03
  0.387676E-01  0.951121E-02  0.115148E-03
  0.392237E-01  0.940586E-02  0.121138E-03
  0.396798E-01  0.929438E-02  0.126099E-03
  0.401359E-01  0.915283E-02  0.117033E-03
  0.405919E-01  0.893565E-02  0.122326E-03
  0.410480E-01  0.873441E-02  0.107976E-03
  0.415041E-01  0.860716E-02  0.103248E-03
  0.419602E-01  0.855376E-02  0.104709E-03
  0.424162E-01  0.831304E-02  0.106982E-03
  0.428723E-01  0.840983E-02  0.111338E-03
  0.433284E-01  0.811845E-02  0.109354E-03
  0.437845E-01  0.803443E-02  0.114954E-03
  0.442405E-01  0.792442E-02  0.107088E-03
  0.446966E-01  0.789215E-02  0.110583E-03
  0.451527E-01  0.773731E-02  0.943629E-04
  0.456087E-01  0.772539E-02  0.103608E-03
  0.460648E-01  0.765361E-02  0.103804E-03
  0.465209E-01  0.737846E-02  0.996806E-04
  0.469769E-01  0.745360E-02  0.108003E-03
  0.474330E-01  0.740196E-02  0.100878E-03
  0.478891E-01  0.714614E-02  0.112050E-03
  0.483451E-01  0.712523E-02  0.108373E-03
  0.488012E-01  0.696088E-02  0.113185E-03
  0.492573E-01  0.678225E-02  0.114749E-03
  0.497133E-01  0.668621E-02  0.997784E-04
  0.501694E-01  0.659444E-02  0.978075E-04
  0.506254E-01  0.659574E-02  0.102271E-03
  0.510815E-01  0.657746E-02  0.978486E-04
  0.515376E-01  0.636767E-02  0.105365E-03
  0.519936E-01  0.623816E-02  0.944139E-04
  0.524497E-01  0.630133E-02  0.102535E-03
  0.529057E-01  0.608748E-02  0.100217E-03
  0.533618E-01  0.588896E-02  0.105626E-03
  0.538179E-01  0.579879E-02  0.111841E-03
  0.542739E-01  0.586982E-02  0.108175E-03
  0.547300E-01  0.586788E-02  0.111740E-03
  0.551860E-01  0.572144E-02  0.994489E-04
  0.556421E-01  0.579327E-02  0.995406E-04
  0.560981E-01  0.552932E-02  0.964755E-04
  0.565542E-01  0.556124E-02  0.984055E-04
  0.570102E-01  0.551887E-02  0.973870E-04
  0.574663E-01  0.544744E-02  0.963724E-04
  0.579223E-01  0.540428E-02  0.904899E-04
  0.583784E-01  0.543343E-02  0.989992E-04
  0.588344E-01  0.509486E-02  0.104833E-03
  0.592905E-01  0.522285E-02  0.953143E-04
  0.597465E-01  0.509253E-02  0.973887E-04
  0.602026E-01  0.493763E-02  0.929186E-04
  0.606586E-01  0.479362E-02  0.924272E-04
  0.611147E-01  0.493778E-02  0.893701E-04
  0.615707E-01  0.466141E-02  0.872167E-04
  0.620268E-01  0.475209E-02  0.893685E-04
  0.624828E-01  0.467097E-02  0.913956E-04
  0.629388E-01  0.469991E-02  0.927146E-04
  0.633949E-01  0.465973E-02  0.979634E-04
  0.638509E-01  0.449731E-02  0.885334E-04
  0.643070E-01  0.461641E-02  0.858307E-04
  0.647630E-01  0.436955E-02  0.836026E-04
  0.652190E-01  0.437650E-02  0.856656E-04
  0.656751E-01  0.434841E-02  0.761354E-04
  0.661311E-01  0.424269E-02  0.941165E-04
  0.665872E-01  0.427240E-02  0.867533E-04
  0.670432E-01  0.410575E-02  0.850963E-04
  0.674992E-01  0.424845E-02  0.851358E-04
  0.679553E-01  0.407089E-02  0.838508E-04
  0.684113E-01  0.402970E-02  0.855891E-04
  0.688673E-01  0.402339E-02  0.798522E-04
  0.693234E-01  0.395638E-02  0.832517E-04
  0.697794E-01  0.385646E-02  0.859591E-04
  0.702354E-01  0.370299E-02  0.806375E-04
  0.706914E-01  0.381765E-02  0.876861E-04
  0.711475E-01  0.382175E-02  0.891309E-04
  0.716035E-01  0.367119E-02  0.801267E-04
  0.720595E-01  0.364907E-02  0.757911E-04
  0.725155E-01  0.363090E-02  0.794530E-04
  0.729716E-01  0.360592E-02  0.850138E-04
  0.734276E-01  0.361505E-02  0.871413E-04
  0.738836E-01  0.359091E-02  0.801553E-04
  0.743396E-01  0.356443E-02  0.892034E-04
  0.747956E-01  0.340889E-02  0.829474E-04
  0.752517E-01  0.344236E-02  0.884480E-04
  0.757077E-01  0.342830E-02  0.929713E-04
  0.761637E-01  0.340298E-02  0.856839E-04
  0.766197E-01  0.332116E-02  0.943400E-04
  0.770757E-01  0.328589E-02  0.815849E-04
  0.775317E-01  0.336299E-02  0.812562E-04
  0.779878E-01  0.321915E-02  0.808396E-04
  0.784438E-01  0.325573E-02  0.876617E-04
  0.788998E-01  0.332384E-02  0.878992E-04
  0.793558E-01  0.307352E-02  0.805244E-04
  0.798118E-01  0.310543E-02  0.698034E-04
  0.802678E-01  0.316542E-02  0.841261E-04
  0.807238E-01  0.294009E-02  0.791389E-04
  0.811798E-01  0.299293E-02  0.789861E-04
  0.816358E-01  0.302711E-02  0.804582E-04
  0.820918E-01  0.297413E-02  0.863118E-04
  0.825478E-01  0.300419E-02  0.748956E-04
  0.830038E-01  0.286390E-02  0.834440E-04
  0.834598E-01  0.288371E-02  0.782537E-04
  0.839158E-01  0.295830E-02  0.820693E-04
  0.843718E-01  0.287452E-02  0.768783E-04
  0.848278E-01  0.272185E-02  0.851968E-04
  0.852838E-01  0.264848E-02  0.822434E-04
  0.857398E-01  0.266904E-02  0.779257E-04
  0.861958E-01  0.276445E-02  0.783287E-04
  0.866518E-01  0.262156E-02  0.771948E-04
  0.871078E-01  0.255598E-02  0.729499E-04
  0.875638E-01  0.268153E-02  0.875119E-04
  0.880198E-01  0.253041E-02  0.830667E-04
  0.884758E-01  0.253850E-02  0.731722E-04
  0.889318E-01  0.257463E-02  0.865366E-04
  0.893878E-01  0.252145E-02  0.782259E-04
  0.898437E-01  0.244791E-02  0.781766E-04
  0.902997E-01  0.241940E-02  0.832925E-04
  0.907557E-01  0.248547E-02  0.849241E-04
  0.912117E-01  0.247269E-02  0.858828E-04
  0.916677E-01  0.236247E-02  0.779602E-04
  0.921236E-01  0.234437E-02  0.744720E-04
  0.925796E-01  0.238304E-02  0.813071E-04
  0.930356E-01  0.226433E-02  0.760999E-04
  0.934916E-01  0.238858E-02  0.767589E-04
  0.939476E-01  0.228116E-02  0.817029E-04
  0.944035E-01  0.223493E-02  0.779913E-04
  0.948595E-01  0.230117E-02  0.756349E-04
  0.953155E-01  0.224376E-02  0.763763E-04
  0.957714E-01  0.225916E-02  0.721765E-04
  0.962274E-01  0.223266E-02  0.764716E-04
  0.966834E-01  0.216945E-02  0.756397E-04
  0.971393E-01  0.202623E-02  0.826959E-04
  0.975953E-01  0.215055E-02  0.784356E-04
  0.980513E-01  0.209208E-02  0.847155E-04
  0.985072E-01  0.212720E-02  0.769896E-04
  0.989632E-01  0.198716E-02  0.830667E-04
  0.994192E-01  0.202817E-02  0.833152E-04
  0.998751E-01  0.214205E-02  0.798567E-04
  0.100331E+00  0.207465E-02  0.753402E-04
  0.100787E+00  0.205138E-02  0.738442E-04
  0.101243E+00  0.207975E-02  0.738228E-04
  0.101699E+00  0.198392E-02  0.791507E-04
  0.102155E+00  0.188349E-02  0.674345E-04
  0.102611E+00  0.198765E-02  0.802209E-04
  0.103067E+00  0.191291E-02  0.721540E-04
  0.103523E+00  0.194755E-02  0.790996E-04
  0.103979E+00  0.187400E-02  0.744041E-04
  0.104435E+00  0.191288E-02  0.728609E-04
  0.104891E+00  0.188261E-02  0.803895E-04
  0.105347E+00  0.187558E-02  0.729496E-04
  0.105802E+00  0.190212E-02  0.720228E-04
  0.106258E+00  0.192010E-02  0.808931E-04
  0.106714E+00  0.182379E-02  0.705899E-04
  0.107170E+00  0.184984E-02  0.787456E-04
  0.107626E+00  0.177071E-02  0.741472E-04
  0.108082E+00  0.180161E-02  0.794122E-04
  0.108538E+00  0.169376E-02  0.780020E-04
  0.108994E+00  0.175640E-02  0.806889E-04
  0.109450E+00  0.177169E-02  0.744110E-04
  0.109906E+00  0.173967E-02  0.834104E-04
  0.110362E+00  0.167541E-02  0.738400E-04
  0.110818E+00  0.166790E-02  0.802354E-04
  0.111274E+00  0.167088E-02  0.811647E-04
  0.111730E+00  0.171473E-02  0.840637E-04
  0.112186E+00  0.167710E-02  0.862119E-04
  0.112641E+00  0.160648E-02  0.850252E-04
  0.113097E+00  0.162928E-02  0.795444E-04
  0.113553E+00  0.161277E-02  0.722229E-04
  0.114009E+00  0.164644E-02  0.842126E-04
  0.114465E+00  0.161329E-02  0.807445E-04
  0.114921E+00  0.159497E-02  0.753857E-04
  0.115377E+00  0.161134E-02  0.731440E-04
  0.115833E+00  0.154672E-02  0.911463E-04
  0.116289E+00  0.156714E-02  0.799814E-04
  0.116745E+00  0.147152E-02  0.884262E-04
  0.117201E+00  0.148938E-02  0.769579E-04
  0.117656E+00  0.145226E-02  0.785812E-04
  0.118112E+00  0.152461E-02  0.864776E-04
  0.118568E+00  0.144407E-02  0.802787E-04
  0.119024E+00  0.151061E-02  0.854682E-04
  0.119480E+00  0.147492E-02  0.786889E-04
  0.119936E+00  0.142693E-02  0.789150E-04
  0.120392E+00  0.149560E-02  0.770546E-04
  0.120848E+00  0.139365E-02  0.783643E-04
  0.121304E+00  0.142578E-02  0.845990E-04
  0.121760E+00  0.138628E-02  0.832689E-04
  0.122215E+00  0.138809E-02  0.706110E-04
  0.122671E+00  0.141402E-02  0.816139E-04
  0.123127E+00  0.148929E-02  0.850608E-04
  0.123583E+00  0.131978E-02  0.734999E-04
  0.124039E+00  0.138474E-02  0.783737E-04
  0.124495E+00  0.142382E-02  0.830295E-04
  0.124951E+00  0.134199E-02  0.785842E-04
  0.125407E+00  0.141943E-02  0.799956E-04
  0.125863E+00  0.134949E-02  0.809160E-04
  0.126318E+00  0.119458E-02  0.742731E-04
  0.126774E+00  0.130884E-02  0.743188E-04
  0.127230E+00  0.134827E-02  0.785649E-04
  0.127686E+00  0.119997E-02  0.797253E-04
  0.128142E+00  0.127351E-02  0.696657E-04
  0.128598E+00  0.130591E-02  0.796505E-04
  0.129054E+00  0.119385E-02  0.771524E-04
  0.129509E+00  0.125475E-02  0.781503E-04
  0.129965E+00  0.133444E-02  0.767973E-04
  0.130421E+00  0.122909E-02  0.796819E-04
  0.130877E+00  0.131837E-02  0.769283E-04
  0.131333E+00  0.124387E-02  0.734439E-04
  0.131789E+00  0.117195E-02  0.799522E-04
  0.132245E+00  0.124853E-02  0.781009E-04
  0.132700E+00  0.115338E-02  0.852481E-04
  0.133156E+00  0.121680E-02  0.820580E-04
  0.133612E+00  0.119954E-02  0.913393E-04
  0.134068E+00  0.116035E-02  0.824970E-04
  0.134524E+00  0.123888E-02  0.750772E-04
  0.134980E+00  0.112413E-02  0.781874E-04
  0.135436E+00  0.116042E-02  0.838242E-04
  0.135891E+00  0.123894E-02  0.813952E-04
  0.136347E+00  0.114267E-02  0.768681E-04
  0.136803E+00  0.112176E-02  0.807118E-04
  0.137259E+00  0.110251E-02  0.763164E-04
  0.137715E+00  0.107092E-02  0.769506E-04
  0.138171E+00  0.118855E-02  0.827198E-04
  0.138626E+00  0.104862E-02  0.777487E-04
  0.139082E+00  0.109564E-02  0.877701E-04
  0.139538E+00  0.112931E-02  0.778221E-04
  0.139994E+00  0.114391E-02  0.736460E-04
  0.140450E+00  0.104638E-02  0.737923E-04
  0.140906E+00  0.113125E-02  0.794321E-04
  0.141361E+00  0.102329E-02  0.753894E-04
  0.141817E+00  0.105579E-02  0.727843E-04
  0.142273E+00  0.120457E-02  0.847540E-04
  0.142729E+00  0.995701E-03  0.772082E-04
  0.143185E+00  0.114791E-02  0.768766E-04
  0.143640E+00  0.108430E-02  0.881006E-04
  0.144096E+00  0.917399E-03  0.760491E-04
  0.144552E+00  0.109114E-02  0.759491E-04
  0.145008E+00  0.913248E-03  0.717993E-04
  0.145464E+00  0.985616E-03  0.785291E-04
  0.145919E+00  0.113429E-02  0.790144E-04
  0.146375E+00  0.967893E-03  0.784329E-04
  0.146831E+00  0.964260E-03  0.839672E-04
  0.147287E+00  0.958943E-03  0.785644E-04
  0.147743E+00  0.926625E-03  0.771772E-04
  0.148198E+00  0.982561E-03  0.709791E-04
  0.148654E+00  0.967267E-03  0.768408E-04
  0.149110E+00  0.100475E-02  0.776580E-04
  0.149566E+00  0.978847E-03  0.711360E-04
  0.150022E+00  0.970356E-03  0.695060E-04
  0.150477E+00  0.101012E-02  0.791346E-04
  0.150933E+00  0.977613E-03  0.695909E-04
  0.151389E+00  0.108040E-02  0.743204E-04
  0.151845E+00  0.905586E-03  0.692084E-04
  0.152301E+00  0.927218E-03  0.766665E-04
  0.152756E+00  0.957403E-03  0.733337E-04
  0.153212E+00  0.830775E-03  0.732432E-04
  0.153668E+00  0.916651E-03  0.789860E-04
  0.154124E+00  0.998471E-03  0.720061E-04
  0.154579E+00  0.920183E-03  0.791355E-04
  0.155035E+00  0.864567E-03  0.723020E-04
  0.155491E+00  0.821767E-03  0.712640E-04
  0.155947E+00  0.938790E-03  0.702184E-04
  0.156402E+00  0.867881E-03  0.684529E-04
  0.156858E+00  0.831039E-03  0.773333E-04
  0.157314E+00  0.898439E-03  0.780168E-04
  0.157770E+00  0.847464E-03  0.794874E-04
  0.158225E+00  0.887710E-03  0.699931E-04
  0.158681E+00  0.792889E-03  0.781250E-04
  0.159137E+00  0.843491E-03  0.721065E-04
  0.159593E+00  0.891122E-03  0.744303E-04
  0.160048E+00  0.895110E-03  0.762075E-04
  0.160504E+00  0.854653E-03  0.782563E-04
  0.160960E+00  0.925954E-03  0.765264E-04
  0.161416E+00  0.755190E-03  0.838804E-04
  0.161871E+00  0.864435E-03  0.846424E-04
  0.162327E+00  0.982518E-03  0.688297E-04
  0.162783E+00  0.806840E-03  0.719366E-04
  0.163239E+00  0.787656E-03  0.740508E-04
  0.163694E+00  0.859032E-03  0.813175E-04
  0.164150E+00  0.854791E-03  0.722974E-04
  0.164606E+00  0.838534E-03  0.739552E-04
  0.165061E+00  0.827826E-03  0.800544E-04
  0.165517E+00  0.740783E-03  0.770138E-04
  0.165973E+00  0.808243E-03  0.697818E-04
  0.166429E+00  0.745539E-03  0.748010E-04
  0.166884E+00  0.903230E-03  0.767471E-04
  0.167340E+00  0.884445E-03  0.712537E-04
  0.167796E+00  0.832830E-03  0.678466E-04
  0.168251E+00  0.792243E-03  0.756308E-04
  0.168707E+00  0.670124E-03  0.683433E-04
  0.169163E+00  0.754017E-03  0.736537E-04
  0.169619E+00  0.837157E-03  0.681787E-04
  0.170074E+00  0.766464E-03  0.743634E-04
  0.170530E+00  0.791903E-03  0.842090E-04
  0.170986E+00  0.746591E-03  0.683292E-04
  0.171441E+00  0.772833E-03  0.736749E-04
  0.171897E+00  0.891160E-03  0.743208E-04
  0.172353E+00  0.819410E-03  0.742390E-04
  0.172808E+00  0.756822E-03  0.670819E-04
  0.173264E+00  0.758379E-03  0.782934E-04
  0.173720E+00  0.805748E-03  0.792724E-04
  0.174175E+00  0.736961E-03  0.791377E-04
  0.174631E+00  0.718494E-03  0.715554E-04
  0.175087E+00  0.759924E-03  0.778163E-04
  0.175542E+00  0.735301E-03  0.840021E-04
  0.175998E+00  0.645629E-03  0.748228E-04
  0.176454E+00  0.743077E-03  0.752994E-04
  0.176909E+00  0.678384E-03  0.762439E-04
  0.177365E+00  0.740049E-03  0.833899E-04
  0.177821E+00  0.666028E-03  0.730385E-04
  0.178276E+00  0.743798E-03  0.763604E-04
  0.178732E+00  0.625504E-03  0.817693E-04
  0.179188E+00  0.758002E-03  0.790616E-04
  0.179643E+00  0.732949E-03  0.781354E-04
  0.180099E+00  0.581155E-03  0.754513E-04
  0.180555E+00  0.719127E-03  0.753861E-04
  0.181010E+00  0.682684E-03  0.843320E-04
  0.181466E+00  0.689179E-03  0.736434E-04
  0.181922E+00  0.593026E-03  0.803270E-04
  0.182377E+00  0.664093E-03  0.849279E-04
  0.182833E+00  0.829485E-03  0.838328E-04
  0.183288E+00  0.610386E-03  0.796227E-04
  0.183744E+00  0.715871E-03  0.788671E-04
  0.184200E+00  0.704141E-03  0.725954E-04
  0.184655E+00  0.684510E-03  0.823782E-04
  0.185111E+00  0.610166E-03  0.784752E-04
  0.185567E+00  0.650632E-03  0.767796E-04
  0.186022E+00  0.554032E-03  0.740687E-04
  0.186478E+00  0.710461E-03  0.791095E-04
  0.186933E+00  0.697985E-03  0.749054E-04
  0.187389E+00  0.711774E-03  0.745074E-04
  0.187845E+00  0.703755E-03  0.714248E-04
  0.188300E+00  0.768517E-03  0.823259E-04
  0.188756E+00  0.682735E-03  0.757385E-04
  0.189211E+00  0.613957E-03  0.691679E-04
  0.189667E+00  0.663017E-03  0.714497E-04
  0.190123E+00  0.611201E-03  0.716955E-04
  0.190578E+00  0.688644E-03  0.807527E-04
  0.191034E+00  0.652137E-03  0.710190E-04
  0.191489E+00  0.611256E-03  0.805827E-04
  0.191945E+00  0.687222E-03  0.770038E-04
  0.192401E+00  0.492951E-03  0.730133E-04
  0.192856E+00  0.603425E-03  0.695002E-04
  0.193312E+00  0.592093E-03  0.800769E-04
  0.193767E+00  0.644318E-03  0.698404E-04
  0.194223E+00  0.604079E-03  0.675569E-04
  0.194679E+00  0.659142E-03  0.757640E-04
  0.195134E+00  0.658249E-03  0.773450E-04
  0.195590E+00  0.563560E-03  0.707936E-04
  0.196045E+00  0.594681E-03  0.714248E-04
  0.196501E+00  0.609812E-03  0.720152E-04
  0.196956E+00  0.539772E-03  0.690511E-04
  0.197412E+00  0.578293E-03  0.774186E-04
  0.197867E+00  0.553950E-03  0.679749E-04
  0.198323E+00  0.681227E-03  0.711097E-04
  0.198779E+00  0.665546E-03  0.722318E-04
  0.199234E+00  0.600190E-03  0.729600E-04
  0.199690E+00  0.550656E-03  0.704934E-04
  0.200145E+00  0.567052E-03  0.747887E-04
  0.200601E+00  0.714008E-03  0.674127E-04
  0.201056E+00  0.519120E-03  0.724868E-04
  0.201512E+00  0.534578E-03  0.701021E-04
  0.201967E+00  0.655077E-03  0.788311E-04
  0.202423E+00  0.576229E-03  0.654627E-04
  0.202878E+00  0.471344E-03  0.722545E-04
  0.203334E+00  0.510936E-03  0.737149E-04
  0.203789E+00  0.526397E-03  0.665561E-04
  0.204245E+00  0.613444E-03  0.796116E-04
  0.204700E+00  0.540838E-03  0.696935E-04
  0.205156E+00  0.588164E-03  0.675105E-04
  0.205612E+00  0.548119E-03  0.688999E-04
  0.206067E+00  0.554256E-03  0.718509E-04
  0.206523E+00  0.641282E-03  0.646011E-04
  0.206978E+00  0.587079E-03  0.680890E-04
  0.207434E+00  0.508322E-03  0.649267E-04
  0.207889E+00  0.428299E-03  0.615163E-04
  0.208345E+00  0.585405E-03  0.699068E-04
  0.208800E+00  0.475060E-03  0.689661E-04
  0.209256E+00  0.565417E-03  0.695530E-04
  0.209711E+00  0.536357E-03  0.726237E-04
  0.210166E+00  0.563176E-03  0.655737E-04
  0.210622E+00  0.563981E-03  0.722361E-04
  0.211077E+00  0.555018E-03  0.656762E-04
  0.211533E+00  0.589643E-03  0.742253E-04
  0.211988E+00  0.596240E-03  0.749874E-04
  0.212444E+00  0.607409E-03  0.721042E-04
  0.212899E+00  0.478291E-03  0.649545E-04
  0.213355E+00  0.490312E-03  0.691675E-04
  0.213810E+00  0.540918E-03  0.662964E-04
  0.214266E+00  0.442109E-03  0.745063E-04
  0.214721E+00  0.538061E-03  0.671896E-04
  0.215177E+00  0.516818E-03  0.688155E-04
  0.215632E+00  0.581907E-03  0.685489E-04
  0.216088E+00  0.543429E-03  0.648291E-04
  0.216543E+00  0.567827E-03  0.736004E-04
  0.216998E+00  0.488266E-03  0.670660E-04
  0.217454E+00  0.544452E-03  0.657716E-04
  0.217909E+00  0.551442E-03  0.628796E-04
  0.218365E+00  0.540267E-03  0.681578E-04
  0.218820E+00  0.514195E-03  0.690908E-04
  0.219276E+00  0.577942E-03  0.713535E-04
  0.219731E+00  0.428246E-03  0.717121E-04
  0.220186E+00  0.420975E-03  0.685319E-04
  0.220642E+00  0.546676E-03  0.740796E-04
  0.221097E+00  0.517761E-03  0.628135E-04
  0.221553E+00  0.432168E-03  0.645166E-04
  0.222008E+00  0.488480E-03  0.639980E-04
  0.222464E+00  0.470851E-03  0.725156E-04
  0.222919E+00  0.483930E-03  0.640039E-04
  0.223374E+00  0.422436E-03  0.593422E-04
  0.223830E+00  0.616174E-03  0.625397E-04
  0.224285E+00  0.576568E-03  0.656807E-04
  0.224741E+00  0.616995E-03  0.741586E-04
  0.225196E+00  0.494808E-03  0.654832E-04
  0.225651E+00  0.434175E-03  0.649434E-04
  0.226107E+00  0.474284E-03  0.752177E-04
  0.226562E+00  0.470242E-03  0.649959E-04
  0.227018E+00  0.433269E-03  0.682738E-04
  0.227473E+00  0.499489E-03  0.683355E-04
  0.227928E+00  0.524484E-03  0.627604E-04
  0.228384E+00  0.422084E-03  0.688474E-04
  0.228839E+00  0.452340E-03  0.690143E-04
  0.229294E+00  0.460962E-03  0.623496E-04
  0.229750E+00  0.451083E-03  0.696706E-04
  0.230205E+00  0.503798E-03  0.710846E-04
  0.230661E+00  0.522887E-03  0.629442E-04
  0.231116E+00  0.458280E-03  0.735145E-04
  0.231571E+00  0.464963E-03  0.650361E-04
  0.232027E+00  0.457713E-03  0.642896E-04
  0.232482E+00  0.450989E-03  0.650184E-04
  0.232937E+00  0.439161E-03  0.677873E-04
  0.233393E+00  0.458201E-03  0.669090E-04
  0.233848E+00  0.410010E-03  0.688118E-04
  0.234303E+00  0.417602E-03  0.710266E-04
  0.234759E+00  0.426780E-03  0.612217E-04
  0.235214E+00  0.384091E-03  0.599278E-04
  0.235669E+00  0.432279E-03  0.626201E-04
  0.236125E+00  0.451954E-03  0.650652E-04
  0.236580E+00  0.491540E-03  0.665322E-04
  0.237035E+00  0.417300E-03  0.710669E-04
  0.237491E+00  0.491937E-03  0.688780E-04
  0.237946E+00  0.412744E-03  0.685296E-04
  0.238401E+00  0.361537E-03  0.760951E-04
  0.238856E+00  0.503135E-03  0.609396E-04
  0.239312E+00  0.466316E-03  0.681620E-04
  0.239767E+00  0.511500E-03  0.631518E-04
  0.240222E+00  0.372784E-03  0.717392E-04
  0.240678E+00  0.500889E-03  0.632165E-04
  0.241133E+00  0.502897E-03  0.668254E-04
  0.241588E+00  0.373556E-03  0.662160E-04
  0.242044E+00  0.493034E-03  0.604340E-04
  0.242499E+00  0.399253E-03  0.595945E-04
  0.242954E+00  0.481619E-03  0.627213E-04
  0.243409E+00  0.431987E-03  0.696190E-04
  0.243865E+00  0.481693E-03  0.663795E-04
  0.244320E+00  0.406298E-03  0.620764E-04
  0.244775E+00  0.424018E-03  0.626134E-04
  0.245230E+00  0.437726E-03  0.612089E-04
  0.245686E+00  0.337865E-03  0.633664E-04
  0.246141E+00  0.443232E-03  0.695497E-04
  0.246596E+00  0.317606E-03  0.681525E-04
  0.247052E+00  0.416819E-03  0.621775E-04
  0.247507E+00  0.322015E-03  0.652215E-04
  0.247962E+00  0.461338E-03  0.687555E-04
  0.248417E+00  0.416084E-03  0.613310E-04
  0.248872E+00  0.457043E-03  0.618288E-04
  0.249328E+00  0.403702E-03  0.626424E-04
  0.249783E+00  0.319646E-03  0.737845E-04
  0.250238E+00  0.375965E-03  0.600503E-04
  0.250693E+00  0.374182E-03  0.633186E-04
  0.251149E+00  0.444810E-03  0.646600E-04
  0.251604E+00  0.391334E-03  0.677366E-04
  0.252059E+00  0.423829E-03  0.658426E-04
  0.252514E+00  0.405857E-03  0.649307E-04
  0.252969E+00  0.451746E-03  0.670740E-04
  0.253425E+00  0.409659E-03  0.597395E-04
  0.253880E+00  0.409584E-03  0.609118E-04
  0.254335E+00  0.358685E-03  0.586647E-04
  0.254790E+00  0.449119E-03  0.641031E-04
  0.255246E+00  0.356099E-03  0.644252E-04
  0.255701E+00  0.288112E-03  0.680442E-04
  0.256156E+00  0.395868E-03  0.653329E-04
  0.256611E+00  0.412983E-03  0.643603E-04
  0.257066E+00  0.375477E-03  0.608126E-04
  0.257521E+00  0.284082E-03  0.659268E-04
  0.257977E+00  0.412822E-03  0.650086E-04
  0.258432E+00  0.340937E-03  0.622099E-04
  0.258887E+00  0.341447E-03  0.623373E-04
  0.259342E+00  0.402980E-03  0.669459E-04
  0.259797E+00  0.418078E-03  0.631994E-04
  0.260252E+00  0.420952E-03  0.665487E-04
  0.260708E+00  0.383527E-03  0.655968E-04
  0.261163E+00  0.390121E-03  0.655316E-04
  0.261618E+00  0.384832E-03  0.673318E-04
  0.262073E+00  0.372611E-03  0.683657E-04
  0.262528E+00  0.441883E-03  0.648964E-04
  0.262983E+00  0.345546E-03  0.641458E-04
  0.263438E+00  0.360757E-03  0.669521E-04
  0.263894E+00  0.485853E-03  0.659431E-04
  0.264349E+00  0.297453E-03  0.637211E-04
  0.264804E+00  0.318188E-03  0.644547E-04
  0.265259E+00  0.335365E-03  0.638709E-04
  0.265714E+00  0.344565E-03  0.622028E-04
  0.266169E+00  0.400394E-03  0.590816E-04
  0.266624E+00  0.308748E-03  0.653804E-04
  0.267079E+00  0.457730E-03  0.616677E-04
  0.267535E+00  0.384166E-03  0.653312E-04
  0.267990E+00  0.387277E-03  0.620679E-04
  0.268445E+00  0.323436E-03  0.660210E-04
  0.268900E+00  0.444836E-03  0.622572E-04
  0.269355E+00  0.335671E-03  0.625683E-04
  0.269810E+00  0.339328E-03  0.595395E-04
  0.270265E+00  0.307856E-03  0.602401E-04
  0.270720E+00  0.400149E-03  0.620246E-04
  0.271175E+00  0.338147E-03  0.666603E-04
  0.271630E+00  0.276874E-03  0.620167E-04
  0.272085E+00  0.353000E-03  0.739362E-04
  0.272540E+00  0.367688E-03  0.694897E-04
  0.272996E+00  0.351974E-03  0.688041E-04
  0.273451E+00  0.316665E-03  0.667027E-04
  0.273906E+00  0.325711E-03  0.666782E-04
  0.274361E+00  0.421213E-03  0.609832E-04
  0.274816E+00  0.353104E-03  0.602037E-04
  0.275271E+00  0.340823E-03  0.646873E-04
  0.275726E+00  0.340984E-03  0.578528E-04
  0.276181E+00  0.401218E-03  0.637049E-04
  0.276636E+00  0.414403E-03  0.654671E-04
  0.277091E+00  0.385789E-03  0.725361E-04
  0.277546E+00  0.326975E-03  0.596005E-04
  0.278001E+00  0.349292E-03  0.614299E-04
  0.278456E+00  0.357863E-03  0.628570E-04
  0.278911E+00  0.378860E-03  0.660415E-04
  0.279366E+00  0.370093E-03  0.622802E-04
  0.279821E+00  0.320934E-03  0.589242E-04
  0.280276E+00  0.404468E-03  0.635231E-04
  0.280731E+00  0.380618E-03  0.614056E-04
  0.281186E+00  0.279911E-03  0.589852E-04
  0.281641E+00  0.275972E-03  0.576935E-04
  0.282096E+00  0.351174E-03  0.570890E-04
  0.282551E+00  0.292627E-03  0.732291E-04
  0.283006E+00  0.272399E-03  0.596250E-04
  0.283461E+00  0.406373E-03  0.577419E-04
  0.283916E+00  0.339510E-03  0.548792E-04
  0.284371E+00  0.329680E-03  0.676297E-04
  0.284826E+00  0.317301E-03  0.618023E-04
  0.285281E+00  0.350389E-03  0.621296E-04
  0.285736E+00  0.340940E-03  0.636319E-04
  0.286191E+00  0.365425E-03  0.609088E-04
  0.286646E+00  0.284578E-03  0.622376E-04
  0.287101E+00  0.269244E-03  0.627375E-04
  0.287556E+00  0.271713E-03  0.639343E-04
  0.288011E+00  0.390200E-03  0.573719E-04
  0.288466E+00  0.349341E-03  0.606229E-04
  0.288921E+00  0.308969E-03  0.595277E-04
  0.289376E+00  0.326604E-03  0.606585E-04
  0.289830E+00  0.360366E-03  0.585871E-04
  0.290285E+00  0.356682E-03  0.548103E-04
  0.290740E+00  0.308317E-03  0.609561E-04
  0.291195E+00  0.306155E-03  0.581593E-04
  0.291650E+00  0.351745E-03  0.636633E-04
  0.292105E+00  0.344538E-03  0.588643E-04
  0.292560E+00  0.294888E-03  0.588082E-04
  0.293015E+00  0.275878E-03  0.612664E-04
  0.293470E+00  0.317032E-03  0.633172E-04
  0.293925E+00  0.295377E-03  0.657355E-04
  0.294380E+00  0.466263E-03  0.653378E-04
  0.294835E+00  0.302652E-03  0.672764E-04
  0.295289E+00  0.239340E-03  0.644068E-04
  0.295744E+00  0.315885E-03  0.648491E-04
  0.296199E+00  0.307938E-03  0.666097E-04
  0.296654E+00  0.344285E-03  0.583150E-04
  0.297109E+00  0.415025E-03  0.593150E-04
  0.297564E+00  0.330782E-03  0.656022E-04
  0.298019E+00  0.203489E-03  0.676888E-04
  0.298474E+00  0.240886E-03  0.689826E-04
  0.298928E+00  0.314612E-03  0.640146E-04
  0.299383E+00  0.283022E-03  0.672466E-04
  0.299838E+00  0.382735E-03  0.619334E-04
  0.300293E+00  0.324057E-03  0.638719E-04
  0.300748E+00  0.335493E-03  0.688734E-04
  0.301203E+00  0.312167E-03  0.626360E-04
  0.301657E+00  0.364349E-03  0.601389E-04
  0.302112E+00  0.400508E-03  0.730406E-04
  0.302567E+00  0.260822E-03  0.645545E-04
  0.303022E+00  0.239372E-03  0.671664E-04
  0.303477E+00  0.304795E-03  0.657360E-04
  0.303932E+00  0.296812E-03  0.706264E-04
  0.304386E+00  0.256933E-03  0.657557E-04
  0.304841E+00  0.307297E-03  0.731563E-04
  0.305296E+00  0.330009E-03  0.681197E-04
  0.305751E+00  0.343027E-03  0.627727E-04
  0.306206E+00  0.293313E-03  0.689946E-04
  0.306660E+00  0.457871E-03  0.648417E-04
  0.307115E+00  0.300038E-03  0.615525E-04
  0.307570E+00  0.294867E-03  0.672017E-04
  0.308025E+00  0.386212E-03  0.625498E-04
  0.308480E+00  0.237287E-03  0.661057E-04
  0.308934E+00  0.368933E-03  0.690714E-04
  0.309389E+00  0.381577E-03  0.657071E-04
  0.309844E+00  0.190323E-03  0.569111E-04
  0.310299E+00  0.291899E-03  0.714674E-04
  0.310753E+00  0.305846E-03  0.677214E-04
  0.311208E+00  0.367154E-03  0.559098E-04
  0.311663E+00  0.285992E-03  0.602468E-04
  0.312118E+00  0.288343E-03  0.706453E-04
  0.312572E+00  0.250104E-03  0.622652E-04
  0.313027E+00  0.214618E-03  0.618185E-04
  0.313482E+00  0.269833E-03  0.636376E-04
  0.313937E+00  0.297438E-03  0.682723E-04
  0.314391E+00  0.282335E-03  0.614985E-04
  0.314846E+00  0.325973E-03  0.650046E-04
  0.315301E+00  0.313540E-03  0.645367E-04
  0.315756E+00  0.271909E-03  0.580518E-04
  0.316210E+00  0.342502E-03  0.658828E-04
  0.316665E+00  0.298078E-03  0.661285E-04
  0.317120E+00  0.277743E-03  0.658785E-04
  0.317574E+00  0.302498E-03  0.586346E-04
  0.318029E+00  0.307222E-03  0.619979E-04
  0.318484E+00  0.288982E-03  0.549723E-04
  0.318938E+00  0.257598E-03  0.607901E-04
  0.319393E+00  0.326335E-03  0.626293E-04
  0.319848E+00  0.181666E-03  0.595999E-04
  0.320302E+00  0.220327E-03  0.664362E-04
  0.320757E+00  0.314814E-03  0.553512E-04
  0.321212E+00  0.230574E-03  0.648149E-04
  0.321666E+00  0.260369E-03  0.628190E-04
  0.322121E+00  0.243572E-03  0.702391E-04
  0.322576E+00  0.343014E-03  0.628386E-04
  0.323030E+00  0.188845E-03  0.621688E-04
  0.323485E+00  0.319434E-03  0.574509E-04
  0.323940E+00  0.338235E-03  0.537886E-04
  0.324394E+00  0.321368E-03  0.581160E-04
  0.324849E+00  0.262286E-03  0.605183E-04
  0.325304E+00  0.346769E-03  0.575016E-04
  0.325758E+00  0.240024E-03  0.571402E-04
  0.326213E+00  0.276884E-03  0.626414E-04
  0.326668E+00  0.248393E-03  0.610497E-04
  0.327122E+00  0.270229E-03  0.613196E-04
  0.327577E+00  0.175908E-03  0.611004E-04
  0.328031E+00  0.253285E-03  0.567156E-04
  0.328486E+00  0.314369E-03  0.592621E-04
  0.328941E+00  0.273970E-03  0.530867E-04
  0.329395E+00  0.228171E-03  0.646203E-04
  0.329850E+00  0.374647E-03  0.580855E-04
  0.330304E+00  0.219818E-03  0.576191E-04
  0.330759E+00  0.237623E-03  0.591544E-04
  0.331213E+00  0.261831E-03  0.589890E-04
  0.331668E+00  0.219276E-03  0.623428E-04
  0.332123E+00  0.269260E-03  0.659050E-04
  0.332577E+00  0.298168E-03  0.611665E-04
  0.333032E+00  0.260330E-03  0.581468E-04
  0.333486E+00  0.219131E-03  0.510901E-04
  0.333941E+00  0.304815E-03  0.592982E-04
  0.334395E+00  0.164394E-03  0.603741E-04
  0.334850E+00  0.330605E-03  0.641507E-04
  0.335305E+00  0.278056E-03  0.647399E-04
  0.335759E+00  0.367615E-03  0.585788E-04
  0.336214E+00  0.218678E-03  0.610557E-04
  0.336668E+00  0.206430E-03  0.540336E-04
  0.337123E+00  0.216438E-03  0.541822E-04
  0.337577E+00  0.317855E-03  0.543176E-04
  0.338032E+00  0.323368E-03  0.618116E-04
  0.338486E+00  0.209743E-03  0.585817E-04
  0.338941E+00  0.280250E-03  0.532395E-04
  0.339395E+00  0.304094E-03  0.563954E-04
  0.339850E+00  0.201952E-03  0.605634E-04
  0.340304E+00  0.300726E-03  0.665971E-04
  0.340759E+00  0.253775E-03  0.563602E-04
  0.341213E+00  0.258931E-03  0.621979E-04
  0.341668E+00  0.226101E-03  0.538810E-04
  0.342122E+00  0.247613E-03  0.616274E-04
  0.342577E+00  0.333009E-03  0.599477E-04
  0.343031E+00  0.252843E-03  0.548613E-04
  0.343486E+00  0.288108E-03  0.552467E-04
  0.343940E+00  0.259276E-03  0.639362E-04
  0.344394E+00  0.235562E-03  0.606750E-04
  0.344849E+00  0.269399E-03  0.578538E-04
  0.345303E+00  0.300212E-03  0.558041E-04
  0.345758E+00  0.202609E-03  0.587819E-04
  0.346212E+00  0.189530E-03  0.531132E-04
  0.346667E+00  0.247452E-03  0.603305E-04
  0.347121E+00  0.237948E-03  0.594465E-04
  0.347575E+00  0.237162E-03  0.565472E-04
  0.348030E+00  0.231684E-03  0.604915E-04
  0.348484E+00  0.249641E-03  0.586742E-04
  0.348939E+00  0.215058E-03  0.615355E-04
  0.349393E+00  0.226536E-03  0.569544E-04
  0.349848E+00  0.274408E-03  0.586060E-04
  0.350302E+00  0.217708E-03  0.605356E-04
  0.350756E+00  0.105574E-03  0.569593E-04
  0.351211E+00  0.194721E-03  0.590822E-04
  0.351665E+00  0.150963E-03  0.603017E-04
  0.352119E+00  0.182641E-03  0.575772E-04
  0.352574E+00  0.275667E-03  0.560903E-04
  0.353028E+00  0.234031E-03  0.533210E-04
  0.353483E+00  0.256399E-03  0.568738E-04
  0.353937E+00  0.213810E-03  0.536222E-04
  0.354391E+00  0.257946E-03  0.562908E-04
  0.354846E+00  0.315327E-03  0.528073E-04
  0.355300E+00  0.237438E-03  0.554949E-04
  0.355754E+00  0.268933E-03  0.581067E-04
  0.356209E+00  0.245049E-03  0.571484E-04
  0.356663E+00  0.252926E-03  0.626381E-04
  0.357117E+00  0.239986E-03  0.495173E-04
  0.357572E+00  0.225013E-03  0.572713E-04
  0.358026E+00  0.311732E-03  0.567764E-04
  0.358480E+00  0.242320E-03  0.520540E-04
  0.358935E+00  0.214297E-03  0.556928E-04
  0.359389E+00  0.263887E-03  0.527801E-04
  0.359843E+00  0.203078E-03  0.588808E-04
  0.360298E+00  0.284713E-03  0.556678E-04
  0.360752E+00  0.250870E-03  0.529720E-04
  0.361206E+00  0.219884E-03  0.538221E-04
  0.361660E+00  0.147261E-03  0.586444E-04
  0.362115E+00  0.146522E-03  0.627545E-04
  0.362569E+00  0.262895E-03  0.601305E-04
  0.363023E+00  0.211735E-03  0.580414E-04
  0.363478E+00  0.181045E-03  0.537345E-04
  0.363932E+00  0.243534E-03  0.509805E-04
  0.364386E+00  0.305752E-03  0.518664E-04
  0.364840E+00  0.264270E-03  0.572056E-04
  0.365295E+00  0.259816E-03  0.592501E-04
  0.365749E+00  0.261918E-03  0.560309E-04
  0.366203E+00  0.187740E-03  0.550989E-04
  0.366657E+00  0.233299E-03  0.575468E-04
  0.367112E+00  0.266919E-03  0.635745E-04
  0.367566E+00  0.228825E-03  0.549085E-04
  0.368020E+00  0.236514E-03  0.625557E-04
  0.368474E+00  0.178133E-03  0.547452E-04
  0.368928E+00  0.167829E-03  0.586507E-04
  0.369383E+00  0.271985E-03  0.618150E-04
  0.369837E+00  0.257026E-03  0.626195E-04
  0.370291E+00  0.243864E-03  0.562371E-04
  0.370745E+00  0.292115E-03  0.600894E-04
  0.371199E+00  0.149388E-03  0.631782E-04
  0.371654E+00  0.258328E-03  0.654803E-04
  0.372108E+00  0.217082E-03  0.566047E-04
  0.372562E+00  0.148947E-03  0.672180E-04
  0.373016E+00  0.263295E-03  0.590972E-04
  0.373470E+00  0.289591E-03  0.613967E-04
  0.373924E+00  0.292912E-03  0.617848E-04
  0.374379E+00  0.223345E-03  0.589318E-04
  0.374833E+00  0.243102E-03  0.641251E-04
  0.375287E+00  0.168052E-03  0.610886E-04
  0.375741E+00  0.244124E-03  0.616798E-04
  0.376195E+00  0.212808E-03  0.590222E-04
  0.376649E+00  0.158297E-03  0.593837E-04
  0.377103E+00  0.185836E-03  0.579324E-04
  0.377558E+00  0.199865E-03  0.608475E-04
  0.378012E+00  0.198749E-03  0.624336E-04
  0.378466E+00  0.270636E-03  0.661140E-04
  0.378920E+00  0.238890E-03  0.631684E-04
  0.379374E+00  0.325735E-03  0.666683E-04
  0.379828E+00  0.250950E-03  0.636326E-04
  0.380282E+00  0.249720E-03  0.622131E-04
  0.380736E+00  0.264714E-03  0.634527E-04
  0.381190E+00  0.224566E-03  0.567477E-04
  0.381644E+00  0.199411E-03  0.638496E-04
  0.382099E+00  0.223249E-03  0.610213E-04
  0.382553E+00  0.230576E-03  0.648051E-04
  0.383007E+00  0.283501E-03  0.606517E-04
  0.383461E+00  0.203562E-03  0.574872E-04
  0.383915E+00  0.187329E-03  0.631184E-04
  0.384369E+00  0.181647E-03  0.707466E-04
  0.384823E+00  0.173202E-03  0.608601E-04
  0.385277E+00  0.114734E-03  0.628743E-04
  0.385731E+00  0.256736E-03  0.615267E-04
  0.386185E+00  0.223480E-03  0.622094E-04
  0.386639E+00  0.224064E-03  0.690037E-04
  0.387093E+00  0.240061E-03  0.662629E-04
  0.387547E+00  0.251108E-03  0.627574E-04
  0.388001E+00  0.178661E-03  0.596535E-04
  0.388455E+00  0.259403E-03  0.578717E-04
  0.388909E+00  0.263322E-03  0.733028E-04
  0.389363E+00  0.212850E-03  0.609251E-04
  0.389817E+00  0.247173E-03  0.612566E-04
  0.390271E+00  0.164738E-03  0.618161E-04
  0.390725E+00  0.996038E-04  0.675463E-04
  0.391179E+00  0.195032E-03  0.603727E-04
  0.391633E+00  0.230873E-03  0.652922E-04
  0.392087E+00  0.180857E-03  0.610897E-04
  0.392541E+00  0.235634E-03  0.632950E-04
  0.392995E+00  0.205912E-03  0.660447E-04
  0.393449E+00  0.111726E-03  0.691309E-04
  0.393903E+00  0.169399E-03  0.700201E-04
  0.394357E+00  0.144435E-03  0.639742E-04
  0.394811E+00  0.165488E-03  0.647727E-04
  0.395265E+00  0.189398E-03  0.651695E-04
  0.395719E+00  0.172258E-03  0.610318E-04
  0.396173E+00  0.217906E-03  0.759377E-04
  0.396626E+00  0.182024E-03  0.608524E-04
  0.397080E+00  0.238938E-03  0.627543E-04
  0.397534E+00  0.225676E-03  0.695574E-04
  0.397988E+00  0.117581E-03  0.751098E-04
  0.398442E+00  0.226404E-03  0.598332E-04
  0.398896E+00  0.193735E-03  0.619501E-04
  0.399350E+00  0.213433E-03  0.695470E-04
  0.399804E+00  0.262409E-03  0.690422E-04
  0.400258E+00  0.264255E-03  0.680559E-04
  0.400711E+00  0.260277E-03  0.655511E-04
  0.401165E+00  0.150397E-03  0.636739E-04
  0.401619E+00  0.309581E-03  0.620701E-04
  0.402073E+00  0.174725E-03  0.600408E-04
  0.402527E+00  0.226989E-03  0.624059E-04
  0.402981E+00  0.268226E-03  0.676434E-04
  0.403435E+00  0.183845E-03  0.674602E-04
  0.403888E+00  0.236969E-03  0.685051E-04
  0.404342E+00  0.171476E-03  0.673737E-04
  0.404796E+00  0.255082E-03  0.632557E-04
  0.405250E+00  0.880221E-04  0.663609E-04
  0.405704E+00  0.181263E-03  0.640455E-04
  0.406158E+00  0.112168E-03  0.714655E-04
  0.406611E+00  0.260118E-03  0.637281E-04
  0.407065E+00  0.175399E-03  0.687904E-04
  0.407519E+00  0.150034E-03  0.659946E-04
  0.407973E+00  0.296296E-03  0.668533E-04
  0.408427E+00  0.194631E-03  0.615882E-04
  0.408880E+00  0.236223E-03  0.610107E-04
  0.409334E+00  0.108517E-03  0.577395E-04
  0.409788E+00  0.110119E-03  0.636574E-04
  0.410242E+00  0.154932E-03  0.669061E-04
  0.410695E+00  0.184452E-03  0.688957E-04
  0.411149E+00  0.186360E-03  0.611297E-04
  0.411603E+00  0.172295E-03  0.648747E-04
  0.412057E+00  0.210099E-03  0.639728E-04
  0.412510E+00  0.266545E-03  0.623434E-04
  0.412964E+00  0.223541E-03  0.680026E-04
  0.413418E+00  0.195225E-03  0.629162E-04
  0.413872E+00  0.187628E-03  0.701435E-04
  0.414325E+00  0.171500E-03  0.616016E-04
  0.414779E+00  0.151680E-03  0.625351E-04
  0.415233E+00  0.189375E-03  0.673025E-04
  0.415686E+00  0.158726E-03  0.700800E-04
  0.416140E+00  0.192496E-03  0.679676E-04
  0.416594E+00  0.203733E-03  0.633619E-04
  0.417048E+00  0.228341E-03  0.594403E-04
  0.417501E+00  0.154711E-03  0.627641E-04
  0.417955E+00  0.209121E-03  0.672753E-04
  0.418409E+00  0.198834E-03  0.780225E-04
  0.418862E+00  0.164810E-03  0.636264E-04
  0.419316E+00  0.216117E-03  0.664437E-04
  0.419770E+00  0.223839E-03  0.608479E-04
  0.420223E+00  0.149990E-03  0.606034E-04
  0.420677E+00  0.135505E-03  0.643903E-04
  0.421131E+00  0.263947E-03  0.638697E-04
  0.421584E+00  0.217761E-03  0.655552E-04
  0.422038E+00  0.196175E-03  0.659405E-04
  0.422491E+00  0.234534E-03  0.671995E-04
  0.422945E+00  0.160354E-03  0.706283E-04
  0.423399E+00  0.232787E-03  0.676085E-04
  0.423852E+00  0.179015E-03  0.679257E-04
  0.424306E+00  0.154575E-03  0.674570E-04
  0.424759E+00  0.256712E-03  0.651155E-04
  0.425213E+00  0.191649E-03  0.746089E-04
  0.425667E+00  0.204846E-03  0.669993E-04
  0.426120E+00  0.283729E-03  0.722186E-04
  0.426574E+00  0.271841E-03  0.708197E-04
  0.427027E+00  0.125817E-03  0.675708E-04
  0.427481E+00  0.169098E-03  0.684899E-04
  0.427935E+00  0.286649E-03  0.754956E-04
  0.428388E+00  0.130275E-03  0.779861E-04
  0.428842E+00  0.881309E-04  0.778336E-04
  0.429295E+00  0.186626E-03  0.759644E-04
  0.429749E+00  0.132948E-03  0.795800E-04
  0.430202E+00  0.116745E-03  0.807154E-04
  0.430656E+00  0.201421E-03  0.842089E-04
  0.431109E+00  0.146437E-03  0.779702E-04
  0.431563E+00  0.182789E-03  0.733758E-04
  0.432016E+00  0.159282E-03  0.773559E-04
  0.432470E+00  0.132584E-03  0.859691E-04
  0.432923E+00  0.176629E-03  0.851902E-04
  0.433377E+00  0.106243E-03  0.887026E-04
  0.433830E+00  0.225568E-03  0.764098E-04
  0.434284E+00 -0.221334E-05  0.749944E-04
  0.434737E+00  0.156997E-03  0.827775E-04
  0.435191E+00  0.135604E-03  0.739279E-04
  0.435644E+00  0.171933E-03  0.988093E-04
  0.436098E+00  0.118914E-03  0.803647E-04
  0.436551E+00  0.128376E-03  0.761242E-04
  0.437005E+00  0.143350E-03  0.825737E-04
  0.437458E+00  0.219068E-03  0.868915E-04
  0.437912E+00  0.146746E-03  0.835539E-04
  0.438365E+00  0.215907E-03  0.878525E-04
  0.438818E+00  0.200367E-03  0.939467E-04
  0.439272E+00  0.106847E-03  0.844590E-04
  0.439725E+00  0.246489E-03  0.850882E-04
  0.440179E+00  0.120621E-03  0.859694E-04
  0.440632E+00  0.140765E-03  0.862628E-04
  0.441086E+00  0.279449E-03  0.906895E-04
  0.441539E+00  0.176846E-03  0.859550E-04
  0.441992E+00  0.632233E-04  0.864574E-04
  0.442446E+00  0.147323E-03  0.883895E-04
  0.442899E+00  0.277593E-03  0.880384E-04
  0.443352E+00  0.230805E-03  0.886255E-04
  0.443806E+00  0.189862E-03  0.905175E-04
  0.444259E+00  0.186295E-03  0.954783E-04
  0.444713E+00  0.128304E-03  0.883538E-04
  0.445166E+00  0.695691E-04  0.929925E-04
  0.445619E+00  0.191330E-03  0.863125E-04
  0.446073E+00  0.176879E-03  0.904079E-04
  0.446526E+00  0.142726E-03  0.931315E-04
  0.446979E+00  0.256698E-03  0.956214E-04
  0.447433E+00  0.171245E-03  0.966046E-04
  0.447886E+00  0.831983E-04  0.858196E-04
  0.448339E+00  0.232729E-03  0.958975E-04
  0.448793E+00  0.303188E-03  0.937838E-04
  0.449246E+00  0.560117E-04  0.983096E-04
  0.449699E+00  0.900734E-04  0.950604E-04
  0.450152E+00  0.120230E-03  0.861231E-04
  0.450606E+00  0.160032E-03  0.958887E-04
  0.451059E+00  0.171361E-03  0.993472E-04
  0.451512E+00  0.132277E-03  0.914834E-04
  0.451966E+00  0.140932E-03  0.931792E-04
  0.452419E+00  0.123348E-03  0.102414E-03
  0.452872E+00  0.103776E-03  0.102459E-03
  0.453325E+00  0.171635E-03  0.957397E-04
  0.453779E+00  0.176715E-04  0.997948E-04
  0.454232E+00  0.143554E-03  0.956998E-04
  0.454685E+00  0.206141E-03  0.100596E-03
  0.455138E+00  0.114725E-03  0.100513E-03
  0.455592E+00  0.206228E-03  0.959462E-04
  0.456045E+00  0.179710E-03  0.103580E-03
  0.456498E+00  0.176216E-03  0.971027E-04
  0.456951E+00  0.287129E-03  0.102110E-03
  0.457404E+00  0.165783E-03  0.105160E-03
  0.457858E+00  0.148432E-03  0.960356E-04
  0.458311E+00  0.292189E-03  0.103705E-03
  0.458764E+00  0.109887E-03  0.898746E-04
  0.459217E+00 -0.439849E-04  0.106546E-03
  0.459670E+00  0.108843E-03  0.980543E-04
  0.460123E+00  0.224802E-03  0.956656E-04
  0.460577E+00  0.931414E-04  0.101609E-03
  0.461030E+00  0.156022E-03  0.944463E-04
  0.461483E+00  0.217301E-03  0.103772E-03
  0.461936E+00  0.159399E-03  0.106871E-03
  0.462389E+00  0.155936E-03  0.972577E-04
  0.462842E+00  0.282690E-03  0.100826E-03
  0.463295E+00  0.285655E-03  0.965825E-04
  0.463749E+00  0.192080E-03  0.101739E-03
  0.464202E+00  0.128234E-03  0.959645E-04
  0.464655E+00  0.205962E-03  0.107340E-03
  0.465108E+00  0.168115E-03  0.997729E-04
  0.465561E+00  0.234410E-03  0.964685E-04
  0.466014E+00  0.176143E-03  0.111981E-03
  0.466467E+00  0.199176E-03  0.108525E-03
  0.466920E+00  0.186998E-03  0.974645E-04
  0.467373E+00  0.100599E-03  0.113245E-03
  0.467826E+00  0.738701E-04  0.105221E-03
  0.468279E+00  0.211593E-03  0.100545E-03
  0.468733E+00  0.189989E-03  0.979142E-04
  0.469186E+00  0.241555E-04  0.982925E-04
  0.469639E+00  0.242583E-03  0.114640E-03
  0.470092E+00  0.150241E-03  0.111598E-03
  0.470545E+00  0.758969E-05  0.112156E-03
  0.470998E+00  0.254467E-03  0.115327E-03
  0.471451E+00  0.174242E-03  0.104322E-03
  0.471904E+00  0.895845E-04  0.126448E-03
  0.472357E+00  0.246270E-03  0.108048E-03
  0.472810E+00  0.143550E-03  0.111209E-03
  0.473263E+00  0.140339E-03  0.105938E-03
  0.473716E+00  0.321135E-03  0.112674E-03
  0.474169E+00  0.106623E-03  0.102275E-03
  0.474622E+00  0.333396E-04  0.998991E-04
  0.475075E+00  0.755877E-05  0.908995E-04
  0.475528E+00  0.201380E-03  0.118538E-03
  0.475981E+00  0.155380E-03  0.119253E-03
  0.476434E+00  0.155164E-03  0.113985E-03
  0.476887E+00  0.128736E-03  0.107444E-03
  0.477340E+00  0.282920E-03  0.100678E-03
  0.477792E+00  0.238271E-03  0.111150E-03
  0.478245E+00  0.280276E-04  0.105042E-03
  0.478698E+00  0.248624E-03  0.121629E-03
  0.479151E+00  0.276737E-03  0.107673E-03
  0.479604E+00  0.160111E-03  0.119618E-03
  0.480057E+00  0.196915E-03  0.130138E-03
  0.480510E+00  0.123662E-03  0.105704E-03
  0.480963E+00  0.276275E-03  0.128734E-03
  0.481416E+00  0.175295E-03  0.121479E-03
  0.481869E+00  0.985839E-04  0.998359E-04
  0.482322E+00  0.111359E-03  0.117338E-03
  0.482774E+00  0.246982E-04  0.105944E-03
  0.483227E+00  0.197970E-03  0.111180E-03
  0.483680E+00  0.152916E-03  0.110962E-03
  0.484133E+00  0.238913E-03  0.125087E-03
  0.484586E+00  0.105390E-03  0.117779E-03
  0.485039E+00  0.100540E-03  0.995105E-04
  0.485491E+00  0.141531E-03  0.118797E-03
  0.485944E+00  0.112974E-03  0.111610E-03
  0.486397E+00  0.350324E-12  0.858064E-04
  0.486850E+00  0.212224E-03  0.122331E-03
  0.487303E+00  0.630622E-05  0.905213E-04
  0.487756E+00  0.215938E-03  0.120255E-03
  0.488208E+00  0.173763E-03  0.114360E-03
  0.488661E+00  0.707126E-04  0.111625E-03
  0.489114E+00  0.180418E-03  0.128280E-03
  0.489567E+00  0.117892E-03  0.117526E-03
  0.490020E+00  0.954069E-04  0.131543E-03
  0.490472E+00  0.211040E-03  0.130151E-03
  0.490925E+00  0.119032E-03  0.121438E-03
  0.491378E+00 -0.578433E-05  0.967693E-04
  0.491831E+00  0.151913E-03  0.126357E-03
  0.492283E+00  0.445057E-03  0.131789E-03
  0.492736E+00  0.893664E-12  0.905529E-04
  0.493189E+00  0.161400E-03  0.116314E-03
  0.493642E+00  0.175051E-03  0.137065E-03
  0.494094E+00  0.994736E-04  0.115181E-03
  0.494547E+00  0.148790E-03  0.140490E-03
  0.495000E+00  0.324437E-03  0.138913E-03
  0.495452E+00  0.128140E-03  0.124617E-03
  0.495905E+00 -0.131145E-04  0.144516E-03
  0.496358E+00  0.115961E-03  0.123836E-03
  0.496810E+00  0.229118E-03  0.131978E-03
  0.497263E+00  0.122680E-03  0.127679E-03
  0.497716E+00  0.238678E-03  0.141525E-03
  0.498168E+00  0.188876E-03  0.137260E-03
  0.498621E+00  0.263309E-03  0.147312E-03
  0.499074E+00 -0.465874E-04  0.134623E-03
  0.499526E+00  0.151028E-03  0.131894E-03
  0.499979E+00  0.168555E-03  0.148303E-03
  0.500432E+00  0.152110E-03  0.130701E-03
  0.500884E+00  0.122620E-03  0.121281E-03
  0.501337E+00  0.661530E-04  0.135053E-03
  0.501790E+00  0.305853E-04  0.135479E-03
  0.502242E+00  0.152634E-03  0.146855E-03
  0.502695E+00  0.181431E-03  0.137932E-03
  0.503147E+00  0.147477E-04  0.131517E-03
  0.503600E+00  0.862214E-04  0.118171E-03
  0.504052E+00  0.279179E-03  0.139516E-03
  0.504505E+00  0.205576E-03  0.145266E-03
  0.504958E+00  0.165415E-03  0.138275E-03
  0.505410E+00 -0.613735E-04  0.161806E-03
  0.505863E+00  0.272937E-03  0.150944E-03
  0.506315E+00  0.135272E-03  0.150819E-03
  0.506768E+00  0.462789E-04  0.136255E-03
  0.507220E+00  0.400086E-05  0.126043E-03
  0.507673E+00  0.106877E-03  0.145240E-03
  0.508125E+00 -0.405145E-04  0.144201E-03
  0.508578E+00 -0.943442E-05  0.147495E-03
  0.509030E+00  0.285694E-03  0.152192E-03
  0.509483E+00  0.567469E-04  0.126311E-03
  0.509935E+00 -0.457941E-04  0.130330E-03
  0.510388E+00  0.349192E-03  0.133524E-03
  0.510840E+00  0.261269E-03  0.141583E-03
  0.511293E+00  0.492786E-04  0.170052E-03
  0.511745E+00  0.856517E-04  0.159906E-03
  0.512198E+00  0.111447E-03  0.148034E-03
  0.512650E+00  0.150454E-04  0.140972E-03
  0.513103E+00  0.127274E-03  0.137093E-03
  0.513555E+00  0.497460E-04  0.132892E-03
  0.514008E+00  0.172263E-03  0.164466E-03
  0.514460E+00  0.293151E-03  0.159657E-03
  0.514913E+00  0.219335E-03  0.140698E-03
  0.515365E+00  0.239677E-03  0.165127E-03
  0.515817E+00  0.279376E-03  0.157154E-03
  0.516270E+00  0.113927E-03  0.140358E-03
  0.516722E+00  0.107635E-03  0.175020E-03
  0.517175E+00  0.140697E-03  0.149613E-03
  0.517627E+00  0.218984E-03  0.161294E-03
  0.518079E+00  0.294514E-03  0.157279E-03
  0.518532E+00  0.793265E-04  0.149346E-03
  0.518984E+00  0.173286E-03  0.170774E-03
  0.519437E+00  0.103751E-03  0.177159E-03
  0.519889E+00  0.277701E-03  0.172860E-03
  0.520341E+00  0.291151E-03  0.186104E-03
  0.520794E+00 -0.282863E-11  0.125040E-03
  0.521246E+00  0.906754E-04  0.168232E-03
  0.521698E+00  0.287881E-03  0.163740E-03
  0.522151E+00  0.183794E-03  0.167247E-03
  0.522603E+00  0.976530E-04  0.166540E-03
----------ED4P_monomer_181-221_12-1221.dat-----------------------------
                                                                                
Sample:   c= 0 mg/ml  Code:                                                     
----------ED4P_monomer_181-221_12-1221.dat-----------------------------
