0.00768064	8.026625e-003	1.881712e-004
0.00795753	8.048244e-003	1.772006e-004
0.008234410000000001	7.977624e-003	1.649834e-004
0.008511290000000001	8.141025e-003	1.572809e-004
0.00878818	7.763412e-003	1.514506e-004
0.00906506	7.892677e-003	1.421648e-004
0.00934195	8.107978e-003	1.382493e-004
0.009618830000000002	7.706629e-003	1.305352e-004
0.009895710000000002	7.925575e-003	1.257588e-004
0.0101726	7.874157e-003	1.230384e-004
0.0104495	7.961564e-003	1.183255e-004
0.0107264	8.123012e-003	1.131613e-004
0.011003200000000001	7.945290e-003	1.119345e-004
0.011280100000000001	7.931348e-003	1.072188e-004
0.011557000000000001	7.981934e-003	1.057018e-004
0.011833900000000001	7.957755e-003	1.019506e-004
0.0121108	7.886047e-003	9.980735e-005
0.012387700000000001	7.612844e-003	9.858901e-005
0.012664600000000002	7.702321e-003	9.536539e-005
0.0129414	7.721300e-003	9.305144e-005
0.0132183	7.678709e-003	9.105766e-005
0.013495199999999999	7.582097e-003	8.986483e-005
0.013772100000000002	7.481785e-003	8.867158e-005
0.014049	7.512211e-003	8.646438e-005
0.0143259	7.531387e-003	8.509884e-005
0.0146027	7.551970e-003	8.511880e-005
0.014879600000000002	7.524578e-003	8.250528e-005
0.015156500000000002	7.457195e-003	8.205409e-005
0.0154334	7.385479e-003	8.004755e-005
0.0157103	7.416255e-003	7.958638e-005
0.0159872	7.402235e-003	7.873500e-005
0.016264	7.367599e-003	7.687682e-005
0.0165409	7.306143e-003	7.604078e-005
0.0168178	7.186571e-003	7.499863e-005
0.0170947	7.340141e-003	7.463950e-005
0.0173716	7.287535e-003	7.447253e-005
0.0176485	7.105718e-003	7.243543e-005
0.0179253	6.983420e-003	7.124369e-005
0.018202199999999998	7.192838e-003	7.099124e-005
0.018479100000000002	7.177262e-003	7.030341e-005
0.018756000000000002	7.048446e-003	7.033772e-005
0.019032900000000002	7.091536e-003	7.067364e-005
0.019309800000000002	7.049053e-003	7.162142e-005
0.019586700000000002	7.015059e-003	7.099677e-005
0.019863500000000003	6.902037e-003	7.017391e-005
0.020140400000000003	6.982188e-003	7.103218e-005
0.0204173	6.843059e-003	7.097792e-005
0.0206942	6.924380e-003	7.145071e-005
0.020971100000000003	6.819985e-003	6.924503e-005
0.021248000000000003	6.793348e-003	6.968145e-005
0.0215248	6.854402e-003	6.934439e-005
0.0218017	6.802599e-003	6.931413e-005
0.022078600000000004	6.760741e-003	6.922826e-005
0.0223555	6.738404e-003	6.860713e-005
0.0226324	6.589163e-003	6.846952e-005
0.0229093	6.542168e-003	6.775548e-005
0.0231861	6.533133e-003	6.780440e-005
0.023463	6.422073e-003	6.739452e-005
0.0237399	6.389083e-003	6.741933e-005
0.0240168	6.482009e-003	6.731574e-005
0.0242937	6.365737e-003	6.612597e-005
0.0245706	6.418780e-003	6.599025e-005
0.024847400000000002	6.529596e-003	6.631835e-005
0.025124300000000002	6.300439e-003	6.576726e-005
0.025401200000000002	6.308718e-003	6.524981e-005
0.0256781	6.316404e-003	6.347618e-005
0.025955000000000002	6.201768e-003	6.180871e-005
0.026231900000000002	6.083252e-003	6.159671e-005
0.026508700000000003	6.153930e-003	6.032719e-005
0.0267856	6.103096e-003	5.964730e-005
0.027062500000000003	5.995458e-003	5.949778e-005
0.027339400000000003	6.115132e-003	5.869122e-005
0.0276163	6.080577e-003	5.841250e-005
0.027893200000000003	6.031518e-003	5.721503e-005
0.0281701	6.006524e-003	5.700043e-005
0.028446900000000004	5.989188e-003	5.693982e-005
0.0287238	5.798916e-003	5.623070e-005
0.029000700000000004	5.865694e-003	5.594405e-005
0.0292776	5.723991e-003	5.501364e-005
0.0295545	5.677050e-003	5.455998e-005
0.029831400000000004	5.670080e-003	5.460179e-005
0.0301082	5.545204e-003	5.392772e-005
0.030385099999999998	5.584627e-003	5.370399e-005
0.030662000000000002	5.598636e-003	5.307000e-005
0.030938900000000005	5.625956e-003	5.293273e-005
0.031215800000000002	5.528864e-003	5.266058e-005
0.031492700000000005	5.505103e-003	5.214765e-005
0.0317695	5.472752e-003	5.194671e-005
0.0320464	5.403164e-003	5.157987e-005
0.0323233	5.403367e-003	5.120364e-005
0.0326002	5.417188e-003	5.113129e-005
0.0328771	5.285326e-003	5.036764e-005
0.033154	5.337927e-003	5.024794e-005
0.033430800000000004	5.178346e-003	5.026174e-005
0.0337077	5.201410e-003	4.945552e-005
0.0339846	5.206618e-003	4.993188e-005
0.0342615	5.145956e-003	4.972794e-005
0.034538400000000004	5.140122e-003	5.033792e-005
0.0348153	5.096804e-003	5.044403e-005
0.035092200000000004	5.117771e-003	5.033510e-005
0.035369000000000005	4.990326e-003	5.082230e-005
0.0356459	4.892398e-003	5.058521e-005
0.0359228	4.960533e-003	5.061535e-005
0.0361997	4.917164e-003	5.065463e-005
0.0364766	4.874504e-003	5.035702e-005
0.0367535	4.875945e-003	5.067306e-005
0.0370303	4.830488e-003	5.069405e-005
0.037307200000000006	4.773129e-003	5.016855e-005
0.0375841	4.700628e-003	5.006122e-005
0.037861000000000006	4.718758e-003	5.008443e-005
0.0381379	4.691952e-003	5.020721e-005
0.0384148	4.642778e-003	5.013299e-005
0.0386916	4.628218e-003	4.998705e-005
0.0389685	4.610594e-003	4.975261e-005
0.03924540000000001	4.531309e-003	4.955403e-005
0.0395223	4.574604e-003	4.960509e-005
0.03979920000000001	4.403749e-003	4.949364e-005
0.0400761	4.386745e-003	4.929554e-005
0.040352900000000004	4.405255e-003	4.932613e-005
0.0406298	4.384619e-003	4.926435e-005
0.040906700000000004	4.281168e-003	4.881824e-005
0.0411836	4.273387e-003	4.914249e-005
0.041460500000000004	4.265616e-003	4.883963e-005
0.04173740000000001	4.276459e-003	4.852431e-005
0.0420142	4.164180e-003	4.871895e-005
0.0422911	4.163502e-003	4.819505e-005
0.042568	4.194991e-003	4.848810e-005
0.042844900000000005	4.148565e-003	4.833109e-005
0.0431218	4.051293e-003	4.826512e-005
0.043398700000000005	4.058612e-003	4.878247e-005
0.0436756	3.971455e-003	4.850510e-005
0.0439524	4.034649e-003	4.944595e-005
0.0442293	3.903546e-003	4.962480e-005
0.0445062	3.968907e-003	4.964974e-005
0.0447831	3.810939e-003	4.973406e-005
0.04506	3.902308e-003	4.995091e-005
0.045336900000000006	3.863246e-003	5.025001e-005
0.04561370000000001	3.819006e-003	5.023978e-005
0.045890600000000004	3.770757e-003	5.013849e-005
0.0461675	3.742992e-003	5.050018e-005
0.046444400000000004	3.753996e-003	5.054367e-005
0.0467213	3.715818e-003	5.076595e-005
0.046998200000000004	3.734351e-003	5.046228e-005
0.047275000000000005	3.661801e-003	4.985021e-005
0.04755190000000001	3.628114e-003	4.968849e-005
0.047828800000000005	3.470957e-003	4.906403e-005
0.0481057	3.552765e-003	4.895021e-005
0.0483826	3.537355e-003	4.812057e-005
0.0486595	3.615437e-003	4.797003e-005
0.0489363	3.557677e-003	4.801164e-005
0.049213200000000006	3.424371e-003	4.752526e-005
0.0494901	3.408429e-003	4.709029e-005
0.049767000000000006	3.370232e-003	4.699647e-005
0.0500439	3.381744e-003	4.680108e-005
0.0503208	3.320309e-003	4.679279e-005
0.0505977	3.313928e-003	4.652041e-005
0.0508745	3.247267e-003	4.644846e-005
0.05115140000000001	3.219829e-003	4.657494e-005
0.05142830000000001	3.296269e-003	4.648775e-005
0.0517052	3.172108e-003	4.649291e-005
0.0519821	3.190764e-003	4.641860e-005
0.052259	3.220902e-003	4.645993e-005
0.0525358	3.191885e-003	4.639128e-005
0.052812700000000004	3.205663e-003	4.634508e-005
0.05308960000000001	3.089298e-003	4.620873e-005
0.0533665	3.090790e-003	4.617522e-005
0.0536434	3.061767e-003	4.597917e-005
0.053920300000000004	3.080071e-003	4.610658e-005
0.0541971	3.000915e-003	4.566926e-005
0.054474	2.916767e-003	4.556079e-005
0.054750900000000005	2.959794e-003	4.544343e-005
0.05502780000000001	2.959850e-003	4.513649e-005
0.0553047	2.933365e-003	4.501446e-005
0.0555816	2.976425e-003	4.477502e-005
0.0558584	2.798582e-003	4.489553e-005
0.0561353	2.880439e-003	4.446512e-005
0.0564122	2.826076e-003	4.418155e-005
0.056689100000000006	2.806991e-003	4.415038e-005
0.05696600000000001	2.727797e-003	4.412172e-005
0.0572429	2.742088e-003	4.409948e-005
0.0575197	2.738506e-003	4.381506e-005
0.057796600000000004	2.790417e-003	4.386222e-005
0.0580735	2.714376e-003	4.386825e-005
0.058350400000000004	2.676516e-003	4.365555e-005
0.05862730000000001	2.675262e-003	4.370221e-005
0.0589042	2.678355e-003	4.341916e-005
0.0591811	2.670035e-003	4.358693e-005
0.0594579	2.569899e-003	4.336646e-005
0.059734800000000005	2.548538e-003	4.316903e-005
0.0600117	2.604751e-003	4.329559e-005
0.060288600000000005	2.515754e-003	4.293980e-005
0.06056550000000001	2.518424e-003	4.313131e-005
0.0608424	2.510649e-003	4.288605e-005
0.0611192	2.468737e-003	4.259623e-005
0.0613961	2.543999e-003	4.288971e-005
0.061673000000000006	2.454977e-003	4.273548e-005
0.0619499	2.470378e-003	4.276384e-005
0.062226800000000006	2.395796e-003	4.252959e-005
0.0625037	2.396055e-003	4.217759e-005
0.0627805	2.474681e-003	4.285121e-005
0.0630574	2.353413e-003	4.203271e-005
0.0633343	2.343701e-003	4.226859e-005
0.0636112	2.352311e-003	4.213425e-005
0.0638881	2.348658e-003	4.209004e-005
0.06416500000000001	2.277806e-003	4.211561e-005
0.06444180000000001	2.248004e-003	4.156690e-005
0.0647187	2.267953e-003	4.200510e-005
0.0649956	2.225299e-003	4.192846e-005
0.0652725	2.208374e-003	4.177465e-005
0.06554940000000001	2.249218e-003	4.146079e-005
0.0658263	2.225488e-003	4.146913e-005
0.0661032	2.186726e-003	4.149445e-005
0.06638	2.150057e-003	4.142340e-005
0.0666569	2.179725e-003	4.117841e-005
0.0669338	2.081150e-003	4.131104e-005
0.0672107	2.161741e-003	4.124140e-005
0.06748760000000001	2.066078e-003	4.105936e-005
0.0677645	2.062047e-003	4.109167e-005
0.06804130000000001	2.046608e-003	4.071111e-005
0.0683182	2.109463e-003	4.090477e-005
0.0685951	2.070424e-003	4.116798e-005
0.068872	2.094115e-003	4.061703e-005
0.0691489	2.046399e-003	4.070603e-005
0.06942580000000001	2.009547e-003	4.048782e-005
0.0697026	2.014274e-003	4.066886e-005
0.0699795	1.978526e-003	4.064684e-005
0.0702564	1.909028e-003	4.012731e-005
0.07053330000000001	1.936769e-003	4.040426e-005
0.0708102	1.843648e-003	4.025039e-005
0.0710871	1.948109e-003	4.018427e-005
0.07136390000000001	1.917845e-003	4.002397e-005
0.0716408	1.923782e-003	4.009290e-005
0.0719177	1.878761e-003	4.035570e-005
0.0721946	1.951531e-003	4.003360e-005
0.07247150000000001	1.869109e-003	3.957410e-005
0.0727484	1.784752e-003	3.968300e-005
0.0730252	1.868307e-003	3.980794e-005
0.07330210000000001	1.810766e-003	3.979554e-005
0.073579	1.800992e-003	3.959352e-005
0.0738559	1.739222e-003	3.938247e-005
0.0741328	1.769583e-003	3.941114e-005
0.07440970000000001	1.806823e-003	3.947267e-005
0.0746866	1.805218e-003	3.945748e-005
0.0749634	1.745936e-003	3.932068e-005
0.07524030000000001	1.664013e-003	3.913578e-005
0.0755172	1.796398e-003	3.932009e-005
0.0757941	1.644128e-003	3.893080e-005
0.076071	1.709317e-003	3.906156e-005
0.07634790000000001	1.723995e-003	3.910251e-005
0.0766247	1.672125e-003	3.913988e-005
0.07690160000000001	1.684161e-003	3.882512e-005
0.07717850000000001	1.611741e-003	3.865285e-005
0.07745540000000001	1.588346e-003	3.885977e-005
0.0777323	1.678866e-003	3.950032e-005
0.0780092	1.630234e-003	3.999494e-005
0.07828600000000001	1.594138e-003	4.015769e-005
0.0785629	1.655596e-003	4.058905e-005
0.07883980000000002	1.581298e-003	4.060418e-005
0.0791167	1.608739e-003	4.077116e-005
0.07939360000000001	1.576517e-003	4.086658e-005
0.0796705	1.539009e-003	4.096930e-005
0.0799473	1.561859e-003	4.148991e-005
0.08022420000000001	1.527302e-003	4.128000e-005
0.0805011	1.439127e-003	4.141207e-005
0.08077800000000002	1.442442e-003	4.143429e-005
0.0810549	1.513606e-003	4.167483e-005
0.08133180000000001	1.477871e-003	4.176879e-005
0.0816087	1.497104e-003	4.192902e-005
0.0818855	1.456082e-003	4.197581e-005
0.08216240000000001	1.439882e-003	4.198211e-005
0.08243930000000001	1.391686e-003	4.193452e-005
0.0827162	1.425458e-003	4.221583e-005
0.0829931	1.423846e-003	4.206749e-005
0.08327000000000001	1.433363e-003	4.264185e-005
0.0835468	1.429267e-003	4.229131e-005
0.0838237	1.461579e-003	4.257964e-005
0.08410060000000001	1.380856e-003	4.216052e-005
0.08437750000000001	1.447605e-003	4.135754e-005
0.0846544	1.350519e-003	4.123779e-005
0.0849313	1.374970e-003	4.067913e-005
0.08520810000000001	1.360949e-003	4.038676e-005
0.085485	1.359268e-003	4.008735e-005
0.0857619	1.393873e-003	4.000802e-005
0.08603880000000001	1.355994e-003	4.003166e-005
0.0863157	1.318004e-003	3.962442e-005
0.0865926	1.274082e-003	3.954203e-005
0.0868694	1.320855e-003	3.939429e-005
0.08714630000000001	1.285702e-003	3.915693e-005
0.0874232	1.261339e-003	3.930393e-005
0.0877001	1.359688e-003	3.897553e-005
0.08797700000000001	1.297729e-003	3.904851e-005
0.0882539	1.340374e-003	3.878285e-005
0.0885307	1.323328e-003	3.875518e-005
0.0888076	1.253509e-003	3.848985e-005
0.08908450000000001	1.281417e-003	3.827004e-005
0.08936140000000001	1.287633e-003	3.831325e-005
0.0896383	1.230167e-003	3.823658e-005
0.0899152	1.183164e-003	3.808099e-005
0.0901921	1.254628e-003	3.793709e-005
0.0904689	1.243973e-003	3.764571e-005
0.0907458	1.263200e-003	3.783121e-005
0.09102270000000001	1.168216e-003	3.774359e-005
0.09129960000000001	1.268202e-003	3.831733e-005
0.0915765	1.221049e-003	3.879383e-005
0.0918534	1.184014e-003	3.899689e-005
0.0921302	1.133257e-003	3.915696e-005
0.0924071	1.212526e-003	3.955437e-005
0.092684	1.122354e-003	3.954886e-005
0.09296090000000001	1.170203e-003	4.003384e-005
0.09323780000000001	1.109914e-003	3.989847e-005
0.0935147	1.128060e-003	3.987293e-005
0.09379150000000001	1.179545e-003	3.988401e-005
0.0940684	1.096952e-003	3.983506e-005
0.0943453	1.126077e-003	4.013090e-005
0.0946222	1.135708e-003	4.023369e-005
0.09489910000000001	1.073136e-003	4.006885e-005
0.09517600000000001	1.089731e-003	3.955984e-005
0.0954528	1.067381e-003	3.915889e-005
0.0957297	1.102032e-003	3.888691e-005
0.0960066	1.058704e-003	3.861066e-005
0.09628350000000001	1.126393e-003	3.844009e-005
0.0965604	1.087565e-003	3.844667e-005
0.09683730000000002	1.116365e-003	3.808126e-005
0.0971142	1.043037e-003	3.798514e-005
0.097391	1.069124e-003	3.786023e-005
0.0976679	1.048410e-003	3.773937e-005
0.0979448	1.050354e-003	3.791803e-005
0.09822170000000001	1.031185e-003	3.745893e-005
0.0984986	1.068213e-003	3.759197e-005
0.09877550000000002	9.828483e-004	3.737382e-005
0.09905230000000001	9.557840e-004	3.701268e-005
0.0993292	1.019437e-003	3.721196e-005
0.0996061	9.877384e-004	3.676674e-005
0.099883	9.368048e-004	3.673201e-005
0.10016000000000001	9.888696e-004	3.667060e-005
0.100437	9.422648e-004	3.654045e-005
0.100714	1.008879e-003	3.653463e-005
0.10099100000000001	1.020352e-003	3.637781e-005
0.101267	9.101221e-004	3.638346e-005
0.101544	9.778709e-004	3.638177e-005
0.10182100000000001	9.680991e-004	3.618510e-005
0.10209800000000001	9.785614e-004	3.637830e-005
0.102375	9.527755e-004	3.609067e-005
0.10265200000000002	9.279001e-004	3.624078e-005
0.102929	9.400051e-004	3.607224e-005
0.103206	9.179403e-004	3.590148e-005
0.10348200000000002	9.584372e-004	3.603751e-005
0.103759	9.455411e-004	3.594824e-005
0.104036	9.229757e-004	3.594723e-005
0.10431299999999999	9.258566e-004	3.576852e-005
0.10459000000000002	9.104159e-004	3.576936e-005
0.104867	8.519894e-004	3.567527e-005
0.105144	8.940328e-004	3.567876e-005
0.10542100000000001	8.702181e-004	3.555555e-005
0.10569800000000001	8.300422e-004	3.559128e-005
0.105974	8.553957e-004	3.550364e-005
0.10625100000000001	8.618632e-004	3.546787e-005
0.10652800000000001	8.698839e-004	3.522108e-005
0.106805	9.225683e-004	3.551286e-005
0.10708200000000001	8.608179e-004	3.536118e-005
0.10735900000000001	8.725308e-004	3.541538e-005
0.10763600000000001	8.230768e-004	3.510875e-005
0.107913	8.922867e-004	3.521630e-005
0.10819000000000001	8.004935e-004	3.519993e-005
0.108466	8.442113e-004	3.511281e-005
0.10874299999999999	7.831600e-004	3.494681e-005
0.10902	8.109122e-004	3.495347e-005
0.109297	8.483752e-004	3.504752e-005
0.109574	8.662889e-004	3.497137e-005
0.10985100000000002	7.979313e-004	3.481369e-005
0.110128	7.869786e-004	3.473971e-005
0.110405	8.071077e-004	3.489776e-005
0.11068100000000002	8.441891e-004	3.486566e-005
0.110958	7.881132e-004	3.456533e-005
0.111235	8.070803e-004	3.455300e-005
0.111512	8.122235e-004	3.465721e-005
0.11178900000000001	8.149383e-004	3.461058e-005
0.112066	6.838470e-004	3.448976e-005
0.112343	7.659199e-004	3.449721e-005
0.11262000000000001	7.394861e-004	3.442209e-005
0.11289700000000001	7.900569e-004	3.443734e-005
0.113173	7.680673e-004	3.440442e-005
0.11345000000000001	7.357618e-004	3.419834e-005
0.11372700000000001	7.346130e-004	3.440006e-005
0.114004	7.214706e-004	3.423984e-005
0.11428100000000002	7.787917e-004	3.429929e-005
0.11455800000000001	7.076661e-004	3.419213e-005
0.114835	7.567580e-004	3.407655e-005
0.11511199999999999	7.009843e-004	3.404943e-005
0.115388	7.457016e-004	3.423511e-005
0.115665	7.409441e-004	3.413808e-005
0.11594199999999999	7.167102e-004	3.395488e-005
0.11621900000000002	7.008178e-004	3.400961e-005
0.116496	7.085593e-004	3.386522e-005
0.116773	7.521632e-004	3.394314e-005
0.11705000000000002	6.888699e-004	3.376874e-005
0.11732700000000001	7.407059e-004	3.388210e-005
0.117604	7.153170e-004	3.377816e-005
0.11788000000000001	7.111426e-004	3.355795e-005
0.11815700000000001	7.169966e-004	3.366507e-005
0.118434	7.008544e-004	3.362777e-005
0.11871100000000001	7.163290e-004	3.371815e-005
0.11898800000000001	6.370117e-004	3.370352e-005
0.11926500000000001	6.916040e-004	3.346685e-005
0.119542	6.585227e-004	3.326345e-005
0.11981900000000001	6.586552e-004	3.327457e-005
0.12009600000000001	6.832688e-004	3.334651e-005
0.12037199999999999	6.637480e-004	3.337186e-005
0.120649	6.550320e-004	3.313415e-005
0.120926	6.688290e-004	3.316449e-005
0.121203	6.477663e-004	3.307731e-005
0.12148000000000002	6.909946e-004	3.294399e-005
0.121757	6.724127e-004	3.282586e-005
0.122034	6.928074e-004	3.296798e-005
0.122311	5.804385e-004	3.279270e-005
0.122587	6.816703e-004	3.282747e-005
0.122864	6.667726e-004	3.257531e-005
0.123141	6.198707e-004	3.267814e-005
0.12341800000000001	6.350780e-004	3.260396e-005
0.123695	5.992016e-004	3.258598e-005
0.123972	6.041106e-004	3.264748e-005
0.12424900000000001	6.435241e-004	3.249781e-005
0.12452600000000001	6.300129e-004	3.248952e-005
0.124803	5.986648e-004	3.254358e-005
0.12507900000000002	5.906504e-004	3.248303e-005
0.125356	5.863781e-004	3.251104e-005
0.125633	6.002234e-004	3.244735e-005
0.12591000000000002	6.167285e-004	3.255358e-005
0.12618700000000002	6.441357e-004	3.250176e-005
0.126464	6.042810e-004	3.232090e-005
0.126741	5.903800e-004	3.254808e-005
0.12701800000000002	5.574760e-004	3.231259e-005
0.127294	6.271523e-004	3.249359e-005
0.127571	6.000974e-004	3.230654e-005
0.12784800000000002	6.785219e-004	3.219172e-005
0.12812500000000002	6.092307e-004	3.230017e-005
0.128402	6.200330e-004	3.221690e-005
0.12867900000000002	5.152338e-004	3.212110e-005
0.12895600000000002	5.379044e-004	3.203868e-005
0.12923300000000001	5.617337e-004	3.217349e-005
0.12951	5.638013e-004	3.222556e-005
0.129786	5.167625e-004	3.193108e-005
0.130063	6.364186e-004	3.189830e-005
0.13033999999999998	5.696442e-004	3.194086e-005
0.130617	6.075971e-004	3.203919e-005
0.130894	5.459494e-004	3.185572e-005
0.131171	5.385434e-004	3.185974e-005
0.131448	5.495791e-004	3.172125e-005
0.131725	5.255096e-004	3.188975e-005
0.132002	5.798880e-004	3.177740e-005
0.132278	5.298178e-004	3.162988e-005
0.132555	5.675522e-004	3.174200e-005
0.132832	5.857287e-004	3.157200e-005
0.133109	5.613316e-004	3.168196e-005
0.133386	6.154211e-004	3.161292e-005
0.133663	5.433326e-004	3.140515e-005
0.13394	5.650137e-004	3.160637e-005
0.134217	5.333130e-004	3.155111e-005
0.134493	5.188755e-004	3.145685e-005
0.13477	5.419577e-004	3.138723e-005
0.135047	4.715637e-004	3.132355e-005
0.135324	5.671797e-004	3.143273e-005
0.135601	5.517155e-004	3.126560e-005
0.13587800000000003	5.219980e-004	3.123208e-005
0.136155	4.964231e-004	3.144311e-005
0.136432	5.021837e-004	3.180591e-005
0.136709	5.792184e-004	3.222547e-005
0.136985	5.864278e-004	3.222102e-005
0.137262	5.501654e-004	3.256244e-005
0.137539	4.893505e-004	3.268544e-005
0.13781600000000002	5.009092e-004	3.282767e-005
0.138093	4.933900e-004	3.296646e-005
0.13837	4.750043e-004	3.281689e-005
0.13864700000000002	5.111055e-004	3.317253e-005
0.13892400000000002	4.922353e-004	3.333216e-005
0.139201	5.357648e-004	3.327381e-005
0.13947700000000002	5.071489e-004	3.334209e-005
0.13975400000000002	5.593659e-004	3.354605e-005
0.140031	5.104063e-004	3.360487e-005
0.14030800000000002	4.948959e-004	3.361279e-005
0.14058500000000002	4.417000e-004	3.356174e-005
0.14086200000000001	5.033663e-004	3.381482e-005
0.141139	5.335413e-004	3.392260e-005
0.14141600000000001	4.932241e-004	3.401082e-005
0.141692	4.706757e-004	3.389009e-005
0.14196899999999998	5.073445e-004	3.403067e-005
0.142246	4.774934e-004	3.405590e-005
0.142523	5.007703e-004	3.414258e-005
0.1428	4.851753e-004	3.405332e-005
0.143077	5.093926e-004	3.340566e-005
0.143354	4.413878e-004	3.303525e-005
0.143631	4.509536e-004	3.275591e-005
0.143908	5.005403e-004	3.245877e-005
0.144184	3.866035e-004	3.228705e-005
0.144461	4.606862e-004	3.230655e-005
0.144738	4.522405e-004	3.220855e-005
0.145015	4.408200e-004	3.199120e-005
0.145292	4.454815e-004	3.187444e-005
0.145569	4.576162e-004	3.186807e-005
0.145846	4.413757e-004	3.179828e-005
0.146123	3.958132e-004	3.178876e-005
0.146399	4.436296e-004	3.152925e-005
0.146676	4.326825e-004	3.149361e-005
0.146953	4.352592e-004	3.146438e-005
0.14723	4.357629e-004	3.145331e-005
0.14750700000000003	4.827809e-004	3.129829e-005
0.147784	3.884806e-004	3.126291e-005
0.148061	4.770797e-004	3.133922e-005
0.148338	4.407384e-004	3.123057e-005
0.14861500000000002	4.145691e-004	3.102416e-005
0.148891	4.888829e-004	3.105774e-005
0.149168	4.245242e-004	3.103323e-005
0.14944500000000002	3.980560e-004	3.112141e-005
0.149722	4.443031e-004	3.094042e-005
0.149999	4.833341e-004	3.097806e-005
0.15027600000000002	3.695598e-004	3.087213e-005
0.15055300000000002	4.334118e-004	3.091007e-005
0.15083000000000002	3.819006e-004	3.086323e-005
0.151107	4.385114e-004	3.068577e-005
0.15138300000000002	3.801834e-004	3.088737e-005
0.15166000000000002	4.355633e-004	3.073328e-005
0.15193700000000002	4.475684e-004	3.075117e-005
0.15221400000000002	4.129676e-004	3.056844e-005
0.15249100000000002	4.271569e-004	3.055114e-005
0.15276800000000001	4.354717e-004	3.074369e-005
0.15304500000000001	4.113589e-004	3.047666e-005
0.153322	3.572689e-004	3.038935e-005
0.153598	3.652245e-004	3.038106e-005
0.153875	3.835897e-004	3.038341e-005
0.154152	3.906684e-004	3.053421e-005
0.154429	3.851472e-004	3.011642e-005
0.154706	3.598188e-004	3.027125e-005
0.154983	4.161142e-004	3.036075e-005
0.15526	3.463878e-004	3.004406e-005
0.155537	4.170555e-004	3.017578e-005
0.155814	3.758790e-004	2.995613e-005
0.15609	4.073369e-004	3.016174e-005
0.156367	4.433448e-004	3.017252e-005
0.156644	4.338055e-004	2.997733e-005
0.156921	3.739226e-004	3.000955e-005
0.157198	3.791312e-004	2.981759e-005
0.15747500000000003	4.196570e-004	3.006221e-005
0.157752	4.114295e-004	2.994788e-005
0.158029	3.979542e-004	2.965757e-005
0.15830500000000003	3.575823e-004	2.982780e-005
0.158582	3.426728e-004	2.972741e-005
0.158859	4.083532e-004	2.983456e-005
0.15913600000000003	3.864229e-004	2.967128e-005
0.15941300000000003	3.498102e-004	2.951097e-005
0.15969	3.865071e-004	2.975773e-005
0.159967	4.014477e-004	2.961255e-005
0.16024400000000003	3.450188e-004	2.953354e-005
0.16052100000000002	4.360876e-004	2.952090e-005
0.160797	3.729016e-004	2.948436e-005
0.16107400000000002	3.491610e-004	2.944282e-005
0.16135100000000002	3.701657e-004	2.943311e-005
0.161628	4.012795e-004	2.938804e-005
0.16190500000000002	3.750770e-004	2.944972e-005
0.16218200000000002	3.147925e-004	2.927831e-005
0.16245900000000002	3.198735e-004	2.935443e-005
0.162736	3.987687e-004	2.925967e-005
0.16301300000000002	2.893400e-004	2.916120e-005
0.16328900000000002	3.154204e-004	2.925282e-005
0.163566	3.252878e-004	2.922960e-005
0.16384300000000002	4.290918e-004	2.912456e-005
0.16412000000000002	3.480354e-004	2.908845e-005
0.16439700000000002	2.929197e-004	2.894890e-005
0.16467400000000001	3.866764e-004	2.906687e-005
0.16495100000000001	3.800161e-004	2.897080e-005
0.165228	3.481327e-004	2.888519e-005
0.165504	3.740007e-004	2.898101e-005
0.165781	3.133444e-004	2.874608e-005
0.166058	3.773177e-004	2.879483e-005
0.166335	3.331288e-004	2.862214e-005
0.166612	3.480534e-004	2.872830e-005
0.166889	3.485983e-004	2.877461e-005
0.167166	3.284507e-004	2.862121e-005
0.167443	3.164447e-004	2.857965e-005
0.16772	3.408313e-004	2.855204e-005
0.167996	3.482321e-004	2.851991e-005
0.168273	4.033357e-004	2.868755e-005
0.16855	2.864591e-004	2.850675e-005
0.168827	3.474241e-004	2.851401e-005
0.16910400000000003	3.307012e-004	2.842364e-005
0.169381	3.417311e-004	2.838060e-005
0.169658	3.235801e-004	2.847112e-005
0.169935	3.495741e-004	2.840519e-005
0.17021200000000003	3.880028e-004	2.852052e-005
0.170488	2.980014e-004	2.840992e-005
0.170765	2.912266e-004	2.843139e-005
0.17104200000000003	3.264971e-004	2.834821e-005
0.171319	3.288718e-004	2.842015e-005
0.171596	2.992856e-004	2.839083e-005
0.17187300000000003	2.969142e-004	2.836685e-005
0.17215000000000003	2.370547e-004	2.831234e-005
0.172427	3.293560e-004	2.828076e-005
0.17270300000000002	3.225176e-004	2.828249e-005
0.17298000000000002	3.565714e-004	2.834309e-005
0.173257	3.096596e-004	2.824822e-005
0.17353400000000002	2.687885e-004	2.827167e-005
0.17381100000000002	3.020144e-004	2.822447e-005
0.17408800000000002	2.722941e-004	2.813665e-005
0.174365	3.263802e-004	2.823037e-005
0.17464200000000002	3.346084e-004	2.802783e-005
0.17491900000000002	3.059185e-004	2.810973e-005
0.175195	2.849742e-004	2.814937e-005
0.17547200000000002	3.475784e-004	2.817767e-005
0.17574900000000002	3.728783e-004	2.811660e-005
0.17602600000000002	3.360497e-004	2.795535e-005
0.17630300000000002	3.303417e-004	2.805551e-005
0.17658000000000001	3.442233e-004	2.808412e-005
0.17685700000000001	3.340027e-004	2.803856e-005
0.177134	3.217169e-004	2.798307e-005
0.17741	3.137247e-004	2.789310e-005
0.177687	3.335274e-004	2.795514e-005
0.177964	3.144432e-004	2.793096e-005
0.178241	2.668929e-004	2.781858e-005
0.178518	2.987887e-004	2.787500e-005
0.178795	2.912790e-004	2.792975e-005
0.179072	3.064714e-004	2.782570e-005
0.179349	2.945129e-004	2.779338e-005
0.179626	3.040834e-004	2.773995e-005
0.179902	2.939244e-004	2.784072e-005
0.180179	3.222428e-004	2.778947e-005
0.180456	3.229155e-004	2.769245e-005
0.18073300000000003	2.688953e-004	2.772511e-005
0.18101	3.356074e-004	2.764550e-005
0.181287	2.821795e-004	2.768225e-005
0.181564	2.771634e-004	2.773898e-005
0.18184100000000003	3.238133e-004	2.762931e-005
0.182118	3.270760e-004	2.772016e-005
0.182394	2.618833e-004	2.771557e-005
0.18267100000000003	2.441063e-004	2.774923e-005
0.182948	2.867417e-004	2.788313e-005
0.183225	3.137508e-004	2.762541e-005
0.18350200000000003	2.655887e-004	2.794813e-005
0.18377900000000003	3.043313e-004	2.784465e-005
0.184056	3.187100e-004	2.777965e-005
0.184333	2.854391e-004	2.785686e-005
0.18460900000000002	2.588703e-004	2.786329e-005
0.184886	2.518598e-004	2.797867e-005
0.18516300000000002	2.953164e-004	2.784243e-005
0.18544000000000002	2.910748e-004	2.790021e-005
0.18571700000000002	2.801184e-004	2.796746e-005
0.185994	2.804520e-004	2.770215e-005
0.18627100000000002	2.325726e-004	2.778166e-005
0.18654800000000002	2.605994e-004	2.771212e-005
0.18682500000000002	2.653165e-004	2.766214e-005
0.18710100000000002	2.546496e-004	2.773526e-005
0.18737800000000002	2.825400e-004	2.754861e-005
0.18765500000000002	3.303556e-004	2.768543e-005
0.18793200000000002	2.992928e-004	2.753708e-005
0.18820900000000002	2.341249e-004	2.753054e-005
0.18848600000000001	2.629825e-004	2.749825e-005
0.18876300000000001	3.043051e-004	2.731570e-005
0.18904	3.153367e-004	2.749202e-005
0.189316	2.800768e-004	2.745021e-005
0.189593	3.148666e-004	2.736026e-005
0.18987	2.870111e-004	2.731293e-005
0.190147	2.506855e-004	2.726953e-005
0.190424	2.498885e-004	2.727278e-005
0.190701	2.465344e-004	2.724960e-005
0.190978	2.651793e-004	2.714571e-005
0.191255	2.675849e-004	2.726107e-005
0.191532	3.148071e-004	2.719002e-005
0.191808	2.191996e-004	2.708452e-005
0.192085	2.790849e-004	2.708392e-005
0.19236200000000003	3.088705e-004	2.711645e-005
0.192639	2.167718e-004	2.707413e-005
0.192916	2.225942e-004	2.707988e-005
0.193193	3.145856e-004	2.698335e-005
0.19347000000000003	2.238343e-004	2.696167e-005
0.193747	2.308681e-004	2.692306e-005
0.194024	2.720124e-004	2.704438e-005
0.19430000000000003	2.904401e-004	2.698420e-005
0.194577	3.175925e-004	2.683824e-005
0.194854	2.639545e-004	2.699123e-005
0.19513100000000003	2.763307e-004	2.732919e-005
0.19540800000000003	2.630123e-004	2.762903e-005
0.195685	2.402935e-004	2.771427e-005
0.195962	2.653742e-004	2.800360e-005
0.19623900000000002	2.419973e-004	2.802007e-005
0.196515	2.616926e-004	2.804957e-005
0.196792	2.690804e-004	2.809641e-005
0.19706900000000002	2.855783e-004	2.816164e-005
0.19734600000000002	2.549422e-004	2.834004e-005
0.197623	2.235134e-004	2.844569e-005
0.19790000000000002	2.395399e-004	2.833535e-005
0.19817700000000002	2.655356e-004	2.838072e-005
0.19845400000000002	2.885856e-004	2.847006e-005
0.198731	2.438926e-004	2.865806e-005
0.19900700000000002	2.492582e-004	2.858964e-005
0.19928400000000002	2.325302e-004	2.868237e-005
0.19956100000000002	2.543227e-004	2.874997e-005
0.19983800000000002	2.858386e-004	2.878508e-005
0.20011500000000002	2.430756e-004	2.880230e-005
0.20039200000000001	2.521682e-004	2.880440e-005
0.200669	2.542922e-004	2.896967e-005
0.20094599999999999	2.672403e-004	2.911686e-005
0.20122300000000004	2.346845e-004	2.911478e-005
0.201499	2.208777e-004	2.900884e-005
0.201776	2.264458e-004	2.859769e-005
0.202053	1.870132e-004	2.833667e-005
0.20233	1.891741e-004	2.834060e-005
0.20260699999999998	1.504227e-004	2.800534e-005
0.20288400000000004	2.373952e-004	2.813123e-005
0.20316100000000004	2.443756e-004	2.783192e-005
0.203438	2.305627e-004	2.784795e-005
0.203714	1.900653e-004	2.769520e-005
0.203991	2.545200e-004	2.763328e-005
0.204268	2.082951e-004	2.775757e-005
0.20454500000000003	2.269509e-004	2.763039e-005
0.20482200000000003	2.437574e-004	2.742852e-005
0.20509900000000003	2.480798e-004	2.736465e-005
0.205376	2.675180e-004	2.739228e-005
0.205653	2.482245e-004	2.745315e-005
0.20593	2.139605e-004	2.734665e-005
0.206206	2.562102e-004	2.734643e-005
0.20648300000000003	2.643606e-004	2.730593e-005
0.20676000000000003	2.033642e-004	2.722391e-005
0.20703700000000003	2.576545e-004	2.728534e-005
0.207314	2.225166e-004	2.717641e-005
0.207591	2.309018e-004	2.726250e-005
0.207868	2.104382e-004	2.720731e-005
0.208145	1.973426e-004	2.708987e-005
0.20842100000000002	2.190482e-004	2.696824e-005
0.20869800000000002	2.499626e-004	2.698768e-005
0.20897500000000002	2.310727e-004	2.710965e-005
0.209252	2.226545e-004	2.706598e-005
0.209529	2.218481e-004	2.698681e-005
0.209806	2.128856e-004	2.677220e-005
0.21008300000000002	2.095529e-004	2.688172e-005
0.21036000000000002	1.682821e-004	2.693098e-005
0.21063700000000002	2.159634e-004	2.682012e-005
0.21091300000000002	2.651970e-004	2.684991e-005
0.21119	2.161107e-004	2.679498e-005
0.211467	2.706247e-004	2.673583e-005
0.21174400000000004	2.130290e-004	2.678434e-005
0.21202100000000002	2.067406e-004	2.664766e-005
0.21229800000000001	1.618714e-004	2.669044e-005
0.21257500000000001	2.251524e-004	2.672943e-005
0.212852	2.354940e-004	2.664443e-005
0.213129	2.102595e-004	2.662783e-005
0.21340499999999998	2.085965e-004	2.649724e-005
0.21368200000000004	2.114547e-004	2.661406e-005
0.213959	2.425458e-004	2.663783e-005
0.214236	2.175783e-004	2.653159e-005
0.214513	1.766208e-004	2.647586e-005
0.21479	1.831646e-004	2.645696e-005
0.215067	2.273412e-004	2.649744e-005
0.21534399999999998	2.049173e-004	2.645454e-005
0.21562000000000003	1.937133e-004	2.635625e-005
0.215897	1.898174e-004	2.640800e-005
0.216174	2.220561e-004	2.632874e-005
0.216451	2.527603e-004	2.634503e-005
0.216728	1.825664e-004	2.614739e-005
0.217005	1.843479e-004	2.623342e-005
0.21728200000000003	2.472673e-004	2.625142e-005
0.21755900000000003	2.580867e-004	2.625136e-005
0.21783600000000003	1.732056e-004	2.613780e-005
0.218112	2.297654e-004	2.616443e-005
0.218389	2.081590e-004	2.609822e-005
0.218666	2.323081e-004	2.617638e-005
0.21894300000000003	1.875774e-004	2.612752e-005
0.21922000000000003	2.383969e-004	2.612355e-005
0.21949700000000003	1.914659e-004	2.608258e-005
0.21977400000000002	2.281213e-004	2.604524e-005
0.220051	2.137091e-004	2.603400e-005
0.220327	2.036816e-004	2.605074e-005
0.220604	1.930429e-004	2.597678e-005
0.22088100000000002	1.906891e-004	2.603649e-005
0.22115800000000002	1.851199e-004	2.597007e-005
0.22143500000000002	2.100453e-004	2.591232e-005
0.22171200000000002	1.557706e-004	2.601119e-005
0.221989	1.966188e-004	2.595302e-005
0.222266	2.766562e-004	2.611424e-005
0.222543	2.299758e-004	2.586016e-005
0.22281900000000002	1.442275e-004	2.589756e-005
0.22309600000000002	2.306184e-004	2.606903e-005
0.22337300000000002	2.107644e-004	2.593171e-005
0.22365000000000002	1.892682e-004	2.595679e-005
0.223927	2.162068e-004	2.586826e-005
0.224204	2.147932e-004	2.586917e-005
0.22448100000000004	2.059860e-004	2.592742e-005
0.224758	1.890064e-004	2.583830e-005
0.225035	2.195683e-004	2.590318e-005
0.225311	2.291516e-004	2.578530e-005
0.225588	1.718017e-004	2.578856e-005
0.22586499999999998	1.528005e-004	2.580187e-005
0.22614200000000004	2.243380e-004	2.567238e-005
0.22641900000000004	1.825073e-004	2.573781e-005
0.226696	1.775263e-004	2.569952e-005
0.226973	2.108925e-004	2.576494e-005
0.22725	2.185033e-004	2.560996e-005
0.227526	2.231719e-004	2.554967e-005
0.22780300000000003	2.021074e-004	2.557017e-005
0.22808000000000003	1.938839e-004	2.558803e-005
0.22835700000000003	1.806466e-004	2.560013e-005
0.228634	1.902367e-004	2.542917e-005
0.228911	1.969586e-004	2.546715e-005
0.229188	1.923960e-004	2.551789e-005
0.229465	2.105619e-004	2.546401e-005
0.229742	1.902572e-004	2.549786e-005
0.23001800000000003	1.852562e-004	2.551269e-005
0.23029500000000003	2.179736e-004	2.561888e-005
0.230572	2.079821e-004	2.564722e-005
0.230849	1.863535e-004	2.555706e-005
0.231126	2.421314e-004	2.573924e-005
0.231403	1.328001e-004	2.569923e-005
0.23168000000000002	2.100151e-004	2.585145e-005
0.23195700000000002	2.467816e-004	2.578346e-005
0.23223400000000002	1.866769e-004	2.577269e-005
0.23251	1.614475e-004	2.585536e-005
0.232787	1.673695e-004	2.586774e-005
0.233064	1.848757e-004	2.593960e-005
0.23334100000000002	1.841226e-004	2.583667e-005
0.23361800000000002	1.790907e-004	2.583509e-005
0.23389500000000002	1.581949e-004	2.593128e-005
0.23417200000000002	1.596364e-004	2.576446e-005
0.23444900000000002	1.722625e-004	2.564852e-005
0.234725	1.627713e-004	2.574362e-005
0.23500200000000004	1.487770e-004	2.576656e-005
0.23527900000000002	2.100087e-004	2.566441e-005
0.23555600000000002	1.724155e-004	2.553163e-005
0.23583300000000001	1.572225e-004	2.552568e-005
0.23611000000000001	1.386344e-004	2.554627e-005
0.236387	2.004544e-004	2.559745e-005
0.23666399999999999	1.778069e-004	2.546597e-005
0.23694099999999998	2.016511e-004	2.558275e-005
0.237217	1.678932e-004	2.538336e-005
0.237494	1.485965e-004	2.545424e-005
0.237771	2.059574e-004	2.533255e-005
0.238048	1.474144e-004	2.536553e-005
0.238325	1.489033e-004	2.542458e-005
0.23860199999999998	1.688369e-004	2.537591e-005
0.23887900000000004	1.821131e-004	2.531361e-005
0.23915600000000004	1.429513e-004	2.511427e-005
0.239432	2.189910e-004	2.530663e-005
0.239709	1.610562e-004	2.533833e-005
0.239986	1.658299e-004	2.518712e-005
0.240263	1.430941e-004	2.515894e-005
0.24054000000000003	1.481118e-004	2.515838e-005
0.24081700000000003	1.974259e-004	2.515468e-005
0.24109400000000003	1.225790e-004	2.517141e-005
0.241371	1.751771e-004	2.500855e-005
0.241648	2.016505e-004	2.509885e-005
0.241924	1.680476e-004	2.515378e-005
0.24220100000000003	1.959073e-004	2.495522e-005
0.24247800000000003	1.589748e-004	2.495012e-005
0.24275500000000003	1.295893e-004	2.487378e-005
0.24303200000000003	1.452990e-004	2.493886e-005
0.243309	2.285689e-004	2.494289e-005
0.243586	1.301221e-004	2.479357e-005
0.243863	2.028804e-004	2.484568e-005
0.24414	1.693875e-004	2.483317e-005
0.24441600000000002	1.782839e-004	2.480858e-005
0.24469300000000002	2.157759e-004	2.487379e-005
0.24497000000000002	2.000927e-004	2.476918e-005
0.245247	1.923940e-004	2.485876e-005
0.245524	1.203746e-004	2.484621e-005
0.245801	1.527194e-004	2.481187e-005
0.24607800000000002	1.775278e-004	2.480938e-005
0.24635500000000002	1.873218e-004	2.487148e-005
0.24663100000000002	2.083631e-004	2.485670e-005
0.24690800000000002	1.959179e-004	2.496654e-005
0.247185	1.417289e-004	2.477318e-005
0.247462	1.743264e-004	2.479307e-005
0.24773900000000004	1.913621e-004	2.486816e-005
0.24801600000000001	1.890303e-004	2.475757e-005
0.248293	1.954180e-004	2.486853e-005
0.24857	1.787955e-004	2.468240e-005
0.248847	1.658984e-004	2.483666e-005
0.24912299999999998	1.881410e-004	2.476497e-005
0.24940000000000004	1.612327e-004	2.467536e-005
0.24967700000000004	1.686728e-004	2.483831e-005
0.249954	2.089053e-004	2.469781e-005
0.25023100000000004	1.554365e-004	2.473850e-005
0.250508	1.483406e-004	2.469583e-005
0.250785	1.295351e-004	2.461942e-005
0.251062	1.312079e-004	2.476067e-005
0.251338	1.882630e-004	2.457839e-005
0.25161500000000003	1.427146e-004	2.468069e-005
0.251892	1.490171e-004	2.463467e-005
0.25216900000000003	1.328838e-004	2.457154e-005
0.252446	1.441059e-004	2.464624e-005
0.252723	1.657951e-004	2.467926e-005
0.253	1.670073e-004	2.456691e-005
0.25327700000000003	1.699158e-004	2.457447e-005
0.253554	1.744436e-004	2.461511e-005
0.25383	1.615822e-004	2.504732e-005
0.254107	1.390313e-004	2.520133e-005
0.254384	1.620185e-004	2.534428e-005
0.25466099999999997	1.478504e-004	2.554544e-005
0.25493800000000005	1.687827e-004	2.552345e-005
0.255215	1.778276e-004	2.585474e-005
0.255492	1.720408e-004	2.568561e-005
0.255769	1.345364e-004	2.597650e-005
0.256046	1.351961e-004	2.593996e-005
0.256322	1.600462e-004	2.605110e-005
0.256599	1.329503e-004	2.615919e-005
0.25687600000000005	1.716789e-004	2.616303e-005
0.257153	1.527137e-004	2.628561e-005
0.25743	1.624145e-004	2.628523e-005
0.257707	1.225419e-004	2.634850e-005
0.257984	1.092530e-004	2.635637e-005
0.258261	1.441342e-004	2.633133e-005
0.258537	1.521953e-004	2.655198e-005
0.25881400000000004	1.704057e-004	2.656161e-005
0.259091	1.013151e-004	2.654088e-005
0.259368	1.337547e-004	2.668673e-005
0.259645	1.768732e-004	2.666745e-005
0.259922	1.376225e-004	2.687341e-005
0.260199	1.397924e-004	2.658593e-005
0.26047600000000004	1.431934e-004	2.632173e-005
0.260753	1.684345e-004	2.617075e-005
0.261029	1.191003e-004	2.591208e-005
0.261306	1.321285e-004	2.583194e-005
0.261583	1.545073e-004	2.574664e-005
0.26186	1.551012e-004	2.571147e-005
0.262137	2.053079e-004	2.568471e-005
0.26241400000000004	1.521558e-004	2.556017e-005
0.262691	1.353404e-004	2.549243e-005
0.26296800000000004	1.373237e-004	2.540449e-005
0.263245	1.595522e-004	2.543898e-005
0.263521	1.680048e-004	2.543148e-005
0.26379800000000003	1.904290e-004	2.524723e-005
0.264075	1.547001e-004	2.534090e-005
0.26435200000000003	1.653321e-004	2.544513e-005
0.264629	1.493301e-004	2.525073e-005
0.26490600000000003	1.553852e-004	2.524459e-005
0.265183	1.310832e-004	2.514817e-005
0.26546	1.379153e-004	2.520880e-005
0.265736	1.552688e-004	2.524803e-005
0.266013	1.371437e-004	2.501808e-005
0.26629	1.491737e-004	2.509907e-005
0.266567	1.661815e-004	2.490858e-005
0.266844	1.894499e-004	2.493322e-005
0.267121	1.466054e-004	2.493210e-005
0.26739799999999997	2.076774e-004	2.475702e-005
0.26767500000000005	1.664255e-004	2.482791e-005
0.267952	1.119621e-004	2.470286e-005
0.268228	1.568697e-004	2.459635e-005
0.268505	1.498588e-004	2.468686e-005
0.268782	1.453034e-004	2.454725e-005
0.269059	1.400181e-004	2.468089e-005
0.269336	1.653249e-004	2.458769e-005
0.26961300000000005	1.709314e-004	2.443534e-005
0.26989	1.430961e-004	2.452447e-005
0.270167	1.577919e-004	2.442601e-005
0.270443	1.666269e-004	2.456802e-005
0.27072	1.144248e-004	2.440973e-005
0.27099700000000004	1.246459e-004	2.438249e-005
0.271274	1.590600e-004	2.448561e-005
0.27155100000000004	1.283174e-004	2.441406e-005
0.271828	1.079377e-004	2.444537e-005
0.272105	1.642920e-004	2.445419e-005
0.272382	1.010276e-004	2.445407e-005
0.272659	1.381335e-004	2.449883e-005
0.27293500000000004	1.018960e-004	2.436932e-005
0.273212	1.117568e-004	2.432351e-005
0.27348900000000004	1.230621e-004	2.440830e-005
0.273766	1.440388e-004	2.437172e-005
0.274043	1.481251e-004	2.434040e-005
0.27432	1.767935e-004	2.428863e-005
0.274597	1.861557e-004	2.434714e-005
0.274874	1.518485e-004	2.429016e-005
0.27515100000000003	1.228365e-004	2.426735e-005
0.27542700000000003	1.183047e-004	2.418553e-005
0.275704	1.470476e-004	2.430591e-005
0.275981	1.498756e-004	2.426151e-005
0.276258	1.336076e-004	2.430405e-005
0.27653500000000003	8.497760e-005	2.422820e-005
0.276812	1.208502e-004	2.419566e-005
0.27708900000000003	1.806209e-004	2.428145e-005
0.277366	1.409251e-004	2.424256e-005
0.277642	1.396017e-004	2.429707e-005
0.27791899999999997	1.619113e-004	2.420962e-005
0.27819600000000005	1.418928e-004	2.414163e-005
0.278473	1.564224e-004	2.422168e-005
0.27875	1.672338e-004	2.413926e-005
0.279027	1.402531e-004	2.412452e-005
0.279304	1.570607e-004	2.420631e-005
0.279581	1.344862e-004	2.415830e-005
0.279858	1.535964e-004	2.414501e-005
0.28013400000000005	1.544954e-004	2.406852e-005
0.280411	1.565866e-004	2.408262e-005
0.280688	1.396027e-004	2.411090e-005
0.280965	1.280437e-004	2.406197e-005
0.281242	1.064915e-004	2.407539e-005
0.281519	1.643727e-004	2.403234e-005
0.281796	1.458411e-004	2.398630e-005
0.282073	1.296952e-004	2.406265e-005
0.282349	1.193708e-004	2.394239e-005
0.282626	2.102170e-004	2.404850e-005
0.282903	1.538892e-004	2.399875e-005
0.28318	1.419529e-004	2.402896e-005
0.283457	1.268626e-004	2.394397e-005
0.28373400000000004	1.296251e-004	2.388753e-005
0.284011	1.368958e-004	2.389414e-005
0.28428800000000004	1.274642e-004	2.396354e-005
0.284565	1.270205e-004	2.391329e-005
0.284841	1.106802e-004	2.388794e-005
0.285118	1.448056e-004	2.388862e-005
0.285395	1.465307e-004	2.388003e-005
0.28567200000000004	1.720053e-004	2.383239e-005
0.285949	1.267582e-004	2.385292e-005
0.28622600000000004	1.269144e-004	2.391318e-005
0.286503	1.043169e-004	2.390459e-005
0.28678	1.139074e-004	2.378518e-005
0.287057	1.096502e-004	2.370469e-005
0.287333	1.506585e-004	2.382133e-005
0.28761000000000003	1.325135e-004	2.380856e-005
0.287887	1.763564e-004	2.383913e-005
0.28816400000000003	1.424870e-004	2.374238e-005
0.288441	1.428512e-004	2.374711e-005
0.288718	1.445460e-004	2.375727e-005
0.288995	1.254410e-004	2.374172e-005
0.28927200000000003	1.259286e-004	2.371890e-005
0.289548	1.514119e-004	2.369983e-005
0.289825	1.052843e-004	2.376903e-005
0.290102	1.307693e-004	2.365150e-005
0.290379	1.574298e-004	2.364773e-005
0.29065599999999997	1.810583e-004	2.363948e-005
0.29093300000000005	1.431435e-004	2.365843e-005
0.29121	1.296162e-004	2.371927e-005
0.291487	1.256948e-004	2.365596e-005
0.291764	1.342052e-004	2.357946e-005
0.29204	1.201598e-004	2.354219e-005
0.292317	1.201301e-004	2.358911e-005
0.292594	1.410397e-004	2.364766e-005
0.29287100000000005	9.616491e-005	2.359463e-005
0.293148	1.255364e-004	2.358030e-005
0.293425	1.087895e-004	2.354593e-005
0.293702	1.618544e-004	2.358262e-005
0.293979	7.558313e-005	2.348567e-005
0.294256	1.522703e-004	2.351694e-005
0.294532	9.589966e-005	2.358003e-005
0.29480900000000004	1.110023e-004	2.349374e-005
0.295086	1.505627e-004	2.351224e-005
0.295363	1.004529e-004	2.343592e-005
0.29564	1.140209e-004	2.348847e-005
0.295917	1.055741e-004	2.350650e-005
0.296194	1.052075e-004	2.345805e-005
0.29647100000000004	1.099552e-004	2.348417e-005
0.29674700000000004	8.886674e-005	2.339991e-005
0.297024	9.353129e-005	2.343357e-005
0.297301	8.929104e-005	2.346582e-005
0.297578	1.505813e-004	2.335961e-005
0.297855	1.477121e-004	2.347610e-005
0.298132	1.047086e-004	2.338780e-005
0.29840900000000004	1.471865e-004	2.337769e-005
0.298686	1.399965e-004	2.338944e-005
0.29896300000000003	1.015575e-004	2.329525e-005
0.299239	1.235529e-004	2.338589e-005
0.299516	1.370154e-004	2.335801e-005
0.29979300000000003	1.744582e-004	2.332936e-005
0.30007000000000006	1.652090e-004	2.336371e-005
0.30034700000000003	1.386760e-004	2.328941e-005
0.300624	1.506907e-004	2.326201e-005
0.30090100000000003	1.591464e-004	2.330350e-005
0.301178	1.349192e-004	2.327539e-005
0.30145400000000006	1.353037e-004	2.325763e-005
0.301731	1.283957e-004	2.315044e-005
0.30200800000000005	1.202480e-004	2.319879e-005
0.302285	1.243102e-004	2.319796e-005
0.302562	1.256625e-004	2.314975e-005
0.302839	1.215485e-004	2.313297e-005
0.303116	9.452741e-005	2.317029e-005
0.303393	1.294389e-004	2.310094e-005
0.30367000000000005	1.462089e-004	2.313543e-005
0.30394600000000005	1.017445e-004	2.310120e-005
0.304223	9.817739e-005	2.311502e-005
0.3045	9.003196e-005	2.314560e-005
0.304777	8.758237e-005	2.303146e-005
0.305054	1.204224e-004	2.313221e-005
0.305331	1.248039e-004	2.308481e-005
0.30560800000000005	9.722339e-005	2.313495e-005
0.305885	1.292319e-004	2.314596e-005
0.30616200000000005	1.175601e-004	2.308915e-005
0.306438	8.846369e-005	2.307474e-005
0.306715	1.204994e-004	2.312337e-005
0.30699200000000004	1.612234e-004	2.311368e-005
0.307269	1.529361e-004	2.317056e-005
0.30754600000000004	1.245214e-004	2.308960e-005
0.307823	1.169796e-004	2.313121e-005
0.30810000000000004	1.638865e-004	2.314782e-005
0.308377	1.350181e-004	2.304323e-005
0.30865300000000007	1.091289e-004	2.307415e-005
0.30893000000000004	1.412430e-004	2.306559e-005
0.309207	1.346205e-004	2.318489e-005
0.30948400000000004	1.096987e-004	2.299274e-005
0.309761	1.043078e-004	2.299107e-005
0.31003800000000004	1.236295e-004	2.303661e-005
0.310315	1.037616e-004	2.303075e-005
0.310592	1.881219e-004	2.310461e-005
0.31086900000000006	8.859039e-005	2.298306e-005
0.311145	1.714416e-004	2.298694e-005
0.31142200000000003	1.451524e-004	2.302432e-005
0.311699	1.716119e-004	2.297238e-005
0.31197600000000003	1.012937e-004	2.296233e-005
0.312253	8.143507e-005	2.298096e-005
0.31253000000000003	1.616281e-004	2.333108e-005
0.31280700000000006	1.126711e-004	2.350953e-005
0.31308400000000003	1.165728e-004	2.356671e-005
0.31336	1.100459e-004	2.371386e-005
0.313637	1.346921e-004	2.387765e-005
0.313914	1.113619e-004	2.406541e-005
0.31419100000000005	1.293888e-004	2.399260e-005
0.314468	8.740434e-005	2.404863e-005
0.31474500000000005	9.761656e-005	2.416258e-005
0.315022	9.503858e-005	2.427776e-005
0.315299	1.363969e-004	2.433232e-005
0.315576	1.343923e-004	2.431873e-005
0.315852	1.166489e-004	2.446666e-005
0.31612900000000005	1.143347e-004	2.444841e-005
0.316406	1.255816e-004	2.441758e-005
0.31668300000000005	1.485477e-004	2.462207e-005
0.31696	1.288111e-004	2.464022e-005
0.317237	1.162521e-004	2.481479e-005
0.317514	7.990101e-005	2.476077e-005
0.317791	9.972757e-005	2.473732e-005
0.318068	1.191448e-004	2.483547e-005
0.318344	1.388947e-004	2.493534e-005
0.31862100000000004	1.422961e-004	2.507668e-005
0.318898	1.370876e-004	2.495148e-005
0.319175	1.296145e-004	2.464066e-005
0.319452	1.596842e-004	2.434308e-005
0.31972900000000004	1.004678e-004	2.422589e-005
0.320006	1.279688e-004	2.415114e-005
0.32028300000000004	9.972318e-005	2.407999e-005
0.32055900000000004	1.348419e-004	2.410633e-005
0.320836	1.078884e-004	2.385785e-005
0.321113	1.328278e-004	2.387853e-005
0.32139000000000006	1.685906e-004	2.380620e-005
0.32166700000000004	8.566407e-005	2.377010e-005
0.321944	9.659344e-005	2.383163e-005
0.32222100000000004	6.925497e-005	2.368976e-005
0.322498	7.236646e-005	2.376173e-005
0.32277500000000003	8.362779e-005	2.362154e-005
0.32305100000000003	9.902118e-005	2.365728e-005
0.32332800000000006	7.569949e-005	2.357002e-005
0.32360500000000003	1.046961e-004	2.355323e-005
0.323882	8.321310e-005	2.360104e-005
0.32415900000000003	1.184001e-004	2.352266e-005
0.324436	9.313235e-005	2.346129e-005
0.32471300000000003	8.197576e-005	2.344497e-005
0.32499	1.221543e-004	2.347407e-005
0.32526700000000003	1.437694e-004	2.348162e-005
0.325543	7.025664e-005	2.338690e-005
0.32582	1.067594e-004	2.329870e-005
0.326097	1.048177e-004	2.332173e-005
0.326374	1.341084e-004	2.329525e-005
0.326651	1.269133e-004	2.329319e-005
0.32692800000000005	1.212902e-004	2.324646e-005
0.327205	8.379194e-005	2.320776e-005
0.32748200000000005	1.337364e-004	2.326615e-005
0.327758	1.101890e-004	2.319106e-005
0.328035	1.344075e-004	2.317890e-005
0.328312	9.157905e-005	2.310396e-005
0.328589	1.214399e-004	2.319912e-005
0.32886600000000005	1.092336e-004	2.316960e-005
0.329143	9.336029e-005	2.310189e-005
0.32942000000000005	1.015417e-004	2.305797e-005
0.329697	1.085067e-004	2.307813e-005
0.329974	1.192555e-004	2.308142e-005
0.33025000000000004	1.211739e-004	2.309817e-005
0.330527	1.277944e-004	2.306642e-005
0.33080400000000004	1.419986e-004	2.303120e-005
0.331081	1.082922e-004	2.302396e-005
0.33135800000000004	1.624539e-004	2.301366e-005
0.331635	1.321873e-004	2.297701e-005
0.331912	1.731829e-004	2.310565e-005
0.332189	9.801702e-005	2.296244e-005
0.332465	1.052292e-004	2.304907e-005
0.33274200000000004	1.222007e-004	2.301561e-005
0.333019	1.396591e-004	2.292834e-005
0.33329600000000004	7.663656e-005	2.303192e-005
0.333573	1.065784e-004	2.295621e-005
0.33385	1.203043e-004	2.301834e-005
0.33412700000000006	1.047472e-004	2.285497e-005
0.33440400000000003	1.371489e-004	2.297016e-005
0.334681	9.042764e-005	2.297508e-005
0.334957	1.113493e-004	2.285638e-005
0.33523400000000003	8.752401e-005	2.293193e-005
0.335511	9.827013e-005	2.285777e-005
0.33578800000000003	1.138000e-004	2.288719e-005
0.33606500000000006	1.569289e-004	2.291776e-005
0.33634200000000003	1.180210e-004	2.278034e-005
0.336619	5.366841e-005	2.286746e-005
0.33689600000000003	7.512028e-005	2.276826e-005
0.337173	1.080839e-004	2.281542e-005
0.33744900000000005	1.065911e-004	2.279466e-005
0.337726	7.899772e-005	2.273350e-005
0.33800300000000005	1.484065e-004	2.279037e-005
0.33828	8.367796e-005	2.268851e-005
0.338557	9.830831e-005	2.273095e-005
0.338834	9.063704e-005	2.270079e-005
0.339111	8.979437e-005	2.268031e-005
0.339388	1.447565e-004	2.276155e-005
0.339664	1.221811e-004	2.264881e-005
0.33994100000000005	1.284384e-004	2.265930e-005
0.340218	8.658637e-005	2.266410e-005
0.340495	1.273086e-004	2.261528e-005
0.340772	6.463431e-005	2.264838e-005
0.341049	1.018043e-004	2.253949e-005
0.341326	1.038282e-004	2.261318e-005
0.34160300000000005	8.665088e-005	2.252337e-005
0.34188	1.525879e-004	2.260459e-005
0.342156	6.179437e-005	2.251372e-005
0.342433	8.591516e-005	2.241907e-005
0.34271	1.127348e-004	2.249372e-005
0.34298700000000004	1.161567e-004	2.251660e-005
0.343264	1.189057e-004	2.243579e-005
0.34354100000000004	9.840707e-005	2.239139e-005
0.343818	8.601450e-005	2.236972e-005
0.34409500000000004	1.002059e-004	2.241910e-005
0.344371	1.076273e-004	2.241582e-005
0.34464800000000007	9.300146e-005	2.235638e-005
0.34492500000000004	1.426793e-004	2.244067e-005
0.345202	8.182470e-005	2.233659e-005
0.34547900000000004	9.413145e-005	2.233855e-005
0.345756	8.751676e-005	2.233572e-005
0.34603300000000004	1.015418e-004	2.238446e-005
0.34631	1.017527e-004	2.232431e-005
0.346587	8.969218e-005	2.239697e-005
0.34686300000000003	1.202834e-004	2.228667e-005
0.34714	1.297127e-004	2.232199e-005
0.34741700000000003	1.292921e-004	2.235499e-005
0.347694	1.279166e-004	2.240932e-005
0.34797100000000003	9.165827e-005	2.241420e-005
0.348248	1.082663e-004	2.228072e-005
0.34852500000000003	1.226385e-004	2.237584e-005
0.34880200000000006	1.365082e-004	2.233907e-005
0.34907900000000003	9.222199e-005	2.230805e-005
0.349355	9.127070e-005	2.236020e-005
0.349632	1.222377e-004	2.232913e-005
0.349909	7.270413e-005	2.236613e-005
0.35018600000000005	9.702628e-005	2.225450e-005
0.350463	9.599310e-005	2.229338e-005
0.35074000000000005	8.613917e-005	2.232967e-005
0.351017	1.039468e-004	2.230212e-005
0.351294	9.129467e-005	2.233989e-005
0.35157	7.641858e-005	2.224103e-005
0.351847	1.240203e-004	2.232798e-005
0.35212400000000005	8.694654e-005	2.229042e-005
0.352401	1.284443e-004	2.232338e-005
0.35267800000000005	7.242336e-005	2.236006e-005
0.352955	1.233051e-004	2.227576e-005
0.353232	1.071063e-004	2.232143e-005
0.353509	1.475285e-004	2.233895e-005
0.353786	7.504732e-005	2.220046e-005
0.35406200000000004	9.546163e-005	2.232492e-005
0.354339	7.046823e-005	2.229534e-005
0.35461600000000004	1.146191e-004	2.236175e-005
0.354893	1.080082e-004	2.228071e-005
0.35517	1.242610e-004	2.225540e-005
0.355447	1.628311e-004	2.233579e-005
0.35572400000000004	9.574701e-005	2.228857e-005
0.356001	7.147513e-005	2.235012e-005
0.35627800000000004	9.076324e-005	2.227717e-005
0.35655400000000004	1.059578e-004	2.226382e-005
0.356831	7.655587e-005	2.232840e-005
0.357108	1.130808e-004	2.228658e-005
0.35738500000000006	1.064798e-004	2.225390e-005
0.35766200000000004	1.025732e-004	2.232953e-005
0.357939	8.905930e-005	2.229498e-005
0.35821600000000003	1.085658e-004	2.232741e-005
0.358493	7.175532e-005	2.226160e-005
0.358769	4.924146e-005	2.225567e-005
0.35904600000000003	8.331844e-005	2.227682e-005
0.35932300000000006	1.015161e-004	2.228406e-005
0.35960000000000003	8.424684e-005	2.232560e-005
0.359877	9.123374e-005	2.225355e-005
0.36015400000000003	7.097113e-005	2.230522e-005
0.360431	1.104218e-004	2.224987e-005
0.36070800000000003	8.401185e-005	2.225330e-005
0.360985	9.511160e-005	2.227227e-005
0.36126100000000005	1.611157e-004	2.225860e-005
0.361538	8.567915e-005	2.226847e-005
0.361815	1.191225e-004	2.225516e-005
0.362092	1.193501e-004	2.221684e-005
0.362369	6.306684e-005	2.218960e-005
0.362646	1.269545e-004	2.221778e-005
0.36292300000000005	1.305347e-004	2.223738e-005
0.3632	3.835209e-005	2.220646e-005
0.363476	1.078450e-004	2.220419e-005
0.363753	1.100300e-004	2.221271e-005
0.36403	7.396797e-005	2.219154e-005
0.364307	1.058312e-004	2.215918e-005
0.364584	1.239625e-004	2.222677e-005
0.36486100000000005	6.156564e-005	2.225453e-005
0.365138	1.224593e-004	2.218557e-005
0.36541500000000005	7.134973e-005	2.220270e-005
0.365692	1.309748e-004	2.218376e-005
0.365968	8.466624e-005	2.218173e-005
0.36624500000000004	8.024991e-005	2.222359e-005
0.366522	9.582524e-005	2.223835e-005
0.36679900000000004	1.445840e-004	2.226143e-005
0.367076	1.217950e-004	2.225024e-005
0.36735300000000004	9.870820e-005	2.222298e-005
0.36763	9.637998e-005	2.227171e-005
0.367907	1.174184e-004	2.219008e-005
0.368184	9.684537e-005	2.228889e-005
0.36846	1.049357e-004	2.226670e-005
0.36873700000000004	1.009952e-004	2.226063e-005
0.369014	9.235852e-005	2.224240e-005
0.36929100000000004	9.343864e-005	2.223514e-005
0.369568	1.347065e-004	2.230818e-005
0.369845	9.429296e-005	2.224534e-005
0.37012200000000006	9.614979e-005	2.222722e-005
0.37039900000000003	8.001992e-005	2.222202e-005
0.37067500000000003	9.622275e-005	2.231589e-005
0.370952	1.141683e-004	2.232989e-005
0.37122900000000003	1.185739e-004	2.267613e-005
0.371506	9.600343e-005	2.280639e-005
0.37178300000000003	8.778272e-005	2.300459e-005
0.37206000000000006	1.210109e-004	2.312712e-005
0.37233700000000003	1.259539e-004	2.325307e-005
0.372614	7.230877e-005	2.325483e-005
0.37289100000000003	6.427887e-005	2.337740e-005
0.373167	8.996530e-005	2.347655e-005
0.37344400000000005	1.660518e-004	2.359753e-005
0.373721	7.907477e-005	2.355710e-005
0.37399800000000005	1.014722e-004	2.361978e-005
0.374275	1.184326e-004	2.365874e-005
0.374552	7.691778e-005	2.371999e-005
0.374829	1.009909e-004	2.381275e-005
0.375106	6.164502e-005	2.382035e-005
0.37538200000000005	1.330344e-004	2.403174e-005
0.375659	9.845164e-005	2.392594e-005
0.37593600000000005	9.327331e-005	2.405853e-005
0.376213	7.588651e-005	2.400233e-005
0.37649	5.203863e-005	2.419219e-005
0.376767	7.304218e-005	2.421691e-005
0.377044	1.149152e-004	2.426799e-005
0.377321	9.311734e-005	2.435015e-005
0.37759800000000004	1.351192e-004	2.425944e-005
0.37787400000000004	9.134849e-005	2.394753e-005
0.378151	7.401125e-005	2.378997e-005
0.378428	8.573955e-005	2.360949e-005
0.378705	9.064583e-005	2.358324e-005
0.37898200000000004	9.525788e-005	2.345605e-005
0.379259	1.188576e-004	2.339210e-005
0.37953600000000004	1.136281e-004	2.338302e-005
0.379813	1.094019e-004	2.330108e-005
0.38009000000000004	1.206968e-004	2.334780e-005
0.380366	9.521334e-005	2.324453e-005
0.38064300000000006	4.570089e-005	2.324171e-005
0.38092000000000004	7.525097e-005	2.319950e-005
0.381197	1.106590e-004	2.320002e-005
0.38147400000000004	1.322539e-004	2.326892e-005
0.381751	8.429797e-005	2.312678e-005
0.38202800000000003	1.073378e-004	2.314441e-005
0.382305	7.681858e-005	2.305862e-005
0.38258100000000006	8.478154e-005	2.300246e-005
0.38285800000000003	1.350426e-004	2.305146e-005
0.383135	1.010429e-004	2.297840e-005
0.38341200000000003	8.923953e-005	2.302263e-005
0.383689	8.688430e-005	2.291364e-005
0.38396600000000003	9.438313e-005	2.290596e-005
0.384243	5.154320e-005	2.292819e-005
0.38452000000000003	1.191097e-004	2.291197e-005
0.38479700000000006	6.777050e-005	2.288662e-005
0.385073	5.060670e-005	2.282616e-005
0.38535	1.106113e-004	2.285560e-005
0.385627	1.329173e-004	2.288241e-005
0.385904	8.533007e-005	2.279922e-005
0.38618100000000005	6.980063e-005	2.279769e-005
0.386458	1.170453e-004	2.282882e-005
0.38673500000000005	4.297524e-005	2.279266e-005
0.387012	9.678582e-005	2.277873e-005
0.387289	1.301492e-004	2.269855e-005
0.387565	1.195938e-004	2.277819e-005
0.387842	7.676601e-005	2.270577e-005
0.38811900000000005	7.308772e-005	2.267483e-005
0.388396	8.066156e-005	2.264131e-005
0.38867300000000005	1.028943e-004	2.267328e-005
0.38895	8.885654e-005	2.264390e-005
0.389227	1.237529e-004	2.266110e-005
0.389504	1.151262e-004	2.267912e-005
0.38978	9.428409e-005	2.260463e-005
0.39005700000000004	9.166273e-005	2.265281e-005
0.390334	8.131151e-005	2.258357e-005
0.39061100000000004	1.008706e-004	2.262153e-005
0.390888	9.204325e-005	2.258875e-005
0.391165	1.031266e-004	2.262682e-005
0.391442	5.658560e-005	2.259483e-005
0.39171900000000004	8.880491e-005	2.258647e-005
0.391996	1.231365e-004	2.259567e-005
0.392272	8.642888e-005	2.259399e-005
0.39254900000000004	8.621355e-005	2.262926e-005
0.392826	9.602958e-005	2.263480e-005
0.393103	7.727656e-005	2.265488e-005
0.39338000000000006	1.010043e-004	2.270088e-005
0.39365700000000003	1.089885e-004	2.265867e-005
0.393934	7.280162e-005	2.264149e-005
0.39421100000000003	8.509889e-005	2.273909e-005
0.39448700000000003	8.465888e-005	2.269765e-005
0.394764	7.440542e-005	2.276401e-005
0.39504100000000003	8.656696e-005	2.264312e-005
0.39531800000000006	1.266648e-004	2.271810e-005
0.39559500000000003	1.106693e-004	2.272979e-005
0.395872	8.893589e-005	2.273938e-005
0.39614900000000003	1.078255e-004	2.275861e-005
0.396426	9.543165e-005	2.269518e-005
0.39670300000000003	7.656964e-005	2.274142e-005
0.396979	8.778628e-005	2.273721e-005
0.39725600000000005	1.213784e-004	2.272594e-005
0.397533	6.216660e-005	2.277328e-005
0.39781	7.938298e-005	2.274521e-005
0.398087	8.263428e-005	2.275436e-005
0.398364	8.099017e-005	2.275335e-005
0.398641	9.224691e-005	2.274176e-005
0.39891800000000005	9.624059e-005	2.279630e-005
0.399195	1.020032e-004	2.275437e-005
0.399471	7.796545e-005	2.278394e-005
0.399748	7.542940e-005	2.273150e-005
0.4000250000000001	6.367595e-005	2.276515e-005
0.40030200000000005	6.181063e-005	2.280190e-005
0.400579	1.305599e-004	2.281970e-005
0.40085600000000005	9.234660e-005	2.279158e-005
0.401133	6.991163e-005	2.277549e-005
0.40141000000000004	9.308795e-005	2.282961e-005
0.40168600000000004	9.968739e-005	2.277463e-005
0.40196300000000007	6.359034e-005	2.277428e-005
0.40224000000000004	1.017991e-004	2.283397e-005
0.402517	9.565817e-005	2.280639e-005
0.40279400000000004	1.194002e-004	2.291641e-005
0.403071	7.279444e-005	2.275397e-005
0.40334800000000004	6.396213e-005	2.281491e-005
0.403625	6.808353e-005	2.280576e-005
0.403902	7.048944e-005	2.281163e-005
0.40417800000000004	2.632761e-005	2.287281e-005
0.404455	9.994301e-005	2.277124e-005
0.40473200000000004	8.029637e-005	2.290616e-005
0.405009	1.303741e-004	2.283062e-005
0.40528600000000004	6.483412e-005	2.279504e-005
0.405563	9.875438e-005	2.288720e-005
0.40584	6.537929e-005	2.286098e-005
0.406117	7.053713e-005	2.288578e-005
0.406393	1.071319e-004	2.284500e-005
0.40667000000000003	7.942906e-005	2.279770e-005
0.406947	7.441812e-005	2.281931e-005
0.40722400000000003	5.685814e-005	2.278442e-005
0.407501	8.448481e-005	2.288106e-005
0.407778	9.386967e-005	2.279730e-005
0.408055	5.627486e-005	2.280718e-005
0.408332	7.406845e-005	2.277884e-005
0.40860900000000006	8.741848e-005	2.275431e-005
0.408885	8.447343e-005	2.284809e-005
0.409162	9.578558e-005	2.281069e-005
0.409439	1.021873e-004	2.280942e-005
0.40971599999999997	6.631477e-005	2.274674e-005
0.409993	1.117860e-004	2.275638e-005
0.41026999999999997	7.374735e-005	2.278424e-005
0.41054700000000005	4.604056e-005	2.279411e-005
0.4108240000000001	8.496593e-005	2.281906e-005
0.41110100000000005	1.082688e-004	2.276621e-005
0.411377	7.432481e-005	2.274107e-005
0.41165399999999996	9.458138e-005	2.281874e-005
0.411931	6.259104e-005	2.277368e-005
0.4122080000000001	6.984455e-005	2.280702e-005
0.41248500000000005	9.757843e-005	2.282450e-005
0.4127620000000001	8.884594e-005	2.275986e-005
0.41303900000000004	7.254693e-005	2.274339e-005
0.413316	1.097149e-004	2.272451e-005
0.41359199999999996	9.408260e-005	2.275014e-005
0.41386900000000004	9.892701e-005	2.272789e-005
0.41414600000000007	9.753677e-005	2.274929e-005
0.41442300000000004	9.339450e-005	2.270089e-005
0.41470000000000007	8.616132e-005	2.265074e-005
0.41497700000000004	1.017895e-004	2.270799e-005
0.415254	4.992145e-005	2.264226e-005
0.41553100000000004	8.485461e-005	2.267535e-005
0.415808	8.708069e-005	2.265689e-005
0.41608400000000006	9.405943e-005	2.272388e-005
0.41636100000000004	6.635405e-005	2.265264e-005
0.41663800000000006	8.912470e-005	2.265405e-005
0.41691500000000004	1.063070e-004	2.266025e-005
0.417192	7.263584e-005	2.269117e-005
0.41746900000000003	8.425575e-005	2.272604e-005
0.417746	9.149709e-005	2.268579e-005
0.41802300000000003	9.144323e-005	2.265909e-005
0.4183	7.570539e-005	2.264621e-005
0.41857600000000006	1.002916e-004	2.274642e-005
0.41885300000000003	9.891204e-005	2.282149e-005
0.41913	1.056971e-004	2.275762e-005
0.41940700000000003	1.122166e-004	2.273870e-005
0.419684	9.214321e-005	2.270635e-005
0.41996100000000003	8.960973e-005	2.281844e-005
0.420238	6.646099e-005	2.279433e-005
0.42051499999999997	9.329438e-005	2.279971e-005
0.420791	9.898599e-005	2.286218e-005
0.421068	8.348806e-005	2.272548e-005
0.421345	9.666327e-005	2.280183e-005
0.421622	8.258709e-005	2.282933e-005
0.421899	7.349019e-005	2.282212e-005
0.422176	1.223568e-004	2.285268e-005
0.42245299999999997	9.303867e-005	2.282165e-005
0.42273	1.013763e-004	2.283349e-005
0.4230070000000001	4.632362e-005	2.282818e-005
0.423283	7.730037e-005	2.277202e-005
0.42356	1.169073e-004	2.288977e-005
0.423837	1.120911e-004	2.283824e-005
0.424114	8.273416e-005	2.285613e-005
0.42439099999999996	5.616549e-005	2.285732e-005
0.424668	1.289931e-004	2.284434e-005
0.4249450000000001	9.246107e-005	2.285854e-005
0.42522200000000004	6.748710e-005	2.286232e-005
0.425498	6.931066e-005	2.286141e-005
0.425775	1.179272e-004	2.288604e-005
0.426052	8.076721e-005	2.282210e-005
0.42632899999999996	5.789962e-005	2.288181e-005
0.42660600000000004	7.107214e-005	2.286309e-005
0.42688300000000007	5.201341e-005	2.295781e-005
0.42716000000000004	1.055892e-004	2.281451e-005
0.42743700000000007	9.279987e-005	2.288301e-005
0.42771400000000004	9.297983e-005	2.292075e-005
0.42799	9.650336e-005	2.287425e-005
0.42826700000000006	8.001486e-005	2.289688e-005
0.42854400000000004	7.417303e-005	2.291933e-005
0.42882100000000006	9.908980e-005	2.293118e-005
0.42909800000000003	1.070552e-004	2.289163e-005
0.42937500000000006	7.930285e-005	2.291548e-005
0.42965200000000003	1.238218e-004	2.301119e-005
0.429929	7.090691e-005	2.340813e-005
0.43020600000000003	8.413125e-005	2.365607e-005
0.43048200000000003	9.670856e-005	2.377936e-005
0.43075900000000006	7.621331e-005	2.394517e-005
0.43103600000000003	1.019448e-004	2.408680e-005
0.43131300000000006	9.490841e-005	2.424627e-005
