2	-0.9
3	-0.55
4	-0.6
5	-0.11
6	1.44
7	1.14
8	0.58
9	1.02
10	1.48
11	1.08
12	1.38
13	0.69
14	0.5
15	0.23
16	0.4
17	0.18
18	0.63
19	0.44
20	2.08
21	0.65
22	-0.17
23	0.11
24	-0.02
25	-0.24
26	-0.17
27	-0.5
28	-0.44
29	-1.07
30	-0.42
31	0.05
32	0.76
33	-0.2
34	-0.01
35	1.12
36	0.5
37	-0.05
38	2.28
39	2.38
40	2.82
41	3.39
42	3.46
43	3.46
44	3.92
45	3
46	3.05
47	3
48	2.61
49	2.93
50	2.66
51	2.91
52	3.14
53	3.3
54	3.15
55	2.93
56	2.63
57	2.49
58	2.06
59	2.66
60	2.22
61	1.32
62	1.56
63	0.63
64	0.58
65	0.3
66	-0.3
67	0.09