2	0.717541
3	0.999328
4	0.608497
5	1.0006
6	1.149047
7	1.000792
8	0.834765
9	1.002279
10	0.988207
11	0.952548
12	1.074904
13	0.989131
14	0.988015
15	0.998667
16	0.94016
17	1.071305
18	0.893527
19	1.096601
20	0.976446
21	1.013285
22	0.909151
23	1.003185
24	1.078587
25	1.046196
26	0.959003
27	0.801683
28	1.096297
29	0.851442
30	0.915981
31	1.042331
32	0.91356
33	1.001017
34	0.941965
35	1.019923
36	0.909539
37	1.171461
38	0.921032
39	0.953821
40	0.796973
41	0.939238
42	1.001091
43	0.90054
44	0.867454
45	0.883914
46	0.99725
47	0.95622
48	0.897734
49	0.886018
50	0.950179
51	0.938294
52	1.045417
54	0.8239
55	0.779131
56	0.692301
59	0.806639
60	0.733801
66	0.41389
67	0.286631
68	0.19383