0.0027543000	1630.0490000000	308.0374000000
0.0030174100	922.3178000000	184.3810000000
0.0032805200	352.9155000000	146.3329000000
0.0035436300	776.3818000000	114.1779000000
0.0038067400	1030.4630000000	99.9424800000
0.0040698500	903.6718000000	86.6865600000
0.0043329600	527.4602000000	70.4828800000
0.0045960800	866.9150000000	65.5432200000
0.0048591900	783.3704000000	54.8478200000
0.0051223000	641.1710000000	49.0839000000
0.0053854100	580.1563000000	45.3943400000
0.0056485200	646.8716000000	39.9746200000
0.0059116300	649.7366000000	38.1913800000
0.0061747400	702.6334000000	34.7181800000
0.0064378500	711.5344000000	32.3562000000
0.0067009600	597.5433000000	30.7136400000
0.0069640700	527.8168000000	28.0796800000
0.0072271800	688.0445000000	27.9347200000
0.0074902900	620.1301000000	25.2103000000
0.0077534000	689.7338000000	25.1983800000
0.0080165100	613.3632000000	23.7286400000
0.0082796300	641.2921000000	22.3359000000
0.0085427400	592.4222000000	22.5438600000
0.0088058500	615.3794000000	20.7679000000
0.0090689600	674.6955000000	20.9993200000
0.0093320700	617.3784000000	19.6682800000
0.0095951800	602.2586000000	19.4145100000
0.0098582900	612.1464000000	19.3385700000
0.0101214000	648.8325000000	18.0944500000
0.0103845000	598.1150000000	18.3942700000
0.0106476000	658.9739000000	17.6756000000
0.0109107000	597.4173000000	17.1570100000
0.0111738000	666.0349000000	17.2824200000
0.0114370000	586.7538000000	16.1243000000
0.0117001000	636.0716000000	16.5904800000
0.0119632000	591.5984000000	15.8545400000
0.0122263000	551.5613000000	15.6508600000
0.0124894000	656.6168000000	15.3308500000
0.0127525000	584.2276000000	15.1973300000
0.0130156000	593.1407000000	15.2400800000
0.0132787000	594.5389000000	14.3742300000
0.0135418000	566.3305000000	14.5128400000
0.0138050000	650.0122000000	14.1764700000
0.0140681000	631.1113000000	13.8169400000
0.0143312000	560.0781000000	14.3765200000
0.0145943000	575.4418000000	14.0455500000
0.0148574000	587.9913000000	14.1733900000
0.0151205000	615.7736000000	14.1086500000
0.0153836000	652.1633000000	13.9180000000
0.0156467000	606.2880000000	13.8421900000
0.0159098000	656.0842000000	13.7691700000
0.0161729000	629.2959000000	13.9752500000
0.0164361000	583.4307000000	13.6868700000
0.0166992000	570.1816000000	13.6136000000
0.0169623000	618.6407000000	13.3863300000
0.0172254000	629.3478000000	13.7124100000
0.0174885000	576.5781000000	13.6313400000
0.0177516000	613.6512000000	12.9697400000
0.0180147000	577.3672000000	13.2100700000
0.0182778000	660.2414000000	12.9157400000
0.0185409000	588.9136000000	13.0463500000
0.0188041000	528.9434000000	13.0962600000
0.0190672000	581.2451000000	12.6825100000
0.0193303000	583.7976000000	12.8181000000
0.0195934000	605.9732000000	12.6401300000
0.0198565000	581.5080000000	12.5768200000
0.0201196000	598.4841000000	12.4700700000
0.0203827000	671.3554000000	12.2706100000
0.0206458000	540.3329000000	12.4954700000
0.0209089000	561.6227000000	12.2404100000
0.0211721000	554.5314000000	12.3233100000
0.0214352000	603.4270000000	12.0256500000
0.0216983000	576.0443000000	12.2731200000
0.0219614000	540.7164000000	12.1037500000
0.0222245000	516.4485000000	11.8320300000
0.0224876000	560.2513000000	11.7592500000
0.0227507000	533.5838000000	11.9289500000
0.0230138000	552.7598000000	11.6059200000
0.0232769000	558.0499000000	11.8516700000
0.0235400000	594.9962000000	11.3180900000
0.0238032000	540.4353000000	11.5632100000
0.0240663000	538.1908000000	11.5424100000
0.0243294000	545.0560000000	11.2289300000
0.0245925000	514.3558000000	11.2535000000
0.0248556000	535.6195000000	11.0572000000
0.0251187000	586.7580000000	11.2327500000
0.0253818000	543.3273000000	11.0353700000
0.0256449000	560.3005000000	10.9951800000
0.0259080000	466.8377000000	10.8631100000
0.0261712000	513.9672000000	10.8605400000
0.0264343000	515.5572000000	10.9639800000
0.0266974000	524.7289000000	10.5915100000
0.0269605000	427.6778000000	10.6981900000
0.0272236000	527.1646000000	10.5810600000
0.0274867000	523.4728000000	10.5528700000
0.0277498000	521.2909000000	10.5770400000
0.0280129000	536.0119000000	10.1835600000
0.0282760000	501.1335000000	10.3032300000
0.0285392000	547.2906000000	10.2068700000
0.0288023000	456.3730000000	10.2375900000
0.0290654000	451.9445000000	10.1583000000
0.0293285000	505.3269000000	9.9191740000
0.0295916000	544.6412000000	10.0952500000
0.0298547000	526.6968000000	9.9496700000
0.0301178000	548.5571000000	9.8738180000
0.0303809000	542.4576000000	9.7395240000
0.0306440000	505.0065000000	9.8086780000
0.0309071000	487.6732000000	9.7532040000
0.0311703000	483.3065000000	9.7140300000
0.0314334000	508.2021000000	9.5447780000
0.0316965000	506.1138000000	9.6169600000
0.0319596000	480.7884000000	9.5622760000
0.0322227000	473.4100000000	9.4218620000
0.0324858000	478.3746000000	9.3436320000
0.0327489000	475.1324000000	9.3982540000
0.0330120000	470.3150000000	9.3209000000
0.0332751000	476.5700000000	9.3533640000
0.0335383000	468.0010000000	9.1968020000
0.0338014000	474.4076000000	9.0850540000
0.0340645000	470.3878000000	9.2124780000
0.0343276000	467.5224000000	9.0257780000
0.0345907000	469.7222000000	9.1774260000
0.0348538000	462.0064000000	8.8287720000
0.0351169000	450.3922000000	8.9411440000
0.0353800000	443.5718000000	8.8612100000
0.0356431000	439.1668000000	8.7147260000
0.0359063000	417.5878000000	8.7134520000
0.0361694000	439.5960000000	8.6229940000
0.0364325000	435.2426000000	8.7611880000
0.0366956000	428.1314000000	8.5740200000
0.0369587000	429.9230000000	8.5036380000
0.0372218000	413.8054000000	8.7052380000
0.0374849000	415.2226000000	8.6674360000
0.0377480000	421.0304000000	9.0480900000
0.0380111000	427.1294000000	8.9863500000
0.0382742000	429.9476000000	8.9942220000
0.0385374000	421.7640000000	9.1546300000
0.0388005000	415.4828000000	9.0393480000
0.0390636000	404.8534000000	9.0835720000
0.0393267000	411.0772000000	8.9391460000
0.0395898000	395.8590000000	9.0859500000
0.0398529000	402.6118000000	9.1659040000
0.0401160000	399.4872000000	9.0760460000
0.0403791000	379.1592000000	9.0604320000
0.0406422000	399.9830000000	9.0851360000
0.0409054000	398.1116000000	9.1785160000
0.0411685000	399.3326000000	9.2650800000
0.0414316000	395.7692000000	9.1604120000
0.0416947000	372.3870000000	9.0294200000
0.0419578000	395.3702000000	9.0916460000
0.0422209000	373.3566000000	9.1309040000
0.0424840000	372.5002000000	9.0759220000
0.0427471000	371.9160000000	8.8708080000
0.0430102000	361.2790000000	8.6304440000
0.0432734000	369.9144000000	8.4919880000
0.0435365000	371.9600000000	8.5658020000
0.0437996000	368.6852000000	8.2790140000
0.0440627000	363.7172000000	8.3319720000
0.0443258000	359.9424000000	8.2473480000
0.0445889000	357.8060000000	8.0717960000
0.0448520000	362.6226000000	8.1535260000
0.0451151000	349.9636000000	7.8784860000
0.0453782000	350.6950000000	7.9850280000
0.0456413000	355.4180000000	7.8527520000
0.0459045000	344.9342000000	7.7919480000
0.0461676000	336.1802000000	7.7490660000
0.0464307000	341.8256000000	7.7305200000
0.0466938000	336.3718000000	7.6450760000
0.0469569000	338.7938000000	7.7060220000
0.0472200000	337.0204000000	7.5559720000
0.0474831000	324.2452000000	7.5877440000
0.0477462000	344.7600000000	7.5411140000
0.0480093000	317.5520000000	7.4502520000
0.0482725000	326.3420000000	7.3447660000
0.0485356000	307.7028000000	7.3166180000
0.0487987000	317.1388000000	7.3283840000
0.0490618000	312.1198000000	7.2942580000
0.0493249000	305.7036000000	7.2390400000
0.0495880000	325.6026000000	7.2953680000
0.0498511000	295.7602000000	7.1363620000
0.0501142000	307.0488000000	7.0741500000
0.0503773000	321.0106000000	7.2195780000
0.0506405000	294.1002000000	7.0914440000
0.0509036000	295.9076000000	7.1955320000
0.0511667000	296.8024000000	7.2415880000
0.0514298000	301.6704000000	7.1526360000
0.0516929000	306.2942000000	7.3148740000
0.0519560000	293.9606000000	7.2775120000
0.0522191000	294.1638000000	7.2870820000
0.0524822000	284.7942000000	7.2796780000
0.0527453000	284.8780000000	7.2315240000
0.0530084000	299.6956000000	7.3285120000
0.0532716000	290.6190000000	7.3127160000
0.0535347000	288.2380000000	7.2936400000
0.0537978000	286.6830000000	7.2264740000
0.0540609000	274.6986000000	7.0407040000
0.0543240000	271.8610000000	6.9239120000
0.0545871000	273.9554000000	6.8545520000
0.0548502000	269.8444000000	6.7121120000
0.0551133000	271.4128000000	6.7441060000
0.0553764000	260.9450000000	6.5947120000
0.0556396000	274.3748000000	6.6407440000
0.0559027000	270.2176000000	6.6056460000
0.0561658000	263.7190000000	6.5590700000
0.0564289000	263.1262000000	6.5549460000
0.0566920000	254.3456000000	6.4563140000
0.0569551000	266.6918000000	6.5173640000
0.0572182000	259.4680000000	6.4613400000
0.0574813000	239.7044000000	6.2659740000
0.0577444000	250.4968000000	6.3445640000
0.0580076000	254.2602000000	6.3164400000
0.0582707000	253.4626000000	6.2970800000
0.0585338000	241.3600000000	6.2273420000
0.0587969000	244.5664000000	6.2267300000
0.0590600000	241.6934000000	6.2490180000
0.0593231000	251.8842000000	6.2522680000
0.0595862000	249.6418000000	6.2263580000
0.0598493000	241.6022000000	6.1830880000
0.0601124000	239.8554000000	6.1079280000
0.0603755000	246.3784000000	6.0867540000
0.0606387000	233.6034000000	6.0718360000
0.0609018000	236.6262000000	6.0716880000
0.0611649000	231.1646000000	6.0251860000
0.0614280000	238.5520000000	6.0880660000
0.0616911000	226.1808000000	5.9433440000
0.0619542000	233.3176000000	6.0298520000
0.0622173000	221.4490000000	5.8929680000
0.0624804000	226.3510000000	5.9224280000
0.0627435000	222.2892000000	5.8168940000
0.0630067000	221.9010000000	5.8454620000
0.0632698000	234.4454000000	5.9682040000
0.0635329000	210.9756000000	5.6654420000
0.0637960000	227.7218000000	5.8237380000
0.0640591000	216.6328000000	5.7297760000
0.0643222000	215.2414000000	5.6559400000
0.0645853000	215.4258000000	5.7088860000
0.0648484000	213.4480000000	5.5622700000
0.0651115000	218.2844000000	5.6736980000
0.0653747000	208.4146000000	5.5943340000
0.0656378000	212.2954000000	5.5634660000
0.0659009000	206.1944000000	5.5872340000
0.0661640000	208.7520000000	5.4767420000
0.0664271000	201.0288000000	5.5430280000
0.0666902000	207.9936000000	5.4806580000
0.0669533000	200.6318000000	5.5192080000
0.0672164000	197.7198000000	5.4270280000
0.0674795000	208.1378000000	5.5336100000
0.0677427000	203.8848000000	5.5356720000
0.0680058000	192.5081000000	5.3937280000
0.0682689000	194.1308000000	5.4051480000
0.0685320000	193.2868000000	5.3993600000
0.0687951000	193.7716000000	5.4588500000
0.0690582000	189.6842000000	5.4039660000
0.0693213000	187.1277000000	5.3354520000
0.0695844000	190.4760000000	5.3646840000
0.0698475000	189.5334000000	5.3541500000
0.0701106000	181.3618000000	5.3001480000
0.0703738000	181.9474000000	5.3044980000
0.0706369000	190.2586000000	5.2552960000
0.0709000000	183.8526000000	5.2749320000
0.0711631000	179.9815000000	5.1619720000
0.0714262000	188.7754000000	5.3080640000
0.0716893000	174.9037000000	5.1408680000
0.0719524000	185.7929000000	5.2411900000
0.0722155000	187.8452000000	5.2395300000
0.0724786000	176.6206000000	5.1415800000
0.0727418000	173.9047000000	5.1338680000
0.0730049000	169.3213000000	5.0805400000
0.0732680000	171.4868000000	5.0830220000
0.0735311000	170.5443000000	5.0599620000
0.0737942000	164.7562000000	5.0250460000
0.0740573000	173.1374000000	5.0321120000
0.0743204000	166.8878000000	5.0311680000
0.0745835000	169.0589000000	4.9940740000
0.0748466000	166.9228000000	4.9904740000
0.0751098000	164.0840000000	4.9530440000
0.0753729000	169.1427000000	4.9536260000
0.0756360000	164.0069000000	4.9510940000
0.0758991000	167.9481000000	4.9592300000
0.0761622000	168.6406000000	4.8896440000
0.0764253000	152.9236000000	4.8738080000
0.0766884000	165.7785000000	4.9204400000
0.0769515000	158.9948000000	4.8537120000
0.0772146000	155.8988000000	4.8357740000
0.0774777000	163.3056000000	4.8237900000
0.0777409000	155.0136000000	4.9521480000
0.0780040000	157.2147000000	4.9634400000
0.0782671000	153.4105000000	5.0258380000
0.0785302000	155.4123000000	5.0876000000
0.0787933000	155.9974000000	5.0619080000
0.0790564000	148.7160000000	5.0972500000
0.0793195000	153.4435000000	5.0357840000
0.0795826000	145.0411000000	5.0238740000
0.0798457000	145.5944000000	5.0672320000
0.0801089000	152.5432000000	5.1088540000
0.0803720000	141.9173000000	5.0612840000
0.0806351000	149.0514000000	4.8628600000
0.0808982000	138.3489000000	4.8614580000
0.0811613000	145.4946000000	4.8292300000
0.0814244000	146.2378000000	4.7341740000
0.0816875000	142.9668000000	4.7283700000
0.0819506000	142.1897000000	4.6363060000
0.0822137000	142.9532000000	4.7397380000
0.0824769000	135.5775000000	4.6801080000
0.0827400000	135.7579000000	4.6330660000
0.0830031000	146.2190000000	4.6649600000
0.0832662000	138.5426000000	4.6442000000
0.0835293000	136.4746000000	4.6403920000
0.0837924000	142.8652000000	4.6011680000
0.0840555000	136.1526000000	4.5840020000
0.0843186000	137.6266000000	4.5984520000
0.0845817000	128.1008000000	4.4954840000
0.0848448000	133.6652000000	4.5773540000
0.0851080000	135.2679000000	4.5224840000
0.0853711000	117.0646000000	4.4612520000
0.0856342000	136.1285000000	4.5187260000
0.0858973000	130.8603000000	4.4784220000
0.0861604000	129.2962000000	4.4704680000
0.0864235000	131.4207000000	4.4400860000
0.0866866000	121.6208000000	4.4376240000
0.0869497000	121.6310000000	4.3939880000
0.0872128000	124.3077000000	4.3518900000
0.0874760000	131.2635000000	4.4152780000
0.0877391000	129.4005000000	4.4186040000
0.0880022000	130.3939000000	4.4074940000
0.0882653000	124.4471000000	4.2978140000
0.0885284000	128.9459000000	4.3381780000
0.0887915000	127.0255000000	4.3172300000
0.0890546000	120.4322000000	4.2885700000
0.0893177000	122.1024000000	4.3428700000
0.0895808000	114.5087000000	4.1980040000
0.0898440000	121.7404000000	4.3293900000
0.0901071000	115.7454000000	4.2589080000
0.0903702000	122.0740000000	4.2647160000
0.0906333000	113.4197000000	4.2359940000
0.0908964000	116.5472000000	4.2637080000
0.0911595000	117.9728000000	4.3126280000
0.0914226000	116.3939000000	4.2576320000
0.0916857000	114.9752000000	4.2366320000
0.0919488000	114.7554000000	4.2159500000
0.0922119000	110.1139000000	4.1952240000
0.0924751000	109.8654000000	4.2239740000
0.0927382000	105.5510000000	4.1006100000
0.0930013000	116.0631000000	4.2636900000
0.0932644000	116.4513000000	4.3535180000
0.0935275000	109.7316000000	4.2973600000
0.0937906000	109.9328000000	4.3565980000
0.0940537000	102.8218000000	4.3446460000
0.0943168000	106.1281000000	4.4036680000
0.0945799000	106.4749000000	4.3585360000
0.0948431000	105.4391000000	4.3656760000
0.0951062000	105.8033000000	4.3973680000
0.0953693000	111.1497000000	4.4320360000
0.0956324000	116.2442000000	4.5433420000
0.0958955000	101.6110000000	4.3968640000
0.0961586000	104.0371000000	4.4677300000
0.0964217000	110.3929000000	4.5158540000
0.0966848000	99.1703600000	4.4268800000
0.0969479000	102.4387000000	4.4663480000
0.0972111000	106.8971000000	4.4705660000
0.0974742000	103.7113000000	4.5106440000
0.0977373000	102.4867000000	4.4773160000
0.0980004000	97.5185400000	4.4822680000
0.0982635000	95.9150400000	4.4870760000
0.0985266000	99.8930200000	4.3907280000
0.0987897000	91.5322600000	4.3437260000
0.0990528000	103.4813000000	4.2872040000
0.0993159000	105.3606000000	4.3207280000
0.0995790000	102.7382000000	4.2542560000
0.0998422000	97.6706600000	4.2416140000
0.1001050000	96.5685800000	4.1972480000
0.1003680000	87.8575600000	4.1373620000
0.1006310000	97.8255000000	4.1661760000
0.1008950000	102.5454000000	4.1550760000
0.1011580000	105.1127000000	4.2051720000
0.1014210000	93.7224000000	4.1067800000
0.1016840000	95.6374800000	4.0723280000
0.1019470000	93.0553000000	4.1172640000
0.1022100000	88.7399400000	4.0414000000
0.1024730000	92.3033400000	4.0501340000
0.1027360000	86.8917800000	4.0378020000
0.1029990000	89.0002000000	4.0149060000
0.1032630000	88.8379000000	4.0285980000
0.1035260000	93.1802600000	3.9833420000
0.1037890000	96.6295200000	4.0216400000
0.1040520000	89.5692800000	3.9701500000
0.1043150000	88.8854000000	3.9727080000
0.1045780000	85.9987800000	3.9851440000
0.1048410000	83.9334000000	3.9178720000
0.1051040000	92.6011000000	3.9875060000
0.1053670000	90.5637200000	3.9336160000
0.1056310000	90.7308800000	3.9453100000
0.1058940000	82.4259000000	3.8829700000
0.1061570000	88.0858000000	3.8548240000
0.1064200000	85.1931600000	3.8897840000
0.1066830000	85.4151400000	3.8564800000
0.1069460000	87.4362600000	3.8485880000
0.1072090000	86.5085200000	3.8392240000
0.1074720000	87.2540400000	3.8418380000
0.1077350000	81.6760000000	3.8252660000
0.1079990000	85.9131400000	3.7910500000
0.1082620000	85.0708400000	3.8567920000
0.1085250000	85.7629800000	3.7836720000
0.1087880000	84.0099800000	3.7855580000
0.1090510000	84.7627800000	3.7860960000
0.1093140000	84.4213400000	3.7552480000
0.1095770000	81.8726000000	3.7805000000
0.1098400000	84.8422400000	3.7972480000
0.1101030000	83.4987800000	3.7506140000
0.1103670000	76.3672600000	3.7208180000
0.1106300000	87.0764200000	3.7424200000
0.1108930000	78.9009800000	3.7591140000
0.1111560000	74.8291600000	3.7286060000
0.1114190000	81.0058800000	3.7377940000
0.1116820000	80.0924200000	3.7381600000
0.1119450000	84.2272800000	3.7180180000
0.1122080000	78.0300000000	3.6980640000
0.1124710000	73.8275800000	3.6461500000
0.1127350000	79.7775800000	3.7003520000
0.1129980000	72.8638000000	3.6603180000
0.1132610000	74.6047200000	3.6518000000
0.1135240000	71.6356600000	3.6451680000
0.1137870000	69.8162800000	3.5884460000
0.1140500000	73.1325600000	3.6124120000
0.1143130000	72.9634800000	3.6146520000
0.1145760000	80.0657200000	3.6414860000
0.1148390000	75.6948200000	3.6396640000
0.1151030000	68.0421400000	3.5621460000
0.1153660000	76.6524400000	3.6437400000
0.1156290000	70.9656200000	3.5903180000
0.1158920000	69.5845400000	3.6033120000
0.1161550000	70.1683600000	3.5472880000
0.1164180000	68.5577000000	3.5370420000
0.1166810000	66.2494200000	3.5448920000
0.1169440000	70.3003600000	3.5426260000
0.1172070000	73.2451000000	3.5852020000
0.1174710000	76.7878000000	3.5393400000
0.1177340000	69.5986200000	3.5372160000
0.1179970000	68.1710800000	3.5214960000
0.1182600000	67.6075600000	3.4747940000
0.1185230000	76.6405000000	3.5714200000
0.1187860000	64.8725400000	3.4786740000
0.1190490000	68.6561600000	3.5177460000
0.1193120000	62.3740000000	3.4364040000
0.1195750000	65.6975000000	3.4764180000
0.1198390000	61.1231800000	3.4580440000
0.1201020000	70.5747600000	3.4927780000
0.1203650000	64.5882800000	3.4685680000
0.1206280000	72.8107200000	3.4869240000
0.1208910000	70.3692200000	3.4680200000
0.1211540000	73.3436000000	3.4807200000
0.1214170000	68.2343400000	3.4520700000
0.1216800000	67.3772600000	3.4486600000
0.1219430000	70.6688600000	3.4367140000
0.1222070000	59.5723400000	3.3926400000
0.1224700000	65.7003000000	3.4314520000
0.1227330000	58.3259400000	3.3483540000
0.1229960000	63.0102200000	3.3883980000
0.1232590000	62.1829000000	3.3726600000
0.1235220000	64.3429600000	3.4076420000
0.1237850000	61.3410800000	3.3958400000
0.1240480000	65.1501400000	3.3855520000
0.1243110000	64.5377600000	3.3746280000
0.1245750000	61.3516200000	3.3460480000
0.1248380000	62.9785000000	3.3604720000
0.1251010000	56.4973400000	3.3114460000
0.1253640000	64.7757400000	3.3877980000
0.1256270000	65.5883800000	3.3534420000
0.1258900000	55.4673200000	3.3160100000
0.1261530000	66.3650400000	3.3605580000
0.1264160000	62.1990600000	3.2999420000
0.1266790000	59.1612800000	3.3358640000
0.1269430000	59.0169200000	3.3273180000
0.1272060000	63.2099600000	3.3243900000
0.1274690000	58.5143600000	3.3211880000
0.1277320000	54.6127200000	3.2826440000
0.1279950000	57.8670600000	3.3523700000
0.1282580000	56.6251600000	3.2862060000
0.1285210000	61.0929800000	3.3275880000
0.1287840000	61.1664400000	3.3166580000
0.1290470000	54.4716200000	3.2668180000
0.1293110000	55.1381400000	3.2792400000
0.1295740000	55.4521400000	3.2522340000
0.1298370000	63.3314400000	3.3343780000
0.1301000000	57.1317400000	3.2657240000
0.1303630000	59.0109800000	3.2743940000
0.1306260000	56.7517200000	3.2293020000
0.1308890000	53.4495200000	3.2214380000
0.1311520000	56.7688600000	3.2654380000
0.1314150000	51.2684400000	3.2260540000
0.1316790000	51.4695600000	3.2312840000
0.1319420000	54.8071000000	3.2054820000
0.1322050000	59.3712400000	3.2394180000
0.1324680000	53.0183400000	3.2093540000
0.1327310000	50.3259800000	3.1749120000
0.1329940000	62.8481400000	3.2359080000
0.1332570000	50.9185800000	3.1828700000
0.1335200000	55.4295200000	3.2188440000
0.1337830000	52.5442400000	3.1890440000
0.1340470000	47.4767600000	3.1578760000
0.1343100000	55.6068800000	3.1867280000
0.1345730000	53.3902600000	3.1895400000
0.1348360000	53.7399800000	3.1683760000
0.1350990000	58.5847600000	3.1898600000
0.1353620000	53.6825000000	3.1601760000
0.1356250000	57.1958400000	3.1967900000
0.1358880000	56.9077400000	3.1849580000
0.1361510000	48.2756000000	3.1455360000
0.1364150000	52.4478400000	3.1582360000
0.1366780000	55.7804400000	3.1589660000
0.1369410000	49.7652400000	3.1094400000
0.1372040000	52.5890400000	3.1513800000
0.1374670000	47.5988400000	3.1013900000
0.1377300000	56.2914400000	3.1657420000
0.1379930000	53.4499400000	3.1176240000
0.1382560000	51.1956600000	3.1142080000
0.1385190000	55.8197400000	3.1278940000
0.1387830000	46.9426800000	3.0843160000
0.1390460000	52.3344200000	3.1112520000
0.1393090000	48.0644200000	3.1055220000
0.1395720000	48.6748400000	3.0855800000
0.1398350000	48.7011800000	3.0719660000
0.1400980000	55.0368600000	3.1244560000
0.1403610000	53.2575600000	3.0849900000
0.1406240000	48.9268200000	3.0719540000
0.1408870000	47.4447600000	3.0694220000
0.1411510000	46.1978000000	3.0623620000
0.1414140000	47.3590200000	3.0793160000
0.1416770000	45.4109800000	3.0283340000
0.1419400000	46.4294200000	3.0494860000
0.1422030000	42.6620600000	3.0502600000
0.1424660000	47.0072800000	3.0645100000
0.1427290000	46.9622800000	3.0567060000
0.1429920000	46.5355200000	3.0172180000
0.1432550000	51.3314800000	3.0896440000
0.1435190000	48.3852400000	3.0227160000
0.1437820000	46.5412800000	3.0089000000
0.1440450000	48.4542400000	3.0535020000
0.1443080000	47.5373000000	3.0033960000
0.1445710000	40.2827000000	3.0079460000
0.1448340000	44.5953200000	3.0043000000
0.1450970000	46.8403200000	3.0231220000
0.1453600000	50.0678200000	3.0228260000
0.1456230000	44.1841800000	3.0132080000
0.1458870000	44.1660000000	3.0237180000
0.1461500000	46.4223400000	2.9790480000
0.1464130000	46.5384400000	3.0205640000
0.1466760000	46.9843200000	3.0047340000
0.1469390000	44.0224200000	2.9899620000
0.1472020000	45.2359000000	2.9878200000
0.1474650000	42.7592400000	2.9477840000
0.1477280000	39.8374600000	2.9595900000
0.1479910000	43.6522200000	2.9543400000
0.1482550000	43.5631600000	2.9643000000
0.1485180000	42.0147000000	2.9658540000
0.1487810000	39.9275200000	3.0102360000
0.1490440000	44.0760400000	3.0660240000
0.1493070000	49.7484200000	3.0882660000
0.1495700000	42.9408200000	3.0864600000
0.1498330000	39.5816800000	3.0769340000
0.1500960000	44.9705200000	3.1225500000
0.1503590000	47.0035400000	3.1259320000
0.1506230000	35.4641400000	3.1134460000
0.1508860000	42.6549000000	3.1474200000
0.1511490000	46.7720400000	3.1769060000
0.1514120000	43.4514200000	3.1735500000
0.1516750000	43.6182000000	3.1794680000
0.1519380000	47.2478000000	3.1723900000
0.1522010000	42.2268200000	3.1659760000
0.1524640000	43.4437600000	3.1661220000
0.1527270000	39.6794200000	3.1805220000
0.1529910000	48.9488200000	3.2322200000
0.1532540000	43.1420600000	3.2217740000
0.1535170000	35.9246200000	3.2106460000
0.1537800000	36.4226000000	3.1391020000
0.1540430000	40.0167400000	3.2089320000
0.1543060000	40.7234200000	3.1582180000
0.1545690000	46.8236600000	3.1925200000
0.1548320000	46.2865200000	3.1446320000
0.1550950000	32.7617600000	3.0329660000
0.1553590000	39.2384200000	3.1119640000
0.1556220000	38.5196200000	3.0546940000
0.1558850000	40.3355800000	3.0853680000
0.1561480000	43.4355800000	3.0518720000
0.1564110000	39.0186600000	3.0223260000
0.1566740000	36.6061800000	3.0225800000
0.1569370000	46.0199000000	3.0655760000
0.1572000000	42.0856800000	3.0412100000
0.1574630000	33.7794200000	2.9533860000
0.1577270000	36.3740200000	2.9623240000
0.1579900000	38.2622200000	3.0107900000
0.1582530000	33.4556600000	2.9476600000
0.1585160000	38.7527600000	2.9799860000
0.1587790000	39.7320000000	2.9715680000
0.1590420000	35.7242600000	2.9710680000
0.1593050000	41.0070600000	2.9862140000
0.1595680000	43.3528000000	2.9629020000
0.1598310000	34.7605200000	2.9599060000
0.1600950000	35.1175400000	2.9284780000
0.1603580000	40.8159200000	2.9615040000
0.1606210000	39.9949800000	2.9388760000
0.1608840000	35.4026600000	2.9210360000
0.1611470000	41.1734800000	2.9719400000
0.1614100000	43.5213200000	2.9359980000
0.1616730000	39.2691600000	2.9515220000
0.1619360000	44.1541400000	2.9540680000
0.1621990000	31.0957800000	2.8986140000
0.1624630000	38.6436600000	2.9534000000
0.1627260000	34.7437600000	2.8955960000
0.1629890000	40.3069200000	2.9269000000
0.1632520000	41.8481400000	2.9054120000
0.1635150000	37.7112400000	2.9421500000
0.1637780000	37.5154200000	2.9255240000
0.1640410000	42.3544600000	2.9214160000
0.1643040000	34.8177800000	2.9134340000
0.1645670000	32.3688400000	2.8911860000
0.1648310000	38.4281400000	2.9270780000
0.1650940000	33.3516800000	2.8896540000
0.1653570000	31.6756400000	2.8511060000
0.1656200000	36.6538800000	2.9164600000
0.1658830000	32.9528600000	2.9060360000
0.1661460000	35.1875400000	2.8974420000
0.1664090000	35.6680400000	2.8605040000
0.1666720000	37.2465400000	2.8819460000
0.1669350000	38.0146800000	2.9037860000
0.1671990000	36.5851600000	2.8662260000
0.1674620000	39.9398800000	2.8961040000
0.1677250000	31.7672600000	2.8287760000
0.1679880000	35.5870000000	2.8630500000
0.1682510000	33.5643800000	2.8520860000
0.1685140000	29.9483000000	2.8329000000
0.1687770000	40.9093000000	2.8761500000
0.1690400000	35.7030800000	2.8461180000
0.1693030000	32.0059600000	2.8264380000
0.1695670000	30.5963000000	2.8024220000
0.1698300000	33.7190200000	2.8164460000
0.1700930000	32.3110800000	2.8346880000
0.1703560000	33.7381600000	2.8345900000
0.1706190000	35.1716200000	2.8520460000
0.1708820000	33.9849200000	2.7972860000
0.1711450000	29.4849200000	2.7945860000
0.1714080000	34.3050200000	2.8102080000
0.1716710000	30.9170400000	2.8209740000
0.1719340000	33.0597000000	2.8328660000
0.1721980000	30.8610000000	2.7861940000
0.1724610000	33.8315200000	2.8255840000
0.1727240000	36.0662000000	2.8182520000
0.1729870000	31.6613000000	2.7918140000
0.1732500000	31.1332200000	2.8202040000
0.1735130000	37.5932200000	2.8218200000
0.1737760000	31.5782600000	2.8001700000
0.1740390000	31.4296000000	2.7932360000
0.1743020000	33.3743800000	2.8061400000
0.1745660000	35.2776200000	2.8035040000
0.1748290000	30.2717000000	2.7967100000
0.1750920000	30.8903600000	2.8058720000
0.1753550000	25.8824000000	2.7539020000
0.1756180000	33.6127400000	2.8088800000
0.1758810000	29.0533600000	2.7808040000
0.1761440000	34.3841200000	2.8085720000
0.1764070000	29.7514400000	2.7556220000
0.1766700000	33.2048200000	2.7797880000
0.1769340000	28.1841600000	2.7884500000
0.1771970000	30.1046200000	2.7623060000
0.1774600000	27.1092800000	2.7574560000
0.1777230000	30.6753600000	2.7652000000
0.1779860000	30.0654600000	2.7511700000
0.1782490000	32.7519000000	2.7986280000
0.1785120000	29.4977000000	2.7489100000
0.1787750000	31.9832400000	2.7874020000
0.1790380000	33.4894000000	2.7779800000
0.1793020000	28.1812800000	2.7627960000
0.1795650000	31.0220400000	2.7796140000
0.1798280000	23.9347400000	2.7217860000
0.1800910000	27.3832800000	2.7402760000
0.1803540000	28.5484200000	2.7462580000
0.1806170000	31.1906600000	2.7880020000
0.1808800000	26.9764600000	2.7404960000
0.1811430000	30.6666200000	2.7408100000
0.1814060000	31.6891000000	2.7742800000
0.1816700000	34.4358800000	2.7400720000
0.1819330000	28.8068400000	2.7291380000
0.1821960000	34.7303800000	2.7566840000
0.1824590000	29.7697800000	2.7414260000
0.1827220000	28.4929600000	2.7339500000
0.1829850000	30.8461600000	2.7308920000
0.1832480000	27.3148200000	2.7549620000
0.1835110000	26.0564000000	2.7247820000
0.1837740000	28.5420400000	2.7281500000
0.1840380000	23.7170400000	2.7398280000
0.1843010000	29.4177600000	2.7155640000
0.1845640000	34.3406600000	2.7686120000
0.1848270000	32.1410200000	2.7311660000
0.1850900000	27.6251200000	2.7502060000
0.1853530000	28.4561800000	2.7281180000
0.1856160000	28.8516600000	2.7429960000
0.1858790000	28.3768800000	2.7416460000
0.1861420000	24.8727600000	2.7011080000
0.1864060000	27.2619400000	2.7174880000
0.1866690000	31.1298400000	2.7372860000
0.1869320000	29.7210400000	2.7600440000
0.1871950000	21.7625800000	2.7171640000
0.1874580000	29.0668800000	2.7454580000
0.1877210000	27.0421400000	2.7354960000
0.1879840000	26.9245400000	2.7347940000
0.1882470000	28.8553200000	2.7466420000
0.1885100000	26.4994200000	2.7577260000
0.1887740000	26.3049800000	2.7168380000
0.1890370000	28.2240400000	2.7499140000
0.1893000000	26.7106400000	2.7195200000
0.1895630000	29.3317200000	2.7675300000
0.1898260000	30.9304000000	2.7470540000
0.1900890000	26.4462200000	2.7490600000
0.1903520000	27.9699000000	2.7622420000
0.1906150000	27.0094000000	2.7241760000
0.1908780000	29.5879800000	2.7443160000
0.1911420000	27.0962000000	2.7229660000
0.1914050000	27.9481600000	2.7503140000
0.1916680000	27.7495600000	2.7451060000
0.1919310000	27.1023800000	2.7320420000
0.1921940000	28.8009800000	2.7730580000
0.1924570000	23.8454400000	2.7148160000
0.1927200000	25.8647000000	2.7312620000
0.1929830000	22.1500000000	2.7348180000
0.1932460000	26.0056600000	2.7218600000
0.1935100000	21.5515400000	2.7406700000
0.1937730000	23.4324000000	2.7306900000
0.1940360000	28.1205400000	2.7420020000
0.1942990000	34.9937600000	2.7489080000
0.1945620000	25.4633800000	2.7545960000
0.1948250000	25.7748400000	2.7661880000
0.1950880000	25.7744800000	2.7245880000
0.1953510000	23.6046800000	2.7231060000
0.1956140000	22.6569600000	2.7033420000
0.1958780000	24.2181600000	2.7414080000
0.1961410000	30.3062200000	2.7623440000
0.1964040000	24.1702000000	2.7192840000
0.1966670000	22.4240200000	2.7184200000
0.1969300000	26.6021000000	2.7295800000
0.1971930000	21.0971400000	2.7361880000
0.1974560000	25.3917200000	2.7266320000
0.1977190000	29.8786200000	2.7453960000
0.1979820000	25.5351800000	2.7339960000
0.1982460000	23.6403600000	2.7252740000
0.1985090000	23.3028400000	2.7389980000
0.1987720000	24.0525400000	2.7051140000
0.1990350000	22.2716200000	2.7429580000
0.1992980000	24.0868800000	2.7248820000
0.1995610000	21.5523200000	2.7244140000
0.1998240000	28.8867000000	2.7914680000
0.2000870000	29.1408600000	2.7215400000
0.2003500000	26.9422400000	2.7529860000
0.2006140000	20.7255400000	2.6868460000
0.2008770000	22.6289200000	2.7122960000
0.2011400000	23.6176800000	2.7160880000
0.2014030000	24.3169200000	2.7184600000
0.2016660000	24.8085400000	2.7369900000
0.2019290000	19.4064200000	2.7149260000
0.2021920000	23.4625400000	2.7462200000
0.2024550000	24.0407800000	2.7292580000
0.2027180000	25.7058600000	2.7310400000
0.2029820000	27.7583200000	2.7508180000
0.2032450000	27.2459800000	2.7378220000
0.2035080000	24.0094600000	2.7408860000
0.2037710000	23.3769800000	2.7171600000
0.2040340000	26.4072600000	2.7190280000
0.2042970000	24.3693600000	2.7454460000
0.2045600000	22.3895200000	2.7350940000
0.2048230000	29.0754600000	2.7991760000
0.2050860000	20.3642800000	2.7730240000
0.2053500000	23.6007600000	2.8178680000
0.2056130000	23.2935400000	2.8441940000
0.2058760000	30.7453800000	2.8877980000
0.2061390000	23.2951000000	2.8957000000
0.2064020000	25.5174800000	2.8636280000
0.2066650000	23.2352000000	2.8945980000
0.2069280000	23.7725000000	2.9085300000
0.2071910000	18.5364800000	2.9009800000
0.2074540000	24.6386000000	2.9567940000
0.2077180000	25.4470800000	2.9173760000
0.2079810000	27.5161000000	2.9676800000
0.2082440000	26.4898600000	2.9813640000
0.2085070000	22.5004200000	2.9092440000
0.2087700000	26.5995800000	3.0083620000
0.2090330000	24.1101400000	2.9723540000
0.2092960000	19.3720400000	2.9976480000
0.2095590000	20.9473400000	2.9665140000
0.2098220000	24.4953600000	2.9974180000
0.2100860000	23.8125600000	2.9900140000
0.2103490000	22.1225800000	2.9299720000
0.2106120000	17.2435800000	2.8895600000
0.2108750000	25.7503200000	2.9051760000
0.2111380000	22.7234200000	2.8314740000
0.2114010000	17.6599000000	2.8561320000
0.2116640000	25.2969400000	2.8740380000
0.2119270000	24.4420800000	2.8603880000
0.2121900000	17.6765600000	2.8033140000
0.2124540000	16.9974200000	2.8021040000
0.2127170000	17.4299000000	2.8528900000
0.2129800000	22.8180200000	2.8578320000
0.2132430000	20.8739800000	2.8464320000
0.2135060000	18.9597200000	2.8090320000
0.2137690000	20.1612400000	2.8491340000
0.2140320000	22.9925400000	2.8629880000
0.2142950000	26.9812000000	2.8362160000
0.2145580000	22.5508000000	2.8218640000
0.2148220000	20.6129000000	2.8293840000
0.2150850000	25.7440000000	2.8624780000
0.2153480000	26.5432000000	2.8598340000
0.2156110000	25.4253400000	2.8517380000
0.2158740000	22.0947400000	2.8454900000
0.2161370000	19.8008600000	2.8250320000
0.2164000000	18.1065600000	2.8355240000
0.2166630000	25.9985200000	2.8540880000
0.2169260000	21.8750000000	2.8514540000
0.2171900000	22.0381600000	2.8669720000
0.2174530000	24.0015400000	2.8541520000
0.2177160000	22.6585600000	2.8676420000
0.2179790000	22.9849000000	2.8478940000
0.2182420000	22.2516200000	2.8549440000
0.2185050000	23.1964800000	2.8378600000
0.2187680000	16.4225600000	2.8352740000
0.2190310000	19.4720600000	2.8461420000
0.2192940000	21.5614400000	2.8594820000
0.2195580000	17.8788400000	2.8145060000
0.2198210000	20.6181200000	2.8220500000
0.2200840000	21.5849400000	2.8427160000
0.2203470000	20.5903600000	2.8367660000
0.2206100000	21.1234800000	2.8374920000
0.2208730000	24.0323200000	2.8731540000
0.2211360000	26.7372400000	2.8586520000
0.2213990000	22.6985000000	2.8673280000
0.2216620000	22.4195600000	2.8374500000
0.2219260000	16.6077800000	2.8403740000
0.2221890000	19.4184600000	2.8080300000
0.2224520000	14.5526200000	2.7969200000
0.2227150000	20.1934600000	2.8566280000
0.2229780000	18.3976600000	2.8167980000
0.2232410000	19.1780400000	2.8687500000
0.2235040000	21.6428000000	2.8259580000
0.2237670000	24.9893400000	2.8563160000
0.2240300000	22.4608200000	2.8608320000
0.2242940000	18.3477800000	2.8309660000
0.2245570000	21.6888000000	2.8791200000
0.2248200000	13.8971400000	2.8258280000
0.2250830000	18.6714600000	2.8515980000
0.2253460000	14.4127400000	2.8370200000
0.2256090000	20.6221400000	2.8789680000
0.2258720000	23.8343400000	2.8828680000
0.2261350000	22.5131600000	2.8467460000
0.2263980000	18.7994400000	2.8719540000
0.2266620000	19.7545200000	2.8326920000
0.2269250000	21.0279200000	2.8608120000
0.2271880000	21.1457800000	2.8486400000
0.2274510000	16.1092400000	2.8391040000
0.2277140000	21.0893200000	2.9061360000
0.2279770000	17.9943000000	2.8208020000
0.2282400000	17.7119200000	2.8247920000
0.2285030000	14.3308600000	2.8418280000
0.2287660000	21.6874000000	2.8269560000
0.2290300000	18.9291600000	2.8663300000
0.2292930000	21.9011600000	2.8259520000
0.2295560000	17.6626600000	2.8246980000
0.2298190000	18.2728000000	2.8476920000
0.2300820000	23.5317800000	2.8302660000
0.2303450000	16.7579400000	2.8356960000
0.2306080000	19.1366400000	2.7909060000
0.2308710000	21.6405200000	2.8680100000
0.2311340000	11.2729800000	2.8118580000
0.2313980000	20.6789400000	2.8507560000
0.2316610000	18.9804000000	2.8350720000
0.2319240000	17.4883600000	2.8187580000
0.2321870000	15.3876800000	2.8492140000
0.2324500000	19.3841400000	2.8397660000
0.2327130000	17.1132400000	2.8403880000
0.2329760000	15.4266000000	2.8541000000
0.2332390000	20.7619000000	2.8258100000
0.2335020000	19.0885800000	2.8573380000
0.2337660000	15.8953800000	2.8282560000
0.2340290000	15.8348400000	2.8488540000
0.2342920000	20.9408200000	2.8664360000
0.2345550000	23.2114200000	2.8580620000
0.2348180000	25.1151800000	2.9053500000
0.2350810000	21.6380000000	2.8440360000
0.2353440000	18.7870800000	2.8511720000
0.2356070000	18.3483000000	2.8097220000
0.2358700000	18.4464200000	2.8641600000
0.2361340000	19.5932200000	2.8451100000
0.2363970000	19.2971800000	2.7993060000
0.2366600000	14.9433600000	2.8222580000
0.2369230000	19.8701000000	2.7998560000
0.2371860000	20.8262600000	2.8509500000
0.2374490000	17.7785600000	2.8199120000
0.2377120000	16.6757600000	2.8051440000
0.2379750000	19.2307600000	2.8356080000
0.2382380000	17.5842600000	2.8265120000
0.2385020000	19.9025600000	2.8533120000
0.2387650000	23.7577800000	2.8408260000
0.2390280000	19.5839000000	2.8420800000
0.2392910000	14.4782000000	2.8362640000
0.2395540000	21.1740000000	2.8562740000
0.2398170000	15.8457400000	2.8277980000
0.2400800000	21.4680600000	2.8187060000
0.2403430000	22.2678800000	2.8562780000
0.2406060000	22.3540400000	2.8666540000
0.2408700000	20.9322800000	2.8525980000
0.2411330000	16.3563400000	2.8103280000
0.2413960000	19.9379600000	2.8229140000
0.2416590000	22.6715200000	2.8531760000
0.2419220000	20.2493800000	2.8238420000
0.2421850000	15.0057600000	2.8223560000
0.2424480000	19.4549000000	2.8221560000
0.2427110000	13.0349000000	2.7926920000
0.2429740000	12.1116800000	2.8222880000
0.2432380000	14.8146000000	2.7845240000
0.2435010000	21.1957800000	2.8581780000
0.2437640000	20.5505400000	2.8720080000
0.2440270000	18.8819000000	2.8349460000
0.2442900000	16.0263200000	2.8521940000
0.2445530000	19.3482200000	2.8146660000
0.2448160000	17.6247400000	2.8631600000
0.2450790000	13.3335200000	2.8244120000
0.2453420000	16.6161800000	2.8292860000
0.2456060000	15.0551000000	2.8325940000
0.2458690000	17.3767800000	2.8048400000
0.2461320000	18.0250400000	2.8596900000
0.2463950000	16.2567200000	2.8160100000
0.2466580000	18.5965000000	2.8112460000
0.2469210000	15.6583600000	2.8456400000
0.2471840000	17.7866000000	2.8157140000
0.2474470000	15.6687200000	2.8361880000
0.2477100000	19.0054600000	2.7985500000
0.2479730000	21.9889400000	2.8690920000
0.2482370000	17.9533200000	2.8529280000
0.2485000000	17.7156800000	2.8116140000
0.2487630000	18.4153200000	2.8627180000
0.2490260000	13.5566800000	2.8109320000
0.2492890000	11.5222000000	2.8317180000
0.2495520000	19.3328600000	2.8451100000
0.2498150000	22.8543000000	2.8686100000
0.2500780000	17.5636000000	2.8506980000
0.2503410000	18.3738000000	2.8434260000
0.2506050000	13.1248800000	2.8622420000
0.2508680000	17.8288400000	2.8331800000
0.2511310000	12.3049600000	2.8229060000
0.2513940000	13.0478600000	2.8141240000
0.2516570000	14.8806800000	2.8309760000
0.2519200000	15.9646800000	2.8643000000
0.2521830000	19.3164800000	2.8003740000
0.2524460000	14.4306000000	2.8541800000
0.2527090000	19.6623800000	2.8545620000
0.2529730000	12.9533400000	2.8314580000
0.2532360000	16.5750400000	2.8330420000
0.2534990000	13.9258600000	2.8244640000
0.2537620000	17.5299800000	2.8694820000
0.2540250000	14.7261600000	2.8280600000
0.2542880000	13.9120200000	2.8526740000
0.2545510000	14.8506200000	2.8345740000
0.2548140000	19.0036200000	2.8391620000
0.2550770000	14.5162400000	2.8691100000
0.2553410000	22.5153600000	2.8620880000
0.2556040000	19.5139400000	2.8682700000
0.2558670000	9.9908800000	2.8270580000
0.2561300000	20.9651600000	2.8621260000
0.2563930000	18.2912400000	2.8359600000
0.2566560000	21.8502000000	2.8118760000
0.2569190000	14.3234600000	2.8276540000
0.2571820000	18.0199400000	2.8322220000
0.2574450000	18.0410200000	2.8405480000
0.2577090000	14.3530600000	2.8174320000
0.2579720000	15.9813800000	2.8216940000
0.2582350000	13.0476400000	2.8104960000
0.2584980000	14.4346000000	2.8133920000
0.2587610000	16.5254000000	2.8195700000
0.2590240000	18.6125200000	2.8455960000
0.2592870000	14.6872800000	2.8001460000
0.2595500000	13.3277600000	2.8256660000
0.2598130000	21.2535200000	2.8563300000
0.2600770000	14.5054600000	2.8271280000
0.2603400000	12.0778800000	2.8634500000
0.2606030000	9.7812600000	2.9210080000
0.2608660000	19.9022000000	2.9872240000
0.2611290000	11.7888600000	2.9605480000
0.2613920000	15.1800000000	3.0332900000
0.2616550000	13.2741200000	3.0014920000
0.2619180000	17.5109200000	3.0633920000
0.2621810000	14.1841400000	3.0459220000
0.2624450000	15.3730800000	3.0880200000
0.2627080000	16.5695600000	3.1523180000
0.2629710000	15.9239200000	3.1344500000
0.2632340000	18.8202200000	3.1571220000
0.2634970000	16.9488000000	3.1638140000
0.2637600000	13.1549200000	3.1749700000
0.2640230000	13.6149600000	3.1828440000
0.2642860000	20.4153600000	3.2356860000
0.2645490000	19.7090800000	3.2899800000
0.2648130000	16.7982000000	3.2236380000
0.2650760000	22.1724600000	3.3082700000
0.2653390000	13.4684200000	3.2412200000
0.2656020000	15.6816200000	3.2694580000
0.2658650000	19.5853200000	3.2324620000
0.2661280000	11.0908400000	3.1322820000
0.2663910000	8.8034200000	3.1057080000
0.2666540000	20.6546600000	3.1035680000
0.2669170000	15.2949400000	3.0981660000
0.2671810000	8.8946600000	3.0498180000
0.2674440000	15.6339000000	3.0542240000
0.2677070000	17.7466600000	3.0468640000
0.2679700000	11.9401000000	3.0326820000
0.2682330000	13.0935200000	3.0278920000
0.2684960000	20.6606200000	3.0515300000
0.2687590000	17.7925600000	3.0278120000
0.2690220000	18.3239000000	3.0407020000
0.2692850000	15.8645400000	3.0166240000
0.2695490000	12.9432200000	3.0423080000
0.2698120000	18.3273800000	3.0100420000
0.2700750000	13.5186200000	2.9973540000
0.2703380000	14.3958600000	3.0051180000
0.2706010000	13.1231000000	2.9814600000
0.2708640000	13.1947000000	3.0072440000
0.2711270000	13.4468600000	2.9828640000
0.2713900000	18.9697200000	3.0253760000
0.2716530000	11.6269800000	2.9877860000
0.2719170000	16.1921200000	3.0131720000
0.2721800000	19.4438400000	3.0267380000
0.2724430000	12.6836400000	2.9416640000
0.2727060000	16.4796400000	3.0122340000
0.2729690000	18.5333000000	2.9775360000
0.2732320000	17.3744200000	2.9633380000
0.2734950000	12.7619400000	2.9759480000
0.2737580000	17.8692400000	2.9515100000
0.2740210000	16.9000400000	2.9962380000
0.2742850000	13.4750600000	2.9428680000
0.2745480000	12.4830400000	2.9275260000
0.2748110000	13.7756000000	2.9596300000
0.2750740000	15.6404200000	2.9256800000
0.2753370000	13.6660400000	2.9473760000
0.2756000000	17.4067600000	2.9386640000
0.2758630000	10.3873200000	2.9089040000
0.2761260000	14.5241800000	2.9252600000
0.2763890000	13.9734000000	2.9407260000
0.2766530000	16.6382800000	2.9565520000
0.2769160000	17.1274600000	2.9188640000
0.2771790000	14.9852200000	2.9215820000
0.2774420000	19.3502800000	2.9358200000
0.2777050000	16.1658400000	2.9228880000
0.2779680000	16.0534200000	2.9428540000
0.2782310000	14.1990800000	2.9125440000
0.2784940000	18.2344600000	2.9592240000
0.2787570000	17.1890000000	2.9378140000
0.2790210000	19.3723400000	2.9475940000
0.2792840000	14.7335200000	2.9264720000
0.2795470000	16.0934800000	2.9395460000
0.2798100000	14.8227600000	2.9180120000
0.2800730000	14.5484800000	2.9211700000
0.2803360000	13.4668200000	2.9304100000
0.2805990000	16.3305800000	2.9238380000
0.2808620000	15.7769600000	2.9461800000
0.2811250000	11.5134600000	2.8706400000
0.2813890000	12.3534200000	2.8902040000
0.2816520000	14.0020000000	2.9278520000
0.2819150000	10.0511400000	2.8816920000
0.2821780000	12.9188200000	2.9122060000
0.2824410000	13.5502600000	2.9115980000
0.2827040000	10.3192200000	2.8961120000
0.2829670000	15.0475000000	2.9191280000
0.2832300000	20.2764400000	2.9570160000
0.2834930000	9.6049200000	2.9090860000
0.2837570000	15.2416600000	2.9259720000
0.2840200000	13.5267200000	2.9379720000
0.2842830000	15.5613600000	2.9366540000
0.2845460000	13.3681600000	2.9087760000
0.2848090000	17.3893800000	2.9137760000
0.2850720000	14.1437400000	2.9088060000
0.2853350000	13.4761200000	2.9267860000
0.2855980000	12.6760000000	2.9132240000
0.2858610000	15.2486200000	2.8935080000
0.2861250000	10.7342000000	2.9064400000
0.2863880000	12.5824800000	2.8871140000
0.2866510000	11.3072200000	2.8818660000
0.2869140000	17.1089200000	2.9189120000
0.2871770000	13.2048600000	2.9122960000
0.2874400000	15.9337400000	2.9362580000
0.2877030000	11.2148600000	2.8897080000
0.2879660000	15.1290600000	2.9238780000
0.2882290000	11.4841200000	2.8816220000
0.2884930000	16.0281400000	2.9326940000
0.2887560000	11.3437200000	2.9000000000
0.2890190000	14.6675200000	2.8884180000
0.2892820000	11.1842000000	2.9199820000
0.2895450000	13.3655200000	2.9025400000
0.2898080000	7.5754200000	2.8642280000
0.2900710000	12.0606200000	2.9098240000
0.2903340000	15.7544800000	2.9177780000
0.2905970000	11.5611200000	2.9027440000
0.2908610000	12.8721000000	2.9075460000
0.2911240000	15.3030000000	2.9073560000
0.2913870000	13.1223400000	2.8622120000
0.2916500000	8.9296600000	2.8627540000
0.2919130000	16.4499800000	2.9182320000
0.2921760000	7.5422400000	2.8855060000
0.2924390000	9.3244400000	2.8658640000
0.2927020000	11.6987200000	2.8622840000
0.2929650000	12.1204200000	2.8918020000
0.2932290000	15.1352800000	2.9098460000
0.2934920000	14.2769600000	2.8624380000
0.2937550000	9.7136200000	2.8544220000
0.2940180000	10.2379000000	2.8361880000
0.2942810000	14.1381400000	2.8776940000
0.2945440000	12.1939000000	2.8689020000
0.2948070000	11.3523000000	2.8768440000
0.2950700000	13.3484800000	2.8615860000
0.2953330000	16.4864400000	2.9005580000
0.2955970000	16.6643600000	2.8646780000
0.2958600000	16.6505800000	2.8989740000
0.2961230000	13.7928600000	2.8725580000
0.2963860000	10.1457400000	2.8425980000
0.2966490000	13.0261800000	2.8899100000
0.2969120000	13.8653000000	2.8601280000
0.2971750000	15.0578800000	2.8714320000
0.2974380000	15.7828000000	2.8849600000
0.2977010000	18.7196400000	2.8742500000
0.2979650000	11.1936200000	2.8575360000
0.2982280000	8.0284600000	2.8713580000
0.2984910000	14.1237600000	2.8951780000
0.2987540000	13.3739800000	2.9008040000
0.2990170000	9.5287800000	2.8273280000
0.2992800000	13.8463400000	2.8784240000
0.2995430000	9.6712000000	2.8740060000
0.2998060000	10.6915000000	2.8445500000
0.3000690000	10.6188000000	2.8684300000
0.3003330000	13.7054800000	2.8726640000
0.3005960000	12.1643600000	2.8733780000
0.3008590000	14.4545800000	2.9004000000
0.3011220000	16.5819200000	2.8537780000
0.3013850000	7.3443200000	2.8312300000
0.3016480000	13.9744800000	2.8740580000
0.3019110000	10.7895000000	2.8922320000
0.3021740000	9.9459200000	2.8531420000
0.3024370000	19.6688400000	2.8785300000
0.3027010000	14.5717200000	2.8741040000
0.3029640000	16.5220400000	2.8793300000
0.3032270000	8.4840000000	2.8339900000
0.3034900000	13.6096400000	2.8784280000
0.3037530000	15.6209600000	2.8601920000
0.3040160000	13.2103800000	2.8808400000
0.3042790000	12.7955400000	2.8687480000
0.3045420000	10.6001400000	2.8660220000
0.3048050000	11.4668400000	2.8800160000
0.3050690000	15.2568800000	2.8916280000
0.3053320000	9.2762400000	2.8544640000
0.3055950000	14.9730000000	2.8970220000
0.3058580000	11.6727200000	2.8527540000
0.3061210000	13.2596600000	2.8735840000
0.3063840000	15.4655400000	2.8768900000
0.3066470000	14.3619400000	2.8983680000
0.3069100000	13.6939800000	2.8554380000
0.3071730000	13.4025600000	2.8936580000
0.3074370000	12.6161600000	2.8739660000
0.3077000000	13.1604200000	2.8467660000
0.3079630000	12.3210200000	2.8632300000
0.3082260000	16.2393400000	2.9001400000
0.3084890000	7.3539600000	2.8468060000
0.3087520000	17.2784000000	2.9060260000
0.3090150000	8.7896600000	2.8230100000
0.3092780000	8.8640000000	2.8602200000
0.3095410000	14.2515200000	2.8611060000
0.3098050000	13.3780000000	2.8676240000
0.3100680000	15.4997600000	2.8953000000
0.3103310000	6.5461200000	2.8439280000
0.3105940000	10.4955000000	2.8496760000
0.3108570000	16.6330600000	2.8946340000
0.3111200000	10.3659600000	2.8525480000
0.3113830000	12.8278600000	2.8772880000
0.3116460000	13.8724800000	2.8750800000
0.3119090000	10.8139000000	2.8970820000
0.3121730000	11.1789200000	2.8698440000
0.3124360000	9.4809800000	2.8444700000
0.3126990000	14.2957200000	2.8833440000
0.3129620000	12.1800400000	2.8679700000
0.3132250000	13.2886600000	2.8694960000
0.3134880000	10.0571800000	2.8815720000
0.3137510000	12.1612000000	2.8795220000
0.3140140000	9.2811400000	2.8422140000
0.3142770000	13.6671200000	2.8556760000
0.3145410000	15.8992600000	2.8783300000
0.3148040000	10.8761800000	2.8503740000
0.3150670000	11.8938400000	2.8612020000
0.3153300000	10.1205800000	2.8593760000
0.3155930000	12.3255400000	2.8506900000
0.3158560000	9.7566000000	2.8310720000
0.3161190000	16.7606800000	2.9394400000
0.3163820000	3.9575200000	2.9508720000
0.3166450000	10.0051600000	3.0036180000
0.3169090000	16.6617600000	3.0627860000
0.3171720000	16.7304400000	3.1253440000
0.3174350000	11.1824200000	3.0942020000
0.3176980000	17.6088800000	3.1527500000
0.3179610000	14.4724600000	3.1305620000
0.3182240000	14.5357400000	3.1742580000
0.3184870000	11.8232800000	3.1876420000
0.3187500000	10.0971000000	3.1858140000
0.3190130000	11.2321000000	3.2274240000
0.3192770000	11.8051200000	3.2497200000
0.3195400000	11.9745600000	3.2520800000
0.3198030000	12.1057000000	3.2815340000
0.3200660000	15.5748600000	3.3243660000
0.3203290000	9.4909400000	3.2599160000
0.3205920000	16.7228400000	3.3152320000
0.3208550000	14.3238600000	3.3371160000
0.3211180000	14.9725800000	3.3416820000
0.3213810000	12.2564400000	3.3298160000
0.3216450000	8.0139000000	3.2671540000
0.3219080000	14.0756800000	3.2547900000
0.3221710000	12.4021000000	3.1998260000
0.3224340000	10.8871800000	3.1266340000
0.3226970000	14.2030400000	3.1771580000
0.3229600000	13.5495200000	3.1287440000
0.3232230000	9.3929000000	3.1011980000
0.3234860000	11.6989200000	3.0932000000
0.3237490000	14.0240600000	3.0817500000
0.3240120000	8.7326800000	3.0943740000
0.3242760000	16.2360600000	3.1265560000
0.3245390000	4.7182200000	3.0220520000
0.3248020000	13.4343400000	3.0585900000
0.3250650000	17.8777400000	3.0777660000
0.3253280000	14.0928800000	3.0509800000
0.3255910000	15.1832800000	3.0500840000
0.3258540000	12.1425600000	3.0476320000
0.3261170000	14.1395200000	3.0183720000
0.3263800000	14.8320400000	3.0427520000
0.3266440000	11.2387200000	3.0077840000
0.3269070000	8.1382600000	2.9876720000
0.3271700000	10.5371800000	3.0327460000
0.3274330000	13.6543600000	3.0485620000
0.3276960000	13.0196800000	3.0038800000
0.3279590000	10.1421200000	3.0119180000
0.3282220000	9.8436400000	3.0025240000
0.3284850000	3.6208400000	2.9473320000
0.3287480000	11.6227400000	2.9901640000
0.3290120000	9.8442800000	2.9936760000
0.3292750000	14.3264200000	2.9837080000
0.3295380000	12.8052000000	2.9935440000
0.3298010000	4.3311200000	2.9533080000
0.3300640000	10.1044000000	2.9589880000
0.3303270000	13.0837400000	2.9886960000
0.3305900000	8.4055000000	2.9694060000
0.3308530000	9.0670800000	2.9888400000
0.3311160000	10.5824800000	2.9786460000
0.3313800000	14.9187000000	3.0010060000
0.3316430000	12.7746200000	2.9793240000
0.3319060000	15.1375800000	3.0040600000
0.3321690000	13.2881400000	2.9935660000
0.3324320000	7.9785800000	2.9392020000
0.3326950000	7.8450000000	2.9843180000
0.3329580000	14.5803800000	3.0114980000
0.3332210000	12.9078400000	2.9648640000
0.3334840000	12.6956400000	2.9499860000
0.3337480000	10.2151400000	2.9545960000
0.3340110000	10.8741200000	2.9597820000
0.3342740000	12.1979200000	2.9885460000
0.3345370000	13.0426000000	2.9485900000
0.3348000000	14.0175600000	2.9792340000
0.3350630000	11.4498400000	2.9512480000
0.3353260000	9.7756000000	2.9460820000
0.3355890000	7.8638600000	2.9173800000
0.3358520000	12.3228400000	2.9441460000
0.3361160000	13.8425800000	2.9602560000
0.3363790000	4.9833000000	2.9307960000
0.3366420000	10.1000000000	2.9456380000
0.3369050000	8.3495600000	2.8906600000
0.3371680000	4.9690600000	2.8881940000
0.3374310000	8.8563600000	2.9252320000
0.3376940000	8.1264800000	2.9385580000
0.3379570000	8.5836000000	2.9130860000
0.3382200000	8.3867600000	2.8994680000
0.3384840000	15.0335000000	2.9670120000
0.3387470000	13.0768800000	2.9367260000
0.3390100000	10.5366400000	2.9059060000
0.3392730000	5.9735600000	2.8808920000
0.3395360000	13.6412800000	2.9645680000
0.3397990000	12.5465200000	2.9280460000
0.3400620000	6.4545800000	2.8905820000
0.3403250000	8.1366000000	2.8976440000
0.3405880000	15.9935200000	2.9450800000
0.3408520000	13.9898000000	2.9583160000
0.3411150000	12.7357400000	2.9481460000
0.3413780000	11.0134200000	2.8993520000
0.3416410000	15.8163800000	2.9538340000
0.3419040000	9.3962600000	2.9150940000
0.3421670000	12.4954000000	2.9024320000
0.3424300000	11.1431400000	2.9243280000
0.3426930000	14.4167600000	2.9006020000
0.3429560000	5.7843000000	2.9091840000
0.3432200000	9.5084800000	2.9110580000
0.3434830000	6.0519200000	2.8789120000
0.3437460000	12.3539600000	2.9211520000
0.3440090000	11.4979800000	2.9337460000
0.3442720000	12.5215400000	2.9299660000
0.3445350000	10.5768600000	2.9019260000
0.3447980000	8.2610400000	2.8734620000
0.3450610000	10.9492000000	2.9021980000
0.3453240000	13.1126000000	2.9087700000
0.3455880000	9.9797200000	2.9030260000
0.3458510000	12.6891600000	2.9547600000
0.3461140000	11.3420400000	2.9198700000
0.3463770000	9.3081800000	2.9118760000
0.3466400000	13.2178400000	2.8938620000
0.3469030000	9.9046200000	2.9202080000
0.3471660000	9.4666800000	2.9215180000
0.3474290000	17.4238000000	2.9592440000
0.3476920000	9.1611000000	2.9024500000
0.3479560000	12.6677200000	2.9045020000
0.3482190000	4.6752200000	2.8828300000
0.3484820000	6.3516400000	2.8812080000
0.3487450000	7.1122600000	2.9126940000
0.3490080000	13.4717400000	2.9185800000
0.3492710000	15.6371000000	2.9296600000
0.3495340000	10.0591400000	2.9220760000
0.3497970000	10.3588000000	2.8904920000
0.3500600000	7.7522400000	2.9062500000
0.3503240000	9.0269200000	2.9068440000
0.3505870000	9.5935000000	2.9062020000
0.3508500000	8.1459000000	2.9289640000
0.3511130000	10.6408400000	2.9019460000
0.3513760000	14.1145400000	2.9131500000
0.3516390000	14.4003200000	2.9055060000
0.3519020000	9.4157600000	2.9066040000
0.3521650000	5.6537000000	2.8901120000
0.3524280000	10.2249000000	2.9051740000
0.3526920000	10.5312200000	2.9040600000
0.3529550000	14.1152400000	2.9384280000
0.3532180000	11.1499200000	2.9055320000
0.3534810000	9.6530600000	2.9018940000
0.3537440000	10.7714400000	2.9412160000
0.3540070000	13.5119200000	2.9265780000
0.3542700000	13.4050200000	2.9044380000
0.3545330000	14.3263400000	2.9069980000
0.3547960000	9.5093800000	2.9015960000
0.3550600000	7.0899800000	2.8621680000
0.3553230000	8.7249000000	2.8930360000
0.3555860000	11.1714000000	2.9162800000
0.3558490000	10.0105400000	2.8996160000
0.3561120000	14.0863200000	2.8989660000
0.3563750000	5.9554800000	2.8958980000
0.3566380000	8.9497400000	2.8848680000
0.3569010000	8.9517200000	2.8925700000
0.3571640000	5.7279800000	2.8643200000
0.3574280000	8.5654200000	2.8826680000
0.3576910000	13.0672400000	2.9055660000
0.3579540000	13.5837400000	2.8904660000
0.3582170000	9.0953200000	2.9031720000
0.3584800000	13.3375400000	2.9202920000
0.3587430000	11.6364000000	2.8861520000
0.3590060000	10.7064200000	2.9039380000
0.3592690000	8.3978600000	2.8667780000
0.3595320000	7.5478800000	2.8784520000
0.3597960000	9.0116800000	2.8856860000
0.3600590000	8.2633600000	2.9115440000
0.3603220000	14.4018200000	2.9130640000
0.3605850000	9.9412800000	2.8686020000
0.3608480000	13.0132400000	2.9204220000
0.3611110000	7.8521600000	2.8794640000
0.3613740000	10.5264000000	2.8775760000
0.3616370000	9.8269400000	2.8970540000
0.3619000000	9.1645800000	2.8829860000
0.3621640000	9.7089400000	2.9030020000
0.3624270000	9.5438800000	2.8964140000
0.3626900000	16.0091400000	2.9403060000
0.3629530000	4.4377200000	2.8926140000
0.3632160000	11.9436200000	2.8656000000
0.3634790000	8.1046400000	2.8659260000
0.3637420000	13.7119800000	2.9026760000
0.3640050000	10.8045400000	2.8979360000
0.3642680000	5.8653200000	2.8772600000
0.3645320000	6.5168000000	2.8943320000
0.3647950000	11.6164400000	2.8865560000
0.3650580000	8.5158000000	2.9040720000
0.3653210000	10.9432000000	2.8858400000
0.3655840000	12.1297400000	2.8760140000
0.3658470000	10.1435800000	2.8652140000
0.3661100000	8.1049800000	2.8582660000
0.3663730000	9.0261400000	2.8820920000
0.3666360000	8.0772600000	2.8680000000
0.3669000000	12.0669000000	2.8681860000
0.3671630000	10.0800000000	2.8612300000
0.3674260000	6.8515600000	2.8509940000
0.3676890000	7.6124200000	2.8268740000
0.3679520000	1.6857000000	2.8083640000
0.3682150000	15.4544400000	2.8812300000
0.3684780000	5.3204000000	2.8346780000
0.3687410000	11.5601800000	2.8618880000
0.3690040000	8.4455600000	2.8095300000
0.3692680000	12.2299800000	2.8440940000
0.3695310000	9.2592600000	2.8574940000
0.3697940000	14.7631000000	2.8535040000
0.3700570000	7.6778600000	2.8489980000
0.3703200000	10.8438800000	2.8555500000
0.3705830000	8.5625000000	2.8580700000
0.3708460000	8.1571200000	2.8532920000
0.3711090000	11.3347200000	2.8699280000
0.3713720000	9.6836000000	2.8521700000
0.3716360000	9.7317800000	2.8636440000
0.3718990000	8.1906800000	2.9308120000
0.3721620000	14.3651800000	3.0074480000
0.3724250000	16.7665600000	3.0614160000
0.3726880000	7.4924200000	3.0668540000
0.3729510000	6.9328600000	3.0767420000
0.3732140000	8.0100600000	3.1649840000
0.3734770000	10.0893000000	3.1388220000
0.3737400000	11.5210800000	3.1998220000
0.3740040000	7.8051800000	3.2326580000
0.3742670000	10.2036200000	3.2373700000
0.3745300000	12.3689800000	3.3157280000
0.3747930000	8.3075000000	3.2737440000
0.3750560000	7.8989000000	3.3227100000
0.3753190000	11.2161800000	3.4013400000
0.3755820000	14.7177600000	3.4105600000
0.3758450000	10.4681800000	3.3383660000
0.3761080000	9.1709800000	3.3546220000
0.3763720000	3.4185400000	3.4012440000
0.3766350000	6.6832600000	3.4532480000
0.3768980000	2.0568600000	3.3900220000
0.3771610000	9.7649000000	3.4658800000
0.3774240000	6.3667000000	3.3534080000
0.3776870000	4.2079400000	3.2972040000
0.3779500000	9.0679600000	3.2711700000
0.3782130000	6.7746600000	3.2452440000
0.3784760000	9.4202600000	3.2400880000
0.3787400000	8.1559200000	3.2246840000
0.3790030000	15.5032800000	3.2160400000
0.3792660000	8.4589800000	3.2094820000
0.3795290000	10.2279000000	3.1820200000
0.3797920000	5.1875400000	3.2082840000
0.3800550000	8.8670200000	3.1922440000
0.3803180000	10.5992000000	3.1471840000
0.3805810000	13.9833400000	3.1492040000
0.3808440000	12.2389000000	3.1931280000
0.3811080000	13.1905200000	3.2088680000
0.3813710000	12.8688000000	3.1903560000
0.3816340000	10.8918800000	3.1908380000
0.3818970000	5.5934800000	3.1420660000
0.3821600000	12.6797400000	3.1910280000
0.3824230000	5.2865600000	3.1203600000
0.3826860000	11.1126400000	3.1543640000
0.3829490000	9.6407800000	3.1491560000
0.3832120000	10.0347800000	3.1755900000
0.3834760000	10.2723600000	3.1450060000
0.3837390000	10.2307600000	3.1634000000
0.3840020000	4.1814600000	3.1610460000
0.3842650000	7.8690200000	3.1337800000
0.3845280000	11.2360800000	3.1480460000
0.3847910000	3.8696600000	3.1135280000
0.3850540000	8.5210200000	3.1237680000
0.3853170000	10.2800600000	3.1576800000
0.3855800000	6.1964000000	3.1640300000
0.3858440000	10.1689200000	3.1821980000
0.3861070000	4.0737800000	3.1493900000
0.3863700000	9.5468000000	3.1762600000
0.3866330000	13.4438600000	3.2043020000
0.3868960000	3.6987600000	3.1521300000
0.3871590000	12.0287400000	3.1617800000
0.3874220000	5.0896000000	3.1808700000
0.3876850000	9.3850200000	3.1591040000
0.3879480000	12.0158600000	3.2044020000
0.3882120000	8.0931000000	3.1630920000
0.3884750000	10.3239400000	3.1962700000
0.3887380000	9.7386200000	3.1933720000
0.3890010000	6.7646200000	3.1873860000
0.3892640000	11.8097200000	3.1636900000
0.3895270000	8.1915200000	3.1923020000
0.3897900000	10.4671200000	3.1959860000
0.3900530000	9.5121400000	3.2013500000
0.3903160000	9.5038400000	3.2000000000
0.3905800000	6.4338600000	3.1807820000
0.3908430000	9.5436200000	3.2137940000
0.3911060000	5.7348800000	3.2131180000
0.3913690000	9.1128600000	3.1980760000
0.3916320000	6.8929600000	3.1354080000
0.3918950000	7.9890200000	3.1955080000
0.3921580000	8.7647800000	3.1858840000
0.3924210000	10.3598200000	3.2358840000
0.3926840000	10.4759200000	3.1949380000
0.3929480000	9.8278000000	3.2231280000
0.3932110000	7.2381000000	3.1948140000
0.3934740000	7.8174200000	3.2020200000
0.3937370000	9.9823800000	3.2227120000
0.3940000000	9.7576800000	3.2117860000
0.3942630000	7.1037200000	3.2493520000
0.3945260000	11.3156000000	3.2068660000
0.3947890000	7.4580000000	3.2248000000
0.3950520000	11.3298400000	3.2384000000
0.3953160000	11.7351200000	3.2611340000
0.3955790000	11.8964800000	3.2493520000
0.3958420000	12.7594200000	3.2486420000
0.3961050000	6.0381000000	3.2158120000
0.3963680000	6.5503000000	3.2298480000
0.3966310000	12.5142400000	3.2459300000
0.3968940000	9.4887800000	3.2742540000
0.3971570000	9.5602000000	3.2295160000
0.3974200000	5.5969600000	3.2499040000
0.3976840000	5.0327600000	3.2439240000
0.3979470000	7.4709400000	3.2241240000
0.3982100000	10.5034000000	3.2483860000
0.3984730000	14.3206000000	3.2751620000
0.3987360000	12.4913200000	3.2770980000
0.3989990000	2.1680600000	3.2045660000
0.3992620000	9.0982600000	3.2527940000
0.3995250000	7.5182800000	3.2659940000
0.3997880000	8.6878000000	3.2349340000
0.4000520000	9.0105400000	3.2432960000
0.4003150000	13.2267600000	3.2589980000
0.4005780000	9.4322200000	3.2185720000
0.4008410000	14.7307400000	3.2741820000
0.4011040000	7.5364600000	3.2380380000
0.4013670000	2.4432600000	3.2091820000
0.4016300000	8.2324400000	3.2172300000
0.4018930000	7.5351400000	3.2012880000
0.4021560000	5.4922000000	3.2061400000
0.4024190000	10.1036000000	3.2362840000
0.4026830000	12.8813200000	3.2415060000
0.4029460000	8.9994800000	3.2196660000
0.4032090000	8.7761200000	3.2306460000
0.4034720000	7.2800200000	3.2145620000
0.4037350000	9.0565000000	3.2448980000
0.4039980000	7.5237800000	3.2643180000
0.4042610000	7.1667800000	3.2463120000
0.4045240000	9.0155200000	3.2941960000
0.4047870000	9.2872400000	3.2849400000
0.4050510000	11.9321600000	3.2939600000
0.4053140000	6.5436400000	3.3098120000
0.4055770000	6.6865000000	3.2980080000
0.4058400000	10.0921800000	3.3023160000
0.4061030000	12.6038000000	3.3012020000
0.4063660000	5.9589000000	3.2645460000
0.4066290000	6.3715600000	3.2505120000
0.4068920000	8.6423600000	3.3545200000
0.4071550000	8.6301400000	3.3248400000
0.4074190000	6.2186800000	3.2881920000
0.4076820000	9.6620800000	3.3502920000
0.4079450000	13.0453200000	3.3842200000
0.4082080000	6.5556200000	3.3326740000
0.4084710000	5.9365200000	3.3364200000
0.4087340000	11.1664200000	3.3669380000
0.4089970000	8.6996000000	3.3581860000
0.4092600000	7.3736600000	3.3264860000
0.4095230000	5.6198200000	3.3916660000
0.4097870000	6.2997600000	3.3372240000
0.4100500000	4.1373200000	3.3648420000
0.4103130000	5.4960400000	3.3783380000
0.4105760000	9.8936600000	3.4019860000
0.4108390000	7.5602200000	3.3961900000
0.4111020000	6.9985400000	3.3669240000
0.4113650000	0.6890800000	3.3782640000
0.4116280000	13.1936600000	3.4601860000
0.4118910000	6.2283800000	3.3859400000
0.4121550000	8.7415200000	3.3974960000
0.4124180000	7.9061400000	3.4264800000
0.4126810000	11.5829000000	3.4391060000
0.4129440000	11.2822200000	3.4582140000
0.4132070000	13.1894000000	3.4508300000
0.4134700000	9.2850400000	3.4710400000
0.4137330000	11.2649200000	3.4695540000
0.4139960000	11.7400800000	3.4602460000
0.4142590000	7.2559600000	3.4297460000
0.4145230000	5.9728400000	3.3992520000
0.4147860000	14.8535800000	3.4546660000
0.4150490000	5.7082000000	3.4587200000
0.4153120000	14.3140200000	3.4517580000
0.4155750000	4.9320800000	3.4422440000
0.4158380000	7.3465200000	3.4542340000
0.4161010000	8.1790400000	3.4251780000
0.4163640000	10.3949400000	3.4604060000
0.4166270000	1.6016200000	3.4253840000
0.4168910000	14.0769800000	3.4652060000
0.4171540000	7.4777600000	3.4531680000
0.4174170000	12.0280800000	3.4461220000
0.4176800000	10.8719200000	3.4642260000
0.4179430000	5.0659600000	3.4573300000
0.4182060000	4.1997800000	3.4181920000
0.4184690000	8.5233400000	3.4866620000
0.4187320000	10.4953600000	3.4936840000
0.4189950000	14.1947600000	3.5082300000
0.4192590000	8.5870600000	3.4959900000
0.4195220000	11.3666800000	3.4855420000
0.4197850000	10.4619200000	3.4563960000
0.4200480000	4.6161200000	3.4647980000
0.4203110000	13.2750800000	3.5399860000
0.4205740000	8.9117000000	3.5055640000
0.4208370000	6.4764000000	3.4385160000
0.4211000000	7.7615000000	3.4539080000
0.4213630000	8.1009600000	3.4459380000
0.4216270000	9.1831600000	3.4748920000
0.4218900000	7.5715200000	3.4725720000
0.4221530000	9.1573600000	3.5166320000
0.4224160000	3.7597800000	3.4975500000
0.4226790000	3.3379400000	3.4828300000
0.4229420000	8.0357000000	3.5552080000
0.4232050000	5.0076400000	3.5388400000
0.4234680000	12.4973000000	3.6285720000
0.4237310000	5.1872200000	3.6085660000
0.4239950000	11.6024800000	3.6335200000
0.4242580000	8.8511000000	3.6620020000
0.4245210000	8.8518400000	3.6359820000
0.4247840000	0.5296200000	3.6150900000
0.4250470000	7.9891400000	3.6610420000
0.4253100000	7.0538400000	3.6958980000
0.4255730000	7.8033000000	3.6553760000
0.4258360000	14.7768800000	3.7643600000
0.4260990000	13.1002400000	3.7610880000
0.4263630000	-1.0711800000	3.6719480000
0.4266260000	6.2315400000	3.7381220000
0.4268890000	12.5120200000	3.7864560000
0.4271520000	12.3467200000	3.8027160000
0.4274150000	11.0634000000	3.7824360000
0.4276780000	7.7748000000	3.9612600000
0.4279410000	4.8994200000	4.1304980000
0.4282040000	5.9932800000	4.2177080000
0.4284670000	12.0192000000	4.4195200000
0.4287310000	15.7677600000	4.6020260000
0.4289940000	0.6592200000	4.5143380000
0.4292570000	10.3403800000	4.6443360000
0.4295200000	12.4717000000	4.7176520000
0.4297830000	1.4577000000	4.6333560000
0.4300460000	-0.4136200000	4.6593140000
0.4303090000	9.7179000000	4.8043600000
0.4305720000	13.8202400000	4.8503180000
0.4308350000	9.4021600000	4.8463340000
0.4310990000	12.5825200000	4.8744720000
0.4313620000	10.3500600000	5.0316420000
0.4316250000	18.2827800000	5.0300740000
0.4318880000	10.1461800000	4.9610260000
0.4321510000	10.8718200000	5.0837160000
0.4324140000	10.4600800000	5.1079060000
0.4326770000	12.9732600000	5.1748580000
0.4329400000	11.3132000000	4.9928020000
0.4332030000	2.5793600000	5.0397440000
0.4334670000	2.6054200000	5.2707780000
0.4337300000	19.1753400000	5.3266040000
0.4339930000	15.2389000000	5.3698680000
0.4342560000	16.6579000000	5.3931120000
0.4345190000	5.6820600000	5.2717200000
0.4347820000	7.9153400000	5.4242900000
0.4350450000	11.6053200000	5.5045740000
0.4353080000	14.0550000000	5.5801320000
0.4355710000	4.1656400000	5.5072760000
0.4358350000	-0.6755000000	5.4303720000
0.4360980000	10.7042200000	5.6347780000
0.4363610000	3.1603400000	5.5731760000
0.4366240000	5.9861800000	5.6877060000
0.4368870000	16.9670200000	5.7634240000
0.4371500000	7.6149400000	5.7678540000
0.4374130000	0.1588400000	5.6484820000
0.4376760000	10.5274600000	5.8483380000
0.4379390000	-3.1779200000	5.7134680000
0.4382030000	0.3760800000	5.8645860000
0.4384660000	11.9801400000	5.9768580000
0.4387290000	3.9351000000	5.8886480000
0.4389920000	7.9164800000	6.0153260000
0.4392550000	12.8927400000	6.0701760000
0.4395180000	4.0300000000	6.1696580000
0.4397810000	8.8573400000	6.2155260000
0.4400440000	25.3314200000	6.3737300000
0.4403070000	2.2414800000	6.2016600000
0.4405710000	13.9273000000	6.1781400000
0.4408340000	16.9113600000	6.4216100000
0.4410970000	11.7178800000	6.3734260000
0.4413600000	14.4646800000	6.5639940000
0.4416230000	11.1483800000	6.5547600000
0.4418860000	14.4086000000	6.6142180000
0.4421490000	8.2867000000	6.4829120000
0.4424120000	21.2355400000	6.5845680000
0.4426750000	-1.6897800000	6.5261020000
0.4429390000	11.4390400000	6.7866100000
0.4432020000	-4.1148400000	6.7190800000
0.4434650000	10.9880200000	6.8045920000
0.4437280000	24.0525400000	7.0023140000
0.4439910000	0.7075800000	6.7559860000
0.4442540000	2.5872400000	6.8908980000
0.4445170000	9.7545600000	6.9119460000
0.4447800000	3.9013000000	8.8512000000
0.4450430000	39.3899200000	19.7173700000
