1.635693E-02	1.02299E01	2.25583E-01 
1.682768E-02	1.00249E01	2.20250E-01 
1.729843E-02	9.83105E00	2.15005E-01 
1.776918E-02	1.00588E01	2.10898E-01 
1.823993E-02	9.91073E00	2.06503E-01 
1.871069E-02	9.93369E00	2.03292E-01 
1.918144E-02	9.86715E00	1.99348E-01 
1.965219E-02	9.76814E00	1.55311E-01 
2.012294E-02	9.71858E00	1.52583E-01 
2.059369E-02	9.72150E00	1.50546E-01 
2.106444E-02	9.68730E00	9.92244E-02 
2.153519E-02	9.54921E00	9.74868E-02 
2.200595E-02	9.56271E00	9.61915E-02 
2.247670E-02	9.44959E00	9.47668E-02 
2.294745E-02	9.55947E00	9.39101E-02 
2.341820E-02	9.43553E00	9.22586E-02 
2.388895E-02	9.33924E00	9.10210E-02 
2.435970E-02	9.24404E00	8.99752E-02 
2.483045E-02	9.05228E00	8.85674E-02 
2.530121E-02	8.98820E00	8.72938E-02 
2.577196E-02	8.93847E00	8.63386E-02 
2.624271E-02	9.04243E00	8.54632E-02 
2.671346E-02	8.97581E00	8.45967E-02 
2.718421E-02	8.74416E00	8.32791E-02 
2.765496E-02	8.67975E00	8.22745E-02 
2.812571E-02	8.62613E00	8.14562E-02 
2.859646E-02	8.81244E00	8.11303E-02 
2.906722E-02	8.63454E00	8.00657E-02 
2.953797E-02	8.44195E00	7.89245E-02 
3.000872E-02	8.38492E00	7.81069E-02 
3.047947E-02	8.33662E00	7.74050E-02 
3.095022E-02	8.09392E00	7.63623E-02 
3.142097E-02	8.17649E00	7.59185E-02 
3.189172E-02	8.14350E00	7.52258E-02 
3.236248E-02	8.08541E00	7.44305E-02 
3.283323E-02	8.08658E00	7.39059E-02 
3.330398E-02	7.97019E00	7.30188E-02 
3.377473E-02	7.90979E00	7.24495E-02 
3.424548E-02	7.93314E00	7.26384E-02 
3.471623E-02	7.84655E00	7.43564E-02 
3.518698E-02	7.77431E00	7.59903E-02 
3.565774E-02	7.75896E00	7.70959E-02 
3.612849E-02	7.59630E00	7.76003E-02 
3.659924E-02	7.56921E00	7.81965E-02 
3.706999E-02	7.38079E00	7.83955E-02 
3.754074E-02	7.24655E00	7.86073E-02 
3.801149E-02	7.31805E00	7.91162E-02 
3.848224E-02	7.33380E00	7.96974E-02 
3.895299E-02	7.18962E00	7.97371E-02 
3.942375E-02	7.23323E00	8.00483E-02 
3.989450E-02	7.06857E00	8.09524E-02 
4.036525E-02	7.16523E00	8.39447E-02 
4.083600E-02	7.19912E00	8.58358E-02 
4.130675E-02	7.02403E00	8.70732E-02 
4.177750E-02	6.89763E00	8.84219E-02 
4.224825E-02	6.81852E00	8.92800E-02 
4.271901E-02	6.73095E00	9.03415E-02 
4.318976E-02	6.67925E00	9.14841E-02 
4.366051E-02	6.56344E00	9.26286E-02 
4.413126E-02	6.50989E00	9.36552E-02 
4.460201E-02	6.43705E00	9.48399E-02 
4.507276E-02	6.48112E00	9.64967E-02 
4.554351E-02	6.39853E00	9.77368E-02 
4.601427E-02	6.36686E00	9.86399E-02 
4.648502E-02	6.29628E00	9.67492E-02 
4.695577E-02	6.24661E00	9.32479E-02 
4.742652E-02	6.15801E00	9.17417E-02 
4.789727E-02	6.07224E00	9.04801E-02 
4.836802E-02	6.00398E00	8.92571E-02 
4.883877E-02	5.82215E00	8.78369E-02 
4.930952E-02	5.83570E00	8.74479E-02 
4.978028E-02	5.88903E00	8.69823E-02 
5.025103E-02	5.77150E00	8.64090E-02 
5.072178E-02	5.83028E00	8.60040E-02 
5.119253E-02	5.73498E00	8.51676E-02 
5.166328E-02	5.66401E00	8.46556E-02 
5.213403E-02	5.58623E00	8.43424E-02 
5.260478E-02	5.59770E00	8.37280E-02 
5.307554E-02	5.42795E00	8.28018E-02 
5.354629E-02	5.37590E00	8.21877E-02 
5.401704E-02	5.36785E00	8.13695E-02 
5.448779E-02	5.23786E00	8.06596E-02 
5.495854E-02	5.23202E00	7.98129E-02 
5.542929E-02	5.11952E00	7.92189E-02 
5.590004E-02	5.19344E00	7.90117E-02 
5.637080E-02	5.11890E00	7.82439E-02 
5.684155E-02	5.04059E00	7.76204E-02 
5.731230E-02	4.90641E00	7.68523E-02 
5.778305E-02	4.74598E00	7.61481E-02 
5.825380E-02	4.83105E00	7.61341E-02 
5.872455E-02	4.87292E00	7.60149E-02 
5.919530E-02	4.86978E00	7.58427E-02 
5.966605E-02	4.82950E00	7.55724E-02 
6.013681E-02	4.74188E00	7.49406E-02 
6.060756E-02	4.66843E00	7.47024E-02 
6.107831E-02	4.62229E00	7.43849E-02 
6.154906E-02	4.46819E00	7.39330E-02 
6.201981E-02	4.51051E00	7.38462E-02 
6.249056E-02	4.49696E00	7.35696E-02 
6.296131E-02	4.49945E00	7.33140E-02 
6.343207E-02	4.39027E00	7.29901E-02 
6.390282E-02	4.35460E00	7.27457E-02 
6.437357E-02	4.37962E00	7.26769E-02 
6.484432E-02	4.22613E00	7.21058E-02 
6.531507E-02	4.22227E00	7.18261E-02 
6.578582E-02	4.21639E00	7.17039E-02 
6.625657E-02	4.22516E00	7.16718E-02 
6.672732E-02	4.28344E00	7.15554E-02 
6.719808E-02	4.20671E00	7.11521E-02 
6.766883E-02	4.04244E00	7.06468E-02 
6.813958E-02	3.86430E00	7.02731E-02 
6.861033E-02	3.89805E00	7.00834E-02 
6.908108E-02	3.96264E00	6.99474E-02 
6.955183E-02	3.89442E00	6.97011E-02 
7.002258E-02	3.74818E00	6.91091E-02 
7.049334E-02	3.76615E00	6.90833E-02 
7.096409E-02	3.63578E00	6.86590E-02 
7.143484E-02	3.70795E00	6.85737E-02 
7.190559E-02	3.73369E00	6.84804E-02 
7.237634E-02	3.57743E00	6.81195E-02 
7.284709E-02	3.56105E00	6.78392E-02 
7.331784E-02	3.54764E00	6.75410E-02 
7.378860E-02	3.51988E00	6.73531E-02 
7.425935E-02	3.48685E00	6.72061E-02 
7.473010E-02	3.41805E00	6.69476E-02 
7.520085E-02	3.53350E00	6.70034E-02 
7.567160E-02	3.34002E00	6.65360E-02 
7.614235E-02	3.35006E00	6.62873E-02 
7.661310E-02	3.19708E00	6.58115E-02 
7.708385E-02	3.28573E00	6.59404E-02 
7.755461E-02	3.17581E00	6.54734E-02 
7.802536E-02	3.20906E00	6.55037E-02 
7.849611E-02	3.21583E00	6.53338E-02 
7.896686E-02	3.18998E00	6.50430E-02 
7.943761E-02	3.22870E00	6.50404E-02 
7.990836E-02	3.10533E00	6.46578E-02 
8.037911E-02	3.18767E00	6.46533E-02 
8.084987E-02	3.09587E00	6.43669E-02 
8.132062E-02	3.05348E00	6.43171E-02 
8.179137E-02	2.98823E00	6.39217E-02 
8.226212E-02	2.97286E00	6.36213E-02 
8.273287E-02	2.96041E00	6.33997E-02 
8.320362E-02	2.88243E00	6.30531E-02 
8.367437E-02	2.90360E00	6.30215E-02 
8.414513E-02	2.79897E00	6.28117E-02 
8.461588E-02	2.82544E00	6.27770E-02 
8.508663E-02	2.83112E00	6.25646E-02 
8.555738E-02	2.72888E00	6.22624E-02 
8.602813E-02	2.71912E00	6.21397E-02 
8.649888E-02	2.72831E00	6.20036E-02 
8.696963E-02	2.76049E00	6.18949E-02 
8.744038E-02	2.75969E00	6.17833E-02 
8.791114E-02	2.63744E00	6.13840E-02 
8.838189E-02	2.63449E00	6.12323E-02 
8.885264E-02	2.62099E00	6.11176E-02 
8.932339E-02	2.51463E00	6.05912E-02 
8.979414E-02	2.61137E00	6.08481E-02 
9.026489E-02	2.49527E00	6.05184E-02 
9.073564E-02	2.50570E00	6.03233E-02 
9.120640E-02	2.50099E00	6.01931E-02 
9.167715E-02	2.53236E00	6.03578E-02 
9.214790E-02	2.43694E00	5.99297E-02 
9.261865E-02	2.40056E00	5.96268E-02 
9.308940E-02	2.49380E00	5.96350E-02 
9.356015E-02	2.55747E00	5.97117E-02 
9.403090E-02	2.45215E00	5.94831E-02 
9.450166E-02	2.38864E00	5.92402E-02 
9.497241E-02	2.31017E00	5.90123E-02 
9.544316E-02	2.29036E00	5.86672E-02 
9.591391E-02	2.28053E00	5.86423E-02 
9.638466E-02	2.22406E00	5.84158E-02 
9.685541E-02	2.16733E00	5.80344E-02 
9.732616E-02	2.18635E00	5.80855E-02 
9.779691E-02	2.19557E00	5.80268E-02 
9.826767E-02	2.19372E00	5.77707E-02 
9.873842E-02	2.25927E00	5.79096E-02 
9.920917E-02	2.16644E00	5.76775E-02 
9.967992E-02	2.10176E00	5.73639E-02 
1.001507E-01	2.05230E00	5.71944E-02 
1.006214E-01	2.11086E00	5.72336E-02 
1.010922E-01	2.06487E00	5.69650E-02 
1.015629E-01	2.08704E00	5.69605E-02 
1.020337E-01	2.08228E00	5.68915E-02 
1.025044E-01	1.99371E00	5.64301E-02 
1.029752E-01	1.94222E00	5.62074E-02 
1.034459E-01	1.91128E00	5.60393E-02 
1.039167E-01	1.97176E00	5.61319E-02 
1.043874E-01	1.97619E00	5.59939E-02 
1.048582E-01	1.90780E00	5.57588E-02 
1.053289E-01	1.85279E00	5.55909E-02 
1.057997E-01	1.96673E00	5.57985E-02 
1.062704E-01	1.96086E00	5.56561E-02 
1.067412E-01	1.82033E00	5.52597E-02 
1.072119E-01	1.81016E00	5.51326E-02 
1.076827E-01	1.89981E00	5.51525E-02 
1.081534E-01	1.87701E00	5.51017E-02 
1.086242E-01	1.80745E00	5.49768E-02 
1.090949E-01	1.81599E00	5.47787E-02 
1.095657E-01	1.78950E00	5.46611E-02 
1.100365E-01	1.77480E00	5.45507E-02 
1.105072E-01	1.79874E00	5.44958E-02 
1.109780E-01	1.77503E00	5.42726E-02 
1.114487E-01	1.87088E00	5.44416E-02 
1.119195E-01	1.72998E00	5.41279E-02 
1.123902E-01	1.71115E00	5.39270E-02 
1.128610E-01	1.63754E00	5.35923E-02 
1.133317E-01	1.70419E00	5.37862E-02 
1.138025E-01	1.68970E00	5.36012E-02 
1.142732E-01	1.68334E00	5.34604E-02 
1.147440E-01	1.63358E00	5.31913E-02 
1.152147E-01	1.61571E00	5.31299E-02 
1.156855E-01	1.65551E00	5.30291E-02 
1.161562E-01	1.59587E00	5.29587E-02 
1.166270E-01	1.50961E00	5.28059E-02 
1.170977E-01	1.54828E00	5.28439E-02 
1.175685E-01	1.59364E00	5.27184E-02 
1.180392E-01	1.60762E00	5.26275E-02 
1.185100E-01	1.63918E00	5.25654E-02 
1.189807E-01	1.60965E00	5.23747E-02 
1.194515E-01	1.62526E00	5.24378E-02 
1.199222E-01	1.52468E00	5.21517E-02 
1.203930E-01	1.60651E00	5.26749E-02 
1.208637E-01	1.50401E00	5.41767E-02 
1.213345E-01	1.46902E00	5.50961E-02 
1.218052E-01	1.48115E00	5.59855E-02 
1.222760E-01	1.43355E00	5.64364E-02 
1.227467E-01	1.51681E00	5.71531E-02 
1.232175E-01	1.51014E00	5.78491E-02 
1.236882E-01	1.46035E00	5.82933E-02 
1.241590E-01	1.43668E00	5.86737E-02 
1.246297E-01	1.40956E00	5.89583E-02 
1.251005E-01	1.41683E00	5.94076E-02 
1.255712E-01	1.50137E00	5.98834E-02 
1.260420E-01	1.46928E00	5.99778E-02 
1.265127E-01	1.42938E00	6.00186E-02 
1.269835E-01	1.34897E00	5.90200E-02 
1.274543E-01	1.34567E00	5.69468E-02 
1.279250E-01	1.41573E00	5.60846E-02 
1.283958E-01	1.40277E00	5.51339E-02 
1.288665E-01	1.34705E00	5.43190E-02 
1.293373E-01	1.38528E00	5.37849E-02 
1.298080E-01	1.36350E00	5.33267E-02 
1.302788E-01	1.35072E00	5.28466E-02 
1.307495E-01	1.35699E00	5.24594E-02 
1.312203E-01	1.34301E00	5.20137E-02 
1.316910E-01	1.29951E00	5.16297E-02 
1.321618E-01	1.31205E00	5.15335E-02 
1.326325E-01	1.27359E00	5.12858E-02 
1.331033E-01	1.26061E00	5.11883E-02 
1.335740E-01	1.28431E00	5.11887E-02 
1.340448E-01	1.18248E00	5.08224E-02 
1.345155E-01	1.32557E00	5.10390E-02 
1.349863E-01	1.27198E00	5.07845E-02 
1.354570E-01	1.29831E00	5.06965E-02 
1.359278E-01	1.29410E00	5.05398E-02 
1.363985E-01	1.28340E00	5.04356E-02 
1.368693E-01	1.24518E00	5.02737E-02 
1.373400E-01	1.19242E00	5.01365E-02 
1.378108E-01	1.13652E00	4.99034E-02 
1.382815E-01	1.14632E00	4.98342E-02 
1.387523E-01	1.22754E00	5.00164E-02 
1.392230E-01	1.24907E00	4.99214E-02 
1.396938E-01	1.17620E00	4.96362E-02 
1.401645E-01	1.16942E00	4.94805E-02 
1.406353E-01	1.19068E00	4.94986E-02 
1.411060E-01	1.19642E00	4.94064E-02 
1.415768E-01	1.20621E00	4.93238E-02 
1.420475E-01	1.13311E00	4.90852E-02 
1.425183E-01	1.21366E00	4.91547E-02 
1.429890E-01	1.12999E00	4.88072E-02 
1.434598E-01	1.13837E00	4.87262E-02 
1.439305E-01	1.08331E00	4.86579E-02 
1.444013E-01	1.09554E00	4.86231E-02 
1.448721E-01	1.07134E00	4.85277E-02 
1.453428E-01	1.16939E00	4.85627E-02 
1.458136E-01	1.14852E00	4.84761E-02 
1.462843E-01	1.06355E00	4.82794E-02 
1.467551E-01	1.06338E00	4.81152E-02 
1.472258E-01	1.10422E00	4.82060E-02 
1.476966E-01	1.08489E00	4.80419E-02 
1.481673E-01	1.08255E00	4.79491E-02 
1.486381E-01	1.03703E00	4.78127E-02 
1.491088E-01	1.05510E00	4.77053E-02 
1.495796E-01	1.08088E00	4.76415E-02 
1.500503E-01	1.06188E00	4.77680E-02 
1.505211E-01	1.06586E00	4.85113E-02 
1.509918E-01	1.01322E00	4.97524E-02 
1.514626E-01	9.92377E-01	5.04167E-02 
1.519333E-01	9.97716E-01	5.12116E-02 
1.524041E-01	1.04769E00	5.17920E-02 
1.528748E-01	1.05707E00	5.23342E-02 
1.533456E-01	1.02529E00	5.12216E-02 
1.538163E-01	9.69692E-01	5.02159E-02 
1.542871E-01	9.40588E-01	4.95093E-02 
1.547578E-01	1.04883E00	4.91750E-02 
1.552286E-01	9.35016E-01	4.85207E-02 
1.556993E-01	1.03724E00	4.82333E-02 
1.561701E-01	9.83098E-01	4.75878E-02 
1.566408E-01	9.60864E-01	4.71704E-02 
1.571116E-01	9.32339E-01	4.67768E-02 
1.575823E-01	9.46828E-01	4.65566E-02 
1.580531E-01	9.28224E-01	4.65049E-02 
1.585238E-01	9.04429E-01	4.64434E-02 
1.589946E-01	9.57181E-01	4.66437E-02 
1.594653E-01	9.77776E-01	4.66370E-02 
1.599361E-01	1.02781E00	4.68328E-02 
1.604068E-01	9.11759E-01	4.66026E-02 
1.608776E-01	9.32770E-01	4.64837E-02 
1.613483E-01	8.32888E-01	4.62263E-02 
1.618191E-01	8.86351E-01	4.62483E-02 
1.622899E-01	9.08663E-01	4.62545E-02 
1.627606E-01	9.06005E-01	4.61491E-02 
1.632314E-01	8.52103E-01	4.59527E-02 
1.637021E-01	9.08047E-01	4.59379E-02 
1.641729E-01	9.33727E-01	4.59174E-02 
1.646436E-01	9.39466E-01	4.59173E-02 
1.651144E-01	9.06691E-01	4.57043E-02 
1.655851E-01	8.80688E-01	4.56411E-02 
1.660559E-01	9.15614E-01	4.56450E-02 
1.665266E-01	9.19757E-01	4.55617E-02 
1.669974E-01	8.88518E-01	4.53575E-02 
1.674681E-01	8.77656E-01	4.53073E-02 
1.679389E-01	9.19902E-01	4.54071E-02 
1.684096E-01	9.07521E-01	4.53515E-02 
1.688804E-01	8.97193E-01	4.51721E-02 
1.693511E-01	8.70397E-01	4.50894E-02 
1.698219E-01	8.36913E-01	4.49649E-02 
1.702926E-01	7.86963E-01	4.48144E-02 
1.707634E-01	8.21110E-01	4.47946E-02 
1.712341E-01	9.08831E-01	4.48820E-02 
1.717049E-01	8.77621E-01	4.47373E-02 
1.721756E-01	8.43267E-01	4.47081E-02 
1.726464E-01	8.61368E-01	4.46980E-02 
1.731171E-01	8.05624E-01	4.44687E-02 
1.735879E-01	8.01371E-01	4.44342E-02 
1.740586E-01	9.08519E-01	4.45404E-02 
1.745294E-01	9.26545E-01	4.44591E-02 
1.750001E-01	8.52948E-01	4.43096E-02 
1.754709E-01	8.35248E-01	4.41883E-02 
1.759416E-01	7.97690E-01	4.40572E-02 
1.764124E-01	8.63693E-01	4.42210E-02 
1.768831E-01	8.28673E-01	4.40080E-02 
1.773539E-01	7.54735E-01	4.38946E-02 
1.778246E-01	8.02227E-01	4.39260E-02 
1.782954E-01	7.54104E-01	4.37175E-02 
1.787661E-01	7.30484E-01	4.36662E-02 
1.792369E-01	8.30253E-01	4.38547E-02 
1.797077E-01	8.63155E-01	4.37857E-02 
1.801784E-01	7.85722E-01	4.35688E-02 
1.806492E-01	8.36696E-01	4.36290E-02 
1.811199E-01	7.95167E-01	4.34559E-02 
1.815907E-01	7.96350E-01	4.33455E-02 
1.820614E-01	7.50992E-01	4.32532E-02 
1.825322E-01	7.71896E-01	4.32824E-02 
1.830029E-01	7.55475E-01	4.32313E-02 
1.834737E-01	7.70225E-01	4.31534E-02 
1.839444E-01	7.32359E-01	4.30881E-02 
1.844152E-01	7.54692E-01	4.30740E-02 
1.848859E-01	7.88497E-01	4.30582E-02 
1.853567E-01	7.53335E-01	4.29399E-02 
1.858274E-01	7.90372E-01	4.29707E-02 
1.862982E-01	7.69942E-01	4.28532E-02 
1.867689E-01	7.70168E-01	4.27604E-02 
1.872397E-01	7.50307E-01	4.26749E-02 
1.877104E-01	7.81549E-01	4.26857E-02 
1.881812E-01	8.28073E-01	4.28079E-02 
1.886519E-01	7.57849E-01	4.24292E-02 
1.891227E-01	6.59140E-01	4.22162E-02 
1.895934E-01	6.50656E-01	4.22676E-02 
1.900642E-01	6.55569E-01	4.22974E-02 
1.905349E-01	7.29449E-01	4.23397E-02 
1.910057E-01	7.24737E-01	4.22488E-02 
1.914764E-01	6.97530E-01	4.21096E-02 
1.919472E-01	7.42258E-01	4.22461E-02 
1.924179E-01	7.12406E-01	4.20854E-02 
1.928887E-01	7.29087E-01	4.19388E-02 
1.933594E-01	7.37662E-01	4.18979E-02 
1.938302E-01	6.72066E-01	4.16777E-02 
1.943009E-01	7.07570E-01	4.17426E-02 
1.947717E-01	7.48457E-01	4.16864E-02 
1.952424E-01	6.87106E-01	4.14286E-02 
1.957132E-01	6.45438E-01	4.12915E-02 
1.961839E-01	6.77727E-01	4.13200E-02 
1.966547E-01	6.33638E-01	4.12893E-02 
1.971255E-01	6.89289E-01	4.12904E-02 
1.975962E-01	6.71340E-01	4.13779E-02 
1.980670E-01	7.06206E-01	4.14452E-02 
1.985377E-01	7.19285E-01	4.14467E-02 
1.990085E-01	6.93204E-01	4.13904E-02 
1.994792E-01	6.50368E-01	4.12577E-02 
1.999500E-01	6.76902E-01	4.11900E-02 
2.004207E-01	6.14256E-01	4.10410E-02 
2.008915E-01	7.06772E-01	4.15555E-02 
2.013622E-01	6.52456E-01	4.25853E-02 
2.018330E-01	6.13652E-01	4.31830E-02 
2.023037E-01	6.40940E-01	4.38413E-02 
2.027745E-01	6.40690E-01	4.43078E-02 
2.032452E-01	6.12632E-01	4.45754E-02 
2.037160E-01	6.30691E-01	4.50144E-02 
2.041867E-01	6.35877E-01	4.51823E-02 
2.046575E-01	6.86221E-01	4.55068E-02 
2.051282E-01	7.08880E-01	4.56450E-02 
2.055990E-01	7.58286E-01	4.57923E-02 
2.060697E-01	7.16455E-01	4.59078E-02 
2.065405E-01	5.98494E-01	4.57380E-02 
2.070112E-01	6.74046E-01	4.60714E-02 
2.074820E-01	6.79792E-01	4.54046E-02 
2.079527E-01	7.17036E-01	4.42693E-02 
2.084235E-01	6.72617E-01	4.34504E-02 
2.088942E-01	6.99517E-01	4.28663E-02 
2.093650E-01	6.51323E-01	4.24606E-02 
2.098357E-01	6.76799E-01	4.21502E-02 
2.103065E-01	6.39188E-01	4.17611E-02 
2.107772E-01	6.32912E-01	4.16329E-02 
2.112480E-01	6.35091E-01	4.14745E-02 
2.117187E-01	6.25647E-01	4.13648E-02 
2.121895E-01	6.76521E-01	4.13177E-02 
2.126602E-01	6.41548E-01	4.12274E-02 
2.131310E-01	6.37874E-01	4.11480E-02 
2.136017E-01	6.13591E-01	4.10075E-02 
2.140725E-01	6.06178E-01	4.09017E-02 
2.145433E-01	6.82739E-01	4.10313E-02 
2.150140E-01	6.11090E-01	4.07691E-02 
2.154848E-01	5.60157E-01	4.05697E-02 
2.159555E-01	5.95254E-01	4.06299E-02 
2.164263E-01	5.67775E-01	4.04338E-02 
2.168970E-01	6.33585E-01	4.06102E-02 
2.173678E-01	5.80905E-01	4.03773E-02 
2.178385E-01	5.72751E-01	4.02920E-02 
2.183093E-01	6.28152E-01	4.03858E-02 
2.187800E-01	5.82482E-01	4.02237E-02 
2.192508E-01	5.86751E-01	4.01881E-02 
2.197215E-01	5.91455E-01	4.01538E-02 
2.201923E-01	6.24830E-01	4.00225E-02 
2.206630E-01	5.86409E-01	3.99767E-02 
2.211338E-01	5.73143E-01	3.99951E-02 
2.216045E-01	5.66941E-01	3.98920E-02 
2.220753E-01	6.12927E-01	3.98819E-02 
2.225460E-01	5.78911E-01	3.97460E-02 
2.230168E-01	5.95849E-01	3.97813E-02 
2.234875E-01	5.54732E-01	3.96224E-02 
2.239583E-01	6.19677E-01	3.96972E-02 
2.244290E-01	6.06578E-01	3.96190E-02 
2.248998E-01	6.21809E-01	3.96621E-02 
2.253705E-01	6.20095E-01	3.95913E-02 
2.258413E-01	6.03749E-01	3.95273E-02 
2.263120E-01	5.80881E-01	3.94062E-02 
2.267828E-01	5.67354E-01	3.93063E-02 
2.272535E-01	6.40332E-01	3.94399E-02 
2.277243E-01	5.91349E-01	3.92877E-02 
2.281950E-01	5.50633E-01	3.91282E-02 
2.286658E-01	5.64608E-01	3.91147E-02 
2.291365E-01	5.47838E-01	3.90708E-02 
2.296073E-01	5.48827E-01	3.89625E-02 
2.300780E-01	6.16932E-01	3.90412E-02 
2.305488E-01	6.07455E-01	3.90163E-02 
2.310195E-01	6.14766E-01	3.88952E-02 
2.314903E-01	5.44314E-01	3.87325E-02 
2.319611E-01	5.57992E-01	3.88086E-02 
2.324318E-01	5.91548E-01	3.87909E-02 
2.329026E-01	5.75908E-01	3.87566E-02 
2.333733E-01	5.62459E-01	3.86326E-02 
2.338441E-01	5.48764E-01	3.85874E-02 
2.343148E-01	4.97624E-01	3.84708E-02 
2.347856E-01	5.05017E-01	3.84846E-02 
2.352563E-01	5.19267E-01	3.83842E-02 
2.357271E-01	5.90632E-01	3.84359E-02 
2.361978E-01	5.84990E-01	3.84037E-02 
2.366686E-01	5.95174E-01	3.83757E-02 
2.371393E-01	5.55988E-01	3.82959E-02 
2.376101E-01	5.72447E-01	3.82183E-02 
2.380808E-01	5.41194E-01	3.81563E-02 
2.385516E-01	5.41192E-01	3.81357E-02 
2.390223E-01	5.74240E-01	3.82491E-02 
2.394931E-01	5.34464E-01	3.81212E-02 
2.399638E-01	5.32471E-01	3.80292E-02 
2.404346E-01	5.08092E-01	3.79039E-02 
2.409053E-01	5.55028E-01	3.79161E-02 
2.413761E-01	4.98436E-01	3.78156E-02 
2.418468E-01	4.75867E-01	3.77064E-02 
2.423176E-01	5.30762E-01	3.77882E-02 
2.427883E-01	4.90851E-01	3.77053E-02 
2.432591E-01	5.21728E-01	3.76910E-02 
2.437298E-01	5.16892E-01	3.76415E-02 
2.442006E-01	5.63766E-01	3.77340E-02 
2.446713E-01	5.41153E-01	3.76524E-02 
2.451421E-01	5.46169E-01	3.76426E-02 
2.456128E-01	5.51124E-01	3.76217E-02 
2.460836E-01	4.87221E-01	3.74165E-02 
2.465543E-01	4.73265E-01	3.73349E-02 
2.470251E-01	4.85968E-01	3.72972E-02 
2.474958E-01	5.12806E-01	3.73271E-02 
2.479666E-01	4.65689E-01	3.71883E-02 
2.484374E-01	4.78430E-01	3.72486E-02 
2.489081E-01	4.66348E-01	3.71926E-02 
2.493789E-01	5.04744E-01	3.71774E-02 
2.498496E-01	5.13662E-01	3.70676E-02 
2.503204E-01	5.49343E-01	3.71465E-02 
2.507911E-01	5.55293E-01	3.71374E-02 
2.512619E-01	4.80633E-01	3.69083E-02 
2.517326E-01	4.38720E-01	3.67645E-02 
2.522034E-01	4.70544E-01	3.67713E-02 
2.526741E-01	5.16610E-01	3.68240E-02 
2.531449E-01	4.58371E-01	3.66547E-02 
2.536156E-01	4.65802E-01	3.65995E-02 
2.540864E-01	5.00282E-01	3.66365E-02 
2.545571E-01	5.44733E-01	3.66809E-02 
2.550279E-01	4.57524E-01	3.65260E-02 
2.554986E-01	4.93080E-01	3.65767E-02 
2.559694E-01	4.74780E-01	3.64866E-02 
2.564401E-01	4.60705E-01	3.64443E-02 
2.569109E-01	5.10716E-01	3.65488E-02 
2.573816E-01	4.27477E-01	3.63512E-02 
2.578524E-01	4.89177E-01	3.64782E-02 
2.583231E-01	5.09983E-01	3.65361E-02 
2.587939E-01	4.78692E-01	3.64109E-02 
2.592646E-01	5.09600E-01	3.64295E-02 
2.597354E-01	5.17566E-01	3.64351E-02 
2.602061E-01	4.57303E-01	3.62897E-02 
2.606769E-01	4.96884E-01	3.63469E-02 
2.611476E-01	5.02608E-01	3.63041E-02 
2.616184E-01	4.37751E-01	3.61077E-02 
2.620891E-01	4.11234E-01	3.60829E-02 
2.625599E-01	4.41865E-01	3.61497E-02 
2.630306E-01	4.46901E-01	3.61268E-02 
2.635014E-01	4.44409E-01	3.60066E-02 
2.639721E-01	4.26790E-01	3.59492E-02 
2.644429E-01	4.50751E-01	3.60060E-02 
2.649136E-01	4.48704E-01	3.59424E-02 
2.653844E-01	4.63248E-01	3.59488E-02 
2.658552E-01	4.87351E-01	3.58993E-02 
2.663259E-01	4.78148E-01	3.59052E-02 
2.667967E-01	4.59172E-01	3.57659E-02 
2.672674E-01	4.68339E-01	3.58148E-02 
2.677382E-01	4.75107E-01	3.57750E-02 
2.682089E-01	4.45733E-01	3.56917E-02 
2.686797E-01	4.27586E-01	3.56109E-02 
2.691504E-01	3.90153E-01	3.55128E-02 
2.696212E-01	4.46955E-01	3.56142E-02 
2.700919E-01	4.50174E-01	3.55341E-02 
2.705627E-01	5.15504E-01	3.55902E-02 
2.710334E-01	4.61220E-01	3.54827E-02 
2.715042E-01	4.62643E-01	3.54822E-02 
2.719749E-01	4.13966E-01	3.54049E-02 
2.724457E-01	4.94974E-01	3.55644E-02 
2.729164E-01	4.26847E-01	3.54333E-02 
2.733872E-01	4.21422E-01	3.53208E-02 
2.738579E-01	4.27155E-01	3.52874E-02 
2.743287E-01	4.50791E-01	3.53408E-02 
2.747994E-01	4.58839E-01	3.52651E-02 
2.752702E-01	4.47168E-01	3.52427E-02 
2.757409E-01	4.09775E-01	3.51912E-02 
2.762117E-01	4.52563E-01	3.52240E-02 
2.766824E-01	4.14798E-01	3.50989E-02 
2.771532E-01	4.27698E-01	3.50419E-02 
2.776239E-01	4.49739E-01	3.51370E-02 
2.780947E-01	4.62587E-01	3.50709E-02 
2.785654E-01	4.45721E-01	3.50070E-02 
2.790362E-01	4.41835E-01	3.49239E-02 
2.795069E-01	3.91968E-01	3.48590E-02 
2.799777E-01	4.55158E-01	3.49589E-02 
2.804484E-01	4.24489E-01	3.48574E-02 
2.809192E-01	4.29811E-01	3.48660E-02 
2.813899E-01	4.00566E-01	3.51141E-02 
2.818607E-01	4.12779E-01	3.60082E-02 
2.823314E-01	3.92048E-01	3.65638E-02 
2.828022E-01	4.38829E-01	3.70149E-02 
2.832730E-01	4.80450E-01	3.73448E-02 
2.837437E-01	4.52141E-01	3.75587E-02 
2.842145E-01	4.17683E-01	3.76377E-02 
2.846852E-01	4.21877E-01	3.76540E-02 
2.851560E-01	4.49848E-01	3.78628E-02 
2.856267E-01	4.34126E-01	3.79143E-02 
2.860975E-01	4.08224E-01	3.80307E-02 
2.865682E-01	4.24183E-01	3.81402E-02 
2.870390E-01	3.80648E-01	3.81423E-02 
2.875097E-01	3.72617E-01	3.81134E-02 
2.879805E-01	4.53814E-01	3.77272E-02 
2.884512E-01	4.40285E-01	3.68280E-02 
2.889220E-01	3.99135E-01	3.61998E-02 
2.893927E-01	4.46785E-01	3.59592E-02 
2.898635E-01	4.26335E-01	3.57135E-02 
2.903342E-01	4.58563E-01	3.55694E-02 
2.908050E-01	4.44824E-01	3.54281E-02 
2.912757E-01	4.04718E-01	3.52817E-02 
2.917465E-01	4.10856E-01	3.52280E-02 
2.922172E-01	3.92573E-01	3.51194E-02 
2.926880E-01	4.09413E-01	3.50140E-02 
2.931587E-01	4.01261E-01	3.50246E-02 
2.936295E-01	4.05219E-01	3.49770E-02 
2.941002E-01	4.07466E-01	3.48869E-02 
2.945710E-01	3.60782E-01	3.48125E-02 
2.950417E-01	3.96009E-01	3.48245E-02 
2.955125E-01	4.17706E-01	3.47578E-02 
2.959832E-01	4.86431E-01	3.48004E-02 
2.964540E-01	4.47516E-01	3.47075E-02 
2.969247E-01	3.93731E-01	3.45829E-02 
2.973955E-01	3.97358E-01	3.44889E-02 
2.978662E-01	3.55246E-01	3.44026E-02 
2.983370E-01	3.90387E-01	3.44113E-02 
2.988077E-01	4.43790E-01	3.45192E-02 
2.992785E-01	4.24025E-01	3.44132E-02 
2.997492E-01	3.84227E-01	3.43013E-02 
3.002200E-01	4.00508E-01	3.43330E-02 
3.006908E-01	4.36839E-01	3.42924E-02 
3.011615E-01	3.61434E-01	3.41192E-02 
3.016323E-01	3.67980E-01	3.41318E-02 
3.021030E-01	3.92397E-01	3.41429E-02 
3.025738E-01	3.93398E-01	3.41288E-02 
3.030445E-01	3.65011E-01	3.40498E-02 
3.035153E-01	3.79952E-01	3.40063E-02 
3.039860E-01	3.60644E-01	3.39389E-02 
3.044568E-01	3.10307E-01	3.38384E-02 
3.049275E-01	3.81467E-01	3.39306E-02 
3.053983E-01	3.66478E-01	3.38455E-02 
3.058690E-01	3.78662E-01	3.38648E-02 
3.063398E-01	3.61230E-01	3.38099E-02 
3.068105E-01	3.85077E-01	3.38311E-02 
3.072813E-01	3.96248E-01	3.38408E-02 
3.077520E-01	3.30807E-01	3.36582E-02 
3.082228E-01	3.73917E-01	3.36695E-02 
3.086935E-01	4.08749E-01	3.36701E-02 
3.091643E-01	4.12658E-01	3.36688E-02 
3.096350E-01	4.06894E-01	3.36596E-02 
3.101058E-01	4.07939E-01	3.36542E-02 
3.105765E-01	4.16267E-01	3.36007E-02 
3.110473E-01	4.18645E-01	3.36120E-02 
3.115180E-01	3.97842E-01	3.35742E-02 
3.119888E-01	4.04250E-01	3.34875E-02 
3.124595E-01	3.77161E-01	3.34295E-02 
3.129303E-01	3.85846E-01	3.33995E-02 
3.134010E-01	3.69724E-01	3.33428E-02 
3.138718E-01	3.84471E-01	3.32747E-02 
3.143425E-01	3.99419E-01	3.32747E-02 
3.148133E-01	3.61061E-01	3.31967E-02 
3.152840E-01	3.22051E-01	3.31096E-02 
3.157548E-01	3.60741E-01	3.31316E-02 
3.162255E-01	3.73271E-01	3.31411E-02 
3.166963E-01	4.01531E-01	3.31613E-02 
3.171670E-01	3.58597E-01	3.31024E-02 
3.176378E-01	4.12231E-01	3.31209E-02 
3.181086E-01	3.85812E-01	3.30262E-02 
3.185793E-01	3.60727E-01	3.29849E-02 
3.190501E-01	3.93938E-01	3.29485E-02 
3.195208E-01	3.65433E-01	3.28063E-02 
3.199916E-01	3.71664E-01	3.28452E-02 
3.204623E-01	3.55928E-01	3.28165E-02 
3.209331E-01	3.65863E-01	3.28167E-02 
3.214038E-01	3.42616E-01	3.27375E-02 
3.218746E-01	2.98398E-01	3.26009E-02 
3.223453E-01	3.32458E-01	3.26820E-02 
3.228161E-01	3.44688E-01	3.26211E-02 
3.232868E-01	4.00065E-01	3.26825E-02 
3.237576E-01	3.80658E-01	3.26244E-02 
3.242283E-01	4.04810E-01	3.26108E-02 
3.246991E-01	3.39218E-01	3.24882E-02 
3.251698E-01	3.57343E-01	3.25350E-02 
3.256406E-01	3.30635E-01	3.24844E-02 
3.261113E-01	3.43997E-01	3.25155E-02 
3.265821E-01	3.81911E-01	3.26054E-02 
3.270528E-01	3.85366E-01	3.25367E-02 
3.275236E-01	3.61671E-01	3.25244E-02 
3.279943E-01	3.32730E-01	3.24021E-02 
3.284651E-01	3.56535E-01	3.24397E-02 
3.289358E-01	3.79178E-01	3.24570E-02 
3.294066E-01	3.20238E-01	3.23354E-02 
3.298773E-01	3.46879E-01	3.23798E-02 
3.303481E-01	3.40851E-01	3.23237E-02 
3.308188E-01	3.46231E-01	3.22834E-02 
3.312896E-01	4.06141E-01	3.23812E-02 
3.317603E-01	3.39969E-01	3.22616E-02 
3.322311E-01	3.29262E-01	3.21495E-02 
3.327018E-01	2.97587E-01	3.21215E-02 
3.331726E-01	2.95526E-01	3.20741E-02 
3.336433E-01	3.63049E-01	3.21183E-02 
3.341141E-01	3.63865E-01	3.21240E-02 
3.345848E-01	3.56989E-01	3.20923E-02 
3.350556E-01	3.54310E-01	3.20520E-02 
3.355264E-01	3.27387E-01	3.20401E-02 
3.359971E-01	2.98523E-01	3.19241E-02 
3.364679E-01	3.30995E-01	3.19499E-02 
3.369386E-01	3.32592E-01	3.19512E-02 
3.374094E-01	3.23575E-01	3.19170E-02 
3.378801E-01	3.71579E-01	3.22948E-02 
3.383509E-01	3.44951E-01	3.30286E-02 
3.388216E-01	3.08726E-01	3.33909E-02 
3.392924E-01	3.40587E-01	3.37941E-02 
3.397631E-01	3.65683E-01	3.40156E-02 
3.402339E-01	3.48482E-01	3.40342E-02 
3.407046E-01	4.07488E-01	3.41229E-02 
3.411754E-01	3.76227E-01	3.41308E-02 
3.416461E-01	3.83374E-01	3.42024E-02 
3.421169E-01	3.68122E-01	3.42835E-02 
3.425876E-01	3.05174E-01	3.42695E-02 
3.430584E-01	3.23637E-01	3.43314E-02 
3.435291E-01	2.96801E-01	3.43586E-02 
3.439999E-01	2.74212E-01	3.44123E-02 
3.444706E-01	3.24710E-01	3.45283E-02 
3.449414E-01	3.65356E-01	3.46061E-02 
3.454121E-01	3.56057E-01	3.47040E-02 
3.458829E-01	3.19666E-01	3.46827E-02 
3.463536E-01	3.59499E-01	3.48146E-02 
3.468244E-01	3.82234E-01	3.49075E-02 
3.472951E-01	3.25353E-01	3.48479E-02 
3.477659E-01	3.61743E-01	3.49115E-02 
3.482366E-01	3.34617E-01	3.49417E-02 
3.487074E-01	3.12493E-01	3.49475E-02 
3.491781E-01	3.30622E-01	3.49854E-02 
3.496489E-01	3.38056E-01	3.50570E-02 
3.501196E-01	3.51010E-01	3.51713E-02 
3.505904E-01	3.51610E-01	3.51697E-02 
3.510611E-01	3.60023E-01	3.52563E-02 
3.515319E-01	3.60899E-01	3.52960E-02 
3.520026E-01	3.23519E-01	3.53072E-02 
3.524734E-01	3.13923E-01	3.52914E-02 
3.529442E-01	3.06355E-01	3.53361E-02 
3.534149E-01	3.47284E-01	3.53531E-02 
3.538857E-01	3.35815E-01	3.53573E-02 
3.543564E-01	3.59092E-01	3.54546E-02 
3.548272E-01	3.51781E-01	3.54617E-02 
3.552979E-01	2.95927E-01	3.54509E-02 
3.557687E-01	3.31305E-01	3.55441E-02 
3.562394E-01	2.96246E-01	3.55197E-02 
3.567102E-01	3.07463E-01	3.55589E-02 
3.571809E-01	3.28694E-01	3.55689E-02 
3.576517E-01	3.50787E-01	3.56978E-02 
3.581224E-01	3.40670E-01	3.57569E-02 
3.585932E-01	3.68009E-01	3.57284E-02 
3.590639E-01	3.55081E-01	3.56891E-02 
3.595347E-01	3.07641E-01	3.55999E-02 
3.600054E-01	2.83973E-01	3.54821E-02 
3.604762E-01	2.96038E-01	3.54860E-02 
3.609469E-01	3.62283E-01	3.56185E-02 
3.614177E-01	3.36364E-01	3.56877E-02 
3.618884E-01	3.20390E-01	3.65573E-02 
3.623592E-01	2.89373E-01	3.75963E-02 
3.628299E-01	3.14175E-01	3.81930E-02 
3.633007E-01	3.56964E-01	3.87784E-02 
3.637714E-01	3.35300E-01	3.90555E-02 
3.642422E-01	2.74615E-01	3.91338E-02 
3.647129E-01	2.80446E-01	3.94371E-02 
3.651837E-01	3.06339E-01	3.96926E-02 
3.656544E-01	3.27979E-01	3.99125E-02 
3.661252E-01	3.19839E-01	4.01961E-02 
3.665959E-01	3.42252E-01	4.04258E-02 
3.670667E-01	3.35992E-01	4.04908E-02 
3.675374E-01	3.66038E-01	4.08021E-02 
3.680082E-01	2.80184E-01	4.07829E-02 
3.684789E-01	3.16763E-01	4.10754E-02 
3.689497E-01	3.31992E-01	4.13739E-02 
3.694204E-01	3.30430E-01	4.14848E-02 
3.698912E-01	3.42568E-01	4.16581E-02 
3.703620E-01	2.68388E-01	4.16864E-02 
3.708327E-01	3.05176E-01	4.19685E-02 
3.713035E-01	3.26425E-01	4.21862E-02 
3.717742E-01	2.97062E-01	4.22480E-02 
3.722450E-01	2.95407E-01	4.25509E-02 
3.727157E-01	3.07014E-01	4.27000E-02 
3.731865E-01	3.30034E-01	4.28521E-02 
3.736572E-01	3.13480E-01	4.29792E-02 
3.741280E-01	3.99395E-01	4.32992E-02 
3.745987E-01	3.38696E-01	4.33718E-02 
3.750695E-01	2.70658E-01	4.34307E-02 
3.755402E-01	3.27951E-01	4.36564E-02 
3.760110E-01	3.33406E-01	4.38664E-02 
3.764817E-01	3.04300E-01	4.40102E-02 
3.769525E-01	3.15616E-01	4.41739E-02 
3.774232E-01	2.96466E-01	4.42356E-02 
3.778940E-01	2.61002E-01	4.43090E-02 
3.783647E-01	3.43365E-01	4.46590E-02 
3.788355E-01	3.10722E-01	4.47737E-02 
3.793062E-01	2.83507E-01	4.48391E-02 
3.797770E-01	3.49271E-01	4.51291E-02 
3.802477E-01	2.66567E-01	4.50713E-02 
3.807185E-01	2.97665E-01	4.54137E-02 
3.811892E-01	3.01132E-01	4.54867E-02 
3.816600E-01	2.61782E-01	4.56341E-02 
3.821307E-01	2.56920E-01	4.58458E-02 
3.826015E-01	2.58333E-01	4.58174E-02 
3.830722E-01	2.91259E-01	4.61822E-02 
3.835430E-01	2.70383E-01	4.62996E-02 
3.840137E-01	2.96642E-01	4.64583E-02 
3.844845E-01	3.26328E-01	4.67299E-02 
3.849552E-01	3.13631E-01	4.67887E-02 
3.854260E-01	2.99057E-01	4.69854E-02 
3.858967E-01	3.64410E-01	4.72682E-02 
3.863675E-01	3.01373E-01	4.72829E-02 
3.868382E-01	2.82379E-01	4.73866E-02 
3.873090E-01	2.91422E-01	4.75163E-02 
3.877798E-01	3.56832E-01	4.79260E-02 
3.882505E-01	3.14554E-01	4.78554E-02 
3.887213E-01	3.12811E-01	4.81379E-02 
3.891920E-01	2.72047E-01	4.81838E-02 
3.896628E-01	2.63343E-01	4.82613E-02 
3.901335E-01	3.21592E-01	4.86585E-02 
3.906043E-01	3.66930E-01	4.89889E-02 
3.910750E-01	3.23978E-01	4.89662E-02 
3.915458E-01	3.44578E-01	4.91327E-02 
3.920165E-01	3.59699E-01	4.93131E-02 
3.924873E-01	3.50639E-01	4.93869E-02 
3.929580E-01	2.90567E-01	4.93146E-02 
3.934288E-01	2.50309E-01	4.92295E-02 
3.938995E-01	3.13758E-01	4.93892E-02 
3.943703E-01	3.28775E-01	4.95089E-02 
3.948410E-01	3.55624E-01	4.95768E-02 
3.953118E-01	3.72124E-01	4.97692E-02 
3.957825E-01	2.73626E-01	4.95263E-02 
3.962533E-01	2.73261E-01	4.95721E-02 
3.967240E-01	2.67035E-01	4.97375E-02 
3.971948E-01	3.19579E-01	5.00360E-02 
3.976655E-01	3.15573E-01	5.01612E-02 
3.981363E-01	2.91402E-01	5.03255E-02 
3.986070E-01	2.69360E-01	5.04082E-02 
3.990778E-01	2.29442E-01	5.05320E-02 
3.995485E-01	2.90655E-01	5.07811E-02 
4.000193E-01	2.99664E-01	5.09116E-02 
4.004900E-01	3.73597E-01	5.13543E-02 
4.009608E-01	3.21056E-01	5.13888E-02 
4.014315E-01	2.84707E-01	5.15651E-02 
4.019023E-01	3.63217E-01	5.19678E-02 
4.023730E-01	3.49016E-01	5.20088E-02 
4.028438E-01	2.88816E-01	5.20778E-02 
4.033145E-01	2.96235E-01	5.21804E-02 
4.037853E-01	2.91327E-01	5.23123E-02 
4.042561E-01	3.21653E-01	5.26017E-02 
4.047268E-01	2.66352E-01	5.27566E-02 
4.051976E-01	2.15408E-01	5.27733E-02 
4.056683E-01	1.86294E-01	5.28288E-02 
4.061391E-01	3.06935E-01	5.33546E-02 
4.066098E-01	3.15601E-01	5.34803E-02 
4.070806E-01	2.62499E-01	5.35364E-02 
4.075513E-01	2.67048E-01	5.36228E-02 
4.080221E-01	2.65972E-01	5.37917E-02 
4.084928E-01	3.23443E-01	5.43232E-02 
4.089636E-01	2.15096E-01	5.43324E-02 
4.094343E-01	2.38936E-01	5.44085E-02 
4.099051E-01	2.30195E-01	5.46154E-02 
4.103758E-01	2.70781E-01	5.48506E-02 
4.108466E-01	2.15071E-01	5.48869E-02 
4.113173E-01	2.72953E-01	5.54306E-02 
4.117881E-01	3.16251E-01	5.55988E-02 
4.122588E-01	2.40635E-01	5.55756E-02 
4.127296E-01	3.34862E-01	5.61938E-02 
4.132003E-01	3.20494E-01	5.62376E-02 
4.136711E-01	2.40050E-01	5.61751E-02 
4.141418E-01	3.15048E-01	5.66048E-02 
4.146126E-01	2.82115E-01	5.68134E-02 
4.150833E-01	2.94735E-01	5.70770E-02 
4.155541E-01	3.10461E-01	5.72856E-02 
4.160248E-01	2.16605E-01	5.71487E-02 
4.164956E-01	2.73593E-01	5.74936E-02 
4.169663E-01	3.34504E-01	5.78273E-02 
4.174371E-01	3.09296E-01	5.82288E-02 
4.179078E-01	2.90219E-01	5.84839E-02 
4.183786E-01	2.69243E-01	5.84004E-02 
4.188493E-01	3.31859E-01	5.88491E-02 
4.193201E-01	2.80469E-01	5.88799E-02 
4.197908E-01	2.69176E-01	5.91157E-02 
4.202616E-01	3.15905E-01	5.96182E-02 
4.207323E-01	2.82482E-01	5.96621E-02 
4.212031E-01	2.62571E-01	5.98209E-02 
4.216739E-01	2.63727E-01	6.01014E-02 
4.221446E-01	2.48838E-01	6.02547E-02 
4.226154E-01	1.99404E-01	6.03772E-02 
4.230861E-01	3.13487E-01	6.09090E-02 
4.235569E-01	2.66845E-01	6.09991E-02 
4.240276E-01	2.41599E-01	6.12811E-02 
4.244984E-01	2.67609E-01	6.15997E-02 
4.249691E-01	2.53181E-01	6.16863E-02 
4.254399E-01	2.98378E-01	6.24885E-02 
4.259106E-01	2.10348E-01	6.23249E-02 
4.263814E-01	3.04375E-01	6.25646E-02 
4.268521E-01	3.54820E-01	6.29981E-02 
4.273229E-01	2.60629E-01	6.31132E-02 
4.277936E-01	2.65517E-01	6.33504E-02 
4.282644E-01	3.15452E-01	6.37336E-02 
4.287351E-01	3.03538E-01	6.40318E-02 
4.292059E-01	2.27607E-01	6.40147E-02 
4.296766E-01	3.37169E-01	6.46307E-02 
4.301474E-01	3.09626E-01	6.48948E-02 
4.306181E-01	2.68382E-01	6.49550E-02 
4.310889E-01	2.05935E-01	6.50082E-02 
4.315596E-01	2.84919E-01	6.56718E-02 
4.320304E-01	3.98157E-01	6.62983E-02 
4.325011E-01	3.83245E-01	6.66998E-02 
4.329719E-01	2.57905E-01	6.65221E-02 
4.334426E-01	1.78257E-01	6.64646E-02 
4.339134E-01	2.20739E-01	6.71398E-02 
4.343841E-01	3.64773E-01	6.78965E-02 
4.348549E-01	3.18917E-01	6.79512E-02 
4.353256E-01	1.82201E-01	6.79356E-02 
4.357964E-01	1.96269E-01	6.81646E-02 
4.362671E-01	3.31451E-01	6.90281E-02 
4.367379E-01	2.20398E-01	6.91731E-02 
4.372086E-01	3.20867E-01	6.97489E-02 
4.376794E-01	3.55707E-01	6.99711E-02 
4.381501E-01	2.51736E-01	7.01787E-02 
4.386209E-01	2.59965E-01	7.01051E-02 
4.390917E-01	2.09750E-01	7.05025E-02 
4.395624E-01	2.13941E-01	7.08816E-02 
4.400332E-01	3.12331E-01	7.12323E-02 
4.405039E-01	3.00690E-01	7.11643E-02 
4.409747E-01	3.41120E-01	7.14659E-02 
4.414454E-01	3.01322E-01	7.12232E-02 
4.419162E-01	2.59358E-01	7.12689E-02 
4.423869E-01	3.05672E-01	7.12772E-02 
4.428577E-01	3.29518E-01	7.12935E-02 
4.433284E-01	2.52945E-01	7.12865E-02 
4.437992E-01	2.35012E-01	7.15042E-02 
4.442699E-01	1.80596E-01	7.17847E-02 
4.447407E-01	3.06074E-01	7.24495E-02 
4.452114E-01	3.26272E-01	7.28365E-02 
4.456822E-01	2.05882E-01	7.29384E-02 
4.461529E-01	2.94520E-01	7.33296E-02 
4.466237E-01	2.92895E-01	7.39838E-02 
4.470944E-01	2.87224E-01	7.45445E-02 
4.475652E-01	2.60059E-01	7.46767E-02 
4.480359E-01	2.76511E-01	7.48620E-02 
4.485067E-01	1.59109E-01	7.49931E-02 
4.489774E-01	1.93086E-01	7.56868E-02 
4.494482E-01	2.98615E-01	7.63924E-02 
4.499189E-01	3.11592E-01	7.70188E-02 
4.503897E-01	2.68320E-01	7.72209E-02 
4.508604E-01	2.66596E-01	7.76370E-02 
4.513312E-01	2.50850E-01	7.80888E-02 
4.518019E-01	2.43931E-01	7.82824E-02 
4.522727E-01	2.97952E-01	7.87737E-02 
4.527434E-01	2.69236E-01	7.94564E-02 
4.532142E-01	1.36501E-01	7.96460E-02 
4.536849E-01	1.38210E-01	7.95901E-02 
4.541557E-01	3.15894E-01	8.10571E-02 
4.546264E-01	2.84071E-01	8.13606E-02 
4.550972E-01	2.79469E-01	8.19213E-02 
4.555679E-01	2.92526E-01	8.26894E-02 
4.560387E-01	2.46776E-01	8.30533E-02 
4.565095E-01	1.78832E-01	8.34088E-02 
4.569802E-01	1.12302E-01	8.36003E-02 
4.574510E-01	1.57299E-01	8.40543E-02 
4.579217E-01	3.21031E-01	8.54730E-02 
4.583925E-01	2.98155E-01	8.61195E-02 
4.588632E-01	2.10558E-01	8.61435E-02 
4.593340E-01	1.43457E-01	8.66285E-02 
4.598047E-01	2.12950E-01	8.75523E-02 
4.602755E-01	3.25226E-01	8.86978E-02 
4.607462E-01	3.64270E-01	8.96334E-02 
4.612170E-01	1.50891E-01	8.88077E-02 
4.616877E-01	2.55333E-01	9.04055E-02 
4.621585E-01	3.29404E-01	9.16168E-02 
4.626292E-01	2.34137E-01	9.12348E-02 
4.631000E-01	4.31122E-01	9.30418E-02 
4.635707E-01	2.63389E-01	9.32759E-02 
4.640415E-01	2.36727E-01	9.36438E-02 
4.645122E-01	2.12744E-01	9.43718E-02 
4.649830E-01	2.80823E-01	9.54324E-02 
4.654537E-01	2.20548E-01	9.60118E-02 
4.659245E-01	2.69325E-01	9.69349E-02 
4.663952E-01	2.64413E-01	9.77154E-02 
4.668660E-01	3.57570E-01	9.89985E-02 
4.673367E-01	2.78398E-01	1.00018E-01 
4.678075E-01	2.55616E-01	1.00633E-01 
4.682782E-01	2.21979E-01	1.01253E-01 
4.687490E-01	1.79351E-01	1.02409E-01 
4.692197E-01	3.08176E-01	1.04261E-01 
4.696905E-01	3.62378E-01	1.05215E-01 
4.701612E-01	2.23589E-01	1.05743E-01 
4.706320E-01	2.11342E-01	1.06567E-01 
4.711027E-01	1.70833E-01	1.06687E-01 
4.715735E-01	2.48400E-01	1.09122E-01 
4.720442E-01	1.68930E-01	1.09817E-01 
4.725150E-01	1.29864E-01	1.10531E-01 
4.729857E-01	2.11534E-01	1.12044E-01 
4.734565E-01	3.00348E-01	1.13982E-01 
4.739273E-01	1.52140E-01	1.14387E-01 
4.743980E-01	2.82229E-01	1.16473E-01 
4.748688E-01	6.05681E-01	1.20133E-01 
4.753395E-01	2.59520E-01	1.19752E-01 
4.758103E-01	2.89795E-01	1.21183E-01 
4.762810E-01	3.20042E-01	1.22464E-01 
4.767518E-01	2.80002E-01	1.23894E-01 
4.772225E-01	9.56889E-02	1.24393E-01 
4.776933E-01	2.17385E-01	1.26977E-01 
4.781640E-01	2.97337E-01	1.30122E-01 
4.786348E-01	2.01717E-01	1.31060E-01 
4.791055E-01	3.44977E-01	1.33516E-01 
4.795763E-01	3.00381E-01	1.35959E-01 
4.800470E-01	1.78413E-01	1.37516E-01 
4.805178E-01	1.11664E-01	1.38949E-01 
4.809885E-01	-1.49026E-02	1.41057E-01 
4.814593E-01	5.12361E-01	1.46796E-01 
4.819300E-01	3.64211E-01	1.48713E-01 
4.824008E-01	4.20924E-01	1.51774E-01 
4.828715E-01	1.61675E-01	1.54023E-01 
4.833423E-01	2.01196E-02	1.57163E-01 
4.838130E-01	3.53117E-01	1.62442E-01 
4.842838E-01	4.86690E-01	1.66252E-01 
4.847545E-01	2.60270E-01	1.68376E-01 
4.852253E-01	4.65504E-02	1.71856E-01 
4.856960E-01	2.18382E-01	1.77840E-01 
4.861668E-01	2.88644E-01	1.83971E-01 
4.866375E-01	4.77901E-01	1.91055E-01 
4.871083E-01	1.69667E-01	1.95995E-01 
4.875790E-01	1.51507E-01	2.01247E-01 
4.880498E-01	1.75032E-01	2.07535E-01 
4.885205E-01	4.59468E-01	2.18645E-01 
4.889913E-01	4.10240E-01	2.28961E-01 
4.894620E-01	3.31016E-02	2.34820E-01 
4.899328E-01	1.19019E-01	2.47006E-01 
4.904035E-01	2.68503E-01	2.65124E-01 
4.908743E-01	2.78065E-01	2.78459E-01 
4.913451E-01	3.63592E-01	3.02184E-01 
4.918158E-01	2.02558E-01	3.25893E-01 
4.922866E-01	3.01960E-01	3.63557E-01 
4.927573E-01	3.22311E-01	4.15802E-01 
4.932281E-01	-1.20600E-01	4.90731E-01 
4.936988E-01	1.46722E-01	6.50290E-01 
