0.0032869780000000003	1.609314e+01	6.504381e+00
0.003758368	1.363071e+01	4.965862e+00
0.004229758	9.676194e+00	3.998236e+00
0.0047011480000000005	1.276510e+01	3.113877e+00
0.005172539	1.203227e+01	2.502519e+00
0.005643929000000001	1.463637e+01	2.074238e+00
0.006115319000000001	1.582286e+01	1.752435e+00
0.0065867090000000005	1.623927e+01	1.499821e+00
0.007058099	1.631824e+01	1.294547e+00
0.007529489	1.524340e+01	1.136188e+00
0.008000879	1.405716e+01	1.006774e+00
0.00847227	1.448148e+01	9.034871e-01
0.00894366	1.359547e+01	8.122383e-01
0.009415050000000001	1.415270e+01	7.395319e-01
0.009886440000000002	1.349862e+01	6.816498e-01
0.01035783	1.285259e+01	6.304263e-01
0.01082922	1.288968e+01	5.827554e-01
0.01130061	1.362172e+01	5.446113e-01
0.011772000000000001	1.315174e+01	5.118130e-01
0.01224339	1.307612e+01	4.831317e-01
0.012714780000000002	1.280047e+01	4.573947e-01
0.01318617	1.320713e+01	4.343966e-01
0.01365756	1.249137e+01	4.137438e-01
0.014128950000000001	1.214089e+01	3.958732e-01
0.014600340000000002	1.247482e+01	3.796200e-01
0.01507173	1.199936e+01	3.640618e-01
0.01554312	1.184549e+01	3.508818e-01
0.016014510000000003	1.173895e+01	3.389937e-01
0.0164859	1.146040e+01	3.269764e-01
0.01695729	1.126040e+01	3.159359e-01
0.01742868	1.138628e+01	3.072122e-01
0.01790007	1.107385e+01	2.986903e-01
0.018371460000000003	1.155387e+01	2.906101e-01
0.01884285	1.153366e+01	2.837766e-01
0.01931424	1.123160e+01	2.767227e-01
0.019785630000000002	1.070027e+01	2.701193e-01
0.02025702	1.116506e+01	2.643758e-01
0.020728410000000003	1.104608e+01	2.584345e-01
0.0211998	1.021598e+01	2.530504e-01
0.021671190000000003	1.034512e+01	2.483177e-01
0.022142580000000002	1.067831e+01	2.443015e-01
0.02261397	1.108102e+01	2.401739e-01
0.02308536	1.047171e+01	2.352594e-01
0.02355675	1.028830e+01	2.319061e-01
0.024028140000000003	1.026556e+01	2.279738e-01
0.024499530000000002	1.021983e+01	2.245439e-01
0.02497092	9.765056e+00	2.207009e-01
0.025442310000000003	9.982304e+00	2.177406e-01
0.025913710000000003	1.036355e+01	2.147358e-01
0.0263851	9.744345e+00	2.113786e-01
0.02685649	9.716575e+00	2.085493e-01
0.02732788	9.793030e+00	2.061477e-01
0.02779927	9.640175e+00	2.037487e-01
0.02827066	9.277694e+00	2.005652e-01
0.028742050000000005	9.147606e+00	1.980930e-01
0.029213440000000004	8.959852e+00	1.959089e-01
0.029684830000000002	9.123360e+00	1.938253e-01
0.03015622	9.513072e+00	1.956103e-01
0.03062761	9.113037e+00	1.967705e-01
0.031099	9.220307e+00	1.970246e-01
0.03157039	8.833296e+00	1.963609e-01
0.03204178	8.822752e+00	1.961130e-01
0.03251317	8.849275e+00	1.967312e-01
0.03298456	8.571746e+00	2.005221e-01
0.033455950000000005	8.694403e+00	2.028330e-01
0.03392734	8.486309e+00	2.043456e-01
0.03439873	8.199504e+00	2.051950e-01
0.03487012	8.299454e+00	2.064753e-01
0.03534151	8.264772e+00	2.072208e-01
0.0358129	8.550602e+00	2.084283e-01
0.036284290000000004	8.254800e+00	2.089430e-01
0.036755680000000006	7.961548e+00	2.090961e-01
0.03722707	8.008279e+00	2.100806e-01
0.03769846	8.106785e+00	2.103430e-01
0.038169850000000005	8.285115e+00	2.105661e-01
0.03864124	8.044362e+00	2.111178e-01
0.03911263	7.959725e+00	2.131155e-01
0.03958402	7.794682e+00	2.143181e-01
0.04005541000000001	7.738640e+00	2.150354e-01
0.0405268	7.612242e+00	1.143166e-01
0.040998190000000004	7.471334e+00	1.137309e-01
0.041469580000000006	7.403899e+00	1.134084e-01
0.04194097	7.289744e+00	1.130110e-01
0.04241236	7.095913e+00	1.125534e-01
0.04288375	7.157892e+00	1.123670e-01
0.04335514	7.140299e+00	1.118841e-01
0.04382653	7.048875e+00	1.118749e-01
0.044297920000000005	6.952281e+00	1.155751e-01
0.04476931000000001	7.012425e+00	1.184439e-01
0.0452407	6.802290e+00	1.200116e-01
0.045712090000000004	6.826486e+00	1.215938e-01
0.04618348	6.892188e+00	1.229709e-01
0.04665487	6.978763e+00	1.243397e-01
0.04712626	6.683551e+00	1.255514e-01
0.047597650000000005	6.774725e+00	1.268853e-01
0.04806904000000001	6.685349e+00	1.279710e-01
0.04854043	6.529218e+00	1.283829e-01
0.049011820000000005	6.483702e+00	1.293865e-01
0.04948321	6.397659e+00	1.304081e-01
0.0499546	6.204248e+00	1.314568e-01
0.050425990000000004	6.138290e+00	1.304180e-01
0.050897380000000006	6.214715e+00	1.251377e-01
0.05136877	6.246920e+00	1.225177e-01
0.05184016	6.203283e+00	1.204450e-01
0.05231155	5.985767e+00	1.186690e-01
0.05278294	6.143660e+00	1.175460e-01
0.05325433000000001	5.870845e+00	1.164181e-01
0.053725720000000005	5.948191e+00	1.152138e-01
0.05419711000000001	5.889636e+00	1.145496e-01
0.0546685	5.865773e+00	1.139355e-01
0.055139890000000004	5.893457e+00	1.130912e-01
0.05561128	5.786433e+00	1.115305e-01
0.05608267	5.679291e+00	1.104780e-01
0.056554059999999996	5.475253e+00	1.092926e-01
0.057025450000000005	5.492064e+00	1.086831e-01
0.05749685	5.552347e+00	1.076486e-01
0.057968240000000004	5.388511e+00	1.067589e-01
0.05843963	5.274572e+00	1.060324e-01
0.05891102000000001	5.326260e+00	1.052585e-01
0.05938241	5.110153e+00	1.043902e-01
0.059853800000000006	5.296572e+00	6.850997e-02
0.06032519	5.302914e+00	6.819789e-02
0.06079658	5.314920e+00	6.796277e-02
0.061267970000000005	5.215217e+00	6.757040e-02
0.06173936	5.063443e+00	6.709135e-02
0.06221075000000001	5.026574e+00	6.693578e-02
0.06268214	5.048117e+00	6.657242e-02
0.06315353	5.056782e+00	6.631331e-02
0.06362492	4.993957e+00	6.605752e-02
0.06409631	4.890653e+00	6.561266e-02
0.06456769999999999	4.863197e+00	6.548928e-02
0.06503909000000001	4.775554e+00	6.521915e-02
0.06551048000000001	4.774289e+00	6.496821e-02
0.06598187	4.860612e+00	6.475574e-02
0.06645326	4.771833e+00	6.436388e-02
0.06692465	4.611433e+00	6.380823e-02
0.06739604	4.644311e+00	6.371606e-02
0.06786742999999999	4.532408e+00	6.352463e-02
0.06833882000000001	4.534902e+00	6.333579e-02
0.06881021000000001	4.515970e+00	6.319767e-02
0.0692816	4.463731e+00	6.283141e-02
0.06975299	4.400162e+00	6.254971e-02
0.07022438	4.420963e+00	6.224972e-02
0.07069577	4.362209e+00	6.208467e-02
0.07116716	4.342722e+00	6.182927e-02
0.07163855000000001	4.336529e+00	6.153934e-02
0.07210994	4.253492e+00	6.124119e-02
0.07258133	4.272670e+00	6.109157e-02
0.07305272	4.260467e+00	6.095339e-02
0.07352411	4.242441e+00	6.074972e-02
0.0739955	4.184385e+00	6.045799e-02
0.07446689	4.049729e+00	6.014616e-02
0.07493828000000001	4.100185e+00	6.010678e-02
0.07540967	4.093663e+00	5.983737e-02
0.07588106	4.110229e+00	5.980656e-02
0.07635245000000002	4.026299e+00	5.959005e-02
0.07682384	3.932547e+00	5.924358e-02
0.07729523	3.801640e+00	5.879024e-02
0.07776662000000001	3.825383e+00	5.875649e-02
0.07823801000000001	3.813576e+00	5.870117e-02
0.0787094	3.791345e+00	5.839295e-02
0.07918079	3.768749e+00	5.816190e-02
0.07965218	3.623191e+00	5.769236e-02
0.08012357	3.741100e+00	5.791289e-02
0.08059496000000001	3.570184e+00	5.748337e-02
0.08106635000000001	3.584658e+00	5.716558e-02
0.08153774000000001	3.680927e+00	5.717291e-02
0.08200913	3.609810e+00	5.700795e-02
0.08248052	3.560380e+00	5.692411e-02
0.08295191	3.572390e+00	5.662586e-02
0.0834233	3.528768e+00	5.647409e-02
0.08389469000000001	3.492931e+00	5.640097e-02
0.08436608000000001	3.391317e+00	5.597401e-02
0.08483747000000001	3.415680e+00	5.593792e-02
0.08530886	3.484742e+00	5.578505e-02
0.08578025	3.458710e+00	5.572034e-02
0.08625164	3.344497e+00	5.521038e-02
0.08672303	3.319415e+00	5.514194e-02
0.08719442	3.292448e+00	5.500451e-02
0.08766581000000001	3.258576e+00	5.483173e-02
0.08813720000000001	3.228358e+00	5.463589e-02
0.08860859	3.214771e+00	5.443156e-02
0.08907999	3.237553e+00	5.438170e-02
0.08955138000000001	3.248873e+00	5.425457e-02
0.09002277	3.149784e+00	5.392444e-02
0.09049416	3.112268e+00	5.385475e-02
0.09096555	3.114658e+00	5.371173e-02
0.09143694000000001	3.123906e+00	5.366798e-02
0.09190833000000001	3.136177e+00	5.342888e-02
0.09237972	3.052712e+00	5.306849e-02
0.09285111000000001	3.120708e+00	5.307296e-02
0.0933225	3.042347e+00	5.294098e-02
0.09379389	2.876636e+00	5.261077e-02
0.09426528	2.994928e+00	5.264403e-02
0.09473667000000001	2.929820e+00	5.238861e-02
0.09520806000000001	2.978012e+00	5.219898e-02
0.09567945	2.857391e+00	5.201921e-02
0.09615084000000002	2.841063e+00	5.192924e-02
0.09662223	2.866477e+00	5.181310e-02
0.09709362	2.853549e+00	5.164783e-02
0.09756501000000001	2.856544e+00	5.164676e-02
0.09803640000000001	2.770047e+00	5.137790e-02
0.09850779	2.767061e+00	5.113026e-02
0.09897918	2.747882e+00	5.105810e-02
0.09945057000000002	2.714925e+00	5.095258e-02
0.09992196	2.667160e+00	5.076442e-02
0.1003933	2.717475e+00	5.068072e-02
0.10086470000000002	2.603491e+00	5.043079e-02
0.1013361	2.657375e+00	5.041395e-02
0.10180750000000001	2.622858e+00	5.024167e-02
0.1022789	2.591661e+00	5.009731e-02
0.10275030000000002	2.584343e+00	4.988864e-02
0.1032217	2.605046e+00	4.984497e-02
0.10369310000000001	2.616945e+00	4.968735e-02
0.1041645	2.510072e+00	4.964673e-02
0.1046359	2.531278e+00	4.942007e-02
0.1051073	2.484253e+00	4.929411e-02
0.1055786	2.538955e+00	4.924541e-02
0.10605	2.474048e+00	4.897458e-02
0.10652140000000002	2.473346e+00	4.891136e-02
0.1069928	2.436119e+00	4.879422e-02
0.10746420000000001	2.404578e+00	4.859308e-02
0.1079356	2.431426e+00	4.859512e-02
0.10840700000000002	2.393954e+00	4.843443e-02
0.1088784	2.377876e+00	4.841513e-02
0.10934980000000001	2.414088e+00	4.827830e-02
0.10982120000000001	2.410674e+00	4.809029e-02
0.1102925	2.260867e+00	4.785303e-02
0.11076390000000001	2.333217e+00	4.807665e-02
0.1112353	2.316009e+00	4.775379e-02
0.1117067	2.329728e+00	4.776170e-02
0.1121781	2.292698e+00	4.751508e-02
0.11264950000000001	2.238506e+00	4.729028e-02
0.1131209	2.325607e+00	4.747407e-02
0.11359230000000001	2.306125e+00	4.735727e-02
0.11406369999999999	2.298183e+00	4.724422e-02
0.1145351	2.220660e+00	4.703773e-02
0.11500640000000001	2.229355e+00	4.696533e-02
0.11547780000000002	2.191818e+00	4.684288e-02
0.1159492	2.226070e+00	4.678459e-02
0.11642060000000001	2.171888e+00	4.648494e-02
0.116892	2.127223e+00	4.637818e-02
0.1173634	2.158848e+00	4.641901e-02
0.1178348	2.065429e+00	4.616223e-02
0.11830620000000001	2.073288e+00	4.608248e-02
0.1187776	2.048445e+00	4.598784e-02
0.11924900000000001	2.048723e+00	4.579376e-02
0.1197203	2.069137e+00	4.587042e-02
0.1201917	2.096091e+00	4.584414e-02
0.12066310000000001	2.047346e+00	4.563103e-02
0.12113449999999999	2.025680e+00	4.557380e-02
0.1216059	2.026507e+00	4.538229e-02
0.12207730000000001	1.942580e+00	4.522241e-02
0.12254870000000001	1.986639e+00	4.523938e-02
0.12302010000000002	2.026033e+00	4.507025e-02
0.1234915	2.067533e+00	4.518037e-02
0.12396290000000001	1.996992e+00	4.494017e-02
0.12443420000000001	1.958185e+00	4.550664e-02
0.1249056	1.936703e+00	4.693373e-02
0.12537700000000002	1.885419e+00	4.756097e-02
0.1258484	1.919594e+00	4.825414e-02
0.1263198	2.002692e+00	4.894807e-02
0.1267912	1.917437e+00	4.934620e-02
0.1272626	1.892536e+00	4.988810e-02
0.127734	1.856078e+00	5.013894e-02
0.1282054	1.873930e+00	5.051651e-02
0.1286768	1.818243e+00	5.083408e-02
0.12914810000000002	1.849150e+00	5.114007e-02
0.1296195	1.789656e+00	5.118818e-02
0.1300909	1.733092e+00	5.119183e-02
0.1305623	1.828461e+00	5.145108e-02
0.1310337	1.837223e+00	5.010637e-02
0.1315051	1.855530e+00	4.859751e-02
0.13197650000000002	1.766935e+00	4.761053e-02
0.1324479	1.760404e+00	4.696587e-02
0.13291930000000002	1.786201e+00	4.644893e-02
0.1333907	1.736039e+00	4.580262e-02
0.133862	1.774610e+00	4.545264e-02
0.13433340000000002	1.774929e+00	4.509904e-02
0.1348048	1.717256e+00	4.473201e-02
0.1352762	1.709051e+00	4.450337e-02
0.1357476	1.732761e+00	4.442988e-02
0.136219	1.708441e+00	4.430353e-02
0.1366904	1.770231e+00	4.435945e-02
0.1371618	1.683665e+00	4.393376e-02
0.1376332	1.637308e+00	4.380567e-02
0.1381046	1.661915e+00	4.369848e-02
0.138576	1.647592e+00	4.364012e-02
0.1390473	1.671925e+00	4.352463e-02
0.1395187	1.643367e+00	4.330853e-02
0.1399901	1.656997e+00	4.336314e-02
0.1404615	1.684273e+00	4.325109e-02
0.1409329	1.631465e+00	4.308748e-02
0.1414043	1.586590e+00	4.292073e-02
0.14187570000000002	1.544533e+00	4.283165e-02
0.1423471	1.614884e+00	4.283552e-02
0.14281850000000001	1.615684e+00	4.264679e-02
0.1432899	1.561737e+00	4.258058e-02
0.1437612	1.558304e+00	4.250734e-02
0.14423260000000002	1.564979e+00	4.232157e-02
0.14470400000000003	1.593498e+00	4.232998e-02
0.1451754	1.531466e+00	4.231578e-02
0.14564680000000002	1.559893e+00	4.215974e-02
0.1461182	1.512374e+00	4.201750e-02
0.14658960000000001	1.539604e+00	4.201043e-02
0.147061	1.550003e+00	4.181790e-02
0.1475324	1.489799e+00	4.175179e-02
0.1480038	1.569697e+00	4.174135e-02
0.1484751	1.510236e+00	4.157705e-02
0.1489465	1.492586e+00	4.144871e-02
0.1494179	1.457930e+00	4.128186e-02
0.1498893	1.517011e+00	4.145579e-02
0.1503607	1.543700e+00	4.134498e-02
0.15083210000000002	1.548341e+00	4.129372e-02
0.1513035	1.528897e+00	4.122813e-02
0.15177490000000002	1.523685e+00	4.118199e-02
0.1522463	1.484658e+00	4.204951e-02
0.1527177	1.492688e+00	4.317983e-02
0.15318900000000002	1.487445e+00	4.388280e-02
0.15366040000000003	1.478750e+00	4.439923e-02
0.1541318	1.523766e+00	4.490844e-02
0.15460320000000002	1.444864e+00	4.503760e-02
0.1550746	1.435576e+00	4.384879e-02
0.15554600000000002	1.432094e+00	4.295669e-02
0.1560174	1.422878e+00	4.235123e-02
0.1564888	1.413529e+00	4.187997e-02
0.1569602	1.464573e+00	4.156069e-02
0.1574316	1.353302e+00	4.099315e-02
0.1579029	1.363157e+00	4.090651e-02
0.1583743	1.361335e+00	4.073200e-02
0.1588457	1.391666e+00	4.050110e-02
0.1593171	1.425600e+00	4.047599e-02
0.1597885	1.352419e+00	4.004419e-02
0.1602599	1.349079e+00	3.993328e-02
0.16073130000000002	1.351808e+00	3.980126e-02
0.16120270000000003	1.299653e+00	3.976266e-02
0.16167410000000002	1.307563e+00	3.973592e-02
0.16214550000000003	1.319949e+00	3.976546e-02
0.1626168	1.358752e+00	3.993895e-02
0.16308820000000002	1.270543e+00	3.974158e-02
0.16355960000000003	1.305555e+00	3.976931e-02
0.164031	1.270311e+00	3.962499e-02
0.16450240000000002	1.271863e+00	3.954562e-02
0.1649738	1.308212e+00	3.953576e-02
0.16544520000000001	1.311737e+00	3.938862e-02
0.1659166	1.257118e+00	3.938865e-02
0.166388	1.258770e+00	3.930676e-02
0.1668594	1.295908e+00	3.920589e-02
0.16733070000000003	1.277301e+00	3.910166e-02
0.1678021	1.242305e+00	3.905385e-02
0.16827350000000002	1.249651e+00	3.896674e-02
0.1687449	1.208444e+00	3.883518e-02
0.16921630000000001	1.225519e+00	3.878983e-02
0.1696877	1.196335e+00	3.875969e-02
0.1701591	1.223750e+00	3.875220e-02
0.17063050000000002	1.241142e+00	3.872994e-02
0.17110190000000003	1.247103e+00	3.860006e-02
0.1715733	1.272661e+00	3.859146e-02
0.17204470000000002	1.212455e+00	3.853540e-02
0.172516	1.167743e+00	3.830807e-02
0.1729874	1.207932e+00	3.830159e-02
0.17345880000000002	1.249050e+00	3.823355e-02
0.1739302	1.220086e+00	3.818458e-02
0.17440160000000002	1.195559e+00	3.802910e-02
0.174873	1.129853e+00	3.799645e-02
0.1753444	1.185624e+00	3.799803e-02
0.17581580000000002	1.116307e+00	3.790094e-02
0.1762872	1.180255e+00	3.782478e-02
0.17675860000000002	1.126648e+00	3.765378e-02
0.17722990000000002	1.159713e+00	3.768628e-02
0.1777013	1.110875e+00	3.763183e-02
0.17817270000000002	1.076681e+00	3.752342e-02
0.1786441	1.139998e+00	3.754458e-02
0.1791155	1.140043e+00	3.752271e-02
0.1795869	1.068987e+00	3.737890e-02
0.1800583	1.120342e+00	3.741893e-02
0.18052970000000002	1.132126e+00	3.733723e-02
0.18100110000000003	1.156901e+00	3.725305e-02
0.1814725	1.090070e+00	3.717625e-02
0.18194380000000002	1.113454e+00	3.713493e-02
0.1824152	1.083537e+00	3.697785e-02
0.1828866	1.195265e+00	3.707716e-02
0.18335800000000002	1.112630e+00	3.696908e-02
0.18382940000000003	1.055165e+00	3.681327e-02
0.18430080000000001	1.104477e+00	3.679489e-02
0.18477220000000003	1.037862e+00	3.672136e-02
0.1852436	1.077885e+00	3.669083e-02
0.18571500000000002	1.067498e+00	3.663875e-02
0.1861864	1.100455e+00	3.657109e-02
0.1866577	1.080336e+00	3.660925e-02
0.18712910000000002	1.095108e+00	3.650948e-02
0.1876005	1.024397e+00	3.627127e-02
0.18807190000000001	1.038770e+00	3.635497e-02
0.1885433	1.050013e+00	3.635568e-02
0.1890147	1.042790e+00	3.626804e-02
0.1894861	1.048092e+00	3.615422e-02
0.1899575	1.058370e+00	3.617495e-02
0.1904289	1.042980e+00	3.607721e-02
0.19090030000000002	9.812727e-01	3.598663e-02
0.1913716	9.763039e-01	3.590623e-02
0.191843	1.057211e+00	3.603046e-02
0.1923144	1.022215e+00	3.595059e-02
0.1927858	9.982486e-01	3.582198e-02
0.19325720000000002	1.075330e+00	3.580693e-02
0.19372860000000003	1.048799e+00	3.573936e-02
0.1942	1.029590e+00	3.568948e-02
0.19467140000000002	1.041023e+00	3.560795e-02
0.1951428	9.910262e-01	3.550038e-02
0.19561420000000002	1.007520e+00	3.547370e-02
0.19608550000000002	9.973859e-01	3.545987e-02
0.1965569	1.014625e+00	3.533147e-02
0.19702830000000002	9.362118e-01	3.525819e-02
0.1974997	9.711363e-01	3.515255e-02
0.1979711	9.681480e-01	3.505214e-02
0.19844250000000002	9.734478e-01	3.499342e-02
0.1989139	9.537881e-01	3.494045e-02
0.19938530000000002	9.902710e-01	3.499653e-02
0.1998567	1.004938e+00	3.487604e-02
0.2003281	9.261387e-01	3.478814e-02
0.20079950000000002	9.336894e-01	3.474964e-02
0.2012708	9.368451e-01	3.472262e-02
0.20174219999999998	9.696556e-01	3.473123e-02
0.20221360000000002	9.550544e-01	3.476819e-02
0.202685	8.972435e-01	3.471585e-02
0.20315640000000001	9.191224e-01	3.464218e-02
0.2036278	9.462656e-01	3.466276e-02
0.20409920000000004	9.108696e-01	3.457966e-02
0.20457060000000002	9.379628e-01	3.478124e-02
0.205042	9.381693e-01	3.563873e-02
0.20551339999999998	9.263004e-01	3.625676e-02
0.20598470000000002	9.389031e-01	3.678651e-02
0.2064561	8.659343e-01	3.706683e-02
0.20692750000000004	9.085434e-01	3.737312e-02
0.20739890000000002	9.218073e-01	3.778688e-02
0.2078703	8.976393e-01	3.785480e-02
0.2083417	9.512847e-01	3.798166e-02
0.20881310000000003	8.689202e-01	3.796401e-02
0.2092845	9.223366e-01	3.815462e-02
0.2097559	9.219916e-01	3.830003e-02
0.2102273	9.220441e-01	3.838154e-02
0.2106986	8.829437e-01	3.844380e-02
0.21117	8.623471e-01	3.825367e-02
0.21164139999999998	8.808325e-01	3.713571e-02
0.21211280000000002	8.164976e-01	3.626964e-02
0.2125842	8.434793e-01	3.587676e-02
0.2130556	8.465346e-01	3.554697e-02
0.213527	8.361188e-01	3.521934e-02
0.21399840000000003	8.691054e-01	3.506177e-02
0.21446980000000002	8.939889e-01	3.492062e-02
0.2149412	8.708756e-01	3.487389e-02
0.2154125	7.970123e-01	3.469996e-02
0.21588390000000002	8.594621e-01	3.463323e-02
0.2163553	8.362937e-01	3.458048e-02
0.21682670000000004	8.151122e-01	3.443039e-02
0.21729810000000002	8.763629e-01	3.439920e-02
0.2177695	8.542643e-01	3.427726e-02
0.2182409	8.577229e-01	3.422798e-02
0.21871230000000003	7.901706e-01	3.409926e-02
0.2191837	8.206524e-01	3.413645e-02
0.2196551	8.342351e-01	3.411029e-02
0.22012640000000003	8.280706e-01	3.408043e-02
0.2205978	8.671506e-01	3.407758e-02
0.2210692	8.464182e-01	3.391838e-02
0.22154060000000003	8.311847e-01	3.377324e-02
0.22201200000000001	8.268361e-01	3.375058e-02
0.2224834	7.770860e-01	3.361461e-02
0.2229548	7.491680e-01	3.355229e-02
0.22342620000000002	7.342756e-01	3.353964e-02
0.22389760000000003	7.743652e-01	3.346119e-02
0.224369	7.769887e-01	3.342336e-02
0.22484030000000002	7.646517e-01	3.338820e-02
0.2253117	7.703209e-01	3.331425e-02
0.22578310000000001	7.489862e-01	3.327447e-02
0.2262545	7.592709e-01	3.323819e-02
0.22672590000000004	7.780146e-01	3.317606e-02
0.22719730000000002	7.620037e-01	3.310066e-02
0.2276687	7.671842e-01	3.306593e-02
0.22814009999999998	7.894734e-01	3.306216e-02
0.22861150000000002	7.735899e-01	3.299411e-02
0.2290829	7.342935e-01	3.290290e-02
0.22955420000000004	7.872043e-01	3.289972e-02
0.23002560000000002	7.636882e-01	3.284826e-02
0.230497	7.662183e-01	3.282633e-02
0.2309684	7.755076e-01	3.271958e-02
0.23143980000000003	7.726143e-01	3.269998e-02
0.2319112	7.892076e-01	3.272451e-02
0.2323826	7.687711e-01	3.268994e-02
0.232854	7.543716e-01	3.260173e-02
0.23332540000000002	7.162197e-01	3.254674e-02
0.23379680000000003	7.108598e-01	3.242390e-02
0.2342682	7.290389e-01	3.242718e-02
0.23473950000000002	7.771183e-01	3.247412e-02
0.2352109	7.538291e-01	3.238670e-02
0.2356823	7.601264e-01	3.225342e-02
0.23615370000000002	7.711055e-01	3.227112e-02
0.23662510000000003	7.432453e-01	3.227482e-02
0.23709650000000002	7.372813e-01	3.219593e-02
0.2375679	7.008036e-01	3.210598e-02
0.23803930000000004	7.372842e-01	3.212352e-02
0.23851070000000002	7.949767e-01	3.212691e-02
0.2389821	7.280001e-01	3.203438e-02
0.23945340000000004	6.964730e-01	3.196733e-02
0.23992480000000002	7.054497e-01	3.193931e-02
0.2403962	7.140429e-01	3.196587e-02
0.2408676	7.361912e-01	3.188562e-02
0.24133900000000003	7.005724e-01	3.179863e-02
0.2418104	6.624785e-01	3.170513e-02
0.2422818	6.902497e-01	3.167282e-02
0.2427532	6.891264e-01	3.161492e-02
0.2432246	7.541662e-01	3.169184e-02
0.24369600000000002	7.372278e-01	3.161010e-02
0.24416730000000003	7.557478e-01	3.159184e-02
0.24463870000000001	6.733836e-01	3.151501e-02
0.2451101	7.033469e-01	3.151914e-02
0.2455815	6.944740e-01	3.146081e-02
0.24605290000000002	6.600891e-01	3.136393e-02
0.24652430000000003	7.065830e-01	3.137501e-02
0.2469957	7.298855e-01	3.139295e-02
0.2474671	6.857281e-01	3.124855e-02
0.24793850000000003	6.927200e-01	3.124118e-02
0.24840990000000002	7.199408e-01	3.122281e-02
0.2488812	6.835027e-01	3.122207e-02
0.24935260000000004	6.442725e-01	3.111431e-02
0.24982400000000002	6.863878e-01	3.110821e-02
0.2502954	7.201485e-01	3.110084e-02
0.2507668	6.998802e-01	3.105669e-02
0.2512382	6.823861e-01	3.101605e-02
0.25170960000000003	6.579790e-01	3.095069e-02
0.252181	6.804147e-01	3.092336e-02
0.25265240000000005	7.038931e-01	3.093623e-02
0.2531238	6.612414e-01	3.082983e-02
0.2535951	6.585422e-01	3.073693e-02
0.25406650000000003	6.682769e-01	3.073725e-02
0.25453790000000004	6.618554e-01	3.070954e-02
0.2550093	7.219263e-01	3.076481e-02
0.2554807	6.499890e-01	3.066444e-02
0.2559521	6.804996e-01	3.062973e-02
0.2564235	6.811843e-01	3.052973e-02
0.2568949	6.565671e-01	3.042085e-02
0.2573663	6.264317e-01	3.035858e-02
0.2578377	6.205803e-01	3.032466e-02
0.258309	6.565798e-01	3.039164e-02
0.2587804	6.817646e-01	3.036982e-02
0.25925180000000003	6.554593e-01	3.021738e-02
0.2597232	6.231713e-01	3.016983e-02
0.2601946	6.320493e-01	3.023759e-02
0.260666	6.628942e-01	3.025749e-02
0.2611374	6.255630e-01	3.027768e-02
0.26160880000000003	6.031364e-01	3.020108e-02
0.2620802	5.948483e-01	3.008801e-02
0.26255160000000005	6.576057e-01	3.025516e-02
0.263023	6.580453e-01	3.017615e-02
0.2634943	6.445417e-01	3.014049e-02
0.2639657	6.670090e-01	3.017583e-02
0.26443710000000004	6.166732e-01	2.999091e-02
0.2649085	6.223707e-01	2.997408e-02
0.2653799	6.228252e-01	2.998575e-02
0.2658513	6.406715e-01	3.007129e-02
0.2663227	6.147167e-01	2.998596e-02
0.2667941	6.422480e-01	2.993856e-02
0.2672655	6.243335e-01	2.991360e-02
0.2677369	6.490871e-01	2.986437e-02
0.2682082	6.184780e-01	2.981317e-02
0.2686796	5.665051e-01	2.973008e-02
0.26915100000000003	6.197498e-01	2.972859e-02
0.2696224	6.386730e-01	2.972160e-02
0.2700938	6.384570e-01	2.973966e-02
0.2705652	6.328480e-01	2.967797e-02
0.2710366	6.014154e-01	2.959743e-02
0.271508	6.099526e-01	2.960895e-02
0.2719794	6.075991e-01	2.954418e-02
0.27245080000000005	5.787826e-01	2.950103e-02
0.2729221	5.872428e-01	2.947717e-02
0.2733935	5.647469e-01	2.939442e-02
0.2738649	5.838838e-01	2.940248e-02
0.27433630000000003	5.719884e-01	2.935062e-02
0.2748077	5.903037e-01	2.936436e-02
0.27527910000000005	6.077706e-01	2.935151e-02
0.2757505	5.743299e-01	2.926008e-02
0.2762219	5.725359e-01	2.925851e-02
0.2766933	5.743035e-01	2.923997e-02
0.27716470000000004	6.078275e-01	2.917064e-02
0.277636	5.775013e-01	2.916845e-02
0.2781074	5.503741e-01	2.906708e-02
0.2785788	5.930508e-01	2.908800e-02
0.2790502	5.715794e-01	2.907609e-02
0.2795216	5.891083e-01	2.909253e-02
0.279993	5.538919e-01	2.898726e-02
0.2804644	5.491219e-01	2.894869e-02
0.2809358	5.403838e-01	2.888656e-02
0.2814072	5.528596e-01	2.893657e-02
0.2818786	5.605566e-01	2.885832e-02
0.2823499	5.633197e-01	2.885891e-02
0.2828213	5.704522e-01	2.882679e-02
0.2832927	5.571095e-01	2.883872e-02
0.2837641	5.683490e-01	2.883680e-02
0.28423550000000003	5.840921e-01	2.875045e-02
0.2847069	5.330682e-01	2.877465e-02
0.28517830000000005	5.713890e-01	2.919047e-02
0.2856497	6.079861e-01	2.987442e-02
0.2861211	5.876495e-01	3.027456e-02
0.2865925	5.703438e-01	3.052130e-02
0.28706380000000004	5.598945e-01	3.073052e-02
0.2875352	5.394990e-01	3.081879e-02
0.2880066	5.245088e-01	3.090653e-02
0.288478	5.513181e-01	3.105726e-02
0.2889494	5.311042e-01	3.108793e-02
0.2894208	5.397611e-01	3.120781e-02
0.28989220000000004	5.304990e-01	3.123352e-02
0.2903636	5.096766e-01	3.131175e-02
0.290835	5.213174e-01	3.134157e-02
0.2913064	5.453994e-01	3.144334e-02
0.29177770000000003	5.321453e-01	3.063772e-02
0.2922491	4.956744e-01	3.006808e-02
0.2927205	5.321678e-01	2.970969e-02
0.2931919	5.196526e-01	2.941078e-02
0.2936633	5.176448e-01	2.925102e-02
0.2941347	5.266267e-01	2.918475e-02
0.2946061	5.048387e-01	2.911670e-02
0.29507750000000005	5.350595e-01	2.905810e-02
0.2955489	5.293686e-01	2.897869e-02
0.2960203	4.969725e-01	2.886864e-02
0.29649169999999997	5.669329e-01	2.894485e-02
0.29696300000000003	5.559033e-01	2.886475e-02
0.2974344	5.055513e-01	2.876716e-02
0.29790580000000005	4.995445e-01	2.870544e-02
0.2983772	5.773072e-01	2.870850e-02
0.2988486	5.125148e-01	2.860697e-02
0.29932	5.442864e-01	2.864799e-02
0.29979140000000004	5.130393e-01	2.857818e-02
0.30026280000000005	5.377544e-01	2.854444e-02
0.3007342	5.094936e-01	2.848648e-02
0.3012056	5.075872e-01	2.836284e-02
0.3016769	4.971148e-01	2.835547e-02
0.30214830000000004	4.922518e-01	2.835618e-02
0.3026197	5.164101e-01	2.839414e-02
0.30309110000000006	5.159344e-01	2.826082e-02
0.3035625	4.931471e-01	2.820317e-02
0.3040339	4.981644e-01	2.818961e-02
0.3045053	4.898282e-01	2.813014e-02
0.30497670000000004	4.926961e-01	2.814261e-02
0.3054481	5.221041e-01	2.812480e-02
0.3059195	5.129137e-01	2.802932e-02
0.3063908	4.854100e-01	2.798400e-02
0.30686220000000003	4.997189e-01	2.797169e-02
0.3073336	4.794217e-01	2.791051e-02
0.30780500000000005	5.291948e-01	2.800558e-02
0.3082764	4.915908e-01	2.787320e-02
0.3087478	5.356648e-01	2.783831e-02
0.3092192	5.047996e-01	2.787001e-02
0.30969060000000004	4.725967e-01	2.779640e-02
0.31016200000000005	4.699627e-01	2.775178e-02
0.3106334	4.867829e-01	2.777440e-02
0.3111047	4.822624e-01	2.775181e-02
0.3115761	5.056089e-01	2.771023e-02
0.31204750000000003	4.674911e-01	2.763855e-02
0.31251890000000004	4.652559e-01	2.759709e-02
0.31299030000000005	4.659663e-01	2.760322e-02
0.3134617	4.851419e-01	2.754996e-02
0.3139331	4.928390e-01	2.752747e-02
0.31440450000000003	4.809293e-01	2.744821e-02
0.31487590000000004	4.670527e-01	2.740372e-02
0.3153473	4.718587e-01	2.742640e-02
0.31581860000000006	4.577603e-01	2.739330e-02
0.31629	4.721519e-01	2.738651e-02
0.3167614	4.634490e-01	2.737077e-02
0.3172328	4.811946e-01	2.736995e-02
0.31770420000000005	4.982620e-01	2.730373e-02
0.3181756	4.806382e-01	2.727262e-02
0.318647	4.793976e-01	2.723919e-02
0.3191184	4.349575e-01	2.720791e-02
0.31958980000000003	4.577323e-01	2.724522e-02
0.32006120000000005	5.131315e-01	2.722393e-02
0.32053250000000005	4.644822e-01	2.715573e-02
0.3210039	4.358654e-01	2.707983e-02
0.3214753	4.623811e-01	2.709917e-02
0.32194670000000003	4.708538e-01	2.705524e-02
0.32241810000000004	4.952096e-01	2.708258e-02
0.32288950000000005	5.227432e-01	2.707677e-02
0.3233609	4.772218e-01	2.700015e-02
0.3238323	4.680057e-01	2.692321e-02
0.32430370000000003	4.631023e-01	2.685359e-02
0.32477510000000004	4.829905e-01	2.693164e-02
0.3252464	4.575617e-01	2.682958e-02
0.32571780000000006	4.418791e-01	2.681049e-02
0.3261892	4.462610e-01	2.679729e-02
0.3266606	4.875366e-01	2.676051e-02
0.327132	4.969618e-01	2.670303e-02
0.32760340000000004	4.585638e-01	2.666423e-02
0.3280748	4.605917e-01	2.665704e-02
0.3285462	4.620681e-01	2.666525e-02
0.3290176	4.639633e-01	2.667879e-02
0.32948900000000003	4.815512e-01	2.670425e-02
0.32996040000000004	4.575543e-01	2.667393e-02
0.33043170000000005	4.422837e-01	2.662876e-02
0.3309031	4.364902e-01	2.659649e-02
0.3313745	4.697623e-01	2.657731e-02
0.3318459	4.418547e-01	2.650797e-02
0.33231730000000004	4.492904e-01	2.653238e-02
0.33278870000000005	4.742617e-01	2.652351e-02
0.3332601	4.798961e-01	2.650204e-02
0.3337315	4.367354e-01	2.642212e-02
0.3342029	4.791895e-01	2.646532e-02
0.33467430000000004	4.266454e-01	2.636811e-02
0.33514560000000004	4.432051e-01	2.639088e-02
0.33561700000000005	4.406748e-01	2.635162e-02
0.3360884	4.403154e-01	2.632675e-02
0.3365598	3.983219e-01	2.626103e-02
0.33703120000000003	4.480418e-01	2.629836e-02
0.33750260000000004	4.527817e-01	2.631574e-02
0.337974	4.270415e-01	2.625491e-02
0.3384454	4.090956e-01	2.623103e-02
0.3389168	4.305069e-01	2.625470e-02
0.33938820000000003	4.400202e-01	2.683841e-02
0.3398595	4.397539e-01	2.729133e-02
0.34033090000000005	3.764123e-01	2.752332e-02
0.3408023	4.030454e-01	2.773168e-02
0.3412737	4.647715e-01	2.780870e-02
0.3417451	4.474858e-01	2.793553e-02
0.34221650000000003	4.235189e-01	2.795404e-02
0.34268790000000005	3.815632e-01	2.786447e-02
0.3431593	4.107334e-01	2.792063e-02
0.3436307	4.401828e-01	2.802322e-02
0.3441021	4.695469e-01	2.807681e-02
0.34457340000000003	4.297881e-01	2.812175e-02
0.34504480000000004	4.354819e-01	2.824749e-02
0.34551620000000005	4.025067e-01	2.822533e-02
0.3459876	4.233060e-01	2.827120e-02
0.346459	4.144101e-01	2.825198e-02
0.3469304	4.125702e-01	2.836689e-02
0.34740180000000004	3.925958e-01	2.837971e-02
0.3478732	4.084588e-01	2.842184e-02
0.3483446	4.435819e-01	2.848144e-02
0.348816	4.422246e-01	2.851312e-02
0.3492873	3.782396e-01	2.848515e-02
0.3497587	3.738954e-01	2.850726e-02
0.35023010000000004	3.990250e-01	2.861149e-02
0.3507015	4.246566e-01	2.861242e-02
0.3511729	4.291278e-01	2.865853e-02
0.3516443	3.953446e-01	2.864727e-02
0.35211570000000003	3.932215e-01	2.867836e-02
0.35258710000000004	4.137794e-01	2.878473e-02
0.3530585	4.023365e-01	2.880438e-02
0.35352990000000006	3.906950e-01	2.877459e-02
0.3540012	4.351487e-01	2.885436e-02
0.3544726	4.142300e-01	2.884851e-02
0.35494400000000004	3.999692e-01	2.883534e-02
0.35541540000000005	3.965205e-01	2.888787e-02
0.3558868	4.288693e-01	2.894490e-02
0.3563582	4.152060e-01	2.892699e-02
0.3568296	3.925981e-01	2.895400e-02
0.35730100000000004	4.079391e-01	2.904120e-02
0.3577724	3.686395e-01	2.898538e-02
0.3582438	4.170943e-01	2.901477e-02
0.3587152	3.985720e-01	2.909155e-02
0.3591865	4.104327e-01	2.915105e-02
0.35965790000000003	4.166367e-01	2.913894e-02
0.36012930000000004	3.849990e-01	2.904364e-02
0.3606007	3.816680e-01	2.913473e-02
0.3610721	3.600005e-01	2.907283e-02
0.3615435	4.073929e-01	2.911331e-02
0.36201490000000003	4.125523e-01	2.909903e-02
0.36248630000000004	3.981506e-01	2.904987e-02
0.3629577	4.261097e-01	2.901114e-02
0.36342910000000006	4.046944e-01	2.902979e-02
0.3639004	3.830086e-01	2.907934e-02
0.3643718	3.999360e-01	2.905174e-02
0.36484320000000003	3.982877e-01	2.920069e-02
0.36531460000000004	3.772997e-01	2.986256e-02
0.365786	4.070350e-01	3.091238e-02
0.36625740000000007	3.885697e-01	3.125114e-02
0.3667288	3.920252e-01	3.154732e-02
0.36720020000000003	3.986651e-01	3.171512e-02
0.3676716	3.541166e-01	3.193834e-02
0.36814300000000005	3.690199e-01	3.215196e-02
0.3686143	3.599715e-01	3.227315e-02
0.3690857	4.145386e-01	3.252824e-02
0.3695571	3.761533e-01	3.261802e-02
0.37002850000000004	3.479382e-01	3.286401e-02
0.3704999	3.682226e-01	3.302805e-02
0.3709713	3.829974e-01	3.314188e-02
0.3714427	3.534750e-01	3.325656e-02
0.3719141	3.729735e-01	3.336323e-02
0.37238550000000004	3.625739e-01	3.358762e-02
0.3728569	4.391582e-01	3.390275e-02
0.3733282	4.209226e-01	3.397234e-02
0.3737996	3.771590e-01	3.402817e-02
0.374271	3.544234e-01	3.407577e-02
0.37474240000000003	3.078703e-01	3.421781e-02
0.37521380000000004	3.599202e-01	3.436749e-02
0.3756852	3.281721e-01	3.448863e-02
0.37615660000000006	3.821413e-01	3.473784e-02
0.376628	3.739432e-01	3.494418e-02
0.37709940000000003	3.209253e-01	3.493756e-02
0.3775708	3.603088e-01	3.507966e-02
0.37804210000000005	3.862318e-01	3.516660e-02
0.3785135	3.676879e-01	3.524230e-02
0.3789849	3.874439e-01	3.549820e-02
0.3794563	3.632767e-01	3.556191e-02
0.37992770000000003	3.229268e-01	3.566202e-02
0.3803991	3.844499e-01	3.580668e-02
0.3808705	3.897255e-01	3.595535e-02
0.3813419	3.863015e-01	3.609185e-02
0.3818133	4.091563e-01	3.625540e-02
0.38228470000000003	3.877511e-01	3.641552e-02
0.38275600000000004	3.713983e-01	3.642252e-02
0.3832274	3.945925e-01	3.659611e-02
0.3836988	3.940811e-01	3.678914e-02
0.3841702	3.573346e-01	3.692656e-02
0.38464160000000003	3.655759e-01	3.709599e-02
0.38511300000000004	3.686130e-01	3.714073e-02
0.3855844	3.571657e-01	3.722883e-02
0.38605580000000006	3.732245e-01	3.744812e-02
0.3865272	3.583401e-01	3.761462e-02
0.3869986	3.044726e-01	3.765926e-02
0.38746990000000003	3.757933e-01	3.773885e-02
0.38794130000000004	3.152456e-01	3.784564e-02
0.3884127	3.268819e-01	3.794480e-02
0.38888410000000007	3.824231e-01	3.821132e-02
0.3893555	3.750294e-01	3.831084e-02
0.38982690000000003	3.493654e-01	3.845520e-02
0.3902983	3.077166e-01	3.841392e-02
0.39076970000000005	3.410682e-01	3.871901e-02
0.3912411	3.573001e-01	3.883580e-02
0.3917125	2.822947e-01	3.890465e-02
0.39218390000000003	2.778938e-01	3.900473e-02
0.39265520000000004	3.931150e-01	3.928143e-02
0.3931266	3.728035e-01	3.930004e-02
0.393598	3.287885e-01	3.938326e-02
0.3940694	3.670838e-01	3.957176e-02
0.3945408	3.470228e-01	3.958033e-02
0.39501220000000004	3.684812e-01	3.983308e-02
0.3954836	4.154008e-01	4.007155e-02
0.39595500000000006	3.980672e-01	4.016901e-02
0.3964264	3.287223e-01	3.998240e-02
0.3968978	3.759096e-01	4.000142e-02
0.39736910000000003	3.437359e-01	4.002281e-02
0.39784050000000004	3.250582e-01	4.004024e-02
0.3983119	3.830370e-01	4.015138e-02
0.39878330000000006	3.866094e-01	4.018360e-02
0.3992547	4.174016e-01	4.032233e-02
0.39972610000000003	3.825405e-01	4.028347e-02
0.4001975	3.724394e-01	4.039113e-02
0.4006689	3.807871e-01	4.061679e-02
0.4011403	3.620496e-01	4.066215e-02
0.40161170000000007	3.607049e-01	4.080264e-02
0.402083	3.062468e-01	4.084527e-02
0.40255440000000003	3.549886e-01	4.118895e-02
0.4030258	3.299432e-01	4.123386e-02
0.4034972	3.239866e-01	4.134260e-02
0.4039686	3.507882e-01	4.158954e-02
0.4044400000000001	3.644155e-01	4.160363e-02
0.40491140000000003	3.851251e-01	4.184607e-02
0.40538280000000004	3.446152e-01	4.187752e-02
0.40585420000000005	4.064431e-01	4.207454e-02
0.4063256	3.166889e-01	4.217290e-02
0.4067969	3.243961e-01	4.235132e-02
0.40726829999999997	3.210366e-01	4.240706e-02
0.40773970000000004	3.118566e-01	4.256881e-02
0.40821110000000005	2.967180e-01	4.258152e-02
0.40868250000000006	3.774309e-01	4.295816e-02
0.4091539	3.678510e-01	4.311060e-02
0.4096253	3.502298e-01	4.319411e-02
0.4100967	3.357706e-01	4.326254e-02
0.4105681	3.661232e-01	4.351400e-02
0.4110395	3.357978e-01	4.360136e-02
0.41151080000000007	3.077522e-01	4.366279e-02
0.4119822	3.348814e-01	4.381044e-02
0.41245360000000003	3.090068e-01	4.395468e-02
0.412925	3.156032e-01	4.422130e-02
0.4133964	3.471283e-01	4.427931e-02
0.4138678	3.162219e-01	4.454756e-02
0.4143392000000001	2.431947e-01	4.439273e-02
0.41481060000000003	3.212777e-01	4.476302e-02
0.41528200000000004	3.691020e-01	4.503280e-02
0.41575340000000005	3.180949e-01	4.507419e-02
0.4162247	3.515745e-01	4.542040e-02
0.4166961	3.407929e-01	4.549350e-02
0.41716749999999997	3.242752e-01	4.568278e-02
0.41763890000000004	3.605567e-01	4.586685e-02
0.41811030000000005	3.361179e-01	4.591660e-02
0.41858170000000006	3.939315e-01	4.620490e-02
0.4190531	3.552039e-01	4.634330e-02
0.4195245	2.702032e-01	4.639097e-02
0.4199959	2.811699e-01	4.660235e-02
0.4204673	3.596455e-01	4.702517e-02
0.42093860000000005	3.598853e-01	4.700035e-02
0.42141000000000006	3.213084e-01	4.713304e-02
0.4218814	3.190662e-01	4.746618e-02
0.42235280000000003	3.346631e-01	4.753611e-02
0.4228242	3.000169e-01	4.777087e-02
0.4232956	2.929967e-01	4.775526e-02
0.423767	3.287890e-01	4.800074e-02
0.42423840000000007	3.780037e-01	4.840382e-02
0.4247098	3.243010e-01	4.825872e-02
0.42518120000000004	2.861148e-01	4.849507e-02
0.42565260000000005	3.240241e-01	4.874603e-02
0.4261239	3.521523e-01	4.904932e-02
0.4265953	3.027233e-01	4.932437e-02
0.4270667000000001	3.024504e-01	4.934366e-02
0.42753810000000003	3.008602e-01	4.969490e-02
0.42800950000000004	2.262064e-01	4.970298e-02
0.42848090000000005	2.386511e-01	4.990446e-02
0.4289523	2.524910e-01	5.006147e-02
0.4294237	2.817524e-01	5.049890e-02
0.4298951	2.680655e-01	5.046386e-02
0.4303665	2.837818e-01	5.062225e-02
0.43083780000000005	2.721046e-01	5.081379e-02
0.43130920000000006	2.908989e-01	5.115941e-02
0.4317806	3.019364e-01	5.134530e-02
0.432252	3.692973e-01	5.176623e-02
0.4327234	2.772769e-01	5.179372e-02
0.4331948	2.759441e-01	5.205464e-02
0.4336662	3.208860e-01	5.242345e-02
0.43413760000000007	3.156834e-01	5.257116e-02
0.434609	3.012096e-01	5.276620e-02
0.43508040000000003	3.440647e-01	5.288085e-02
0.4355517	3.282854e-01	5.329517e-02
0.4360231	2.991948e-01	5.344648e-02
0.4364945	3.238689e-01	5.366755e-02
0.4369659000000001	3.275635e-01	5.410951e-02
0.43743730000000003	2.405340e-01	5.413316e-02
0.43790870000000004	2.131016e-01	5.426173e-02
0.43838010000000005	2.758495e-01	5.454115e-02
0.4388515	2.644626e-01	5.473716e-02
0.4393229	2.190384e-01	5.505474e-02
0.43979429999999997	3.073618e-01	5.538251e-02
0.44026560000000003	3.400434e-01	5.574229e-02
0.44073700000000005	3.620362e-01	5.594694e-02
0.44120840000000006	2.798681e-01	5.628143e-02
0.4416798	2.751939e-01	5.661431e-02
0.4421512	2.623387e-01	5.653095e-02
0.4426226	2.259609e-01	5.695547e-02
0.443094	2.817452e-01	5.712049e-02
0.44356540000000005	3.280394e-01	5.721264e-02
0.44403680000000006	3.106250e-01	5.709221e-02
0.4445082	2.630483e-01	5.704327e-02
0.44497950000000003	3.263029e-01	5.733506e-02
0.4454509	2.449559e-01	5.719454e-02
0.4459223	1.786558e-01	5.720622e-02
0.4463937	2.637472e-01	5.745249e-02
0.44686510000000007	3.168241e-01	5.755381e-02
0.4473365	3.392204e-01	5.751379e-02
0.44780790000000004	2.905624e-01	5.776934e-02
0.44827930000000005	3.069958e-01	5.824017e-02
0.4487507	3.846192e-01	5.874247e-02
0.4492221	3.053384e-01	5.884387e-02
0.4496934000000001	2.030530e-01	5.880825e-02
0.45016480000000003	2.359187e-01	5.932199e-02
0.45063620000000004	3.264537e-01	6.007092e-02
0.45110760000000005	3.872320e-01	6.061497e-02
0.451579	2.997404e-01	6.046920e-02
0.4520504	3.248405e-01	6.113828e-02
0.4525218	2.807667e-01	6.102470e-02
0.4529932	2.836952e-01	6.141621e-02
0.45346460000000005	3.555613e-01	6.213548e-02
0.45393600000000006	2.315472e-01	6.202925e-02
0.4544074	2.319732e-01	6.218721e-02
0.4548787	3.328332e-01	6.303000e-02
0.4553501	3.497183e-01	6.363300e-02
0.4558215	3.162303e-01	6.339655e-02
0.4562929	2.958832e-01	6.391101e-02
0.45676430000000007	3.570166e-01	6.428715e-02
0.4572357	3.085007e-01	6.459945e-02
0.45770710000000003	3.513669e-01	6.528695e-02
0.45817850000000004	3.104645e-01	6.566221e-02
0.4586499	2.303511e-01	6.625711e-02
0.4591213	3.556093e-01	6.682208e-02
0.4595926000000001	3.023396e-01	6.668910e-02
0.46006400000000003	3.673935e-01	6.755385e-02
0.46053540000000004	3.245644e-01	6.782773e-02
0.46100680000000005	3.000404e-01	6.804413e-02
0.4614782	2.185693e-01	6.839086e-02
0.4619496	1.495699e-01	6.861497e-02
0.46242099999999997	1.463012e-01	6.917513e-02
0.4628924	2.964223e-01	7.002023e-02
0.46336380000000005	1.848809e-01	7.046005e-02
0.46383520000000006	2.355305e-01	7.091823e-02
0.4643065	3.074162e-01	7.138317e-02
0.4647779	2.943868e-01	7.204772e-02
0.4652493	2.047890e-01	7.219795e-02
0.4657207	1.944335e-01	7.261244e-02
0.46619210000000005	2.487962e-01	7.363713e-02
0.46666350000000006	2.514668e-01	7.427125e-02
0.4671349	3.465611e-01	7.518220e-02
0.46760630000000003	2.684382e-01	7.575720e-02
0.46807770000000004	2.376101e-01	7.577030e-02
0.4685491	2.074539e-01	7.639602e-02
0.4690204	1.955555e-01	7.716261e-02
0.46949180000000007	2.779987e-01	7.812273e-02
0.4699632	2.690066e-01	7.868711e-02
0.47043460000000004	1.553129e-01	7.912931e-02
0.47090600000000005	2.801964e-01	8.051202e-02
0.4713774	3.080339e-01	8.078090e-02
0.4718488	3.251123e-01	8.183701e-02
0.47232019999999997	3.747276e-01	8.287181e-02
0.4727916	2.786929e-01	8.351225e-02
0.47326300000000004	3.122956e-01	8.395455e-02
0.47373430000000005	2.704522e-01	8.502055e-02
0.4742057	2.335424e-01	8.548727e-02
0.4746771	2.918981e-01	8.694575e-02
0.4751485	2.912609e-01	8.781401e-02
0.4756199	3.520714e-01	8.889828e-02
0.47609130000000005	2.249881e-01	8.965544e-02
0.47656270000000006	2.098707e-01	9.019291e-02
0.4770341	2.572953e-01	9.149657e-02
0.4775055	1.881319e-01	9.218234e-02
0.47797690000000004	2.031600e-01	9.384883e-02
0.4784482	4.093200e-01	9.538733e-02
0.4789196	3.555843e-01	9.657227e-02
0.47939100000000007	3.617387e-01	9.745461e-02
0.4798624	2.846755e-01	9.811023e-02
0.48033380000000003	2.298916e-01	9.988008e-02
0.48080520000000004	2.916959e-01	1.010128e-01
0.4812766	2.761798e-01	1.033209e-01
0.481748	2.559782e-01	1.050550e-01
0.48221939999999996	3.462316e-01	1.065726e-01
0.4826908000000001	4.086659e-01	1.081570e-01
0.48316210000000004	3.225629e-01	1.103189e-01
0.48363350000000005	3.617523e-01	1.111599e-01
0.4841049	2.078524e-01	1.128889e-01
0.4845763	3.752232e-01	1.154476e-01
0.48504769999999997	3.759925e-01	1.180345e-01
0.4855191	1.450581e-01	1.195275e-01
0.48599050000000005	3.520676e-01	1.225120e-01
0.48646190000000006	3.477643e-01	1.245595e-01
0.4869333	2.895096e-01	1.274006e-01
0.4874047	2.399101e-01	1.294217e-01
0.48787610000000003	2.702224e-01	1.324432e-01
0.4883474	2.114417e-01	1.355649e-01
0.48881880000000005	4.149636e-01	1.416456e-01
0.48929020000000006	4.881678e-01	1.447023e-01
0.4897616	1.489111e-02	1.472308e-01
0.49023300000000003	1.660305e-01	1.525079e-01
0.49070440000000004	2.404578e-01	1.591322e-01
0.4911758	2.431574e-01	1.632624e-01
0.4916472	4.473044e-01	1.691387e-01
0.49211859999999996	3.551738e-01	1.782744e-01
0.4925900000000001	2.485083e-01	1.852020e-01
0.49306130000000004	5.243133e-02	1.913310e-01
0.49353270000000005	5.300494e-01	2.171340e-01
0.4940041	1.239956e-01	2.516627e-01
0.4944755	3.803631e-01	3.846409e-01
