1.519968309973973031e-01
1.478515732880098799e-01
1.440147642779805170e-01
1.345767997332767141e-01
1.231132888483982696e-01
1.264069020637114960e-01
1.389639584183203214e-01
1.455628307005944200e-01
1.293403257244884474e-01
8.469711801772966675e-02
9.055980610655219032e-02
1.005937055170059019e-01
1.013397054997035168e-01
5.372364460587444185e-02
5.072716697688997578e-02
6.762380039409562893e-02
5.220436007376148130e-02
8.654980664558879766e-02
9.856549726788321752e-02
1.371941217064699958e-01
1.683582543467309900e-01
1.774099093553455353e-01
1.635561706044065533e-01
1.452800028748616468e-01
1.431965600150664486e-01
1.280346593854584381e-01
9.833723857558590575e-02
8.664280708946214826e-02
7.685380330223116896e-02
