0.0053521	83.73	59.852
0.0056511	124.2	48.125
0.0059501	74.28	42.03
0.0062491	87.239	31.51
0.0065481	90.22	26.301
0.0068471	79.965	23.057
0.0071462	82.042	21.879
0.0074452	93.882	19.811
0.0077441	94.276	17.862
0.0080432	96.142	16.949
0.0083421	89.484	15.319
0.0086412	92.22	14.48
0.0089402	85.183	13.278
0.0092392	87.573	12.568
0.0095382	89.362	11.744
0.0098372	94.071	10.819
0.010136	86.893	10.423
0.010435	88.612	9.5619
0.010734	89.169	9.1973
0.011033	88.699	8.6482
0.011332	89.758	8.2882
0.011631	86.61	7.8395
0.01193	85.997	7.2706
0.012229	92.243	7.1041
0.012528	83.104	6.7567
0.012827	86.157	6.4568
0.013126	87.152	6.2325
0.013425	86.093	5.9193
0.013724	86.245	5.7631
0.014023	83.297	5.433
0.014322	88.246	5.2644
0.014621	90.14	5.1318
0.01492	88.153	4.8837
0.015219	85.949	4.7833
0.015518	81.305	4.5045
0.015817	87.812	4.4753
0.016116	84.19	4.2489
0.016415	83.428	4.1479
0.016714	84.908	4.1155
0.017013	81.923	3.8706
0.017312	84.497	3.9232
0.017611	83.572	3.7314
0.01791	80.209	3.6344
0.018209	82.796	3.6163
0.018508	81.215	3.4536
0.018807	78.823	3.4531
0.019106	82.819	3.2858
0.019405	82.68	3.2289
0.019704	78.374	3.189
0.020003	81.599	3.1194
0.020302	78.726	3.0907
0.020601	80.278	3.0101
0.0209	79.401	2.9388
0.021199	78.302	2.8928
0.021498	80.615	2.839
0.021797	79.809	2.8063
0.022096	81.105	2.7235
0.022395	78.775	2.7409
0.022694	78.239	2.6362
0.022993	78.67	2.6303
0.023292	77.958	2.5942
0.023591	77.911	2.5431
0.02389	75.793	2.5271
0.024189	75.832	2.48
0.024488	75.884	2.4499
0.024787	73.795	2.4281
0.025086	75.252	2.416
0.025385	75.396	2.4412
0.025684	75.283	2.4382
0.025983	75.248	2.4848
0.026282	74.588	2.5037
0.026581	72.73	2.5265
0.02688	71.93	2.5357
0.027179	73.57	2.5272
0.027478	71.966	2.5535
0.027777	72.555	2.5433
0.028076	74.732	2.5678
0.028375	71.877	2.557
0.028674	69.861	2.5317
0.028973	70.922	2.5608
0.029272	70.491	2.5252
0.029571	72.108	2.5911
0.02987	70.622	2.5385
0.030169	70.79	2.5619
0.030468	68.706	2.5414
0.030767	71.152	2.4674
0.031066	69.445	2.4536
0.031365	67.451	2.3701
0.031664	66.059	2.4056
0.031963	69.376	2.345
0.032262	67.151	2.2753
0.032561	68.55	2.3214
0.03286	67.448	2.2727
0.033159	67.555	2.2733
0.033458	66.248	2.2128
0.033757	65.296	2.2077
0.034056	62.885	2.2235
0.034355	65.09	2.2285
0.034654	65.411	2.2859
0.034953	64.627	2.2691
0.035252	62.77	2.3125
0.035551	62.936	2.2959
0.03585	63.281	2.2837
0.036149	62.48	2.294
0.036448	61.025	2.3016
0.036747	60.198	2.3152
0.037046	61.552	2.3198
0.037345	61.428	2.2938
0.037644	61.118	2.2931
0.037943	60.584	2.2738
0.038242	59.9	2.2886
0.038541	60.877	2.2798
0.03884	61.008	2.2534
0.039139	57.946	2.3128
0.039438	58.168	2.2461
0.039737	57.635	2.2791
0.040036	59.847	2.2531
0.040335	57.592	2.2762
0.040634	58.051	2.291
0.040933	57.954	2.2413
0.041232	58.004	2.2892
0.041531	56.384	2.2593
0.04183	55.902	2.2787
0.042129	56.393	2.2671
0.042428	56.711	2.2878
0.042727	52.93	2.2713
0.043026	55.801	2.2379
0.043325	53.588	2.2653
0.043624	53.462	2.2342
0.043923	53.844	2.2567
0.044222	53.501	2.2588
0.044521	54.013	2.2247
0.04482	53.332	2.2416
0.045119	52.891	2.2113
0.045418	53.47	2.2473
0.045717	51.454	2.203
0.046016	50.474	2.2163
0.046315	52.343	2.2263
0.046614	52.211	2.2054
0.046913	51.171	2.2149
0.047212	50.176	2.1648
0.047511	49.338	2.1936
0.04781	49.95	2.1901
0.048109	49.639	2.1873
0.048408	49.686	2.192
0.048707	47.29	2.188
0.049006	47.912	2.1899
0.049305	48.96	2.1569
0.049604	48.101	2.1693
0.049903	45.237	2.1448
0.050202	47.172	2.1821
0.050501	44.725	2.1568
0.0508	47.777	2.1292
0.051099	45.36	2.1723
0.051398	44.889	2.1283
0.051697	46.676	2.1324
0.051996	47.144	2.1518
0.052295	45.234	2.0978
0.052594	45.035	2.1332
0.052893	44.346	2.1208
0.053192	44.725	2.1127
0.053491	42.394	2.1278
0.05379	43.021	2.1131
0.054089	43.085	2.1267
0.054388	42.606	2.0949
0.054687	41.244	2.1206
0.054986	42.959	2.0884
0.055285	42.403	2.0822
0.055584	41.239	2.115
0.055883	41.368	2.0576
0.056182	39.753	2.0956
0.056481	40.933	2.0624
0.05678	41.412	2.0816
0.057079	40.955	2.0809
0.057378	39.635	2.0614
0.057677	39.564	2.0583
0.057976	38.016	2.0479
0.058275	37.973	2.0586
0.058574	39.955	2.06
0.058873	38.227	2.0469
0.059172	37.227	2.049
0.059471	38.351	2.0356
0.05977	38.819	2.061
0.060069	36.908	2.0141
0.060368	37.561	2.0321
0.060667	35.442	2.0425
0.060966	36.469	2.028
0.061265	36.722	2.0279
0.061564	37.242	2.0245
0.061863	36.222	2.0134
0.062162	36.832	2.025
0.062461	37.301	2.0011
0.06276	36.734	2.0254
0.06306	35.271	1.9977
0.063358	35.149	2.0183
0.063658	35.601	1.9985
0.063956	36.51	1.9779
0.064255	34.846	1.9828
0.064555	33.233	1.9883
0.064853	34.719	1.9941
0.065153	33.312	1.9676
0.065451	32.859	1.9804
0.065751	32.803	1.9798
0.066049	33.107	1.9694
0.066349	31.112	1.97
0.066647	32.174	1.9708
0.066947	32.311	1.9593
0.067245	33.213	1.9506
0.067544	32.309	1.9397
0.067844	32.503	1.9735
0.068142	30.961	1.9352
0.068442	30.788	1.9664
0.06874	28.995	1.9362
0.06904	31.006	1.9528
0.069338	30.482	1.9344
0.069638	30.204	1.9359
0.069936	31.342	1.9412
0.070236	29.17	1.9117
0.070534	29.968	1.9421
0.070833	29.396	1.9201
0.071133	29.581	1.924
0.071431	27.043	1.9178
0.071731	27.954	1.913
0.072029	28.617	1.9262
0.072329	29.205	1.9194
0.072627	28.491	1.9133
0.072927	29.162	1.9061
0.073225	26.856	1.8913
0.073525	28.372	1.9061
0.073824	26.583	1.8938
0.074122	25.35	1.898
0.074422	26.903	1.893
0.07472	27.62	1.89
0.07502	27.14	1.8947
0.075318	26.109	1.8757
0.075618	27.289	1.8838
0.075916	27.177	1.8833
0.076216	25.788	1.8741
0.076514	27.117	1.891
0.076814	24.256	1.8468
0.077113	24.853	1.863
0.077411	23.855	1.8747
0.077711	25.229	1.8649
0.078009	24.858	1.8764
0.078309	25.055	1.8473
0.078607	24.514	1.8623
0.078907	22.767	1.8386
0.079205	23.765	1.8702
0.079505	23.574	1.8409
0.079803	24.19	1.859
0.080102	23.749	1.849
0.080402	25.487	1.8314
0.0807	22.036	1.8501
0.081	22.944	1.839
0.081299	24.427	1.8375
0.081598	22.825	1.833
0.081897	22.418	1.8123
0.082196	22.82	1.8265
0.082495	22.408	1.8098
0.082794	21.98	1.8247
0.083093	22.104	1.8108
0.083392	21.916	1.8174
0.083691	23.053	1.8322
0.08399	21.923	1.7819
0.084289	23.004	1.8141
0.084588	23.074	1.7966
0.084887	20.911	1.8083
0.085186	22.059	1.8094
0.085485	21.396	1.793
0.085784	21.206	1.7857
0.086083	21.419	1.8064
0.086382	22.117	1.8015
0.086681	20.423	1.7956
0.08698	21.257	1.772
0.087279	19.38	1.8056
0.087578	20.455	1.7817
0.087877	20.084	1.794
0.088176	19.794	1.7915
0.088475	20.124	1.7749
0.088774	19.131	1.7892
0.089073	19.462	1.7794
0.089372	19.994	1.8588
0.089671	19.041	1.8631
0.08997	17.984	1.9181
0.090269	20.385	1.928
0.090568	18.599	1.9212
0.090867	18.463	1.965
0.091166	20.714	1.9545
0.091465	18.865	1.9902
0.091764	18.541	1.9967
0.092063	18.476	2.0074
0.092362	17.972	2.045
0.092661	17.323	2.0022
0.09296	16.841	2.0484
0.093259	19.761	2.0329
0.093558	19.027	2.0162
0.093857	19.699	2.0588
0.094156	16.848	1.9903
0.094455	18.214	1.966
0.094754	18.012	1.9035
0.095053	16.08	1.8932
0.095352	18.087	1.8761
0.095651	18.51	1.8416
0.09595	16.347	1.8397
0.096249	16.275	1.8281
0.096548	16.002	1.8047
0.096847	16.266	1.7929
0.097146	16.882	1.7921
0.097445	16.189	1.7929
0.097744	17.327	1.7731
0.098043	17.451	1.7917
0.098342	16.566	1.771
0.098641	15.384	1.7801
0.09894	17.295	1.7659
0.099239	16.468	1.7657
0.099538	15.736	1.7752
0.099837	17.778	1.7516
0.10014	15.899	1.7691
0.10043	14.672	1.745
0.10073	16.237	1.7459
0.10103	15.95	1.7519
0.10133	15.155	1.728
0.10163	15.57	1.7389
0.10193	15.007	1.7453
0.10223	15.545	1.7256
0.10253	15.006	1.7376
0.10283	15.26	1.7097
0.10313	13.63	1.7353
0.10343	15.949	1.7213
0.10372	14.283	1.7393
0.10402	14.038	1.7182
0.10432	14.603	1.709
0.10462	14.717	1.7253
0.10492	13.81	1.7005
0.10522	13.906	1.7191
0.10552	14.833	1.6953
0.10582	14.543	1.7071
0.10612	14.065	1.6979
0.10641	15.084	1.6773
0.10671	14.414	1.7056
0.10701	13.018	1.6937
0.10731	13	1.6983
0.10761	13.753	1.6881
0.10791	13.261	1.6723
0.10821	14.64	1.6918
0.10851	13.886	1.6719
0.10881	12.991	1.6889
0.10911	13.003	1.6778
0.10941	12.693	1.6827
0.1097	14.067	1.6834
0.11	11.837	1.6634
0.1103	14.051	1.6695
0.1106	13.625	1.6636
0.1109	13.323	1.6688
0.1112	12.618	1.6743
0.1115	13.261	1.6666
0.1118	13.953	1.6694
0.1121	11.871	1.6565
0.11239	12.849	1.6485
0.11269	13.669	1.6501
0.11299	12.788	1.6443
0.11329	12.609	1.6518
0.11359	12.477	1.6343
0.11389	11.93	1.6417
0.11419	11.989	1.6382
0.11449	12.889	1.6491
0.11479	11.513	1.6616
0.11509	11.336	1.6232
0.11539	11.857	1.6415
0.11568	12.452	1.627
0.11598	10.609	1.6418
0.11628	10.103	1.6426
0.11658	11.82	1.6329
0.11688	12.096	1.6261
0.11718	12.354	1.6202
0.11748	12.288	1.6267
0.11778	10.923	1.6266
0.11808	11.764	1.6238
0.11837	11.086	1.6251
0.11867	11.526	1.6136
0.11897	11.383	1.611
0.11927	11.56	1.6037
0.11957	11.37	1.6074
0.11987	12.16	1.6291
0.12017	9.724	1.6108
0.12047	11.138	1.6037
0.12077	11.225	1.5914
0.12107	10.494	1.6071
0.12137	12.203	1.5961
0.12166	11.076	1.6185
0.12196	10.306	1.6043
0.12226	9.9766	1.6318
0.12256	9.8858	1.6766
0.12286	10.82	1.693
0.12316	11.853	1.7148
0.12346	9.3751	1.7486
0.12376	10.978	1.7391
0.12406	10.228	1.7546
0.12435	9.9916	1.6961
0.12465	11.083	1.6925
0.12495	9.9528	1.6741
0.12525	10.098	1.6541
0.12555	9.8298	1.6377
0.12585	11.799	1.627
0.12615	9.8061	1.6334
0.12645	10.099	1.621
0.12675	9.4505	1.6161
0.12705	9.6091	1.6141
0.12735	9.7033	1.6118
0.12764	8.8345	1.608
0.12794	8.6999	1.6038
0.12824	10.071	1.593
0.12854	9.5868	1.5874
0.12884	9.0688	1.5946
0.12914	8.9283	1.586
0.12944	9.5662	1.5811
0.12974	9.6209	1.5782
0.13004	8.942	1.5762
0.13034	8.8681	1.5708
0.13063	8.5243	1.5832
0.13093	8.2995	1.5774
0.13123	8.8094	1.5737
0.13153	7.8735	1.5718
0.13183	8.7605	1.5811
0.13213	8.5983	1.5645
0.13243	8.7214	1.5586
0.13273	9.4134	1.5637
0.13303	8.7315	1.5553
0.13332	8.7367	1.5564
0.13362	9.8506	1.5541
0.13392	8.6117	1.555
0.13422	9.3935	1.5588
0.13452	8.4949	1.5427
0.13482	8.1135	1.5568
0.13512	8.3787	1.5424
0.13542	6.2548	1.5465
0.13572	8.1943	1.559
0.13602	8.5413	1.5327
0.13631	8.0618	1.5417
0.13661	8.2608	1.5342
0.13691	9.4024	1.5322
0.13721	9.2223	1.5362
0.13751	8.708	1.5259
0.13781	7.6509	1.5316
0.13811	8.4515	1.5272
0.13841	8.6163	1.5316
0.13871	8.2919	1.5415
0.13901	8.3321	1.5172
0.13931	8.6686	1.5238
0.1396	6.9915	1.5234
0.1399	7.7614	1.5282
0.1402	8.2202	1.5137
0.1405	7.417	1.5232
0.1408	7.6821	1.5167
0.1411	8.2826	1.502
0.1414	8.1382	1.5297
0.1417	7.9203	1.502
0.142	7.2557	1.5198
0.1423	8.0818	1.5084
0.14259	7.7214	1.5016
0.14289	7.6446	1.5078
0.14319	7.3505	1.4946
0.14349	6.1537	1.5008
0.14379	6.6662	1.4982
0.14409	6.6447	1.5049
0.14439	6.4738	1.506
0.14469	7.7905	1.4902
0.14499	6.8122	1.5012
0.14528	7.6402	1.4924
0.14558	7.5333	1.4958
0.14588	6.5992	1.4967
0.14618	7.0992	1.4826
0.14648	7.9109	1.4866
0.14678	7.5659	1.4794
0.14708	7.0831	1.4856
0.14738	7.1683	1.4887
0.14768	7.8466	1.4895
0.14798	6.9167	1.4945
0.14827	6.2093	1.4804
0.14857	7.478	1.4657
0.14887	7.543	1.4839
0.14917	6.4925	1.4795
0.14947	6.3521	1.4719
0.14977	6.2468	1.4704
0.15007	7.8389	1.4714
0.15037	7.0201	1.4614
0.15067	5.9054	1.4665
0.15097	6.6232	1.467
0.15127	7.5365	1.4695
0.15156	7.0675	1.4709
0.15186	7.2605	1.4552
0.15216	6.9691	1.4585
0.15246	6.854	1.4667
0.15276	6.3	1.5177
0.15306	7.146	1.5396
0.15336	5.7818	1.5277
0.15366	5.8156	1.5654
0.15396	7.8833	1.5604
0.15426	6.8821	1.5891
0.15455	6.5978	1.5929
0.15485	6.3863	1.5886
0.15515	5.5533	1.6202
0.15545	7.0136	1.6082
0.15575	5.3704	1.6312
0.15605	5.5331	1.6214
0.15635	5.7709	1.6243
0.15665	5.138	1.6342
0.15695	6.702	1.6355
0.15724	6.7503	1.639
0.15754	6.5817	1.6101
0.15784	6.0805	1.5693
0.15814	5.9146	1.5515
0.15844	5.8123	1.5342
0.15874	6.4038	1.5184
0.15904	6.2437	1.5051
0.15934	6.1776	1.4981
0.15964	5.5795	1.4868
0.15994	7.0367	1.4835
0.16023	5.555	1.4963
0.16053	5.9413	1.4713
0.16083	5.4564	1.4811
0.16113	6.9389	1.4667
0.16143	6.0969	1.4778
0.16173	6.1055	1.4831
0.16203	6.0304	1.4575
0.16233	5.3704	1.4718
0.16263	6.2196	1.4452
0.16293	6.9651	1.4693
0.16323	5.7968	1.4568
0.16352	5.881	1.4422
0.16382	5.9543	1.4645
0.16412	4.3891	1.4501
0.16442	6.4285	1.4515
0.16472	6.2684	1.4532
0.16502	6.2066	1.4445
0.16532	6.1547	1.454
0.16562	4.7227	1.4407
0.16592	4.5857	1.4423
0.16622	6.3765	1.4414
0.16651	4.64	1.4357
0.16681	5.7719	1.432
0.16711	6.2011	1.4299
0.16741	4.965	1.4423
0.16771	4.3604	1.4326
0.16801	5.2262	1.4412
0.16831	4.3792	1.4256
0.16861	4.2873	1.4268
0.16891	6.1788	1.4337
0.1692	4.1924	1.4287
0.1695	5.1473	1.423
0.1698	4.5257	1.4206
0.1701	4.3318	1.4138
0.1704	5.8642	1.4241
0.1707	5.5644	1.416
0.171	5.513	1.4214
0.1713	5.7011	1.4105
0.1716	6.278	1.4211
0.1719	5.5401	1.4131
0.17219	5.8893	1.4111
0.17249	5.5079	1.4093
0.17279	4.4553	1.4039
0.17309	4.2406	1.4132
0.17339	4.6282	1.4123
0.17369	5.0545	1.3996
0.17399	4.4727	1.402
0.17429	4.9146	1.3939
0.17459	5.2901	1.4112
0.17489	5.0768	1.3976
0.17519	4.806	1.3988
0.17548	4.6163	1.4003
0.17578	4.9749	1.3947
0.17608	4.6561	1.3966
0.17638	5.65	1.3868
0.17668	5.3684	1.3954
0.17698	4.3195	1.3888
0.17728	5.2564	1.3887
0.17758	4.8565	1.3865
0.17788	4.4007	1.3833
0.17818	4.7391	1.3904
0.17847	4.3217	1.3791
0.17877	5.1562	1.3875
0.17907	3.9986	1.3838
0.17937	5.2352	1.3833
0.17967	3.9483	1.3832
0.17997	4.0136	1.3741
0.18027	5.6205	1.3846
0.18057	4.9272	1.3753
0.18087	4.1558	1.3854
0.18116	5.0173	1.3774
0.18146	4.1568	1.3619
0.18176	4.7913	1.3736
0.18206	4.9642	1.3625
0.18236	5.2693	1.3727
0.18266	4.2132	1.3704
0.18296	4.4219	1.3602
0.18326	5.3559	1.3707
0.18356	3.7673	1.3619
0.18386	3.8444	1.3644
0.18416	3.7978	1.3645
0.18445	4.7459	1.3531
0.18475	5.4414	1.3633
0.18505	4.1371	1.3487
0.18535	5.8194	1.3642
0.18565	4.7111	1.3628
0.18595	4.6591	1.3466
0.18625	3.9328	1.3605
0.18655	4.3112	1.3507
0.18685	3.654	1.3619
0.18715	4.6179	1.3491
0.18744	4.2645	1.3496
0.18774	4.9021	1.3475
0.18804	4.638	1.3483
0.18834	3.311	1.3528
0.18864	4.026	1.3462
0.18894	3.4612	1.3425
0.18924	4.3653	1.3417
0.18954	4.5404	1.351
0.18984	4.8994	1.3457
0.19013	5.1418	1.3367
0.19043	4.366	1.344
0.19073	4.3391	1.3365
0.19103	4.3235	1.3357
0.19133	4.0788	1.3422
0.19163	4.6653	1.3212
0.19193	3.6519	1.3471
0.19223	3.9639	1.3291
0.19253	4.4663	1.3398
0.19283	4.5434	1.3254
0.19312	3.6906	1.3319
0.19342	4.676	1.3423
0.19372	3.7575	1.3224
0.19402	4.0176	1.3353
0.19432	5.253	1.3208
0.19462	3.7154	1.3262
0.19492	4.096	1.3438
0.19522	4.2197	1.312
0.19552	3.0154	1.3277
0.19582	3.788	1.3189
0.19612	4.6695	1.3149
0.19641	3.9069	1.3114
0.19671	4.2482	1.3128
0.19701	3.9982	1.3198
0.19731	4.1086	1.3144
0.19761	3.9086	1.3144
0.19791	4.03	1.3083
0.19821	3.9878	1.3107
0.19851	2.6993	1.3109
0.19881	3.8972	1.2979
0.19911	3.2628	1.316
0.1994	3.603	1.3057
0.1997	3.9758	1.3121
0.2	4.5121	1.3027
0.2003	4.3297	1.3055
0.2006	3.5376	1.3094
0.2009	3.9067	1.2993
0.2012	3.9767	1.3106
0.2015	3.7589	1.3001
0.2018	3.5213	1.301
0.20209	4.1079	1.3069
0.20239	3.0238	1.2885
0.20269	3.8624	1.3089
0.20299	3.16	1.3
0.20329	3.6971	1.3014
0.20359	3.268	1.3013
0.20389	3.638	1.2862
0.20419	3.1526	1.312
0.20449	4.2235	1.2927
0.20479	3.8906	1.296
0.20508	4.2236	1.2943
0.20538	2.8839	1.2835
0.20568	2.0936	1.2922
0.20598	3.3412	1.2804
0.20628	3.0602	1.2856
0.20658	4.2841	1.2937
0.20688	3.6784	1.2909
0.20718	3.5008	1.2897
0.20748	3.191	1.285
0.20778	3.921	1.2898
0.20808	3.7635	1.2789
0.20837	3.1084	1.2871
0.20867	2.8124	1.2828
0.20897	3.9167	1.2735
0.20927	3.7915	1.2815
0.20957	2.7799	1.2778
0.20987	2.7085	1.2865
0.21017	3.2534	1.2828
0.21047	2.9803	1.2743
0.21077	2.8874	1.2828
0.21107	3.5539	1.2677
0.21136	3.2984	1.2713
0.21166	3.8041	1.272
0.21196	3.9961	1.2749
0.21226	3.5472	1.2771
0.21256	4.226	1.2632
0.21286	4.0601	1.2636
0.21316	3.8465	1.2586
0.21346	3.6735	1.2741
0.21376	2.8113	1.2678
0.21405	3.1005	1.2627
0.21435	3.3569	1.2705
0.21465	4.0698	1.2593
0.21495	3.5808	1.2645
0.21525	3.2194	1.2652
0.21555	3.4733	1.2668
0.21585	2.4858	1.2771
0.21615	2.7764	1.3106
0.21645	3.3012	1.3142
0.21675	3.9066	1.3294
0.21704	3.1506	1.3383
0.21734	3.1594	1.3617
0.21764	3.2913	1.3549
0.21794	3.332	1.3605
0.21824	4.1698	1.3563
0.21854	3.363	1.3652
0.21884	3.6974	1.3697
0.21914	3.3538	1.376
0.21944	2.5572	1.3725
0.21974	2.2963	1.384
0.22004	1.7454	1.3761
0.22033	3.3048	1.3743
0.22063	2.3442	1.3869
0.22093	3.7451	1.3773
0.22123	2.3242	1.3456
0.22153	2.8067	1.3211
0.22183	4.6947	1.3116
0.22213	3.7426	1.2975
0.22243	3.4313	1.2888
0.22273	2.684	1.2904
0.22303	4.0732	1.29
0.22332	2.7921	1.28
0.22362	2.9691	1.2904
0.22392	2.6027	1.277
0.22422	2.8329	1.2807
0.22452	3.3652	1.2788
0.22482	3.3344	1.2732
0.22512	3.7651	1.2719
0.22542	3.3838	1.2603
0.22572	3.1935	1.2621
0.22601	2.687	1.2698
0.22631	3.6762	1.2601
0.22661	2.8031	1.2645
0.22691	2.6857	1.2595
0.22721	2.773	1.263
0.22751	3.6934	1.2665
0.22781	3.0251	1.2587
0.22811	3.1998	1.2608
0.22841	3.2163	1.252
0.22871	2.0912	1.2616
0.229	2.5469	1.2518
0.2293	3.213	1.253
0.2296	2.8622	1.2528
0.2299	3.6767	1.25
0.2302	3.1648	1.2514
0.2305	3.2814	1.2445
0.2308	2.7818	1.2487
0.2311	2.6973	1.2424
0.2314	2.7966	1.2494
0.2317	3.584	1.2452
0.232	3.5383	1.2354
0.23229	3.0309	1.243
0.23259	3.1505	1.24
0.23289	2.405	1.2391
0.23319	3.7322	1.239
0.23349	3.0834	1.227
0.23379	3.5234	1.2459
0.23409	3.2326	1.2358
0.23439	2.4729	1.2378
0.23469	3.5248	1.2283
0.23498	3.25	1.2344
0.23528	2.56	1.2316
0.23558	2.9341	1.2259
0.23588	2.369	1.2299
0.23618	2.649	1.2299
0.23648	2.3876	1.2254
0.23678	2.296	1.2316
0.23708	2.0234	1.2191
0.23738	2.9113	1.2282
0.23768	2.71	1.2196
0.23797	2.6511	1.2302
0.23827	3.4284	1.2285
0.23857	3.6871	1.2087
0.23887	2.5769	1.2203
0.23917	1.5859	1.2088
0.23947	2.3204	1.2208
0.23977	2.5971	1.2184
0.24007	2.0565	1.2198
0.24037	2.4367	1.2224
0.24067	2.3662	1.207
0.24097	2.6866	1.2173
0.24126	2.5673	1.2072
0.24156	2.6408	1.209
0.24186	3.7817	1.2206
0.24216	2.4037	1.201
0.24246	2.4202	1.2085
0.24276	2.3228	1.202
0.24306	2.9008	1.2175
0.24336	2.6873	1.2057
0.24366	2.7479	1.2073
0.24396	1.9584	1.2068
0.24425	2.1908	1.2035
0.24455	2.7896	1.2035
0.24485	2.7193	1.196
0.24515	2.7144	1.2072
0.24545	3.2313	1.2084
0.24575	2.3617	1.1965
0.24605	1.9088	1.198
0.24635	2.9696	1.195
0.24665	3.1736	1.2022
0.24694	1.9803	1.2009
0.24724	2.4943	1.1973
0.24754	2.2049	1.2016
0.24784	1.6916	1.1886
0.24814	2.3242	1.1961
0.24844	2.4192	1.1859
0.24874	2.5129	1.1887
0.24904	2.9946	1.1957
0.24934	2.4007	1.1779
0.24964	2.5707	1.1875
0.24993	2.1263	1.1837
0.25023	2.4244	1.1952
0.25053	2.3716	1.1865
0.25083	2.9873	1.1841
0.25113	2.5367	1.1874
0.25143	2.9659	1.1721
0.25173	2.2861	1.1871
0.25203	2.3959	1.1798
0.25233	1.7272	1.1852
0.25263	2.7313	1.1907
0.25293	2.0853	1.1765
0.25322	2.5633	1.1842
0.25352	2.9669	1.1755
0.25382	0.99624	1.1814
0.25412	2.0908	1.1823
0.25442	2.5213	1.17
0.25472	2.2979	1.1842
0.25502	2.3057	1.1733
0.25532	2.6242	1.1793
0.25562	3.0651	1.174
0.25592	2.8004	1.1764
0.25622	2.1635	1.1892
0.25651	2.0323	1.1678
0.25681	2.7014	1.1721
0.25711	2.1239	1.1729
0.25741	1.9354	1.1707
0.25771	1.9949	1.1796
0.25801	2.6049	1.1675
0.25831	2.7475	1.1741
0.25861	1.9503	1.164
0.25891	2.5435	1.1651
0.25921	2.9882	1.1703
0.2595	2.385	1.163
0.2598	2.2942	1.1647
0.2601	1.9128	1.1648
0.2604	1.4323	1.1685
0.2607	1.5926	1.1614
0.261	2.3183	1.1599
0.2613	2.637	1.1689
0.2616	1.7931	1.1555
0.2619	1.5541	1.1635
0.2622	1.5012	1.1607
0.26249	2.36	1.1558
0.26279	1.2376	1.1705
0.26309	2.2278	1.1543
0.26339	2.005	1.1603
0.26369	2.046	1.1517
0.26399	2.4619	1.1569
0.26429	2.0326	1.1505
0.26459	2.8984	1.152
0.26489	2.2093	1.1591
0.26519	2.3992	1.1539
0.26548	2.1373	1.1585
0.26578	2.4367	1.1492
0.26608	2.832	1.1553
0.26638	2.8819	1.1573
0.26668	2.5415	1.1438
0.26698	2.6518	1.1532
0.26728	2.3727	1.1497
0.26758	1.7547	1.1485
0.26788	1.7364	1.1504
0.26817	2.7715	1.1415
0.26847	1.745	1.1496
0.26877	2.6348	1.1388
0.26907	2.1285	1.146
0.26937	1.9052	1.1497
0.26967	1.9747	1.145
0.26997	2.8932	1.1639
0.27027	2.2986	1.182
0.27057	2.3731	1.2009
0.27087	2.2369	1.2043
0.27116	2.2276	1.2131
0.27146	1.8208	1.2151
0.27176	1.6037	1.2121
0.27206	1.6332	1.2281
0.27236	1.4321	1.22
0.27266	1.5337	1.2263
0.27296	1.7294	1.2315
0.27326	1.5628	1.2283
0.27356	2.9569	1.243
0.27386	1.5669	1.2302
0.27415	2.4637	1.2373
0.27445	0.77016	1.2368
0.27475	1.3963	1.242
0.27505	2.6767	1.2489
0.27535	2.4005	1.2314
0.27565	1.854	1.2472
0.27595	1.8556	1.233
0.27625	1.8189	1.2536
0.27655	1.7068	1.2527
0.27685	1.4678	1.25
0.27714	2.4211	1.2557
0.27744	2.7391	1.2484
0.27774	1.8131	1.2488
0.27804	1.314	1.2554
0.27834	2.0889	1.2545
0.27864	1.5145	1.2693
0.27894	1.8345	1.2534
0.27924	1.2955	1.2756
0.27954	1.5974	1.3086
0.27984	2.0269	1.3294
0.28014	1.8934	1.3589
0.28043	2.6412	1.3687
0.28073	1.0415	1.3827
0.28103	2.0357	1.3763
0.28133	2.0321	1.3811
0.28163	1.9675	1.3988
0.28193	0.82791	1.3997
0.28223	1.4634	1.412
0.28253	1.432	1.41
0.28283	2.0915	1.4186
0.28313	1.7395	1.4232
0.28342	2.51	1.4345
0.28372	2.9549	1.4568
0.28402	1.3832	1.4306
0.28432	2.0304	1.449
0.28462	1.846	1.4371
0.28492	1.952	1.4529
0.28522	1.8812	1.4462
0.28552	1.4103	1.4489
0.28582	1.6167	1.4706
0.28612	1.3395	1.4548
0.28641	1.2004	1.4768
0.28671	2.0729	1.4774
0.28701	1.0185	1.476
0.28731	2.5331	1.4868
0.28761	2.0113	1.4978
0.28791	2.9772	1.499
0.28821	1.9061	1.4934
0.28851	2.528	1.4998
0.28881	1.8386	1.5081
0.28911	2.4131	1.5073
0.2894	1.4089	1.5315
0.2897	1.526	1.5103
0.29	1.5947	1.5334
0.2903	1.7727	1.5274
0.2906	2.1459	1.5401
0.2909	1.9242	1.5507
0.2912	0.98262	1.531
0.2915	2.3977	1.5725
0.2918	1.677	1.5475
0.29209	2.0132	1.5618
0.29239	2.4754	1.564
0.29269	0.81073	1.5679
0.29299	2.3247	1.587
0.29329	2.5142	1.5775
0.29359	1.7078	1.5819
0.29389	2.0242	1.5788
0.29419	3.3404	1.5853
0.29449	2.8588	1.603
0.29479	1.3085	1.5889
0.29508	1.6039	1.6137
0.29538	1.2902	1.6007
0.29568	1.8027	1.6185
0.29598	2.5977	1.6311
0.29628	1.4717	1.5996
0.29658	1.7492	1.6426
0.29688	2.4666	1.6209
0.29718	1.8542	1.6421
0.29748	1.4985	1.6427
0.29778	2.597	1.634
0.29807	1.6831	1.67
0.29837	2.6138	1.6441
0.29867	2.0692	1.6738
0.29897	1.9841	1.6647
0.29927	2.3036	1.6453
0.29957	2.0246	1.7009
0.29987	0.94527	1.647
0.30017	2.6247	1.6936
0.30047	0.88202	1.6667
0.30077	2.2874	1.7091
0.30107	1.4899	1.6868
0.30136	1.3594	1.6844
0.30166	2.0497	1.7228
0.30196	1.092	1.702
0.30226	2.6794	1.7222
0.30256	1.7041	1.7025
0.30286	1.6235	1.7226
0.30316	2.1227	1.7338
0.30346	2.436	1.7148
0.30376	1.7487	1.7336
0.30406	1.503	1.7245
0.30435	1.2509	1.7483
0.30465	0.90143	1.7601
0.30495	1.6753	1.7429
0.30525	2.4859	1.7504
0.30555	1.9626	1.7523
0.30585	1.9105	1.7636
0.30615	2.6782	1.7662
0.30645	2.0477	1.7509
0.30675	0.83036	1.7831
0.30705	0.77861	1.7773
0.30734	2.085	1.7824
0.30764	2.3231	1.7863
0.30794	2.2891	1.7824
0.30824	0.8024	1.8046
0.30854	0.59273	1.8134
0.30884	2.2992	1.7891
0.30914	3.1792	1.8176
0.30944	0.43357	1.8
0.30974	1.2679	1.8373
0.31004	2.9413	1.7978
0.31033	2.2334	1.8172
0.31063	2.2085	1.8183
0.31093	1.4031	1.8306
0.31123	1.7822	1.821
0.31153	0.91503	1.8186
0.31183	2.1087	1.8323
0.31213	3.0234	1.8073
0.31243	1.7511	1.8348
0.31273	1.0518	1.838
0.31302	2.3341	1.8497
0.31332	2.566	1.859
0.31362	0.74734	1.8404
0.31392	1.1939	1.8677
0.31422	0.92879	1.8444
0.31452	0.70731	1.886
0.31482	0.88738	1.8701
0.31512	2.3347	1.8623
0.31542	1.1726	1.9001
0.31572	1.1293	1.8736
0.31601	3.3912	1.9078
0.31631	2.6573	1.8782
0.31661	1.9523	1.9012
0.31691	1.81	1.9292
0.31721	1.1084	1.8839
0.31751	2.4347	1.928
0.31781	3.2464	1.8937
0.31811	1.6528	1.9298
0.31841	1.3778	1.9264
0.31871	0.9184	2.0005
0.319	1.9151	1.9439
0.3193	1.064	1.927
0.3196	2.1676	1.9694
0.3199	1.09	1.9491
0.3202	1.3759	1.9739
0.3205	1.7122	1.9711
0.3208	2.2933	1.9405
0.3211	0.82609	1.9856
0.3214	1.0033	1.9713
0.3217	2.0572	1.9898
0.32199	1.7117	1.9933
0.32229	2.7982	1.9866
0.32259	1.9552	2.0287
0.32289	1.6478	1.9932
0.32319	2.282	2.0473
0.32349	2.2258	2.0064
0.32379	2.2119	2.0269
0.32409	1.4149	2.0648
0.32439	1.2274	1.9856
0.32469	0.88104	2.0832
0.32499	1.9823	2.0245
0.32528	0.71095	2.0527
0.32558	1.7036	2.1035
0.32588	2.6136	2.0006
0.32618	0.27802	2.1067
0.32648	1.0617	2.0567
0.32678	1.169	2.0926
0.32708	2.0973	2.1013
0.32738	1.4449	2.0674
0.32768	1.3928	2.1439
0.32798	1.8553	2.0657
0.32827	1.8842	2.1376
0.32857	0.84324	2.127
0.32887	1.6779	2.1165
0.32917	0.98725	2.1826
0.32947	1.6457	2.0918
0.32977	1.1793	2.1818
0.33007	1.5306	2.1456
0.33037	1.094	2.1573
0.33067	0.63459	2.1823
0.33097	2.2301	2.1404
0.33126	0.3877	2.2107
0.33156	1.5876	2.166
0.33186	0.96934	2.1952
0.33216	0.44804	2.2083
0.33246	1.6098	2.1865
0.33276	3.2297	2.2309
0.33306	1.5392	2.2025
0.33336	0.91103	2.2496
0.33366	0.75937	2.2362
0.33396	1.4954	2.2745
0.33425	-0.173	2.2939
0.33455	0.50427	2.2186
0.33485	1.4823	2.2875
0.33515	1.2961	2.2193
0.33545	0.6947	2.2919
0.33575	2.392	2.2792
0.33605	2.0964	2.2869
0.33635	1.816	2.3302
0.33665	1.1054	2.2697
0.33694	0.11058	2.3468
0.33724	1.0735	2.3008
0.33754	1.338	2.3425
0.33784	2.6876	2.3773
0.33814	2.163	2.2945
0.33844	0.57809	2.3767
0.33874	0.49981	2.3255
0.33904	1.1273	2.4065
0.33934	0.14884	2.3778
0.33964	1.044	2.3744
0.33993	0.91769	2.4384
0.34023	1.1304	2.3599
0.34053	1.1262	2.4613
0.34083	-0.29374	2.3997
0.34113	1.1447	2.448
0.34143	2.1151	2.4681
0.34173	0.52288	2.3979
0.34203	1.0579	2.4921
0.34233	1.7955	2.4309
0.34263	1.8483	2.483
0.34292	1.1524	2.5253
0.34322	0.3539	2.4248
0.34352	0.58017	2.533
0.34382	0.23832	2.4695
0.34412	1.3026	2.5394
0.34442	1.6303	2.5295
0.34472	0.035153	2.5161
0.34502	2.833	2.5889
0.34532	2.0835	2.4867
0.34562	3.6122	2.5881
0.34591	1.3752	2.5519
0.34621	3.2517	2.5676
0.34651	1.637	2.6347
0.34681	1.1217	2.5156
0.34711	1.1118	2.5985
0.34741	-0.7324	2.5126
0.34771	1.1065	2.5832
0.34801	1.4796	2.5701
0.34831	0.81805	2.5506
0.34861	2.5597	2.6269
0.34891	1.5845	2.5469
0.3492	2.5026	2.6395
0.3495	0.32483	2.5796
0.3498	0.38568	2.6139
0.3501	0.63141	2.7086
0.3504	-0.74888	2.5916
0.3507	-0.6601	2.7033
0.351	0.93692	2.6577
0.3513	1.6306	2.6783
0.3516	0.17417	2.7098
0.3519	2.157	2.6532
0.35219	3.2619	2.7722
0.35249	-1.0342	2.6604
0.35279	2.3421	2.7888
0.35309	0.76999	2.7537
0.35339	2.0877	2.7529
0.35369	0.40227	2.8748
0.35399	3.3114	2.6847
0.35429	2.4305	2.8476
0.35459	1.8728	2.7711
0.35489	1.6183	2.853
0.35518	1.7812	2.8994
0.35548	0.49104	2.7366
0.35578	-0.065618	2.9425
0.35608	2.107	2.8182
0.35638	2.0594	2.9233
0.35668	0.51433	2.8846
0.35698	1.9736	2.8974
0.35728	1.6788	3.0028
0.35758	0.90637	2.8782
0.35787	2.2368	3.0299
0.35817	2.9744	2.9505
0.35847	1.8227	2.9778
0.35877	2.9283	3.1315
0.35907	2.0094	2.9357
0.35937	1.2588	3.1592
0.35967	0.52999	2.9958
0.35997	2.0156	3.0812
0.36027	1.1642	3.1287
0.36057	1.9173	3.0744
0.36086	0.99793	3.2164
0.36116	2.3409	3.0534
0.36146	1.8056	3.224
0.36176	1.3881	3.1888
0.36206	2.0736	3.1925
0.36236	1.0363	3.4066
0.36266	-0.68794	3.0902
0.36296	0.86797	3.3723
0.36326	0.62497	3.2227
0.36356	1.9145	3.3393
0.36385	0.62757	3.489
0.36415	1.8201	3.1683
0.36445	2.3657	3.4752
0.36475	0.38988	3.3104
0.36505	-0.94377	3.408
0.36535	1.5717	3.4612
0.36565	2.1854	3.456
0.36595	2.936	3.6478
0.36625	0.49484	3.3828
0.36655	-1.0588	3.6039
0.36684	2.4613	3.5288
0.36714	-0.94063	3.6275
0.36744	-1.3584	3.7774
0.36774	3.1778	3.4262
0.36804	3.3439	3.8069
0.36834	0.56283	3.6096
0.36864	-0.38508	3.7673
0.36894	1.1486	3.7943
0.36924	-1.8209	3.7131
0.36954	1.2634	3.9789
0.36984	4.1871	3.7238
0.37013	0.94204	3.9636
0.37043	2.1512	3.8556
0.37073	0.64874	3.9067
0.37103	-0.68124	4.2748
0.37133	3.0244	3.7375
0.37163	3.8187	4.2045
0.37193	-1.6393	4.0063
0.37223	1.3058	4.1454
0.37253	2.6322	4.3782
0.37283	3.1447	3.9353
0.37312	0.068717	4.5765
0.37342	-1.8231	4.1067
0.37372	1.7839	4.5374
0.37402	-0.043673	4.3139
0.37432	0.80127	4.3574
0.37462	-0.19412	4.8496
0.37492	0.0094988	4.1983
0.37522	4.1392	4.9756
0.37552	1.2236	4.428
0.37582	0.22278	4.8552
0.37611	1.4901	5.2646
0.37641	1.4422	4.478
0.37671	-2.2695	5.2617
0.37701	2.7998	4.6975
0.37731	1.6984	5.3253
0.37761	-2.9538	5.0148
0.37791	0.71295	5.2049
0.37821	4.2945	5.6093
0.37851	-2.2359	5.0305
0.37881	-1.3253	5.7896
0.3791	4.0109	5.3217
0.3794	1.581	5.6052
0.3797	-0.38675	6.2719
0.38	2.1023	5.29
0.3803	-1.0621	6.3057
0.3806	2.1964	5.8078
0.3809	0.30498	6.3856
0.3812	-2.0512	6.5589
0.3815	1.9324	6.2902
0.38179	0.76873	7.0111
0.38209	3.0801	6.5311
0.38239	2.6817	7.2419
0.38269	4.7443	7.3743
0.38299	0.13528	7.1736
0.38329	4.7993	8.0922
0.38359	1.1534	7.3042
0.38389	1.197	8.4526
0.38419	-1.063	8.9639
0.38449	4.3034	8.2747
0.38478	-2.2472	11.183
0.38508	1.8528	8.8367
0.38538	9.6197	11.349
0.38568	5.1924	11.056
0.38598	9.3658	11.275
0.38628	0	0
0.38658	-6.7557	11.867
