0.0027839900	611.1601000000	706.0032000000
0.0030474500	232.2564000000	609.0721000000
0.0033109200	371.7664000000	475.7396000000
0.0035743800	469.0843000000	369.8591000000
0.0038378500	263.7259000000	308.9437000000
0.0041013200	488.0137000000	244.4929000000
0.0043647800	-37.1827400000	209.7505000000
0.0046282500	252.6265000000	177.4176000000
0.0048917100	299.2728000000	151.7078000000
0.0051551800	127.6249000000	132.4038000000
0.0054186400	115.5557000000	113.7448000000
0.0056821100	209.4535000000	105.7621000000
0.0059455700	177.1140000000	94.6884200000
0.0062090400	249.9367000000	83.5030100000
0.0064725000	190.4499000000	77.7122600000
0.0067359700	166.6053000000	69.8738500000
0.0069994400	111.4618000000	66.2408000000
0.0072629000	125.1346000000	61.0890800000
0.0075263700	206.9444000000	56.7168100000
0.0077898300	165.3928000000	55.0132700000
0.0080533000	137.0796000000	49.4736600000
0.0083167600	168.3685000000	48.3340100000
0.0085802300	183.6218000000	45.6768100000
0.0088436900	178.7487000000	43.2802600000
0.0091071600	188.9725000000	42.1078200000
0.0093706200	170.8234000000	39.9953300000
0.0096340900	225.1135000000	38.5792800000
0.0098975600	146.6031000000	36.8881600000
0.0101610000	167.1472000000	35.7823200000
0.0104245000	169.7184000000	34.3416700000
0.0106880000	184.5671000000	33.7440800000
0.0109514000	152.9801000000	33.4795400000
0.0112149000	122.3295000000	31.5283000000
0.0114783000	133.5431000000	30.6135300000
0.0117418000	180.1373000000	29.7250200000
0.0120053000	150.8533000000	29.4607000000
0.0122687000	163.2328000000	28.5759600000
0.0125322000	196.9887000000	28.2537800000
0.0127957000	180.5851000000	28.2838200000
0.0130591000	173.3126000000	27.4214700000
0.0133226000	180.3579000000	27.3752500000
0.0135861000	182.5866000000	26.3894400000
0.0138495000	162.2353000000	25.8718700000
0.0141130000	161.0827000000	25.3044300000
0.0143765000	175.1700000000	24.8109200000
0.0146399000	196.0844000000	25.3453300000
0.0149034000	177.5451000000	24.4881900000
0.0151669000	191.2467000000	24.4036200000
0.0154303000	169.0202000000	24.9133200000
0.0156938000	167.2082000000	24.1691100000
0.0159573000	186.7671000000	24.8769700000
0.0162207000	149.1022000000	24.0933100000
0.0164842000	157.2525000000	24.3249400000
0.0167477000	187.6227000000	24.2637600000
0.0170111000	129.4170000000	23.5566800000
0.0172746000	141.4839000000	23.5713100000
0.0175381000	150.1130000000	23.7444200000
0.0178015000	181.0498000000	12.6673300000
0.0180650000	181.5173000000	12.4305200000
0.0183284000	164.8325000000	12.3398200000
0.0185919000	170.3153000000	12.3572300000
0.0188554000	179.8222000000	12.2742600000
0.0191188000	175.4514000000	12.3118900000
0.0193823000	174.9917000000	12.1732700000
0.0196458000	168.0728000000	12.0925600000
0.0199092000	171.3904000000	12.0959300000
0.0201727000	155.5931000000	11.8508700000
0.0204362000	171.0374000000	11.7854300000
0.0206996000	171.1341000000	11.7260200000
0.0209631000	158.8323000000	11.7023200000
0.0212266000	156.3814000000	11.5257800000
0.0214900000	173.3678000000	11.8003200000
0.0217535000	165.0985000000	11.6362500000
0.0220170000	173.0761000000	11.6480500000
0.0222804000	169.3057000000	11.7038900000
0.0225439000	171.2210000000	11.5002400000
0.0228074000	159.2093000000	11.3335800000
0.0230708000	156.9795000000	11.2850500000
0.0233343000	169.6416000000	11.3478700000
0.0235978000	161.4569000000	11.3500700000
0.0238612000	166.6815000000	11.2121800000
0.0241247000	167.6708000000	11.3113400000
0.0243882000	167.0396000000	11.1763200000
0.0246516000	156.0549000000	11.0967400000
0.0249151000	171.1584000000	11.1032100000
0.0251786000	167.3923000000	11.0044000000
0.0254420000	166.2730000000	11.1307600000
0.0257055000	162.2385000000	10.7576700000
0.0259689000	164.8231000000	10.6399100000
0.0262324000	167.2524000000	10.8155600000
0.0264959000	155.5504000000	10.7443400000
0.0267593000	156.4208000000	10.6706600000
0.0270228000	165.2753000000	10.6329000000
0.0272863000	166.6353000000	10.6958900000
0.0275497000	161.8875000000	10.5198300000
0.0278132000	157.2604000000	10.4740500000
0.0280767000	137.8910000000	10.3022600000
0.0283401000	156.5349000000	10.3264500000
0.0286036000	156.3030000000	10.5102500000
0.0288671000	148.8076000000	10.3078100000
0.0291305000	166.8284000000	10.3374800000
0.0293940000	157.5877000000	10.2723500000
0.0296575000	149.6356000000	10.1540100000
0.0299209000	146.9052000000	10.1563100000
0.0301844000	140.8686000000	10.0339000000
0.0304479000	147.8476000000	10.0803100000
0.0307113000	152.0413000000	9.9519540000
0.0309748000	144.6165000000	9.9249920000
0.0312383000	157.4193000000	10.0419000000
0.0315017000	155.3628000000	9.8561310000
0.0317652000	145.7404000000	9.9818240000
0.0320287000	145.1685000000	9.9811410000
0.0322921000	152.2028000000	9.8694280000
0.0325556000	152.6878000000	9.8605100000
0.0328190000	145.2189000000	9.7344710000
0.0330825000	139.3025000000	9.7238380000
0.0333460000	127.8400000000	9.5877230000
0.0336094000	139.0384000000	9.6710210000
0.0338729000	138.4362000000	9.4188820000
0.0341364000	146.9035000000	9.4069210000
0.0343998000	147.1470000000	9.5298480000
0.0346633000	128.0002000000	9.2317430000
0.0349268000	153.8700000000	9.4828140000
0.0351902000	136.5163000000	9.4489500000
0.0354537000	134.8529000000	9.5203080000
0.0357172000	133.8974000000	9.4923290000
0.0359806000	143.0181000000	9.6446780000
0.0362441000	139.5438000000	9.7885300000
0.0365076000	143.5762000000	9.8723280000
0.0367710000	136.6447000000	10.0055200000
0.0370345000	150.6764000000	9.8814000000
0.0372980000	149.5844000000	10.0013000000
0.0375614000	141.2256000000	10.0327000000
0.0378249000	144.8840000000	5.8878500000
0.0380884000	142.7950000000	5.9959400000
0.0383518000	139.6380000000	5.8969100000
0.0386153000	133.8850000000	5.9720100000
0.0388788000	125.5730000000	5.8497800000
0.0391422000	136.4100000000	5.9170600000
0.0394057000	136.0110000000	5.9944100000
0.0396691000	130.1040000000	5.8356600000
0.0399326000	132.0940000000	5.9296900000
0.0401961000	127.1770000000	5.8611100000
0.0404595000	124.2880000000	5.8843900000
0.0407230000	126.9130000000	5.9819200000
0.0409865000	129.8970000000	5.9475400000
0.0412499000	132.3790000000	5.9390400000
0.0415134000	126.2890000000	5.7293300000
0.0417769000	134.1380000000	5.6975200000
0.0420403000	124.5000000000	5.5632000000
0.0423038000	130.0420000000	5.5209600000
0.0425673000	129.3200000000	5.4968200000
0.0428307000	131.7070000000	5.3873700000
0.0430942000	126.9570000000	5.3549900000
0.0433577000	125.0380000000	5.4260000000
0.0436211000	120.2610000000	5.2633900000
0.0438846000	117.4800000000	5.2422900000
0.0441481000	122.0750000000	5.1510600000
0.0444115000	126.1420000000	5.2208600000
0.0446750000	120.8130000000	5.1789100000
0.0449385000	118.1860000000	5.1423100000
0.0452019000	115.1430000000	5.1528700000
0.0454654000	127.7320000000	5.1326500000
0.0457289000	122.9020000000	5.1397800000
0.0459923000	120.5040000000	5.0326700000
0.0462558000	119.8910000000	5.0060700000
0.0465193000	118.1680000000	5.0522000000
0.0467827000	116.9520000000	4.9285700000
0.0470462000	119.0970000000	4.9938400000
0.0473096000	124.2070000000	5.0040800000
0.0475731000	117.3170000000	5.0291300000
0.0478366000	112.5210000000	4.9303100000
0.0481000000	110.0230000000	4.8026600000
0.0483635000	118.2180000000	4.9099700000
0.0486270000	110.6140000000	4.8148300000
0.0488904000	120.1060000000	4.8991700000
0.0491539000	118.6090000000	4.8588300000
0.0494174000	116.9300000000	4.8429500000
0.0496808000	120.6890000000	4.8781300000
0.0499443000	111.1670000000	4.7676900000
0.0502078000	110.5850000000	4.7395800000
0.0504712000	105.3470000000	4.6231400000
0.0507347000	109.1140000000	4.6984800000
0.0509982000	107.0390000000	4.6870200000
0.0512616000	105.9120000000	4.6460400000
0.0515251000	116.3730000000	4.7100500000
0.0517886000	113.1880000000	4.6561200000
0.0520520000	113.7510000000	4.6611000000
0.0523155000	114.0930000000	4.6445400000
0.0525790000	109.9960000000	4.5701400000
0.0528424000	109.4460000000	4.6451800000
0.0531059000	107.6860000000	4.6963500000
0.0533694000	103.2070000000	4.7207400000
0.0536328000	106.4180000000	4.7340800000
0.0538963000	99.8250000000	4.6809000000
0.0541597000	109.1480000000	4.7864400000
0.0544232000	105.2580000000	4.8432700000
0.0546867000	106.8500000000	4.7656500000
0.0549501000	99.5954000000	4.7269500000
0.0552136000	99.7495000000	4.7014600000
0.0554771000	103.9850000000	4.7024100000
0.0557405000	107.3440000000	4.7287500000
0.0560040000	107.1030000000	4.6581600000
0.0562675000	108.5060000000	4.6220400000
0.0565309000	100.2220000000	4.5378900000
0.0567944000	98.4009000000	4.4565700000
0.0570579000	98.0548000000	4.4087400000
0.0573213000	100.5730000000	4.3989000000
0.0575848000	103.3560000000	4.4479200000
0.0578483000	95.7107000000	4.3441300000
0.0581117000	94.5761000000	4.2721500000
0.0583752000	90.1539000000	4.2450600000
0.0586387000	96.9304000000	4.3674700000
0.0589021000	96.7025000000	4.3250200000
0.0591656000	94.9231000000	4.2523400000
0.0594291000	97.1645000000	4.2545800000
0.0596925000	101.5850000000	4.3660900000
0.0599560000	95.6414000000	4.2425400000
0.0602195000	98.0669000000	4.2135700000
0.0604829000	92.4078000000	4.1781800000
0.0607464000	92.1154000000	4.1598000000
0.0610098000	92.2857000000	4.2252700000
0.0612733000	89.6840000000	4.1499500000
0.0615368000	94.4621000000	4.1540000000
0.0618002000	90.7035000000	4.1368700000
0.0620637000	92.6272000000	4.1173800000
0.0623272000	96.1061000000	4.1868800000
0.0625906000	91.3390000000	4.0584700000
0.0628541000	89.2860000000	4.0706400000
0.0631176000	89.1541000000	4.0685500000
0.0633810000	88.8143000000	4.0712300000
0.0636445000	91.5242000000	4.0917200000
0.0639080000	90.8953000000	4.0191500000
0.0641714000	87.6550000000	3.9994900000
0.0644349000	88.2360000000	3.9468300000
0.0646984000	86.5184000000	3.9656400000
0.0649618000	85.9860000000	3.9675800000
0.0652253000	82.9688000000	3.8842700000
0.0654888000	89.4495000000	3.9224500000
0.0657522000	90.7769000000	3.8763400000
0.0660157000	86.6106000000	3.9117200000
0.0662792000	91.8980000000	3.9402600000
0.0665426000	85.6923000000	3.8676600000
0.0668061000	85.2846000000	3.9184100000
0.0670696000	79.8251000000	3.8077500000
0.0673330000	82.7218000000	3.8734800000
0.0675965000	79.7011000000	3.8099900000
0.0678600000	75.5541000000	3.7998000000
0.0681234000	82.7877000000	3.8655700000
0.0683869000	79.4618000000	3.7964900000
0.0686503000	81.4662000000	3.8586500000
0.0689138000	82.9796000000	3.8121700000
0.0691773000	79.9262000000	3.8064500000
0.0694407000	77.3861000000	3.7501100000
0.0697042000	82.3090000000	3.7675600000
0.0699677000	81.5787000000	3.8142900000
0.0702311000	78.6710000000	3.7623000000
0.0704946000	82.2336000000	3.7789200000
0.0707581000	82.1321000000	3.7643600000
0.0710215000	73.1870000000	3.6833200000
0.0712850000	73.8596000000	3.7241700000
0.0715485000	77.2939000000	3.6850800000
0.0718119000	79.8713000000	3.7271300000
0.0720754000	75.0883000000	3.6663600000
0.0723389000	75.8689000000	3.6701600000
0.0726023000	68.9272000000	3.6353100000
0.0728658000	74.8801000000	3.6250300000
0.0731293000	77.2940000000	3.6592100000
0.0733927000	73.3883000000	3.6184100000
0.0736562000	80.5486000000	3.6827300000
0.0739197000	76.9518000000	3.6542300000
0.0741831000	78.8133000000	3.6816600000
0.0744466000	72.0747000000	3.5978100000
0.0747101000	71.0924000000	3.5675000000
0.0749735000	73.4535000000	3.5892100000
0.0752370000	74.6621000000	3.5934500000
0.0755004000	69.1616000000	3.5919100000
0.0757639000	72.3448000000	3.6587200000
0.0760274000	69.5904000000	3.6464700000
0.0762908000	69.8212000000	3.7526600000
0.0765543000	72.0690000000	3.7731900000
0.0768178000	70.7141000000	3.7831800000
0.0770812000	71.2122000000	3.7583200000
0.0773447000	68.1223000000	3.7628000000
0.0776082000	68.9112000000	3.7400100000
0.0778716000	63.7343000000	3.6998800000
0.0781351000	70.5584000000	3.7877600000
0.0783986000	64.0633000000	3.6988200000
0.0786620000	62.4432000000	3.6069100000
0.0789255000	70.9392000000	3.6137200000
0.0791890000	70.3638000000	3.5486700000
0.0794524000	65.8026000000	3.5383000000
0.0797159000	69.9387000000	3.5032600000
0.0799794000	65.1291000000	3.5176200000
0.0802428000	63.0532000000	3.4672300000
0.0805063000	61.6896000000	3.4435000000
0.0807698000	66.3440000000	3.4586400000
0.0810332000	65.8020000000	3.4503800000
0.0812967000	67.3340000000	3.4342700000
0.0815602000	65.4973000000	3.4018400000
0.0818236000	64.5276000000	3.4030700000
0.0820871000	63.3960000000	3.3984800000
0.0823505000	66.0205000000	3.4028900000
0.0826140000	61.2652000000	3.3687600000
0.0828775000	68.8195000000	3.3959400000
0.0831409000	56.9948000000	3.3387900000
0.0834044000	63.1126000000	3.3584800000
0.0836679000	62.3595000000	3.3428400000
0.0839313000	62.6240000000	3.3383700000
0.0841948000	60.6398000000	3.2932600000
0.0844583000	62.6097000000	3.3298500000
0.0847217000	66.5491000000	3.3471200000
0.0849852000	63.7678000000	3.3070700000
0.0852487000	58.2853000000	3.2883200000
0.0855121000	65.7432000000	3.3067800000
0.0857756000	60.0015000000	3.2397500000
0.0860391000	59.7994000000	3.2215500000
0.0863025000	53.8125000000	3.1781500000
0.0865660000	64.3485000000	3.2545300000
0.0868295000	55.9658000000	3.1774000000
0.0870929000	55.0724000000	3.1973000000
0.0873564000	61.3890000000	3.2006900000
0.0876199000	60.0909000000	3.2254400000
0.0878833000	54.0431000000	3.2099800000
0.0881468000	60.4361000000	3.2032000000
0.0884103000	54.9412000000	3.2025300000
0.0886737000	56.6994000000	3.1960500000
0.0889372000	58.1536000000	3.2180700000
0.0892007000	57.2380000000	3.1897400000
0.0894641000	55.5842000000	3.1823400000
0.0897276000	58.3093000000	3.2045200000
0.0899910000	55.9849000000	3.1396900000
0.0902545000	52.5744000000	3.1572200000
0.0905180000	56.9375000000	3.1472600000
0.0907814000	56.0921000000	3.1373800000
0.0910449000	55.8571000000	3.1552800000
0.0913084000	52.3017000000	3.0939400000
0.0915718000	53.6462000000	3.1463400000
0.0918353000	54.5549000000	3.1797700000
0.0920988000	51.6467000000	3.2139500000
0.0923622000	53.8945000000	3.2788100000
0.0926257000	56.5637000000	3.2791000000
0.0928892000	54.4421000000	3.2841700000
0.0931526000	54.2754000000	3.2628000000
0.0934161000	56.0857000000	3.3442100000
0.0936796000	50.2936000000	3.2891200000
0.0939430000	51.9772000000	3.2793400000
0.0942065000	49.6587000000	3.2970000000
0.0944700000	49.4834000000	3.3139900000
0.0947334000	49.4212000000	3.3568200000
0.0949969000	52.8915000000	3.3417100000
0.0952604000	49.8478000000	3.3729200000
0.0955238000	49.9048000000	3.3686200000
0.0957873000	49.1528000000	3.3333800000
0.0960508000	50.6405000000	3.3638800000
0.0963142000	56.0906000000	3.4158600000
0.0965777000	53.2893000000	3.4221500000
0.0968411000	49.9683000000	3.3965600000
0.0971046000	49.2262000000	3.3173400000
0.0973681000	46.3805000000	3.2576000000
0.0976315000	49.1667000000	3.2514200000
0.0978950000	48.3551000000	3.2357700000
0.0981585000	49.8536000000	3.2397100000
0.0984219000	53.1093000000	3.2166500000
0.0986854000	53.1722000000	3.2097300000
0.0989489000	49.4440000000	3.1653900000
0.0992123000	47.2896000000	3.1636200000
0.0994758000	45.7634000000	3.1149400000
0.0997393000	45.8475000000	3.1197200000
0.1000030000	49.1010000000	3.1255300000
0.1002660000	50.1951000000	3.1198000000
0.1005300000	45.4117000000	3.0780200000
0.1007930000	44.6606000000	3.0440800000
0.1010570000	48.1896000000	3.1351400000
0.1013200000	49.1123000000	3.0946600000
0.1015840000	48.3902000000	3.0555000000
0.1018470000	49.4358000000	3.0616700000
0.1021100000	46.9540000000	3.0079500000
0.1023740000	48.0132000000	3.0246400000
0.1026370000	47.6552000000	3.0022400000
0.1029010000	42.9629000000	3.0231800000
0.1031640000	45.3283000000	2.9729900000
0.1034280000	43.7437000000	2.9791500000
0.1036910000	46.0419000000	3.0051700000
0.1039550000	44.6937000000	2.9441700000
0.1042180000	41.3655000000	2.9250200000
0.1044820000	40.1320000000	2.9309000000
0.1047450000	42.3641000000	2.9650900000
0.1050090000	44.9170000000	2.9622200000
0.1052720000	39.4016000000	2.9170000000
0.1055360000	43.6955000000	2.9266200000
0.1057990000	43.5044000000	2.9384300000
0.1060620000	42.9257000000	2.9042600000
0.1063260000	43.9656000000	2.9176400000
0.1065890000	40.1826000000	2.8601300000
0.1068530000	43.4528000000	2.8726200000
0.1071160000	41.6551000000	2.8708800000
0.1073800000	43.5737000000	2.8950400000
0.1076430000	43.6478000000	2.8973600000
0.1079070000	42.1365000000	2.8574800000
0.1081700000	46.2508000000	2.8879600000
0.1084340000	43.7589000000	2.8631700000
0.1086970000	39.7237000000	2.8493700000
0.1089610000	39.5146000000	2.8351300000
0.1092240000	40.4088000000	2.8308000000
0.1094870000	42.2469000000	2.8283600000
0.1097510000	36.3863000000	2.8058900000
0.1100140000	42.3717000000	2.8456600000
0.1102780000	35.9401000000	2.7959900000
0.1105410000	39.3759000000	2.7989300000
0.1108050000	38.5456000000	2.7607300000
0.1110680000	39.6233000000	2.8045800000
0.1113320000	42.2592000000	2.8511900000
0.1115950000	38.5762000000	2.7725800000
0.1118590000	35.9930000000	2.7877300000
0.1121220000	42.0585000000	2.8174500000
0.1123860000	40.3550000000	2.8044600000
0.1126490000	35.9403000000	2.7770700000
0.1129130000	34.9237000000	2.7555300000
0.1131760000	39.0385000000	2.7715000000
0.1134390000	37.1506000000	2.7438700000
0.1137030000	36.0184000000	2.7605600000
0.1139660000	38.4728000000	2.7217000000
0.1142300000	37.6870000000	2.7411000000
0.1144930000	37.2333000000	2.7511500000
0.1147570000	37.3890000000	2.7289200000
0.1150200000	36.4517000000	2.6987000000
0.1152840000	36.7332000000	2.7222800000
0.1155470000	36.0903000000	2.7109400000
0.1158110000	34.2782000000	2.7021900000
0.1160740000	37.9439000000	2.6802400000
0.1163380000	40.4655000000	2.7115200000
0.1166010000	40.7261000000	2.6861200000
0.1168650000	37.6902000000	2.6874800000
0.1171280000	38.5198000000	2.7115300000
0.1173910000	41.9916000000	2.7012300000
0.1176550000	36.9500000000	2.6981500000
0.1179180000	34.9599000000	2.6758200000
0.1181820000	36.7167000000	2.7109200000
0.1184450000	32.9369000000	2.6716900000
0.1187090000	34.4260000000	2.6435300000
0.1189720000	35.3053000000	2.6517900000
0.1192360000	33.3417000000	2.6323400000
0.1194990000	32.6725000000	2.6297500000
0.1197630000	37.0793000000	2.6380000000
0.1200260000	37.6763000000	2.6457600000
0.1202900000	33.6982000000	2.6231800000
0.1205530000	34.6761000000	2.6186100000
0.1208170000	34.6594000000	2.6193800000
0.1210800000	36.0050000000	2.6117400000
0.1213430000	32.1017000000	2.5675000000
0.1216070000	30.2132000000	2.5853200000
0.1218700000	35.7227000000	2.5736500000
0.1221340000	32.3607000000	2.5822200000
0.1223970000	32.3518000000	2.5913900000
0.1226610000	32.3389000000	2.5799500000
0.1229240000	33.1084000000	2.5703600000
0.1231880000	32.3679000000	2.5817800000
0.1234510000	33.4149000000	2.5890000000
0.1237150000	32.7933000000	2.5874100000
0.1239780000	33.8039000000	2.5736700000
0.1242420000	32.1784000000	2.5571400000
0.1245050000	29.9995000000	2.5591700000
0.1247680000	34.4001000000	2.5784400000
0.1250320000	33.7892000000	2.5659500000
0.1252950000	32.5144000000	2.5642200000
0.1255590000	34.5528000000	2.5599500000
0.1258220000	33.0321000000	2.5880300000
0.1260860000	31.2013000000	2.5506000000
0.1263490000	31.7958000000	2.5332200000
0.1266130000	32.2850000000	2.5511600000
0.1268760000	29.8820000000	2.5296100000
0.1271400000	32.9169000000	2.5436600000
0.1274030000	27.3801000000	2.4986100000
0.1276670000	30.0632000000	2.5277000000
0.1279300000	30.7163000000	2.5142600000
0.1281940000	33.5099000000	2.5270000000
0.1284570000	31.4501000000	2.4976600000
0.1287200000	32.5842000000	2.4952400000
0.1289840000	29.5304000000	2.5048600000
0.1292470000	30.9814000000	2.5025600000
0.1295110000	33.0588000000	2.5105500000
0.1297740000	30.6227000000	2.4783500000
0.1300380000	30.6756000000	2.4994000000
0.1303010000	30.9331000000	2.4869200000
0.1305650000	28.2113000000	2.4703500000
0.1308280000	29.1261000000	2.4614900000
0.1310920000	29.8121000000	2.4919600000
0.1313550000	29.8881000000	2.4661600000
0.1316190000	28.1236000000	2.4735300000
0.1318820000	27.2878000000	2.4471500000
0.1321460000	30.2955000000	2.4665800000
0.1324090000	29.0561000000	2.4452100000
0.1326720000	28.1318000000	2.4428300000
0.1329360000	29.1977000000	2.4679400000
0.1331990000	28.0356000000	2.4483300000
0.1334630000	31.2528000000	2.4715300000
0.1337260000	31.3541000000	2.4597200000
0.1339900000	28.1118000000	2.4546200000
0.1342530000	25.5237000000	2.4154100000
0.1345170000	29.6478000000	2.4312200000
0.1347800000	29.2612000000	2.4175000000
0.1350440000	30.1872000000	2.4407700000
0.1353070000	25.9898000000	2.4145900000
0.1355710000	28.9516000000	2.4239800000
0.1358340000	29.1023000000	2.4296000000
0.1360970000	27.2281000000	2.3990000000
0.1363610000	27.7953000000	2.3859900000
0.1366240000	27.9025000000	2.3818900000
0.1368880000	29.1228000000	2.4143600000
0.1371510000	28.5201000000	2.4117400000
0.1374150000	28.3579000000	2.3953200000
0.1376780000	28.6370000000	2.3790400000
0.1379420000	28.0413000000	2.3883000000
0.1382050000	27.7015000000	2.3631200000
0.1384690000	26.3989000000	2.3812000000
0.1387320000	28.0847000000	2.3693200000
0.1389960000	25.8692000000	2.4178400000
0.1392590000	26.0964000000	2.3844500000
0.1395230000	30.0635000000	2.3898400000
0.1397860000	28.9159000000	2.3808600000
0.1400490000	28.9775000000	2.3761600000
0.1403130000	25.1973000000	2.3570700000
0.1405760000	24.3240000000	2.3797800000
0.1408400000	30.6703000000	2.3797400000
0.1411030000	26.5206000000	2.3563200000
0.1413670000	29.9089000000	2.3851500000
0.1416300000	28.1134000000	2.3523300000
0.1418940000	28.7051000000	2.3584400000
0.1421570000	23.6263000000	2.3189600000
0.1424210000	26.7075000000	2.3500700000
0.1426840000	25.8549000000	2.3358500000
0.1429480000	26.5479000000	2.3513800000
0.1432110000	25.8554000000	2.3245200000
0.1434750000	26.3594000000	2.3297000000
0.1437380000	28.7553000000	2.3544000000
0.1440010000	28.2850000000	2.3412700000
0.1442650000	25.9476000000	2.3391000000
0.1445280000	22.6830000000	2.3183200000
0.1447920000	26.0756000000	2.3353000000
0.1450550000	24.7333000000	2.3134600000
0.1453190000	22.5906000000	2.2931700000
0.1455820000	22.5612000000	2.2994300000
0.1458460000	25.2163000000	2.3265300000
0.1461090000	23.9231000000	2.3182800000
0.1463730000	24.8869000000	2.3295100000
0.1466360000	24.3573000000	2.2887100000
0.1469000000	22.6471000000	2.3219100000
0.1471630000	21.9332000000	2.2852800000
0.1474270000	26.5331000000	2.3255300000
0.1476900000	24.9958000000	2.3593400000
0.1479530000	22.0449000000	2.3387100000
0.1482170000	22.0809000000	2.3873500000
0.1484800000	24.6827000000	2.3782600000
0.1487440000	24.1652000000	2.4113900000
0.1490070000	24.0375000000	2.4028800000
0.1492710000	24.5847000000	2.4417600000
0.1495340000	26.3964000000	2.4322800000
0.1497980000	19.2464000000	2.4075000000
0.1500610000	22.0636000000	2.4201500000
0.1503250000	21.1308000000	2.4435100000
0.1505880000	26.2862000000	2.4517200000
0.1508520000	24.1071000000	2.4469300000
0.1511150000	21.3285000000	2.4547200000
0.1513780000	20.6417000000	2.4616300000
0.1516420000	22.0516000000	2.4633900000
0.1519050000	23.3146000000	2.4820000000
0.1521690000	23.3113000000	2.4917600000
0.1524320000	20.6528000000	2.4547000000
0.1526960000	21.0322000000	2.4778700000
0.1529590000	23.8405000000	2.4588600000
0.1532230000	22.9654000000	2.4308700000
0.1534860000	23.5874000000	2.4130100000
0.1537500000	24.9295000000	2.4210800000
0.1540130000	20.0291000000	2.3807100000
0.1542770000	22.3889000000	2.3712500000
0.1545400000	22.8904000000	2.3730900000
0.1548040000	25.8821000000	2.3742900000
0.1550670000	23.3699000000	2.3681400000
0.1553300000	24.3721000000	2.3647500000
0.1555940000	22.0278000000	2.3339100000
0.1558570000	19.7296000000	2.3442800000
0.1561210000	18.2937000000	2.3168200000
0.1563840000	21.8273000000	2.3169800000
0.1566480000	22.0630000000	2.2958900000
0.1569110000	22.4257000000	2.3163400000
0.1571750000	24.1026000000	2.3149600000
0.1574380000	19.5168000000	2.2749600000
0.1577020000	22.7726000000	2.3174700000
0.1579650000	22.8832000000	2.2901900000
0.1582290000	22.1004000000	2.3071200000
0.1584920000	22.0436000000	2.2855500000
0.1587560000	22.9843000000	2.2744500000
0.1590190000	27.2546000000	2.3195500000
0.1592820000	21.7080000000	2.2883800000
0.1595460000	22.7199000000	2.3038600000
0.1598090000	23.2031000000	2.2627400000
0.1600730000	21.5717000000	2.2793200000
0.1603360000	20.2264000000	2.2564300000
0.1606000000	23.6648000000	2.2667900000
0.1608630000	22.2574000000	2.2727900000
0.1611270000	20.5316000000	2.2594400000
0.1613900000	22.6073000000	2.2880300000
0.1616540000	21.8845000000	2.2843200000
0.1619170000	21.2979000000	2.2455300000
0.1621810000	21.8647000000	2.2700200000
0.1624440000	18.0673000000	2.2278700000
0.1627080000	13.8647000000	2.2329100000
0.1629710000	20.2544000000	2.2481500000
0.1632340000	24.5572000000	2.2625600000
0.1634980000	24.2947000000	2.2627200000
0.1637610000	21.9309000000	2.2252200000
0.1640250000	20.4508000000	2.2287300000
0.1642880000	22.0324000000	2.2324300000
0.1645520000	21.3412000000	2.2361200000
0.1648150000	21.5813000000	2.2470000000
0.1650790000	23.9627000000	2.2452100000
0.1653420000	21.0889000000	2.2522700000
0.1656060000	21.6241000000	2.2224700000
0.1658690000	23.8620000000	2.2394700000
0.1661330000	22.6266000000	2.2432300000
0.1663960000	19.9852000000	2.2190700000
0.1666590000	20.2136000000	2.2205400000
0.1669230000	19.2898000000	2.1793100000
0.1671860000	19.6626000000	2.2105100000
0.1674500000	21.4931000000	2.2216000000
0.1677130000	19.5173000000	2.1958100000
0.1679770000	18.0711000000	2.2205700000
0.1682400000	20.5792000000	2.2141600000
0.1685040000	18.1846000000	2.1965000000
0.1687670000	18.1697000000	2.1824200000
0.1690310000	20.1808000000	2.1879200000
0.1692940000	20.4228000000	2.1981300000
0.1695580000	21.2421000000	2.1873300000
0.1698210000	18.5224000000	2.1845100000
0.1700850000	18.1047000000	2.1684200000
0.1703480000	20.5555000000	2.1895100000
0.1706110000	19.3557000000	2.1905600000
0.1708750000	16.4451000000	2.1816500000
0.1711380000	17.9988000000	2.1773800000
0.1714020000	20.0594000000	2.2054300000
0.1716650000	19.8242000000	2.1810600000
0.1719290000	18.9875000000	2.1899100000
0.1721920000	16.8853000000	2.1700900000
0.1724560000	18.4809000000	2.1760000000
0.1727190000	20.0471000000	2.1764700000
0.1729830000	17.7047000000	2.1717300000
0.1732460000	18.6673000000	2.1725100000
0.1735100000	18.6881000000	2.1707600000
0.1737730000	15.9715000000	2.1517500000
0.1740370000	17.7406000000	2.1720800000
0.1743000000	20.2289000000	2.1660800000
0.1745630000	17.1056000000	2.1614900000
0.1748270000	20.6254000000	2.2023700000
0.1750900000	16.2218000000	2.1605200000
0.1753540000	16.2675000000	2.1577800000
0.1756170000	18.3714000000	2.1736000000
0.1758810000	16.3274000000	2.1654900000
0.1761440000	16.5872000000	2.1639600000
0.1764080000	13.6008000000	2.1190400000
0.1766710000	14.4755000000	2.1280400000
0.1769350000	18.4494000000	2.1541000000
0.1771980000	19.7611000000	2.1698500000
0.1774620000	20.6089000000	2.1740200000
0.1777250000	18.8415000000	2.1456000000
0.1779890000	15.2986000000	2.1462200000
0.1782520000	15.7781000000	2.1581800000
0.1785150000	16.4752000000	2.1332900000
0.1787790000	16.2305000000	2.1334300000
0.1790420000	14.7869000000	2.1204700000
0.1793060000	16.3092000000	2.1406400000
0.1795690000	19.5080000000	2.1243800000
0.1798330000	20.7476000000	2.1457800000
0.1800960000	14.3975000000	2.1162700000
0.1803600000	16.9327000000	2.1245300000
0.1806230000	16.9997000000	2.1397600000
0.1808870000	15.5803000000	2.1220700000
0.1811500000	19.2202000000	2.1280600000
0.1814140000	15.2047000000	2.1170600000
0.1816770000	18.8120000000	2.1405000000
0.1819400000	16.2246000000	2.1170000000
0.1822040000	17.0844000000	2.1124200000
0.1824670000	17.4998000000	2.1017500000
0.1827310000	15.6340000000	2.0916400000
0.1829940000	19.3013000000	2.1387900000
0.1832580000	16.4846000000	2.1085800000
0.1835210000	13.7931000000	2.0817400000
0.1837850000	17.6054000000	2.1328000000
0.1840480000	17.4461000000	2.1030900000
0.1843120000	19.0073000000	2.1267700000
0.1845750000	18.3015000000	2.1307800000
0.1848390000	18.7346000000	2.1227300000
0.1851020000	17.0328000000	2.1085500000
0.1853660000	16.1595000000	2.0865200000
0.1856290000	15.3564000000	2.1104700000
0.1858920000	15.2198000000	2.1033800000
0.1861560000	14.8880000000	2.1042500000
0.1864190000	15.3747000000	2.0985300000
0.1866830000	17.8344000000	2.1143000000
0.1869460000	17.3227000000	2.1157600000
0.1872100000	15.7080000000	2.1191300000
0.1874730000	16.7072000000	2.1058300000
0.1877370000	17.1645000000	2.1284100000
0.1880000000	20.7424000000	2.1115200000
0.1882640000	16.1741000000	2.1217900000
0.1885270000	19.4486000000	2.1107200000
0.1887910000	17.2793000000	2.1294700000
0.1890540000	14.6066000000	2.1137800000
0.1893180000	15.7042000000	2.1172800000
0.1895810000	19.1415000000	2.1430600000
0.1898440000	16.8719000000	2.1143200000
0.1901080000	16.6765000000	2.1306400000
0.1903710000	17.7462000000	2.1171900000
0.1906350000	17.4184000000	2.1265900000
0.1908980000	18.0661000000	2.1174000000
0.1911620000	14.5801000000	2.1101700000
0.1914250000	16.1518000000	2.1293300000
0.1916890000	16.8025000000	2.1224700000
0.1919520000	13.1865000000	2.1111000000
0.1922160000	15.4368000000	2.1126600000
0.1924790000	18.1906000000	2.1096100000
0.1927430000	17.2706000000	2.1232900000
0.1930060000	18.9539000000	2.1280500000
0.1932690000	16.7019000000	2.1301900000
0.1935330000	16.2642000000	2.1289200000
0.1937960000	16.7380000000	2.1168600000
0.1940600000	18.5095000000	2.1384400000
0.1943230000	16.3349000000	2.1204700000
0.1945870000	15.7750000000	2.1203800000
0.1948500000	14.0978000000	2.0963400000
0.1951140000	15.4097000000	2.1268500000
0.1953770000	18.4165000000	2.1242500000
0.1956410000	16.3124000000	2.1084500000
0.1959040000	17.1519000000	2.1319300000
0.1961680000	14.7511000000	2.1265600000
0.1964310000	15.5228000000	2.1099100000
0.1966950000	15.4092000000	2.1098800000
0.1969580000	16.2755000000	2.1288200000
0.1972210000	17.9591000000	2.1287500000
0.1974850000	14.8295000000	2.1190900000
0.1977480000	15.4416000000	2.1221000000
0.1980120000	13.7791000000	2.1102900000
0.1982750000	14.8840000000	2.1059000000
0.1985390000	14.0777000000	2.1131500000
0.1988020000	13.3642000000	2.1022800000
0.1990660000	15.3300000000	2.1489200000
0.1993290000	12.3191000000	2.1109700000
0.1995930000	14.2953000000	2.1235600000
0.1998560000	16.9859000000	2.1350700000
0.2001200000	15.3620000000	2.1177700000
0.2003830000	13.4520000000	2.1165600000
0.2006470000	15.5117000000	2.1157600000
0.2009100000	13.1384000000	2.1188300000
0.2011730000	13.3195000000	2.0925800000
0.2014370000	13.5438000000	2.1118200000
0.2017000000	11.2560000000	2.0973200000
0.2019640000	18.1734000000	2.1187600000
0.2022270000	13.4076000000	2.1174800000
0.2024910000	12.2233000000	2.0996200000
0.2027540000	13.0571000000	2.1099200000
0.2030180000	14.1259000000	2.1000500000
0.2032810000	12.9156000000	2.1039700000
0.2035450000	15.0876000000	2.1776100000
0.2038080000	14.8514000000	2.2036400000
0.2040720000	11.8173000000	2.1948400000
0.2043350000	12.6907000000	2.2166700000
0.2045990000	14.3720000000	2.2104600000
0.2048620000	18.4071000000	2.2525200000
0.2051250000	16.9966000000	2.2490800000
0.2053890000	13.7380000000	2.2543000000
0.2056520000	18.0182000000	2.2520000000
0.2059160000	15.9009000000	2.2683300000
0.2061790000	13.8270000000	2.2734900000
0.2064430000	14.4500000000	2.2995300000
0.2067060000	16.7054000000	2.3043000000
0.2069700000	15.6445000000	2.2817200000
0.2072330000	14.7432000000	2.3115500000
0.2074970000	14.2044000000	2.3114600000
0.2077600000	14.7264000000	2.2952500000
0.2080240000	13.8961000000	2.3062800000
0.2082870000	11.5149000000	2.3253400000
0.2085500000	14.1545000000	2.3410500000
0.2088140000	14.2993000000	2.3197700000
0.2090770000	15.0496000000	2.2840200000
0.2093410000	15.5806000000	2.2621900000
0.2096040000	13.4705000000	2.2352900000
0.2098680000	14.1098000000	2.2491700000
0.2101310000	10.6534000000	2.2076100000
0.2103950000	13.3605000000	2.2282600000
0.2106580000	11.8963000000	2.2054000000
0.2109220000	14.5617000000	2.2164000000
0.2111850000	15.4472000000	2.2140400000
0.2114490000	16.5496000000	2.2556300000
0.2117120000	14.8317000000	2.2199800000
0.2119760000	11.8369000000	2.1937000000
0.2122390000	15.9213000000	2.2096000000
0.2125020000	15.8676000000	2.2083700000
0.2127660000	14.2576000000	2.2283900000
0.2130290000	14.6306000000	2.2269200000
0.2132930000	13.9540000000	2.2216100000
0.2135560000	12.5583000000	2.2111900000
0.2138200000	10.8207000000	2.2178800000
0.2140830000	10.4751000000	2.2044800000
0.2143470000	13.2203000000	2.2187300000
0.2146100000	14.5988000000	2.2075200000
0.2148740000	12.8168000000	2.2057200000
0.2151370000	14.0226000000	2.2189300000
0.2154010000	15.7717000000	2.2284400000
0.2156640000	14.8186000000	2.2346300000
0.2159280000	13.3825000000	2.2133500000
0.2161910000	9.4703100000	2.1996600000
0.2164540000	12.7118000000	2.2287300000
0.2167180000	13.6659000000	2.2364100000
0.2169810000	16.8995000000	2.2390800000
0.2172450000	13.9221000000	2.2303100000
0.2175080000	13.6701000000	2.2116700000
0.2177720000	11.6874000000	2.1975500000
0.2180350000	8.7062100000	2.1815800000
0.2182990000	14.2868000000	2.2183700000
0.2185620000	13.4392000000	2.1995200000
0.2188260000	12.1740000000	2.1946200000
0.2190890000	13.0237000000	2.2083100000
0.2193530000	16.7414000000	2.2566500000
0.2196160000	12.6968000000	2.2111600000
0.2198800000	13.4868000000	2.2077500000
0.2201430000	11.6391000000	2.1932500000
0.2204060000	14.9955000000	2.2168300000
0.2206700000	13.5424000000	2.2280800000
0.2209330000	13.6762000000	2.1833400000
0.2211970000	14.0190000000	2.2219900000
0.2214600000	14.4817000000	2.2248700000
0.2217240000	13.1084000000	2.2080000000
0.2219870000	12.3156000000	2.2274300000
0.2222510000	10.5376000000	2.2011300000
0.2225140000	12.6075000000	2.2242300000
0.2227780000	13.5496000000	2.2311900000
0.2230410000	14.0242000000	2.2258800000
0.2233050000	11.5369000000	2.2274000000
0.2235680000	13.5123000000	2.2335600000
0.2238310000	12.6566000000	2.2360400000
0.2240950000	10.1936000000	2.2205600000
0.2243580000	9.5096100000	2.2223400000
0.2246220000	12.2026000000	2.2199600000
0.2248850000	13.4339000000	2.2379600000
0.2251490000	10.5780000000	2.2512900000
0.2254120000	12.1511000000	2.2151000000
0.2256760000	14.1275000000	2.2265500000
0.2259390000	14.2790000000	2.2158800000
0.2262030000	12.2870000000	2.2178600000
0.2264660000	11.9741000000	2.2242800000
0.2267300000	14.3268000000	2.2375000000
0.2269930000	13.1338000000	2.2287100000
0.2272570000	13.8951000000	2.2120800000
0.2275200000	10.2801000000	2.2212100000
0.2277830000	12.9353000000	2.2061100000
0.2280470000	11.0252000000	2.2093500000
0.2283100000	11.9592000000	2.2235300000
0.2285740000	12.2043000000	2.2099200000
0.2288370000	12.6261000000	2.2174800000
0.2291010000	10.6985000000	2.2162800000
0.2293640000	11.3802000000	2.1991600000
0.2296280000	12.6436000000	2.2323800000
0.2298910000	13.3808000000	2.2056400000
0.2301550000	13.3403000000	2.2247900000
0.2304180000	11.0777000000	2.2130900000
0.2306820000	13.6422000000	2.2178400000
0.2309450000	11.6904000000	2.2197000000
0.2312090000	13.9749000000	2.2110200000
0.2314720000	10.9797000000	2.2112600000
0.2317350000	10.4169000000	2.1925700000
0.2319990000	10.8887000000	2.2236800000
0.2322620000	11.7144000000	2.2171300000
0.2325260000	13.6112000000	2.1939700000
0.2327890000	8.8801500000	2.2026100000
0.2330530000	8.3461700000	2.1912600000
0.2333160000	15.0537000000	2.2360100000
0.2335800000	10.0450000000	2.2149300000
0.2338430000	9.0452100000	2.2013100000
0.2341070000	8.7480000000	2.2079700000
0.2343700000	9.4969300000	2.1895600000
0.2346340000	11.2784000000	2.2199000000
0.2348970000	10.4927000000	2.2282800000
0.2351610000	10.1862000000	2.2207900000
0.2354240000	11.1572000000	2.2142000000
0.2356870000	11.9253000000	2.2021900000
0.2359510000	11.4351000000	2.2175400000
0.2362140000	11.5917000000	2.2035800000
0.2364780000	12.3341000000	2.2118400000
0.2367410000	11.5886000000	2.1852200000
0.2370050000	9.8885200000	2.2035200000
0.2372680000	12.6791000000	2.2174200000
0.2375320000	15.8476000000	2.2137200000
0.2377950000	15.5898000000	2.2125700000
0.2380590000	12.8076000000	2.1978600000
0.2383220000	14.6715000000	2.2080900000
0.2385860000	11.6518000000	2.2071200000
0.2388490000	11.1179000000	2.1999700000
0.2391120000	11.7492000000	2.1975900000
0.2393760000	8.8838300000	2.1937600000
0.2396390000	10.8970000000	2.2138500000
0.2399030000	10.5806000000	2.2046600000
0.2401660000	12.9207000000	2.2036600000
0.2404300000	14.1495000000	2.2324900000
0.2406930000	14.5394000000	2.2051100000
0.2409570000	11.0674000000	2.2107100000
0.2412200000	10.6227000000	2.1832500000
0.2414840000	14.6016000000	2.2151400000
0.2417470000	13.2108000000	2.2284600000
0.2420110000	12.7395000000	2.2171900000
0.2422740000	11.8944000000	2.2253000000
0.2425380000	14.8873000000	2.2280500000
0.2428010000	11.2294000000	2.2274300000
0.2430640000	9.6575900000	2.2057600000
0.2433280000	12.4642000000	2.1995900000
0.2435910000	13.9358000000	2.2121200000
0.2438550000	8.7827500000	2.1987500000
0.2441180000	11.7343000000	2.2319700000
0.2443820000	11.3822000000	2.2163600000
0.2446450000	12.1121000000	2.1916500000
0.2449090000	9.2033200000	2.2181300000
0.2451720000	11.9503000000	2.2211400000
0.2454360000	10.6304000000	2.2101400000
0.2456990000	8.6029500000	2.1900100000
0.2459630000	8.6923600000	2.1941900000
0.2462260000	10.3234000000	2.2172200000
0.2464900000	11.3386000000	2.2094800000
0.2467530000	10.2536000000	2.2265000000
0.2470160000	12.0174000000	2.2110400000
0.2472800000	10.9541000000	2.2392800000
0.2475430000	10.0972000000	2.2278800000
0.2478070000	7.8754900000	2.1995600000
0.2480700000	8.8796800000	2.2057300000
0.2483340000	9.7016700000	2.2054700000
0.2485970000	10.1760000000	2.2174600000
0.2488610000	12.1541000000	2.2310300000
0.2491240000	12.6555000000	2.2091100000
0.2493880000	10.4976000000	2.2251900000
0.2496510000	12.5753000000	2.1917300000
0.2499150000	11.5550000000	2.2245000000
0.2501780000	10.4234000000	2.2079700000
0.2504410000	9.6893900000	2.1847800000
0.2507050000	14.7148000000	2.2389000000
0.2509680000	14.1444000000	2.2294800000
0.2512320000	13.8442000000	2.2358600000
0.2514950000	11.5267000000	2.2114200000
0.2517590000	8.3608500000	2.1994700000
0.2520220000	9.4234300000	2.2116000000
0.2522860000	10.2174000000	2.1928800000
0.2525490000	11.3374000000	2.2123200000
0.2528130000	11.1179000000	2.1994400000
0.2530760000	12.1561000000	2.2168900000
0.2533400000	13.6012000000	2.2268800000
0.2536030000	7.2978400000	2.1984000000
0.2538670000	9.2939600000	2.2212900000
0.2541300000	10.3861000000	2.2193300000
0.2543930000	11.8956000000	2.2218200000
0.2546570000	11.9255000000	2.2083100000
0.2549200000	11.5001000000	2.2219600000
0.2551840000	10.7348000000	2.2200700000
0.2554470000	9.3189900000	2.1922500000
0.2557110000	8.7428800000	2.2058600000
0.2559740000	9.9096700000	2.1943400000
0.2562380000	11.9606000000	2.2207700000
0.2565010000	11.2461000000	2.1996600000
0.2567650000	12.1448000000	2.2186200000
0.2570280000	10.0701000000	2.2009000000
0.2572920000	11.1254000000	2.1992800000
0.2575550000	10.3018000000	2.2119200000
0.2578190000	9.3556900000	2.2006000000
0.2580820000	8.9071300000	2.1992400000
0.2583450000	9.1969200000	2.1874200000
0.2586090000	7.2639100000	2.1996800000
0.2588720000	10.7032000000	2.2193100000
0.2591360000	10.5117000000	2.2176400000
0.2593990000	13.7518000000	2.3108100000
0.2596630000	8.7655900000	2.2836800000
0.2599260000	11.7228000000	2.3154700000
0.2601900000	11.1010000000	2.3543300000
0.2604530000	8.2883300000	2.3489600000
0.2607170000	9.9704100000	2.4001800000
0.2609800000	10.2693000000	2.3877800000
0.2612440000	8.2888100000	2.3988900000
0.2615070000	7.5073100000	2.4010500000
0.2617710000	6.2759700000	2.4258600000
0.2620340000	10.0174000000	2.4854100000
0.2622970000	8.2702800000	2.4460600000
0.2625610000	10.2049000000	2.4826400000
0.2628240000	9.3510500000	2.4947800000
0.2630880000	10.1581000000	2.5109400000
0.2633510000	13.0206000000	2.5272600000
0.2636150000	10.3099000000	2.5209100000
0.2638780000	9.5577100000	2.5739400000
0.2641420000	7.1169900000	2.5547000000
0.2644050000	7.6619500000	2.5756200000
0.2646690000	8.5762400000	2.5380500000
0.2649320000	9.3805100000	2.4607200000
0.2651960000	9.3467900000	2.4414700000
0.2654590000	8.2998100000	2.3871400000
0.2657220000	6.9427700000	2.4051200000
0.2659860000	10.9113000000	2.4142800000
0.2662490000	9.9896300000	2.3797300000
0.2665130000	7.0788300000	2.3895300000
0.2667760000	9.0265300000	2.3549900000
0.2670400000	12.8967000000	2.4085200000
0.2673030000	5.3270700000	2.3307700000
0.2675670000	7.6694100000	2.3787800000
0.2678300000	10.7410000000	2.3532200000
0.2680940000	8.7632400000	2.3479600000
0.2683570000	12.0417000000	2.3531700000
0.2686210000	7.0173100000	2.3415900000
0.2688840000	11.7145000000	2.3611000000
0.2691480000	11.9594000000	2.3607000000
0.2694110000	9.7302000000	2.3663800000
0.2696740000	10.7689000000	2.3653200000
0.2699380000	9.3222000000	2.3428500000
0.2702010000	10.8430000000	2.3382000000
0.2704650000	11.0315000000	2.3471400000
0.2707280000	8.8455100000	2.3452200000
0.2709920000	11.1382000000	2.3360800000
0.2712550000	8.9163900000	2.3025600000
0.2715190000	9.3659700000	2.3122600000
0.2717820000	8.5429900000	2.3223900000
0.2720460000	8.2521300000	2.3287000000
0.2723090000	8.4797300000	2.3102800000
0.2725730000	7.2842900000	2.3096600000
0.2728360000	10.1193000000	2.3032900000
0.2731000000	12.9156000000	2.3252300000
0.2733630000	9.1760000000	2.3189100000
0.2736260000	11.5200000000	2.3151600000
0.2738900000	10.6686000000	2.3332800000
0.2741530000	8.3846100000	2.3238200000
0.2744170000	10.5209000000	2.3082200000
0.2746800000	9.2388700000	2.2871600000
0.2749440000	9.8743300000	2.2860800000
0.2752070000	10.2302000000	2.3138300000
0.2754710000	8.0170900000	2.2866000000
0.2757340000	11.3159000000	2.3043600000
0.2759980000	7.2550400000	2.2814200000
0.2762610000	9.2118300000	2.2761500000
0.2765250000	5.9039500000	2.2731000000
0.2767880000	6.7482500000	2.2576600000
0.2770520000	10.8779000000	2.2977000000
0.2773150000	7.9586800000	2.2730700000
0.2775780000	12.4346000000	2.2946100000
0.2778420000	4.0653600000	2.2438200000
0.2781050000	6.7964500000	2.2585800000
0.2783690000	9.8188000000	2.2992000000
0.2786320000	10.9486000000	2.2992800000
0.2788960000	6.7017100000	2.2666500000
0.2791590000	5.6754300000	2.2764100000
0.2794230000	12.3280000000	2.3030600000
0.2796860000	8.8823200000	2.2816500000
0.2799500000	10.1860000000	2.2770500000
0.2802130000	10.2889000000	2.2471800000
0.2804770000	9.2814100000	2.2890500000
0.2807400000	11.3522000000	2.2642900000
0.2810030000	8.6518700000	2.2804600000
0.2812670000	8.5142400000	2.2646300000
0.2815300000	9.5395100000	2.2822600000
0.2817940000	9.7293200000	2.3023900000
0.2820570000	10.6515000000	2.2712600000
0.2823210000	7.0344500000	2.2642100000
0.2825840000	4.4469500000	2.2355300000
0.2828480000	5.0709500000	2.2640000000
0.2831110000	6.3174100000	2.2655800000
0.2833750000	9.1182700000	2.2725000000
0.2836380000	9.6292300000	2.2743500000
0.2839020000	8.2633200000	2.2625400000
0.2841650000	6.7708700000	2.2588600000
0.2844290000	8.0435900000	2.2525800000
0.2846920000	9.0911100000	2.2694800000
0.2849550000	7.4103900000	2.2795200000
0.2852190000	7.5783300000	2.2566200000
0.2854820000	6.7440100000	2.2642600000
0.2857460000	8.0158900000	2.2814200000
0.2860090000	8.6476000000	2.2567300000
0.2862730000	7.0748300000	2.2697500000
0.2865360000	9.6239600000	2.2713400000
0.2868000000	8.0091900000	2.2753700000
0.2870630000	10.4782000000	2.2694000000
0.2873270000	9.0803100000	2.2710900000
0.2875900000	6.2454300000	2.2400200000
0.2878540000	5.6765700000	2.2532800000
0.2881170000	7.5503300000	2.2555300000
0.2883810000	8.8320500000	2.2861300000
0.2886440000	8.4125700000	2.2699700000
0.2889070000	11.3964000000	2.2765100000
0.2891710000	7.5358500000	2.2374600000
0.2894340000	7.5606100000	2.2395000000
0.2896980000	8.2658500000	2.2657800000
0.2899610000	7.6456000000	2.2667200000
0.2902250000	8.9105300000	2.2649600000
0.2904880000	5.4080500000	2.2319500000
0.2907520000	9.4796500000	2.2691100000
0.2910150000	8.1719900000	2.2569700000
0.2912790000	8.8000100000	2.2728700000
0.2915420000	5.9996900000	2.2383600000
0.2918060000	4.6151700000	2.2466400000
0.2920690000	8.8968400000	2.2477600000
0.2923320000	9.8856300000	2.2621300000
0.2925960000	8.9371600000	2.2559200000
0.2928590000	7.1901500000	2.2387300000
0.2931230000	7.6220000000	2.2425000000
0.2933860000	9.8042700000	2.2298700000
0.2936500000	8.5332100000	2.2500600000
0.2939130000	8.7834900000	2.2266800000
0.2941770000	7.1520800000	2.2288500000
0.2944400000	7.9948000000	2.2372500000
0.2947040000	7.4812500000	2.2342900000
0.2949670000	5.6040900000	2.2203000000
0.2952310000	6.3240900000	2.2209000000
0.2954940000	5.4306300000	2.2390800000
0.2957580000	9.3709900000	2.2462500000
0.2960210000	9.3799500000	2.2596300000
0.2962840000	8.6460100000	2.2425600000
0.2965480000	7.7787100000	2.2474200000
0.2968110000	4.8501900000	2.2024600000
0.2970750000	9.7174100000	2.2483200000
0.2973380000	5.9536900000	2.2071000000
0.2976020000	7.3449300000	2.2378200000
0.2978650000	7.3117200000	2.2481600000
0.2981290000	6.0051300000	2.2289900000
0.2983920000	8.1414800000	2.2154900000
0.2986560000	9.8030300000	2.2499100000
0.2989190000	7.7118700000	2.2399400000
0.2991830000	5.1075100000	2.2372000000
0.2994460000	6.9436000000	2.2074300000
0.2997100000	8.8518900000	2.2485200000
0.2999730000	5.7868900000	2.2418900000
0.3002360000	6.7377100000	2.2537600000
0.3005000000	9.3041600000	2.2484700000
0.3007630000	5.7458300000	2.2283200000
0.3010270000	10.3483000000	2.2622300000
0.3012900000	6.1274800000	2.2291600000
0.3015540000	8.1477500000	2.2399000000
0.3018170000	4.2282100000	2.2037800000
0.3020810000	8.6390300000	2.2522200000
0.3023440000	11.8640000000	2.2394600000
0.3026080000	7.1012100000	2.2317000000
0.3028710000	5.0109300000	2.2271400000
0.3031350000	8.5990300000	2.2389800000
0.3033980000	5.7350900000	2.2216300000
0.3036620000	7.1263600000	2.2287200000
0.3039250000	10.5690000000	2.2415000000
0.3041880000	7.5888500000	2.2378000000
0.3044520000	8.3112900000	2.2599200000
0.3047150000	5.6619200000	2.2249600000
0.3049790000	9.4732800000	2.2302600000
0.3052420000	7.3132000000	2.2205800000
0.3055060000	9.9372300000	2.2624800000
0.3057690000	5.5352400000	2.2125900000
0.3060330000	7.0220500000	2.2385700000
0.3062960000	8.6458300000	2.2421600000
0.3065600000	10.4589000000	2.2491600000
0.3068230000	6.4233500000	2.2374100000
0.3070870000	6.2928900000	2.2228000000
0.3073500000	6.9599300000	2.2304000000
0.3076130000	10.3470000000	2.2411200000
0.3078770000	5.5530300000	2.2335500000
0.3081400000	4.5440700000	2.2256000000
0.3084040000	6.0120900000	2.2444100000
0.3086670000	8.0191600000	2.2411400000
0.3089310000	6.7109500000	2.2450800000
0.3091940000	6.6725200000	2.2266900000
0.3094580000	9.3347600000	2.2596700000
0.3097210000	7.5340800000	2.2415500000
0.3099850000	9.8958500000	2.2341500000
0.3102480000	12.5444000000	2.2344700000
0.3105120000	8.7346400000	2.2336700000
0.3107750000	7.1334500000	2.2389000000
0.3110390000	4.5214400000	2.2225300000
0.3113020000	6.6917700000	2.2236700000
0.3115650000	7.6230000000	2.2485300000
0.3118290000	6.4888400000	2.2393400000
0.3120920000	10.0399000000	2.2523100000
0.3123560000	6.2520300000	2.2527800000
0.3126190000	8.1501700000	2.2293100000
0.3128830000	9.5154000000	2.2396500000
0.3131460000	8.8803700000	2.2528000000
0.3134100000	8.1534400000	2.2386600000
0.3136730000	6.0489500000	2.2233900000
0.3139370000	8.1240700000	2.2436100000
0.3142000000	6.7619500000	2.2318100000
0.3144640000	5.5766000000	2.2363500000
0.3147270000	7.4822900000	2.2381200000
0.3149910000	6.8790500000	2.2496300000
0.3152540000	4.0805300000	2.2939800000
0.3155170000	4.2921500000	2.3346500000
0.3157810000	4.3461200000	2.3701300000
0.3160440000	5.2297700000	2.3936200000
0.3163080000	6.5647300000	2.4133700000
0.3165710000	11.2050000000	2.4604600000
0.3168350000	7.3243600000	2.4764300000
0.3170980000	7.2862700000	2.4426300000
0.3173620000	8.0951300000	2.4959400000
0.3176250000	12.5046000000	2.5344700000
0.3178890000	7.0841700000	2.5271400000
0.3181520000	9.6099300000	2.5465100000
0.3184160000	10.2446000000	2.6025400000
0.3186790000	7.4780500000	2.5799000000
0.3189430000	11.4556000000	2.6174700000
0.3192060000	8.9154100000	2.5716800000
0.3194690000	6.5870700000	2.5789700000
0.3197330000	5.4473700000	2.5839400000
0.3199960000	9.1078400000	2.6198000000
0.3202600000	5.8235900000	2.6244400000
0.3205230000	6.1544800000	2.5728800000
0.3207870000	6.7103600000	2.5052200000
0.3210500000	8.8940700000	2.4952300000
0.3213140000	9.1321600000	2.4796600000
0.3215770000	8.4837600000	2.4587000000
0.3218410000	2.9672100000	2.4317900000
0.3221040000	8.0159300000	2.4382200000
0.3223680000	8.1992100000	2.4257700000
0.3226310000	8.4931700000	2.3978100000
0.3228940000	6.9322900000	2.3916100000
0.3231580000	9.7428500000	2.4133300000
0.3234210000	9.6500800000	2.3958500000
0.3236850000	7.9396300000	2.3831600000
0.3239480000	5.3950300000	2.3686200000
0.3242120000	5.5243200000	2.3928300000
0.3244750000	5.7506900000	2.3680700000
0.3247390000	4.2330400000	2.3579700000
0.3250020000	6.0425200000	2.3457800000
0.3252660000	6.2072800000	2.3565100000
0.3255290000	5.6323700000	2.3254100000
0.3257930000	4.8504300000	2.3482600000
0.3260560000	3.6457200000	2.3068100000
0.3263200000	5.5063200000	2.3393500000
0.3265830000	9.4125100000	2.3845300000
0.3268460000	6.1991600000	2.3671300000
0.3271100000	2.2154300000	2.3344700000
0.3273730000	9.3236800000	2.3474800000
0.3276370000	7.1607900000	2.3298800000
0.3279000000	5.5630900000	2.3079500000
0.3281640000	7.1017600000	2.3220100000
0.3284270000	7.2581200000	2.3276700000
0.3286910000	3.3624700000	2.3107500000
0.3289540000	7.1340000000	2.3628800000
0.3292180000	6.3007500000	2.3320600000
0.3294810000	6.2319700000	2.3202400000
0.3297450000	2.5156100000	2.3165000000
0.3300080000	4.8042900000	2.3293600000
0.3302720000	5.1136900000	2.3293300000
0.3305350000	4.3031900000	2.3092200000
0.3307980000	7.2181100000	2.3336800000
0.3310620000	8.5239600000	2.3398400000
0.3313250000	6.0446500000	2.3051300000
0.3315890000	7.6162100000	2.3116600000
0.3318520000	7.9910700000	2.3139200000
0.3321160000	6.2356100000	2.3341400000
0.3323790000	5.9941500000	2.3252400000
0.3326430000	2.5829300000	2.2941900000
0.3329060000	5.8084500000	2.2788600000
0.3331700000	8.1588700000	2.3201100000
0.3334330000	8.6113500000	2.3213800000
0.3336970000	7.0957700000	2.3043100000
0.3339600000	6.4667500000	2.2834200000
0.3342240000	6.3347600000	2.2975400000
0.3344870000	5.8949700000	2.2949100000
0.3347500000	7.9782100000	2.2919800000
0.3350140000	5.9760900000	2.2752000000
0.3352770000	4.4272500000	2.2865400000
0.3355410000	6.3845700000	2.2864700000
0.3358040000	4.1539100000	2.2591700000
0.3360680000	4.0909700000	2.2699600000
0.3363310000	8.0640100000	2.2785900000
0.3365950000	7.1618000000	2.2990600000
0.3368580000	4.9398400000	2.2802900000
0.3371220000	4.8283300000	2.2764800000
0.3373850000	8.2670500000	2.2724700000
0.3376490000	10.7422000000	2.3020200000
0.3379120000	7.4740500000	2.3023000000
0.3381750000	6.3431900000	2.2728600000
0.3384390000	5.8208000000	2.2749800000
0.3387020000	4.1394000000	2.2703000000
0.3389660000	7.1673900000	2.2890400000
0.3392290000	6.9842400000	2.2668600000
0.3394930000	4.8904800000	2.2686200000
0.3397560000	6.3329600000	2.2777500000
0.3400200000	5.2259900000	2.2702700000
0.3402830000	6.8795200000	2.2656600000
0.3405470000	7.4768100000	2.2704400000
0.3408100000	8.4321200000	2.2651200000
0.3410740000	7.4494300000	2.3080900000
0.3413370000	7.8660400000	2.2868600000
0.3416010000	6.4695600000	2.2751700000
0.3418640000	4.1625100000	2.2919800000
0.3421270000	3.4746800000	2.2640800000
0.3423910000	3.7793100000	2.2737500000
0.3426540000	7.9389300000	2.2713400000
0.3429180000	7.0972800000	2.2908900000
0.3431810000	6.8191600000	2.2883500000
0.3434450000	8.0498800000	2.3094000000
0.3437080000	7.9550400000	2.2965500000
0.3439720000	5.9732300000	2.2886700000
0.3442350000	6.8689200000	2.2781300000
0.3444990000	6.5982100000	2.2826800000
0.3447620000	8.1903700000	2.2532000000
0.3450260000	5.7306800000	2.2797100000
0.3452890000	7.8815100000	2.2707600000
0.3455530000	4.2575500000	2.2678500000
0.3458160000	7.6918500000	2.2962100000
0.3460790000	5.1220300000	2.2565300000
0.3463430000	4.0118700000	2.2575900000
0.3466060000	4.7610000000	2.2703000000
0.3468700000	4.0458000000	2.2739300000
0.3471330000	7.4757500000	2.2675900000
0.3473970000	8.7401200000	2.2823500000
0.3476600000	8.6374700000	2.2695800000
0.3479240000	9.8006400000	2.3169200000
0.3481870000	2.9338300000	2.2706600000
0.3484510000	4.7863600000	2.2637900000
0.3487140000	3.3037500000	2.2471700000
0.3489780000	5.0316400000	2.2708000000
0.3492410000	4.6897700000	2.2625400000
0.3495040000	7.3884700000	2.2450500000
0.3497680000	8.9188700000	2.2749300000
0.3500310000	10.5205000000	2.2975400000
0.3502950000	6.7729500000	2.2691100000
0.3505580000	7.7898000000	2.2615000000
0.3508220000	6.5982400000	2.2664200000
0.3510850000	7.6253200000	2.2530300000
0.3513490000	4.1262500000	2.2842900000
0.3516120000	6.7811300000	2.2723500000
0.3518760000	6.4280700000	2.2710600000
0.3521390000	8.2372300000	2.2675500000
0.3524030000	8.1701900000	2.2633600000
0.3526660000	5.6671600000	2.2628900000
0.3529300000	4.8294300000	2.2705400000
0.3531930000	5.7982900000	2.2764600000
0.3534560000	4.6295500000	2.2715400000
0.3537200000	9.5913500000	2.2763000000
0.3539830000	7.2123900000	2.2622000000
0.3542470000	6.7679200000	2.2551500000
0.3545100000	6.2847900000	2.2387300000
0.3547740000	4.3281500000	2.2439400000
0.3550370000	6.0182100000	2.2432200000
0.3553010000	8.3650900000	2.2807900000
0.3555640000	4.9529900000	2.2672800000
0.3558280000	6.6477900000	2.2803400000
0.3560910000	5.4404000000	2.2475200000
0.3563550000	5.2697900000	2.2779000000
0.3566180000	8.8109500000	2.2818800000
0.3568820000	6.3440100000	2.2562500000
0.3571450000	7.7210700000	2.2642000000
0.3574080000	5.8895500000	2.2695300000
0.3576720000	6.6429100000	2.2646400000
0.3579350000	9.2547200000	2.2723000000
0.3581990000	5.7099100000	2.2676300000
0.3584620000	3.9669100000	2.2377800000
0.3587260000	5.4280800000	2.2548000000
0.3589890000	7.7390100000	2.2632400000
0.3592530000	3.2909700000	2.2449500000
0.3595160000	3.7798900000	2.2665200000
0.3597800000	7.4711700000	2.2869800000
0.3600430000	5.0331200000	2.2466300000
0.3603070000	7.2637300000	2.2659400000
0.3605700000	5.2216000000	2.2441700000
0.3608340000	6.5658700000	2.2460500000
0.3610970000	5.5112900000	2.2574300000
0.3613600000	6.4371200000	2.2374400000
0.3616240000	7.0262300000	2.2626700000
0.3618870000	8.1898700000	2.2607300000
0.3621510000	7.0073900000	2.2632200000
0.3624140000	4.6786500000	2.2651500000
0.3626780000	4.5147300000	2.2653000000
0.3629410000	5.9886800000	2.2419800000
0.3632050000	6.0672800000	2.2574800000
0.3634680000	4.7222100000	2.2397600000
0.3637320000	4.3039300000	2.2448600000
0.3639950000	8.1140400000	2.2746900000
0.3642590000	9.3826900000	2.2947800000
0.3645220000	5.7594900000	2.2855600000
0.3647850000	4.5588900000	2.2609900000
0.3650490000	5.2438400000	2.2399500000
0.3653120000	2.2355300000	2.2530400000
0.3655760000	6.5535700000	2.2769000000
0.3658390000	8.1183900000	2.2612900000
0.3661030000	7.6803700000	2.2777100000
0.3663660000	4.6917600000	2.2636700000
0.3666300000	3.7881700000	2.2663800000
0.3668930000	6.2406500000	2.2684400000
0.3671570000	4.6486500000	2.2580600000
0.3674200000	4.7636400000	2.2485600000
0.3676840000	4.6833600000	2.2756200000
0.3679470000	8.1050700000	2.2907900000
0.3682110000	4.9443600000	2.2502600000
0.3684740000	7.2604000000	2.2662600000
0.3687370000	7.5626500000	2.2717100000
0.3690010000	5.7249900000	2.2909300000
0.3692640000	5.4603500000	2.2951500000
0.3695280000	3.7038900000	2.2704200000
0.3697910000	4.2605200000	2.2553500000
0.3700550000	2.7447500000	2.2397200000
0.3703180000	9.7477300000	2.2838900000
0.3705820000	8.0534800000	2.2766300000
0.3708450000	7.9334300000	2.3024900000
0.3711090000	3.3464300000	2.3582700000
0.3713720000	5.5128800000	2.3716500000
0.3716360000	3.9639300000	2.4044300000
0.3718990000	3.0567500000	2.4042000000
0.3721630000	5.3283900000	2.4671600000
0.3724260000	7.3060000000	2.5107000000
0.3726890000	6.8970100000	2.5310000000
0.3729530000	5.7675700000	2.5366600000
0.3732160000	6.2855600000	2.5685500000
0.3734800000	8.5009200000	2.5997300000
0.3737430000	7.5279200000	2.5915200000
0.3740070000	5.1432700000	2.5952100000
0.3742700000	7.3153500000	2.6455200000
0.3745340000	6.1921900000	2.6451600000
0.3747970000	8.3187600000	2.6918700000
0.3750610000	4.6801100000	2.6538100000
0.3753240000	6.1666900000	2.7465200000
0.3755880000	3.6670100000	2.7540000000
0.3758510000	8.4417500000	2.8013300000
0.3761150000	10.1759000000	2.7884300000
0.3763780000	9.3647100000	2.7854500000
0.3766410000	5.8975700000	2.6804000000
0.3769050000	8.8374100000	2.6598000000
0.3771680000	4.5059500000	2.6268300000
0.3774320000	6.9147500000	2.6112900000
0.3776950000	5.9509600000	2.6023500000
0.3779590000	7.8329200000	2.5856800000
0.3782220000	5.9174500000	2.5155600000
0.3784860000	5.8192800000	2.5330600000
0.3787490000	3.2385900000	2.5257800000
0.3790130000	6.7751900000	2.5348800000
0.3792760000	5.2888300000	2.5334900000
0.3795400000	6.1484400000	2.5118200000
0.3798030000	3.0643500000	2.5050100000
0.3800660000	7.4957200000	2.5391900000
0.3803300000	0.9651070000	2.5071700000
0.3805930000	2.2585100000	2.5153600000
0.3808570000	6.4430900000	2.5286500000
0.3811200000	4.6046900000	2.4888500000
0.3813840000	5.5740700000	2.5133100000
0.3816470000	8.9931900000	2.5163300000
0.3819110000	6.2947600000	2.4783500000
0.3821740000	6.1259600000	2.4969100000
0.3824380000	1.1899500000	2.4585400000
0.3827010000	2.0328000000	2.4748100000
0.3829650000	3.4406700000	2.4804900000
0.3832280000	9.8993700000	2.4716600000
0.3834920000	7.1016500000	2.5118100000
0.3837550000	8.2122400000	2.5310300000
0.3840180000	2.9977600000	2.4951700000
0.3842820000	1.8572100000	2.4905100000
0.3845450000	6.0365600000	2.5256800000
0.3848090000	5.0306000000	2.5182700000
0.3850720000	4.2639500000	2.5090600000
0.3853360000	4.1520100000	2.5195200000
0.3855990000	7.8332000000	2.5316000000
0.3858630000	5.4490400000	2.5171500000
0.3861260000	7.1241200000	2.5392300000
0.3863900000	1.5257200000	2.4957900000
0.3866530000	5.1176300000	2.5045700000
0.3869170000	3.5872900000	2.5095500000
0.3871800000	1.7326300000	2.5121800000
0.3874440000	4.8052400000	2.5360400000
0.3877070000	4.1224100000	2.5087500000
0.3879700000	5.6676800000	2.5207000000
0.3882340000	4.6489500000	2.5415500000
0.3884970000	5.6607100000	2.5196500000
0.3887610000	8.0603900000	2.5353200000
0.3890240000	7.2970300000	2.5516400000
0.3892880000	7.4439900000	2.5514900000
0.3895510000	4.0074800000	2.5339300000
0.3898150000	6.9211200000	2.5379700000
0.3900780000	3.3568400000	2.5164700000
0.3903420000	6.2657300000	2.5422200000
0.3906050000	3.0041500000	2.5094600000
0.3908690000	9.4842300000	2.5613000000
0.3911320000	8.5006000000	2.5636500000
0.3913960000	7.4929500000	2.5638600000
0.3916590000	9.4292100000	2.5678000000
0.3919220000	1.9505100000	2.5106000000
0.3921860000	4.4664500000	2.5415300000
0.3924490000	2.5170800000	2.5080900000
0.3927130000	1.8343300000	2.5250700000
0.3929760000	4.1536100000	2.5317000000
0.3932400000	6.0624700000	2.5850700000
0.3935030000	3.7730800000	2.5276600000
0.3937670000	6.9230800000	2.5823700000
0.3940300000	5.7567600000	2.5438400000
0.3942940000	6.0459700000	2.5720900000
0.3945570000	5.8888000000	2.5653000000
0.3948210000	2.0311500000	2.5591400000
0.3950840000	0.8307200000	2.5620900000
0.3953470000	4.4085600000	2.5473900000
0.3956110000	4.8788000000	2.5479900000
0.3958740000	3.3939700000	2.5615000000
0.3961380000	0.7604930000	2.5693500000
0.3964010000	2.4782700000	2.5589800000
0.3966650000	5.2923100000	2.5692700000
0.3969280000	6.2309500000	2.5813800000
0.3971920000	4.2103200000	2.5529500000
0.3974550000	1.7609100000	2.5039000000
0.3977190000	4.8792300000	2.5318600000
0.3979820000	7.1142300000	2.5541700000
0.3982460000	4.4389700000	2.5290100000
0.3985090000	4.2686100000	2.5557700000
0.3987730000	5.0469900000	2.5377500000
0.3990360000	7.4680100000	2.5378600000
0.3992990000	9.2413900000	2.5372400000
0.3995630000	3.7325500000	2.5263500000
0.3998260000	2.1986900000	2.4745500000
0.4000900000	8.4731500000	2.5593300000
0.4003530000	2.6535700000	2.5409600000
0.4006170000	4.2419500000	2.5523800000
0.4008800000	5.7786300000	2.5442500000
0.4011440000	8.4222000000	2.5584300000
0.4014070000	8.9319500000	2.5995700000
0.4016710000	4.5041300000	2.5833000000
0.4019340000	2.7535700000	2.5670600000
0.4021980000	4.7056700000	2.5872200000
0.4024610000	3.8331100000	2.5820000000
0.4027250000	6.7021200000	2.6231500000
0.4029880000	2.7564800000	2.6036900000
0.4032510000	7.1869700000	2.6010600000
0.4035150000	5.3591900000	2.6168600000
0.4037780000	4.4411300000	2.6271800000
0.4040420000	5.3885600000	2.6280100000
0.4043050000	4.6400300000	2.5994000000
0.4045690000	5.5704800000	2.6239200000
0.4048320000	5.0486700000	2.6072600000
0.4050960000	3.0557100000	2.6230000000
0.4053590000	4.6457600000	2.6264000000
0.4056230000	6.4970800000	2.6416100000
0.4058860000	8.2989200000	2.6224900000
0.4061500000	6.8960100000	2.6399100000
0.4064130000	1.9930000000	2.5957600000
0.4066760000	2.7351200000	2.6488800000
0.4069400000	5.8944000000	2.6616600000
0.4072030000	3.4954700000	2.6255700000
0.4074670000	5.9131500000	2.6566000000
0.4077300000	8.4259600000	2.6856200000
0.4079940000	5.6842800000	2.6960200000
0.4082570000	5.0798000000	2.6673400000
0.4085210000	2.8129700000	2.6365400000
0.4087840000	5.1129500000	2.6591900000
0.4090480000	1.2986900000	2.6566300000
0.4093110000	3.2864400000	2.6805300000
0.4095750000	5.3377100000	2.6786200000
0.4098380000	1.0821300000	2.6217600000
0.4101020000	5.2680100000	2.7175500000
0.4103650000	7.9167500000	2.7261300000
0.4106280000	5.1584800000	2.6586000000
0.4108920000	1.5300500000	2.6800600000
0.4111550000	2.4306400000	2.6674000000
0.4114190000	7.3060100000	2.7062500000
0.4116820000	2.6058100000	2.6807200000
0.4119460000	4.6982500000	2.6951400000
0.4122090000	2.0301900000	2.6740200000
0.4124730000	4.9606800000	2.6804200000
0.4127360000	5.9941700000	2.6949700000
0.4130000000	5.7494800000	2.7159400000
0.4132630000	3.9329300000	2.7106200000
0.4135270000	5.7773700000	2.7384100000
0.4137900000	8.3455500000	2.7712800000
0.4140540000	7.2789100000	2.7313800000
0.4143170000	7.8479100000	2.7575000000
0.4145800000	5.5816700000	2.7064700000
0.4148440000	9.0716800000	2.7605100000
0.4151070000	5.1520300000	2.6937700000
0.4153710000	4.4501600000	2.7242100000
0.4156340000	9.6244400000	2.7203200000
0.4158980000	9.5809300000	2.7252700000
0.4161610000	5.3735600000	2.6828500000
0.4164250000	5.2037100000	2.7275300000
0.4166880000	5.2978400000	2.7121800000
0.4169520000	7.2773100000	2.7309400000
0.4172150000	4.3225900000	2.7028800000
0.4174790000	7.2382900000	2.7409200000
0.4177420000	7.0635200000	2.7146500000
0.4180060000	8.1348000000	2.7387100000
0.4182690000	3.9352700000	2.7386000000
0.4185320000	6.0023600000	2.7207100000
0.4187960000	4.9176100000	2.7266000000
0.4190590000	3.5577100000	2.7011800000
0.4193230000	11.2863000000	2.7782700000
0.4195860000	9.1593100000	2.7897800000
0.4198500000	2.1078100000	2.7389400000
0.4201130000	4.2835700000	2.7364500000
0.4203770000	4.2412500000	2.7750400000
0.4206400000	3.3491100000	2.7934700000
0.4209040000	3.1122000000	2.8012000000
0.4211670000	-1.6016300000	2.7743100000
0.4214310000	0.6292130000	2.8206800000
0.4216940000	0.8805070000	2.7911400000
0.4219570000	8.6199500000	2.8181400000
0.4222210000	4.7999500000	2.7800800000
0.4224840000	4.7162000000	2.7963800000
0.4227480000	6.0346900000	2.8346800000
0.4230110000	10.3374000000	2.8517600000
0.4232750000	6.8906800000	2.8258300000
0.4235380000	4.3082500000	2.8177700000
0.4238020000	1.2317900000	2.8606600000
0.4240650000	4.3495300000	2.8408700000
0.4243290000	7.1187200000	2.8909500000
0.4245920000	3.3923500000	2.8716700000
0.4248560000	2.8716700000	2.8846800000
0.4251190000	3.0817100000	2.8907400000
0.4253830000	5.1286900000	2.8982100000
0.4256460000	7.8885900000	2.8982900000
0.4259090000	4.4738100000	2.8874800000
0.4261730000	4.9082800000	2.9214300000
0.4264360000	6.0438500000	2.9486200000
0.4267000000	6.7527300000	3.0606800000
0.4269630000	4.0254100000	3.1564600000
0.4272270000	7.2216500000	3.3583300000
0.4274900000	4.0690800000	3.3621300000
0.4277540000	4.7787900000	3.4582300000
0.4280170000	5.0924300000	3.5267500000
0.4282810000	6.0782500000	3.6387600000
0.4285440000	5.4978100000	3.5685800000
0.4288080000	1.1037700000	3.5522200000
0.4290710000	5.7110500000	3.6850600000
0.4293350000	5.3390000000	3.7250800000
0.4295980000	1.0340100000	3.7691100000
0.4298610000	-1.8373600000	3.7083400000
0.4301250000	4.5572500000	3.7782000000
0.4303880000	5.0494100000	3.7591800000
0.4306520000	4.9454700000	3.7675500000
0.4309150000	5.2471700000	3.7808000000
0.4311790000	4.3733600000	3.8620700000
0.4314420000	1.0628700000	3.9253600000
0.4317060000	5.9209300000	3.9581000000
0.4319690000	3.5472300000	3.9047500000
0.4322330000	0.4236270000	4.0101900000
0.4324960000	3.9597600000	3.9800000000
0.4327600000	5.7072800000	4.0460700000
0.4330230000	4.7682300000	4.1078000000
0.4332870000	1.7556100000	4.1126300000
0.4335500000	5.3301100000	4.1845300000
0.4338130000	2.6141700000	4.1578800000
0.4340770000	7.5550500000	4.2028900000
0.4343400000	4.1733900000	4.2868900000
0.4346040000	4.0666900000	4.2577400000
0.4348670000	5.8616000000	4.2539200000
0.4351310000	-0.2249600000	4.3030400000
0.4353940000	3.7010400000	4.3462200000
0.4356580000	0.9579730000	4.3620000000
0.4359210000	2.1478100000	4.2946900000
0.4361850000	-2.9177100000	4.3606700000
0.4364480000	2.5984300000	4.3995200000
0.4367120000	7.1798400000	4.4076100000
0.4369750000	7.7412100000	4.5809600000
0.4372380000	6.1097500000	4.5669400000
0.4375020000	5.9392500000	4.6901400000
0.4377650000	2.7106700000	4.6944400000
0.4380290000	-1.0267200000	4.6370800000
0.4382920000	4.5206700000	4.6096500000
0.4385560000	6.5612900000	4.6782200000
0.4388190000	12.3333000000	4.7735200000
0.4390830000	13.3722000000	4.9299300000
0.4393460000	6.0245900000	4.8221100000
0.4396100000	4.9902100000	4.8638800000
0.4398730000	5.6366100000	4.7728400000
0.4401370000	-0.2793070000	4.8249000000
0.4404000000	3.2477900000	4.9397600000
0.4406640000	10.8905000000	5.1160200000
0.4409270000	1.9215900000	4.9455500000
0.4411900000	7.9291300000	5.0761700000
0.4414540000	7.3686800000	5.0683700000
0.4417170000	2.2292500000	5.0460700000
0.4419810000	7.2584400000	5.1026500000
0.4422440000	12.2927000000	5.2086800000
0.4425080000	5.6828000000	5.2460700000
0.4427710000	5.8871700000	5.2730700000
0.4430350000	5.2104400000	5.2569800000
0.4432980000	1.6673700000	5.2859000000
0.4435620000	9.2095200000	5.4750200000
0.4438250000	4.9793900000	5.4963300000
0.4440890000	-2.0072400000	5.4638500000
0.4443520000	-0.1648670000	5.4682300000
0.4446160000	11.3006000000	5.6857600000
0.4448790000	-1.0428800000	5.4839400000
0.4451420000	7.4377300000	5.6162200000
0.4454060000	2.2522500000	5.5647600000
0.4456690000	-1.2180100000	5.6731000000
0.4459330000	6.8310000000	5.8649400000
0.4461960000	-0.1413470000	5.7391400000
0.4464600000	2.1220700000	5.8772900000
0.4467230000	-1.4113600000	5.9665600000
0.4469870000	5.8333600000	6.0550800000
0.4472500000	11.5624000000	6.1926300000
0.4475140000	6.2093900000	6.0999500000
0.4477770000	0.5485870000	6.1663800000
0.4480410000	1.7164300000	5.9775700000
0.4483040000	-7.2095500000	5.8958100000
0.4485680000	-2.1509500000	6.1361400000
0.4488310000	5.8565600000	6.1070800000
0.4490940000	1.2632100000	6.2463200000
0.4493580000	10.2110000000	6.5198000000
0.4496210000	-0.1608130000	6.3529300000
0.4498850000	2.6255100000	6.4644200000
0.4501480000	1.4874800000	6.8950600000
0.4504120000	14.8059000000	6.8352600000
0.4506750000	12.3924000000	7.1651600000
0.4509390000	20.6327000000	11.4880000000
