### DATA:
#
# 1249
#      Q             I(Q)           Error     
4.60056169E-03  6.26716584E-05  4.22397955E-06
4.88809666E-03  6.86895778E-05  3.09732543E-06
5.17563161E-03  6.15678539E-05  3.38182464E-06
5.46316653E-03  5.31455055E-05  4.73073457E-06
5.75070142E-03  5.16725746E-05  6.37534858E-06
6.03823629E-03  4.44636225E-05  6.31299801E-06
6.32577112E-03  4.15203441E-05  5.48741730E-06
6.61330592E-03  4.50068360E-05  5.52232468E-06
6.90084069E-03  4.34299700E-05  5.18187323E-06
7.18837542E-03  4.72476433E-05  5.40700564E-06
7.47591012E-03  4.54936921E-05  4.80475721E-06
7.76344478E-03  4.64403674E-05  4.84237262E-06
8.05097940E-03  4.54191587E-05  4.76583328E-06
8.33851398E-03  4.84719382E-05  4.59030388E-06
8.62604852E-03  4.77034121E-05  4.27211863E-06
8.91358301E-03  4.99418428E-05  3.97935016E-06
9.20111746E-03  4.93361907E-05  3.94270021E-06
9.48865187E-03  5.28125200E-05  3.34926013E-06
9.77618622E-03  5.04345102E-05  3.28801545E-06
1.00637205E-02  5.34315279E-05  3.38507250E-06
1.03512548E-02  5.49825799E-05  3.23610873E-06
1.06387890E-02  5.38602463E-05  2.98107298E-06
1.09263231E-02  5.64902748E-05  2.79407017E-06
1.12138572E-02  5.82413852E-05  2.95336240E-06
1.15013913E-02  6.19469389E-05  3.00272200E-06
1.17889253E-02  5.97846580E-05  2.55561148E-06
1.20764592E-02  5.80577381E-05  2.28252820E-06
1.23639930E-02  5.73643662E-05  1.91259799E-06
1.26515268E-02  5.99359589E-05  1.75831374E-06
1.29390606E-02  5.85975824E-05  1.51957775E-06
1.32265942E-02  5.92602326E-05  1.40404215E-06
1.35141278E-02  5.82228760E-05  1.29581624E-06
1.38016614E-02  5.75219455E-05  1.28433874E-06
1.40891949E-02  5.80168574E-05  1.19476308E-06
1.43767282E-02  5.80667705E-05  1.17636062E-06
1.46642616E-02  5.69981206E-05  1.09537790E-06
1.49517948E-02  5.61468399E-05  1.15488337E-06
1.52393280E-02  5.67936419E-05  1.10295926E-06
1.55268611E-02  5.64040647E-05  1.12320273E-06
1.58143941E-02  5.51986754E-05  1.13864495E-06
1.61019271E-02  5.57661816E-05  1.13323150E-06
1.63894599E-02  5.54480951E-05  1.04498407E-06
1.66769927E-02  5.79534385E-05  1.00397777E-06
1.69645254E-02  5.74153994E-05  1.00035807E-06
1.72520580E-02  5.73997585E-05  9.81257896E-07
1.75395905E-02  5.54468870E-05  9.51586367E-07
1.78271229E-02  5.63432034E-05  9.53314283E-07
1.81146553E-02  5.67809010E-05  9.35666870E-07
1.84021875E-02  5.55358259E-05  9.38879065E-07
1.86897197E-02  5.64215896E-05  8.89569685E-07
1.89772518E-02  5.59331898E-05  8.72639801E-07
1.92647837E-02  5.55481006E-05  8.76458288E-07
1.95523156E-02  5.61258498E-05  8.51230115E-07
1.98398474E-02  5.49692588E-05  8.25889504E-07
2.01273790E-02  5.55710242E-05  7.88309514E-07
2.04149106E-02  5.40693830E-05  8.18261306E-07
2.07024421E-02  5.42811111E-05  7.76420841E-07
2.09899735E-02  5.28400210E-05  8.02061778E-07
2.12775047E-02  5.49782332E-05  7.80752987E-07
2.15650359E-02  5.35278912E-05  7.42811567E-07
2.18525669E-02  5.36396918E-05  7.91287681E-07
2.21400979E-02  5.36706897E-05  7.44548977E-07
2.24276287E-02  5.22430350E-05  7.73372018E-07
2.27151594E-02  5.09774820E-05  7.32126623E-07
2.30026900E-02  5.36597546E-05  7.37357667E-07
2.32902205E-02  5.16413375E-05  7.46194405E-07
2.35777508E-02  5.10176553E-05  7.13795279E-07
2.38652811E-02  5.03844244E-05  7.16161795E-07
2.41528112E-02  5.23403988E-05  7.07102851E-07
2.44403412E-02  5.11760919E-05  7.07939610E-07
2.47278711E-02  4.94219586E-05  7.11880804E-07
2.50154008E-02  5.06298987E-05  6.85815150E-07
2.53029305E-02  5.18323638E-05  6.93379894E-07
2.55904600E-02  4.99391473E-05  6.74914402E-07
2.58779894E-02  4.94844961E-05  6.44978816E-07
2.61655186E-02  4.95577815E-05  6.41628466E-07
2.64530477E-02  4.89027802E-05  6.22465611E-07
2.67405767E-02  5.03661171E-05  6.24863414E-07
2.70281055E-02  4.92152072E-05  6.11105069E-07
2.73156342E-02  4.96188541E-05  6.07571970E-07
2.76031628E-02  4.94148667E-05  6.16064281E-07
2.78906913E-02  4.93928397E-05  5.95720607E-07
2.81782195E-02  4.82836295E-05  6.05532640E-07
2.84657477E-02  4.84612497E-05  5.84232330E-07
2.87532757E-02  4.76041265E-05  5.90696203E-07
2.90408036E-02  4.90332339E-05  5.94594702E-07
2.93283313E-02  4.68599592E-05  5.92713072E-07
2.96158589E-02  4.74930360E-05  5.96800046E-07
2.99033863E-02  4.59998738E-05  5.67802329E-07
3.01909135E-02  4.67390539E-05  5.91037016E-07
3.04784407E-02  4.55443453E-05  5.81842205E-07
3.07659676E-02  4.58999281E-05  5.65683380E-07
3.10534944E-02  4.56518247E-05  5.86089285E-07
3.13410211E-02  4.59824453E-05  5.69305529E-07
3.16285476E-02  4.54621237E-05  5.75972141E-07
3.19160739E-02  4.62625933E-05  5.58744131E-07
3.22036001E-02  4.49215324E-05  5.62891792E-07
3.24911261E-02  4.52360151E-05  5.62911117E-07
3.27786520E-02  4.52248924E-05  5.52640065E-07
3.30661777E-02  4.39826622E-05  5.64494692E-07
3.33537032E-02  4.43545020E-05  5.50846001E-07
3.36412285E-02  4.40828207E-05  5.50051265E-07
3.39287537E-02  4.39873755E-05  5.43982633E-07
3.42162787E-02  4.46266567E-05  5.56173714E-07
3.45038036E-02  4.39546700E-05  5.56110621E-07
3.47913282E-02  4.24433374E-05  5.41124803E-07
3.50788527E-02  4.23679144E-05  5.37813889E-07
3.53663771E-02  4.20282331E-05  5.38679699E-07
3.56539012E-02  4.12243378E-05  5.42316894E-07
3.59414251E-02  4.36659840E-05  5.30534503E-07
3.62289489E-02  4.19130591E-05  5.28801149E-07
3.65164725E-02  4.17558915E-05  5.45836385E-07
3.68039959E-02  4.11929130E-05  5.26209695E-07
3.70915192E-02  4.10098797E-05  5.31028119E-07
3.73790422E-02  4.01514798E-05  5.06646732E-07
3.76665651E-02  3.98163176E-05  5.08340313E-07
3.79540877E-02  3.90182761E-05  5.16057689E-07
3.82416102E-02  3.92331822E-05  5.07770853E-07
3.85291325E-02  3.88717319E-05  5.15837606E-07
3.88166546E-02  3.86589379E-05  5.09899248E-07
3.91041764E-02  3.93920406E-05  5.15993503E-07
3.93916981E-02  3.84376990E-05  5.11698306E-07
3.96792196E-02  3.93615839E-05  5.02952636E-07
3.99667409E-02  3.86438464E-05  5.04131223E-07
4.02542620E-02  3.71985091E-05  5.01302842E-07
4.05417829E-02  3.71787869E-05  5.08946439E-07
4.08293036E-02  3.80763337E-05  4.93807060E-07
4.11168241E-02  3.75716524E-05  4.96856762E-07
4.14043444E-02  3.65842240E-05  5.01480390E-07
4.16918644E-02  3.63272335E-05  4.97376386E-07
4.19793843E-02  3.61654842E-05  4.92426480E-07
4.22669039E-02  3.58729025E-05  4.83084314E-07
4.25544234E-02  3.64824817E-05  4.90706743E-07
4.28419426E-02  3.42467754E-05  4.91608334E-07
4.31294616E-02  3.57151938E-05  4.88263875E-07
4.34169804E-02  3.50597960E-05  4.79145711E-07
4.37044990E-02  3.41967774E-05  4.76856362E-07
4.39920173E-02  3.46308599E-05  4.73939946E-07
4.42795354E-02  3.38128537E-05  4.68053053E-07
4.45670534E-02  3.42811486E-05  4.72326301E-07
4.48545710E-02  3.45523677E-05  4.90383059E-07
4.51420885E-02  3.43523123E-05  4.90391633E-07
4.54296057E-02  3.36693093E-05  4.98309640E-07
4.57171227E-02  3.39043128E-05  4.88413326E-07
4.60046395E-02  3.33988365E-05  5.06920435E-07
4.62921560E-02  3.42980723E-05  5.06458418E-07
4.65796723E-02  3.36594243E-05  5.10891573E-07
4.68671884E-02  3.36017780E-05  5.11033189E-07
4.71547042E-02  3.35153445E-05  5.00773055E-07
4.74422198E-02  3.28193935E-05  5.24469299E-07
4.77297352E-02  3.16846641E-05  5.07676652E-07
4.80172503E-02  3.26822269E-05  5.10651094E-07
4.83047652E-02  3.15475512E-05  5.01440422E-07
4.85922798E-02  3.25964745E-05  5.03078886E-07
4.88797942E-02  3.25146790E-05  5.19148433E-07
4.91673084E-02  3.17745420E-05  5.02820308E-07
4.94548223E-02  3.05587078E-05  4.96447857E-07
4.97423359E-02  3.09721382E-05  5.14178334E-07
5.00298493E-02  3.13042322E-05  4.98762059E-07
5.03173625E-02  3.02243542E-05  5.12110827E-07
5.06048754E-02  3.13167835E-05  4.95643071E-07
5.08923880E-02  3.09878217E-05  5.00051219E-07
5.11799004E-02  3.07795235E-05  5.08703012E-07
5.14674125E-02  2.96174427E-05  5.00531223E-07
5.17549244E-02  2.93782101E-05  5.10015963E-07
5.20424360E-02  3.00513697E-05  4.95976578E-07
5.23299474E-02  2.91498133E-05  4.98816123E-07
5.26174584E-02  2.79100210E-05  4.90683004E-07
5.29049693E-02  2.92736497E-05  4.86314636E-07
5.31924798E-02  2.80310266E-05  5.01723382E-07
5.34799901E-02  2.85909163E-05  4.88238729E-07
5.37675001E-02  2.85928246E-05  4.99512977E-07
5.40550099E-02  2.84846755E-05  4.92956799E-07
5.43425193E-02  2.96931072E-05  4.94516953E-07
5.46300285E-02  2.68572204E-05  4.96985906E-07
5.49175375E-02  2.80097783E-05  4.70626057E-07
5.52050461E-02  2.66888208E-05  4.84112246E-07
5.54925545E-02  2.69252824E-05  4.79899378E-07
5.57800626E-02  2.76993743E-05  4.85615426E-07
5.60675704E-02  2.67013865E-05  4.82785648E-07
5.63550779E-02  2.63944211E-05  4.86732202E-07
5.66425852E-02  2.57839538E-05  4.93294497E-07
5.69300921E-02  2.60043413E-05  4.81795278E-07
5.72175988E-02  2.59619019E-05  4.88155995E-07
5.75051052E-02  2.58116738E-05  4.92215001E-07
5.77926113E-02  2.53173701E-05  4.70575301E-07
5.80801171E-02  2.57729521E-05  4.83950384E-07
5.83676226E-02  2.47585320E-05  4.78078257E-07
5.86551278E-02  2.53701523E-05  4.91676152E-07
5.89426328E-02  2.45457105E-05  4.82942480E-07
5.92301374E-02  2.53283844E-05  4.74309991E-07
5.95176417E-02  2.45929174E-05  4.76762716E-07
5.98051458E-02  2.43958940E-05  4.69508261E-07
6.00926495E-02  2.39535218E-05  4.83623894E-07
6.03801529E-02  2.40760915E-05  4.68850052E-07
6.06676561E-02  2.34904961E-05  4.72335324E-07
6.09551589E-02  2.32148012E-05  4.72601282E-07
6.12426614E-02  2.34943124E-05  4.81173085E-07
6.15301636E-02  2.40841776E-05  4.79463295E-07
6.18176655E-02  2.19975901E-05  4.67402205E-07
6.21051671E-02  2.19939313E-05  4.68124928E-07
6.23926684E-02  2.28865722E-05  4.72412340E-07
6.26801693E-02  2.31891130E-05  4.77755645E-07
6.29676700E-02  2.25324013E-05  4.68729618E-07
6.32551703E-02  2.21531984E-05  4.74237958E-07
6.35426703E-02  2.20833694E-05  4.71288796E-07
6.38301700E-02  2.18355900E-05  4.60010725E-07
6.41176694E-02  2.20911503E-05  4.64937880E-07
6.44051684E-02  2.12616474E-05  4.58208806E-07
6.46926671E-02  2.10735076E-05  4.76136545E-07
6.49801655E-02  2.07869892E-05  4.61739438E-07
6.52676636E-02  2.04832681E-05  4.50753034E-07
6.55551614E-02  2.08916294E-05  4.67842694E-07
6.58426588E-02  2.03506181E-05  4.53373567E-07
6.61301559E-02  2.10753347E-05  4.63683729E-07
6.64176526E-02  1.99605263E-05  4.56713108E-07
6.67051490E-02  2.07699527E-05  4.51099991E-07
6.69926451E-02  1.99947140E-05  4.61990941E-07
6.72801409E-02  2.05073637E-05  4.55152341E-07
6.75676363E-02  2.00821576E-05  4.57720725E-07
6.78551313E-02  2.00996171E-05  4.55056176E-07
6.81426261E-02  1.97799126E-05  4.53722525E-07
6.84301204E-02  1.97171504E-05  4.61266853E-07
6.87176145E-02  1.96586807E-05  4.47542083E-07
6.90051082E-02  1.83144804E-05  4.53995401E-07
6.92926015E-02  1.94189920E-05  4.47167283E-07
6.95800945E-02  1.96437476E-05  4.48712996E-07
6.98675872E-02  1.94573008E-05  4.57823450E-07
7.01550794E-02  1.92220493E-05  4.42367050E-07
7.04425714E-02  1.89663876E-05  4.49513069E-07
7.07300630E-02  1.75426000E-05  4.51133128E-07
7.10175542E-02  1.84872637E-05  4.47059883E-07
7.13050451E-02  1.87935871E-05  4.45701801E-07
7.15925356E-02  1.85502835E-05  4.43210957E-07
7.18800258E-02  1.85918636E-05  4.49485907E-07
7.21675156E-02  1.81774225E-05  4.50980069E-07
7.24550050E-02  1.69562787E-05  4.56654352E-07
7.27424941E-02  1.80644317E-05  4.61926007E-07
7.30299828E-02  1.75711238E-05  4.70270591E-07
7.33174711E-02  1.69429199E-05  4.81300251E-07
7.36049591E-02  1.72749263E-05  4.80605436E-07
7.38924467E-02  1.75590454E-05  4.81550840E-07
7.41799339E-02  1.64435196E-05  4.87067750E-07
7.44674207E-02  1.70798439E-05  4.85465392E-07
7.47549072E-02  1.74184218E-05  4.85980438E-07
7.50423933E-02  1.71322060E-05  4.80862984E-07
7.53298790E-02  1.71905486E-05  4.86001823E-07
7.56173644E-02  1.63575851E-05  4.88421582E-07
7.59048494E-02  1.56947648E-05  4.88533158E-07
7.61923339E-02  1.55600397E-05  4.90104222E-07
7.64798181E-02  1.62377309E-05  4.90468286E-07
7.67673020E-02  1.65258693E-05  4.99022562E-07
7.70547854E-02  1.58658081E-05  4.92115206E-07
7.73422684E-02  1.53655970E-05  4.71812578E-07
7.76297511E-02  1.57110444E-05  4.53242747E-07
7.79172333E-02  1.52913984E-05  4.64061888E-07
7.82047152E-02  1.63842173E-05  4.58307436E-07
7.84921967E-02  1.54583761E-05  4.45734897E-07
7.87796778E-02  1.52382937E-05  4.44032115E-07
7.90671585E-02  1.54531636E-05  4.45414554E-07
7.93546387E-02  1.44911943E-05  4.42040357E-07
7.96421186E-02  1.53375381E-05  4.44715764E-07
7.99295981E-02  1.48883532E-05  4.38816999E-07
8.02170772E-02  1.48046606E-05  4.44163308E-07
8.05045559E-02  1.45870129E-05  4.33121973E-07
8.07920342E-02  1.38374544E-05  4.45050183E-07
8.10795121E-02  1.41547677E-05  4.33417826E-07
8.13669895E-02  1.40709360E-05  4.37916428E-07
8.16544666E-02  1.45708143E-05  4.34371025E-07
8.19419432E-02  1.38783488E-05  4.29623381E-07
8.22294195E-02  1.39800455E-05  4.36752186E-07
8.25168953E-02  1.36479196E-05  4.34192432E-07
8.28043707E-02  1.30574252E-05  4.37350938E-07
8.30918457E-02  1.32647125E-05  4.37710121E-07
8.33793202E-02  1.30372242E-05  4.28472395E-07
8.36667944E-02  1.29820579E-05  4.31675628E-07
8.39542681E-02  1.29534143E-05  4.26693999E-07
8.42417414E-02  1.25560966E-05  4.28608825E-07
8.45292143E-02  1.26987909E-05  4.31765940E-07
8.48166868E-02  1.32171556E-05  4.22706276E-07
8.51041588E-02  1.28456835E-05  4.27999151E-07
8.53916304E-02  1.23337963E-05  4.28839948E-07
8.56791016E-02  1.26793027E-05  4.21782113E-07
8.59665723E-02  1.20976485E-05  4.23165774E-07
8.62540427E-02  1.24865655E-05  4.22192923E-07
8.65415125E-02  1.26093531E-05  4.24108496E-07
8.68289820E-02  1.22308571E-05  4.20390624E-07
8.71164510E-02  1.20281200E-05  4.26229954E-07
8.74039196E-02  1.27438116E-05  4.17994296E-07
8.76913877E-02  1.17675183E-05  4.21804196E-07
8.79788554E-02  1.21531556E-05  4.19002970E-07
8.82663226E-02  1.19582040E-05  4.15546246E-07
8.85537894E-02  1.13483670E-05  4.12335182E-07
8.88412558E-02  1.21994237E-05  4.13328259E-07
8.91287217E-02  1.15105273E-05  4.19113103E-07
8.94161872E-02  1.14408939E-05  4.18230977E-07
8.97036522E-02  1.24387714E-05  4.06356089E-07
8.99911167E-02  1.16753222E-05  4.10113743E-07
9.02785809E-02  1.11235970E-05  4.03091547E-07
9.05660445E-02  1.14491860E-05  4.09444287E-07
9.08535077E-02  1.11290787E-05  4.04608137E-07
9.11409705E-02  1.07280974E-05  4.10124882E-07
9.14284327E-02  1.12721911E-05  4.15089567E-07
9.17158946E-02  1.17481059E-05  4.05151589E-07
9.20033559E-02  1.09045456E-05  4.08998556E-07
9.22908168E-02  1.07927695E-05  4.06026377E-07
9.25782773E-02  1.07596075E-05  4.03844118E-07
9.28657372E-02  1.12335012E-05  4.02624344E-07
9.31531967E-02  1.04324476E-05  4.06111211E-07
9.34406558E-02  1.07672823E-05  4.08667695E-07
9.37281144E-02  1.13243458E-05  4.03951832E-07
9.40155725E-02  9.96835474E-06  4.09363574E-07
9.43030301E-02  1.05005842E-05  4.02754201E-07
9.45904872E-02  9.61801417E-06  4.00829684E-07
9.48779439E-02  9.97365097E-06  3.98884948E-07
9.51654001E-02  9.73244929E-06  4.03143078E-07
9.54528558E-02  1.05263407E-05  4.04691685E-07
9.57403111E-02  9.40444467E-06  3.93701838E-07
9.60277658E-02  9.80189924E-06  4.06652931E-07
9.63152201E-02  9.80181552E-06  3.92166681E-07
9.66026739E-02  1.01451006E-05  4.00072708E-07
9.68901272E-02  1.06173176E-05  3.97367116E-07
9.71775800E-02  1.00767751E-05  4.02023824E-07
9.74650323E-02  9.28491410E-06  3.95486762E-07
9.77524842E-02  1.01949402E-05  3.95161067E-07
9.80399355E-02  9.86927182E-06  3.94591149E-07
9.83273864E-02  9.02358030E-06  3.97318517E-07
9.86148367E-02  9.82800814E-06  3.90252249E-07
9.89022866E-02  1.01696599E-05  3.99395645E-07
9.91897360E-02  9.63465593E-06  3.88397614E-07
9.94771848E-02  9.17827683E-06  3.90843803E-07
9.97646332E-02  9.33537745E-06  3.97316230E-07
1.00052081E-01  9.19033877E-06  3.87674471E-07
1.00339528E-01  9.26663796E-06  3.93340485E-07
1.00626975E-01  8.97707067E-06  3.88570749E-07
1.00914422E-01  8.57586254E-06  3.91464208E-07
1.01201867E-01  8.75561116E-06  3.91145514E-07
1.01489313E-01  8.70087703E-06  3.86793656E-07
1.01776758E-01  8.63645768E-06  3.89555650E-07
1.02064202E-01  9.11546005E-06  3.88083863E-07
1.02351646E-01  8.67225950E-06  3.89396452E-07
1.02639089E-01  8.44253642E-06  3.90914136E-07
1.02926532E-01  9.41861370E-06  3.85047261E-07
1.03213974E-01  8.08632407E-06  3.87416249E-07
1.03501416E-01  8.60416718E-06  3.86747575E-07
1.03788857E-01  7.82505246E-06  3.91772801E-07
1.04076298E-01  8.87082861E-06  3.91933275E-07
1.04363738E-01  8.15477212E-06  3.85166102E-07
1.04651178E-01  8.37078778E-06  3.86894481E-07
1.04938617E-01  8.00419778E-06  3.79812498E-07
1.05226055E-01  8.23818302E-06  3.73170527E-07
1.05513493E-01  7.70838944E-06  3.74822823E-07
1.05800931E-01  8.14357996E-06  3.75450669E-07
1.06088368E-01  8.53522571E-06  3.76526311E-07
1.06375804E-01  7.70014829E-06  3.79562258E-07
1.06663240E-01  8.09905584E-06  3.74863716E-07
1.06950676E-01  7.62019407E-06  3.80906272E-07
1.07238110E-01  8.16860564E-06  3.75032221E-07
1.07525545E-01  8.27560987E-06  3.69063657E-07
1.07812979E-01  7.96823358E-06  3.67733832E-07
1.08100412E-01  7.49307922E-06  3.66766708E-07
1.08387845E-01  7.85619361E-06  3.76040572E-07
1.08675277E-01  7.65985799E-06  3.76494116E-07
1.08962708E-01  8.10442960E-06  3.71691677E-07
1.09250139E-01  7.26851457E-06  3.75233514E-07
1.09537570E-01  7.09161370E-06  3.67500681E-07
1.09825000E-01  6.98692644E-06  3.72531011E-07
1.10112429E-01  8.23974551E-06  3.75924338E-07
1.10399858E-01  7.43374048E-06  3.70673295E-07
1.10687286E-01  7.11642413E-06  3.71993982E-07
1.10974714E-01  7.49398651E-06  3.73534351E-07
1.11262141E-01  7.06362311E-06  3.69631490E-07
1.11549568E-01  7.20968177E-06  3.72516730E-07
1.11836994E-01  6.92161624E-06  3.70664921E-07
1.12124419E-01  7.72937055E-06  3.69948750E-07
1.12411844E-01  7.36857167E-06  3.69528337E-07
1.12699269E-01  6.83278903E-06  3.69984248E-07
1.12986693E-01  6.99364211E-06  3.71923701E-07
1.13274116E-01  6.98746393E-06  3.66795522E-07
1.13561538E-01  7.00450957E-06  3.67657127E-07
1.13848960E-01  6.60031498E-06  3.65958000E-07
1.14136382E-01  6.69747049E-06  3.68095110E-07
1.14423803E-01  6.47616196E-06  3.68526882E-07
1.14711223E-01  6.90916924E-06  3.68458463E-07
1.14998643E-01  7.60580367E-06  3.67562406E-07
1.15286062E-01  6.66354931E-06  3.64016926E-07
1.15573481E-01  7.00911840E-06  3.69404342E-07
1.15860899E-01  6.66092989E-06  3.67587782E-07
1.16148317E-01  6.70439858E-06  3.64118942E-07
1.16435733E-01  5.86169605E-06  3.70851736E-07
1.16723150E-01  6.29304213E-06  3.60577360E-07
1.17010565E-01  7.38480762E-06  3.68351737E-07
1.17297981E-01  6.10113341E-06  3.64391189E-07
1.17585395E-01  6.83951930E-06  3.57203893E-07
1.17872809E-01  6.55268127E-06  3.60498161E-07
1.18160222E-01  6.63825365E-06  3.65235904E-07
1.18447635E-01  6.45954204E-06  3.66972424E-07
1.18735047E-01  6.85673095E-06  3.60773251E-07
1.19022459E-01  6.77755025E-06  3.59668604E-07
1.19309870E-01  6.35216645E-06  3.60779021E-07
1.19597280E-01  6.26842884E-06  3.64669358E-07
1.19884690E-01  6.49510603E-06  3.66126854E-07
1.20172099E-01  6.75619445E-06  3.61320344E-07
1.20459508E-01  6.26220580E-06  3.60533525E-07
1.20746916E-01  6.09538812E-06  3.56238050E-07
1.21034323E-01  6.39341889E-06  3.59531125E-07
1.21321730E-01  6.06130187E-06  3.55748901E-07
1.21609136E-01  5.49857762E-06  3.62490241E-07
1.21896541E-01  6.36540538E-06  3.60776253E-07
1.22183946E-01  6.12680079E-06  3.61110999E-07
1.22471351E-01  5.42067415E-06  3.53661819E-07
1.22758754E-01  6.10202538E-06  3.56343110E-07
1.23046157E-01  5.18139326E-06  3.58002433E-07
1.23333560E-01  5.48733601E-06  3.54679721E-07
1.23620962E-01  4.96727223E-06  3.50932488E-07
1.23908363E-01  5.76002938E-06  3.54986947E-07
1.24195763E-01  5.58452227E-06  3.54125157E-07
1.24483163E-01  6.14055917E-06  3.57534639E-07
1.24770563E-01  5.32786306E-06  3.58608429E-07
1.25057961E-01  5.78791266E-06  3.66871708E-07
1.25345360E-01  5.62386245E-06  3.76003607E-07
1.25632757E-01  5.82574896E-06  3.76247102E-07
1.25920154E-01  5.75751769E-06  3.79412385E-07
1.26207550E-01  5.40164425E-06  3.76330943E-07
1.26494946E-01  5.06883937E-06  3.79541919E-07
1.26782340E-01  5.01681686E-06  3.88123009E-07
1.27069735E-01  5.51656042E-06  3.72205100E-07
1.27357128E-01  4.70498453E-06  3.73887101E-07
1.27644521E-01  4.88526723E-06  3.66097106E-07
1.27931914E-01  5.66907358E-06  3.70794790E-07
1.28219305E-01  4.79925615E-06  3.67498556E-07
1.28506696E-01  5.45048323E-06  3.63034678E-07
1.28794087E-01  4.72978123E-06  3.63245746E-07
1.29081477E-01  5.92513176E-06  3.64529557E-07
1.29368866E-01  4.36715397E-06  3.62437444E-07
1.29656254E-01  5.17046430E-06  3.63844683E-07
1.29943642E-01  5.96630505E-06  3.60965145E-07
1.30231029E-01  5.14072976E-06  3.63147746E-07
1.30518416E-01  4.91713712E-06  3.58147143E-07
1.30805802E-01  4.50356006E-06  3.59178482E-07
1.31093187E-01  4.66796918E-06  3.55745608E-07
1.31380571E-01  5.39310926E-06  3.55988064E-07
1.31667955E-01  4.74402438E-06  3.59564127E-07
1.31955338E-01  4.59825829E-06  3.56021917E-07
1.32242721E-01  4.31356157E-06  3.57271156E-07
1.32530103E-01  4.96367640E-06  3.54164356E-07
1.32817484E-01  5.01353635E-06  3.54459426E-07
1.33104865E-01  4.70231911E-06  3.58774299E-07
1.33392245E-01  5.18824008E-06  3.69859954E-07
1.33679624E-01  4.45456163E-06  3.73488714E-07
1.33967002E-01  5.07041273E-06  3.73067991E-07
1.34254380E-01  4.27316251E-06  3.74237147E-07
1.34541757E-01  4.06694555E-06  3.75321969E-07
1.34829134E-01  4.54601264E-06  3.77194429E-07
1.35116510E-01  4.33135937E-06  3.77029125E-07
1.35403885E-01  4.26794082E-06  3.71669544E-07
1.35691259E-01  4.77270603E-06  3.81629241E-07
1.35978633E-01  4.25552521E-06  3.79339310E-07
1.36266006E-01  4.53903210E-06  3.77577389E-07
1.36553379E-01  4.75483939E-06  3.83837930E-07
1.36840751E-01  4.35787832E-06  3.78703700E-07
1.37128122E-01  4.93155058E-06  3.80749528E-07
1.37415492E-01  4.53956477E-06  3.81851521E-07
1.37702862E-01  4.53705545E-06  3.74971987E-07
1.37990231E-01  4.67473762E-06  3.84901635E-07
1.38277599E-01  4.60276402E-06  3.68334202E-07
1.38564967E-01  3.79002685E-06  3.63855921E-07
1.38852333E-01  4.33021248E-06  3.58880918E-07
1.39139700E-01  4.38415839E-06  3.61316226E-07
1.39427065E-01  4.26306309E-06  3.53068413E-07
1.39714430E-01  4.60847009E-06  3.56926380E-07
1.40001794E-01  3.97986867E-06  3.54315273E-07
1.40289157E-01  4.20189772E-06  3.55477202E-07
1.40576520E-01  3.69128753E-06  3.55227317E-07
1.40863882E-01  4.38284511E-06  3.51792247E-07
1.41151243E-01  4.56985393E-06  3.50129279E-07
1.41438604E-01  4.42494896E-06  3.53098775E-07
1.41725964E-01  4.17657309E-06  3.53863797E-07
1.42013323E-01  4.03137639E-06  3.49011011E-07
1.42300681E-01  4.96107117E-06  3.47340591E-07
1.42588039E-01  4.16706612E-06  3.49343241E-07
1.42875396E-01  3.79167153E-06  3.49253412E-07
1.43162752E-01  3.59826459E-06  3.46227318E-07
1.43450108E-01  3.69754648E-06  3.47665993E-07
1.43737463E-01  4.50856671E-06  3.43499127E-07
1.44024817E-01  3.59486009E-06  3.46441540E-07
1.44312170E-01  4.27298010E-06  3.40444947E-07
1.44599523E-01  3.37554908E-06  3.33101793E-07
1.44886875E-01  4.28150837E-06  3.39995976E-07
1.45174226E-01  3.67872291E-06  3.41305895E-07
1.45461577E-01  4.40724405E-06  3.34908716E-07
1.45748927E-01  4.42367149E-06  3.33784397E-07
1.46036276E-01  3.92390676E-06  3.39221406E-07
1.46323624E-01  3.87690451E-06  3.38741555E-07
1.46610971E-01  3.79471597E-06  3.37686222E-07
1.46898318E-01  3.30078320E-06  3.34310142E-07
1.47185664E-01  3.87846333E-06  3.33756644E-07
1.47473010E-01  3.56493770E-06  3.39479995E-07
1.47760354E-01  3.84992894E-06  3.38655799E-07
1.48047698E-01  3.77194554E-06  3.36907559E-07
1.48335041E-01  3.52000179E-06  3.35069289E-07
1.48622384E-01  4.37888014E-06  3.35076348E-07
1.48909725E-01  3.36020687E-06  3.37241408E-07
1.49197066E-01  3.54824120E-06  3.32553973E-07
1.49484406E-01  4.03429300E-06  3.34659732E-07
1.49771746E-01  3.85999762E-06  3.37812575E-07
1.50059084E-01  3.58131779E-06  3.31472340E-07
1.50346422E-01  3.88986507E-06  3.31131157E-07
1.50633759E-01  3.14722431E-06  3.33615347E-07
1.50921096E-01  3.34990943E-06  3.39069183E-07
1.51208431E-01  4.13814142E-06  3.26743850E-07
1.51495766E-01  3.64229994E-06  3.35775863E-07
1.51783100E-01  3.73401134E-06  3.34251314E-07
1.52070433E-01  3.92256423E-06  3.33088958E-07
1.52357766E-01  3.42190480E-06  3.36883554E-07
1.52645098E-01  3.27366423E-06  3.31758150E-07
1.52932429E-01  3.83642114E-06  3.32239256E-07
1.53219759E-01  3.58087423E-06  3.27514010E-07
1.53507088E-01  2.93651569E-06  3.31761538E-07
1.53794417E-01  3.47797305E-06  3.32254073E-07
1.54081745E-01  3.54364338E-06  3.27944530E-07
1.54369072E-01  3.53351269E-06  3.26637487E-07
1.54656399E-01  3.86374959E-06  3.29716501E-07
1.54943724E-01  3.60994867E-06  3.33171059E-07
1.55231049E-01  3.29260802E-06  3.30562170E-07
1.55518373E-01  3.17939994E-06  3.27419997E-07
1.55805696E-01  3.56675534E-06  3.32701432E-07
1.56093019E-01  3.70535991E-06  3.28932877E-07
1.56380341E-01  3.32892113E-06  3.27819331E-07
1.56667662E-01  3.34175198E-06  3.27909427E-07
1.56954982E-01  3.34753065E-06  3.28000039E-07
1.57242301E-01  3.55759975E-06  3.30470861E-07
1.57529620E-01  3.85657264E-06  3.24912576E-07
1.57816937E-01  3.16190757E-06  3.27405292E-07
1.58104254E-01  3.70930815E-06  3.28849762E-07
1.58391570E-01  2.74907845E-06  3.27185796E-07
1.58678886E-01  2.83009084E-06  3.27142268E-07
1.58966200E-01  3.59531013E-06  3.22935537E-07
1.59253514E-01  3.11657085E-06  3.29559428E-07
1.59540827E-01  3.71936980E-06  3.25264012E-07
1.59828139E-01  2.91197354E-06  3.24911866E-07
1.60115451E-01  2.87988147E-06  3.24961139E-07
1.60402761E-01  2.98129960E-06  3.23177067E-07
1.60690071E-01  2.80756646E-06  3.25270275E-07
1.60977380E-01  2.91656413E-06  3.22749913E-07
1.61264688E-01  3.31732632E-06  3.20227279E-07
1.61551996E-01  3.33743283E-06  3.19639535E-07
1.61839302E-01  2.95212965E-06  3.15626778E-07
1.62126608E-01  2.58208182E-06  3.18628230E-07
1.62413913E-01  3.03020865E-06  3.18439279E-07
1.62701217E-01  2.62286896E-06  3.18408213E-07
1.62988520E-01  2.86862721E-06  3.17529392E-07
1.63275822E-01  3.31141981E-06  3.18894826E-07
1.63563124E-01  3.23288387E-06  3.21473391E-07
1.63850425E-01  2.70264759E-06  3.17409858E-07
1.64137725E-01  2.87490345E-06  3.18993864E-07
1.64425024E-01  3.22599211E-06  3.20415664E-07
1.64712322E-01  2.66586985E-06  3.18942957E-07
1.64999620E-01  3.16983452E-06  3.18266201E-07
1.65286917E-01  2.90341932E-06  3.19651589E-07
1.65574212E-01  2.69198474E-06  3.17521967E-07
1.65861507E-01  2.30509151E-06  3.13361097E-07
1.66148802E-01  2.78212490E-06  3.12886482E-07
1.66436095E-01  2.54305192E-06  3.08609757E-07
1.66723387E-01  3.10060908E-06  3.11336185E-07
1.67010679E-01  3.02445637E-06  3.11827519E-07
1.67297970E-01  3.21180647E-06  3.10805977E-07
1.67585260E-01  2.83473416E-06  3.13824462E-07
1.67872549E-01  2.84110261E-06  3.15570477E-07
1.68159837E-01  2.85707548E-06  3.15473558E-07
1.68447125E-01  2.66048165E-06  3.13935579E-07
1.68734412E-01  2.85071289E-06  3.13284147E-07
1.69021697E-01  3.02396798E-06  3.12450348E-07
1.69308982E-01  2.48610112E-06  3.16433115E-07
1.69596266E-01  2.72836084E-06  3.16693852E-07
1.69883549E-01  2.87044877E-06  3.12413032E-07
1.70170832E-01  2.80649534E-06  3.11800471E-07
1.70458113E-01  2.61361058E-06  3.11603485E-07
1.70745394E-01  2.76462572E-06  3.11263417E-07
1.71032674E-01  2.76980475E-06  3.13160135E-07
1.71319953E-01  2.83374848E-06  3.10515466E-07
1.71607231E-01  2.28930741E-06  3.10538641E-07
1.71894508E-01  2.51573126E-06  3.15785899E-07
1.72181784E-01  2.51468395E-06  3.09683730E-07
1.72469060E-01  2.65112523E-06  3.11823483E-07
1.72756335E-01  3.27015573E-06  3.09335678E-07
1.73043608E-01  2.78341960E-06  3.11637560E-07
1.73330881E-01  3.14162406E-06  3.14453329E-07
1.73618153E-01  1.97527554E-06  3.07697648E-07
1.73905424E-01  1.79733617E-06  3.12972433E-07
1.74192695E-01  3.08976032E-06  3.12609662E-07
1.74479964E-01  2.44424207E-06  3.09530526E-07
1.74767232E-01  2.61503356E-06  3.06641926E-07
1.75054500E-01  2.64075216E-06  3.07761101E-07
1.75341767E-01  2.25852062E-06  3.07505263E-07
1.75629033E-01  2.62534505E-06  3.08924066E-07
1.75916298E-01  2.08929900E-06  3.09112228E-07
1.76203562E-01  2.16797244E-06  3.06040028E-07
1.76490825E-01  2.26496618E-06  3.06681020E-07
1.76778087E-01  2.63680259E-06  3.09231895E-07
1.77065349E-01  2.54211714E-06  3.09385402E-07
1.77352609E-01  2.34463336E-06  3.06273814E-07
1.77639869E-01  2.61223950E-06  3.05788919E-07
1.77927128E-01  2.49088238E-06  3.07654082E-07
1.78214386E-01  2.82731024E-06  3.06166615E-07
1.78501643E-01  2.58704313E-06  3.06994353E-07
1.78788899E-01  2.45838397E-06  3.08633743E-07
1.79076154E-01  2.12173205E-06  3.05584590E-07
1.79363408E-01  2.82671877E-06  3.01516619E-07
1.79650662E-01  2.09537230E-06  2.98359177E-07
1.79937914E-01  2.57169677E-06  3.00928055E-07
1.80225166E-01  2.27141361E-06  3.02493794E-07
1.80512417E-01  2.36288809E-06  3.02292108E-07
1.80799666E-01  2.57797702E-06  3.04060778E-07
1.81086915E-01  1.75806368E-06  2.98514340E-07
1.81374163E-01  1.87456944E-06  3.00922839E-07
1.81661410E-01  2.52178331E-06  3.01779697E-07
1.81948656E-01  2.47083684E-06  3.02384711E-07
1.82235902E-01  2.85296009E-06  3.02017092E-07
1.82523146E-01  2.51117222E-06  3.00423917E-07
1.82810389E-01  2.06014242E-06  3.00825574E-07
1.83097632E-01  2.10329603E-06  2.98240208E-07
1.83384873E-01  2.60229382E-06  2.99443542E-07
1.83672114E-01  2.13186069E-06  3.01196918E-07
1.83959354E-01  2.29297130E-06  2.99736917E-07
1.84246592E-01  2.25757684E-06  3.03976673E-07
1.84533830E-01  2.50721923E-06  2.96147907E-07
1.84821067E-01  2.20620336E-06  2.97285368E-07
1.85108303E-01  2.21064914E-06  2.99710387E-07
1.85395538E-01  2.58619232E-06  2.98849118E-07
1.85682773E-01  2.29766016E-06  3.00127916E-07
1.85970006E-01  2.08761700E-06  2.98208245E-07
1.86257238E-01  2.15023322E-06  2.97286701E-07
1.86544469E-01  2.10549712E-06  3.00451086E-07
1.86831700E-01  2.23230895E-06  2.97876041E-07
1.87118929E-01  2.11725265E-06  3.00507867E-07
1.87406158E-01  2.30643930E-06  2.98958377E-07
1.87693385E-01  1.88257794E-06  2.99241732E-07
1.87980612E-01  2.40145527E-06  2.99297438E-07
1.88267838E-01  2.30987558E-06  2.98548152E-07
1.88555062E-01  2.25917854E-06  3.01291968E-07
1.88842286E-01  2.06038634E-06  2.98150073E-07
1.89129509E-01  2.45942515E-06  2.96239570E-07
1.89416731E-01  2.40469090E-06  2.94701318E-07
1.89703952E-01  2.15523728E-06  2.95622840E-07
1.89991172E-01  1.84342821E-06  3.00869776E-07
1.90278391E-01  2.25943994E-06  3.00242535E-07
1.90565609E-01  1.40834770E-06  2.96928726E-07
1.90852826E-01  2.15335184E-06  2.96999862E-07
1.91140043E-01  2.32715734E-06  2.94484725E-07
1.91427258E-01  1.75561429E-06  2.99137101E-07
1.91714472E-01  2.31145755E-06  2.93195613E-07
1.92001685E-01  2.14553031E-06  2.91785208E-07
1.92288898E-01  1.98421786E-06  2.95634424E-07
1.92576109E-01  2.17713769E-06  2.94848512E-07
1.92863319E-01  2.35934894E-06  2.96430951E-07
1.93150529E-01  2.37378860E-06  2.96818602E-07
1.93437737E-01  1.88204249E-06  2.93067728E-07
1.93724945E-01  2.00354867E-06  2.93251950E-07
1.94012151E-01  2.39573273E-06  2.99625095E-07
1.94299357E-01  1.68829237E-06  3.06242117E-07
1.94586562E-01  2.84247234E-06  3.12866903E-07
1.94873765E-01  2.06054987E-06  3.07395417E-07
1.95160968E-01  2.09986857E-06  3.14316373E-07
1.95448169E-01  2.10772561E-06  3.14215039E-07
1.95735370E-01  1.96287584E-06  3.12637845E-07
1.96022570E-01  2.43849906E-06  3.18106484E-07
1.96309768E-01  1.50338759E-06  3.14069136E-07
1.96596966E-01  2.14324941E-06  3.15713153E-07
1.96884163E-01  2.39513422E-06  3.10797654E-07
1.97171359E-01  1.72622563E-06  3.09976385E-07
1.97458553E-01  2.34756864E-06  3.15785481E-07
1.97745747E-01  2.01521723E-06  3.12193486E-07
1.98032940E-01  2.47075678E-06  3.12896455E-07
1.98320132E-01  2.26512685E-06  3.14082008E-07
1.98607322E-01  1.78740386E-06  3.13405748E-07
1.98894512E-01  2.47425461E-06  3.19908804E-07
1.99181701E-01  2.13565820E-06  3.03928892E-07
1.99468889E-01  2.24841563E-06  3.03613205E-07
1.99756075E-01  1.76667252E-06  3.03061128E-07
2.00043261E-01  2.03086043E-06  3.03509185E-07
2.00330446E-01  1.64880116E-06  3.02074714E-07
2.00617630E-01  1.87999072E-06  2.97068127E-07
2.00904812E-01  1.97716277E-06  2.99865413E-07
2.01191994E-01  2.21298534E-06  2.98697389E-07
2.01479175E-01  2.04717561E-06  3.00967173E-07
2.01766355E-01  1.53329675E-06  2.95568905E-07
2.02053533E-01  2.29591534E-06  2.95616482E-07
2.02340711E-01  1.52281325E-06  3.00681584E-07
2.02627888E-01  1.48788987E-06  2.96414125E-07
2.02915063E-01  1.63212058E-06  2.96376022E-07
2.03202238E-01  1.78752893E-06  2.92349055E-07
2.03489412E-01  1.40499458E-06  2.96238875E-07
2.03776584E-01  1.55814348E-06  2.96614945E-07
2.04063756E-01  1.29628442E-06  2.91673383E-07
2.04350926E-01  2.34432954E-06  2.97073893E-07
2.04638096E-01  2.46149999E-06  2.95899799E-07
2.04925264E-01  2.07117842E-06  2.96777954E-07
2.05212432E-01  1.37850477E-06  2.95114248E-07
2.05499598E-01  1.31481274E-06  2.90156912E-07
2.05786764E-01  1.71043341E-06  2.96902839E-07
2.06073928E-01  2.01917103E-06  2.90958782E-07
2.06361091E-01  1.59533071E-06  2.93445172E-07
2.06648254E-01  1.83612113E-06  2.89750455E-07
2.06935415E-01  1.83811074E-06  2.93532179E-07
2.07222575E-01  1.93544592E-06  2.95436798E-07
2.07509734E-01  1.92281281E-06  2.91537941E-07
2.07796893E-01  1.65839916E-06  2.91667995E-07
2.08084050E-01  1.90395420E-06  2.90247867E-07
2.08371206E-01  1.77982023E-06  2.92480303E-07
2.08658361E-01  1.99589997E-06  2.89842038E-07
2.08945515E-01  1.40660188E-06  2.88083440E-07
2.09232668E-01  1.96501317E-06  2.91388323E-07
2.09519819E-01  1.74827809E-06  2.86862585E-07
2.09806970E-01  1.71314430E-06  2.91179297E-07
2.10094120E-01  1.33481926E-06  2.91030225E-07
2.10381269E-01  2.19583975E-06  2.91483212E-07
2.10668416E-01  1.68409453E-06  2.88539042E-07
2.10955563E-01  1.74591024E-06  2.87445670E-07
2.11242708E-01  1.48923761E-06  2.91173224E-07
2.11529853E-01  1.52277526E-06  2.85745661E-07
2.11816996E-01  1.43475536E-06  2.88426631E-07
2.12104139E-01  2.06261168E-06  2.88832333E-07
2.12391280E-01  1.81441962E-06  2.86862520E-07
2.12678420E-01  1.44976343E-06  2.84909137E-07
2.12965559E-01  1.44332440E-06  2.85259474E-07
2.13252697E-01  1.95150307E-06  2.88811306E-07
2.13539834E-01  1.84027763E-06  2.86582995E-07
2.13826970E-01  1.28550815E-06  2.84588702E-07
2.14114105E-01  1.85848225E-06  2.88048926E-07
2.14401239E-01  2.23064662E-06  2.80812707E-07
2.14688372E-01  1.94341711E-06  2.81436598E-07
2.14975503E-01  1.32051541E-06  2.82193834E-07
2.15262634E-01  1.38808225E-06  2.82548814E-07
2.15549763E-01  1.93584572E-06  2.84986851E-07
2.15836892E-01  1.66831880E-06  2.81710654E-07
2.16124019E-01  1.26687765E-06  2.86043245E-07
2.16411145E-01  8.23624543E-07  2.78281369E-07
2.16698271E-01  1.69562864E-06  2.81486850E-07
2.16985395E-01  1.25705366E-06  2.83089737E-07
2.17272518E-01  1.14688802E-06  2.83010990E-07
2.17559639E-01  1.67007070E-06  2.84482723E-07
2.17846760E-01  1.56235423E-06  2.81157027E-07
2.18133880E-01  1.46339647E-06  2.83896532E-07
2.18420999E-01  1.25644913E-06  2.84093992E-07
2.18708116E-01  1.91877950E-06  2.80269012E-07
2.18995232E-01  1.61179673E-06  2.84946483E-07
2.19282348E-01  1.39369637E-06  2.81562445E-07
2.19569462E-01  1.54996786E-06  2.81085007E-07
2.19856575E-01  1.29330288E-06  2.79740178E-07
2.20143687E-01  1.43403194E-06  2.82788231E-07
2.20430798E-01  1.53903250E-06  2.83871918E-07
2.20717908E-01  1.41036260E-06  2.81349431E-07
2.21005016E-01  1.58056966E-06  2.83747796E-07
2.21292124E-01  1.34791644E-06  2.77546039E-07
2.21579230E-01  1.48058272E-06  2.79493096E-07
2.21866336E-01  1.83442913E-06  2.80836084E-07
2.22153440E-01  1.86230876E-06  2.79014005E-07
2.22440543E-01  1.56306542E-06  2.82884259E-07
2.22727645E-01  1.52113973E-06  2.79838050E-07
2.23014746E-01  1.47851906E-06  2.79363637E-07
2.23301846E-01  1.71266775E-06  2.80068846E-07
2.23588944E-01  1.49749097E-06  2.79074488E-07
2.23876042E-01  1.71077332E-06  2.80441971E-07
2.24163138E-01  1.73013670E-06  2.77183756E-07
2.24450234E-01  1.49729737E-06  2.78050725E-07
2.24737328E-01  1.55179347E-06  2.77417421E-07
2.25024421E-01  1.49348293E-06  2.79355941E-07
2.25311513E-01  1.53012124E-06  2.78045373E-07
2.25598603E-01  1.14064060E-06  2.78173601E-07
2.25885693E-01  1.40577202E-06  2.79163607E-07
2.26172782E-01  1.52768335E-06  2.74116144E-07
2.26459869E-01  1.45221743E-06  2.81191350E-07
2.26746955E-01  8.62704437E-07  2.74541526E-07
2.27034040E-01  1.61510248E-06  2.73042387E-07
2.27321124E-01  1.69189108E-06  2.73239614E-07
2.27608207E-01  1.22051816E-06  2.72658828E-07
2.27895289E-01  1.02687545E-06  2.77257488E-07
2.28182369E-01  1.56067925E-06  2.76153508E-07
2.28469449E-01  9.10477868E-07  2.72902211E-07
2.28756527E-01  1.66237289E-06  2.75624660E-07
2.29043604E-01  1.55298546E-06  2.74147608E-07
2.29330680E-01  1.22116935E-06  2.75348881E-07
2.29617755E-01  1.15746260E-06  2.71417496E-07
2.29904828E-01  1.07989861E-06  2.75485115E-07
2.30191901E-01  1.52653852E-06  2.75163950E-07
2.30478972E-01  1.43677386E-06  2.73059366E-07
2.30766042E-01  1.75560466E-06  2.75131398E-07
2.31053111E-01  1.58355139E-06  2.72709560E-07
2.31340179E-01  1.45873490E-06  2.75992414E-07
2.31627246E-01  1.27843022E-06  2.70797487E-07
2.31914311E-01  1.55131040E-06  2.70192710E-07
2.32201376E-01  1.22016671E-06  2.66308284E-07
2.32488439E-01  1.09329604E-06  2.68526638E-07
2.32775501E-01  1.59979384E-06  2.72035558E-07
2.33062562E-01  1.34867082E-06  2.68735249E-07
2.33349621E-01  5.83602768E-07  2.69482716E-07
2.33636680E-01  1.25436232E-06  2.73015878E-07
2.33923737E-01  1.22097697E-06  2.69556750E-07
2.34210794E-01  1.67404020E-06  2.72066335E-07
2.34497849E-01  1.43560686E-06  2.68018798E-07
2.34784902E-01  1.21819133E-06  2.70192386E-07
2.35071955E-01  1.09581180E-06  2.68748466E-07
2.35359006E-01  1.57135001E-06  2.70640635E-07
2.35646057E-01  1.15043139E-06  2.70106413E-07
2.35933106E-01  1.72033772E-06  2.69350001E-07
2.36220154E-01  1.80273973E-06  2.73030114E-07
2.36507201E-01  1.46245719E-06  2.70937700E-07
2.36794246E-01  1.56409352E-06  2.70820384E-07
2.37081290E-01  1.61807183E-06  2.70423860E-07
2.37368334E-01  1.05563444E-06  2.68742875E-07
2.37655376E-01  9.40633967E-07  2.69030392E-07
2.37942416E-01  1.66172286E-06  2.69506973E-07
2.38229456E-01  1.36752290E-06  2.69338547E-07
2.38516494E-01  1.13228078E-06  2.70386860E-07
2.38803532E-01  1.41025875E-06  2.68892832E-07
2.39090568E-01  1.10865135E-06  2.70713731E-07
2.39377602E-01  9.12738462E-07  2.67289946E-07
2.39664636E-01  1.42688741E-06  2.69178983E-07
2.39951668E-01  1.01915188E-06  2.68085293E-07
2.40238700E-01  1.30410631E-06  2.70551903E-07
2.40525730E-01  1.28437600E-06  2.66346471E-07
2.40812758E-01  1.13204323E-06  2.65965838E-07
2.41099786E-01  1.36784763E-06  2.70430614E-07
2.41386812E-01  1.48908598E-06  2.68025507E-07
2.41673838E-01  1.60961576E-06  2.68988678E-07
2.41960861E-01  1.37842959E-06  2.67010149E-07
2.42247884E-01  1.33282742E-06  2.69208706E-07
2.42534906E-01  8.22061641E-07  2.67317514E-07
2.42821926E-01  1.27643190E-06  2.64341682E-07
2.43108945E-01  1.22815298E-06  2.68668242E-07
2.43395963E-01  1.29743786E-06  2.66961081E-07
2.43682980E-01  2.11605758E-06  2.69121382E-07
2.43969995E-01  1.16170538E-06  2.70033528E-07
2.44257009E-01  1.34691006E-06  2.66660244E-07
2.44544022E-01  1.17669151E-06  2.65672060E-07
2.44831034E-01  1.26609821E-06  2.67381114E-07
2.45118045E-01  1.55354949E-06  2.68224201E-07
2.45405054E-01  9.87845771E-07  2.67855186E-07
2.45692062E-01  1.15391523E-06  2.66499292E-07
2.45979069E-01  6.86878190E-07  2.64861916E-07
2.46266074E-01  9.07968684E-07  2.65310255E-07
2.46553079E-01  1.45118939E-06  2.66059880E-07
2.46840082E-01  1.60001444E-06  2.64773139E-07
2.47127084E-01  1.12179950E-06  2.67582759E-07
2.47414084E-01  1.28175746E-06  2.65015215E-07
2.47701084E-01  8.18639780E-07  2.63576739E-07
2.47988082E-01  1.25758125E-06  2.64784343E-07
2.48275079E-01  1.34787528E-06  2.65533985E-07
2.48562075E-01  1.12970105E-06  2.65161420E-07
2.48849069E-01  8.76059091E-07  2.64497688E-07
2.49136062E-01  9.61465175E-07  2.61317014E-07
2.49423054E-01  1.17133184E-06  2.61508099E-07
2.49710045E-01  1.14221567E-06  2.60319400E-07
2.49997034E-01  1.08258320E-06  2.60043571E-07
2.50284022E-01  1.16914634E-06  2.59712447E-07
2.50571009E-01  9.10746288E-07  2.61374616E-07
2.50857995E-01  1.04579982E-06  2.62148292E-07
2.51144979E-01  1.35352613E-06  2.62984323E-07
2.51431962E-01  7.72791635E-07  2.62348145E-07
2.51718944E-01  1.39474672E-06  2.61483906E-07
2.52005925E-01  1.16349610E-06  2.61758489E-07
2.52292904E-01  1.36983061E-06  2.59335551E-07
2.52579882E-01  7.94820498E-07  2.61601756E-07
2.52866859E-01  6.57134685E-07  2.61945077E-07
2.53153835E-01  1.33503901E-06  2.61429566E-07
2.53440809E-01  1.06048509E-06  2.63405474E-07
2.53727782E-01  6.90011428E-07  2.61348112E-07
2.54014754E-01  1.26193281E-06  2.62697475E-07
2.54301724E-01  8.86041919E-07  2.61650718E-07
2.54588694E-01  1.15608279E-06  2.60633269E-07
2.54875661E-01  8.86210620E-07  2.61529088E-07
2.55162628E-01  1.21318259E-06  2.64859399E-07
2.55449593E-01  1.37696752E-06  2.71188134E-07
2.55736558E-01  8.34513022E-07  2.71959532E-07
2.56023520E-01  9.05145443E-07  2.70660712E-07
2.56310482E-01  1.54434321E-06  2.72909298E-07
2.56597442E-01  1.25252695E-06  2.75340945E-07
2.56884401E-01  1.42862993E-06  2.74852666E-07
2.57171359E-01  1.39211306E-06  2.75128459E-07
2.57458315E-01  8.24257208E-07  2.76136813E-07
2.57745270E-01  1.36258398E-06  2.79057834E-07
2.58032224E-01  1.13116187E-06  2.76296745E-07
2.58319176E-01  1.07278521E-06  2.79294049E-07
2.58606128E-01  1.23795896E-06  2.79663728E-07
2.58893077E-01  1.30889810E-06  2.77536074E-07
2.59180026E-01  9.49110455E-07  2.82902465E-07
2.59466973E-01  1.45028913E-06  2.79957119E-07
2.59753919E-01  1.40252705E-06  2.84602778E-07
2.60040864E-01  1.17002829E-06  2.79967087E-07
2.60327807E-01  9.50513768E-07  2.78102727E-07
2.60614750E-01  1.63331993E-06  2.86188775E-07
2.60901690E-01  1.07860345E-06  2.81283722E-07
2.61188630E-01  7.44573687E-07  2.82558641E-07
2.61475568E-01  9.48911571E-07  2.84817096E-07
2.61762505E-01  9.73955715E-07  2.83066556E-07
2.62049440E-01  1.49660849E-06  2.82961989E-07
2.62336375E-01  1.21478161E-06  2.84963068E-07
2.62623307E-01  1.37232306E-06  2.83113970E-07
2.62910239E-01  1.64659468E-06  2.84935413E-07
2.63197169E-01  9.82491843E-07  2.85723220E-07
2.63484098E-01  1.38904480E-06  2.84119352E-07
2.63771026E-01  7.54122886E-07  2.85832816E-07
2.64057952E-01  1.28195967E-06  2.87436597E-07
2.64344877E-01  7.69283877E-07  2.85982275E-07
2.64631801E-01  1.03707844E-06  2.89247238E-07
2.64918723E-01  1.07382716E-06  2.85050042E-07
2.65205644E-01  1.44692660E-06  2.87944491E-07
2.65492564E-01  1.25479163E-06  2.87364854E-07
2.65779482E-01  1.23602038E-06  2.89887669E-07
2.66066399E-01  1.01640001E-06  2.85684843E-07
2.66353315E-01  9.83379735E-07  2.84244213E-07
2.66640229E-01  1.31394758E-06  2.87672823E-07
2.66927142E-01  3.91733996E-07  2.91580852E-07
2.67214054E-01  5.88980063E-07  3.01729747E-07
2.67500964E-01  1.01254701E-06  3.00735244E-07
2.67787873E-01  1.29786300E-06  3.06466041E-07
2.68074781E-01  4.92479559E-07  3.12189685E-07
2.68361687E-01  1.14466909E-06  3.09946756E-07
2.68648592E-01  1.79777613E-06  3.15090655E-07
2.68935496E-01  6.70445831E-07  3.18932078E-07
2.69222398E-01  1.05137247E-06  3.20024755E-07
2.69509299E-01  9.72617002E-07  3.26777850E-07
2.69796199E-01  8.19180882E-07  3.22805789E-07
2.70083097E-01  3.88970047E-07  3.27326003E-07
2.70369994E-01  8.62731385E-07  3.28373886E-07
2.70656889E-01  1.69436199E-06  3.36777886E-07
2.70943783E-01  1.41269465E-06  3.37135588E-07
2.71230676E-01  1.31337305E-06  3.34285150E-07
2.71517568E-01  6.78146648E-07  3.34879524E-07
2.71804458E-01  6.70933633E-07  3.37991917E-07
2.72091346E-01  1.34028895E-06  3.39677455E-07
2.72378234E-01  1.05857711E-06  3.43243758E-07
2.72665120E-01  1.19792619E-06  3.43736500E-07
2.72952004E-01  5.11224622E-07  3.46476062E-07
2.73238888E-01  5.02410439E-07  3.43559275E-07
2.73525769E-01  1.45367284E-06  3.44676929E-07
2.73812650E-01  1.20241683E-06  3.50371120E-07
2.74099529E-01  9.11584579E-07  3.45857653E-07
2.74386407E-01  8.02128504E-07  3.51010251E-07
2.74673283E-01  1.00256710E-06  3.49119487E-07
2.74960158E-01  1.08415903E-06  3.51102818E-07
2.75247032E-01  7.53616764E-07  3.54180926E-07
2.75533904E-01  1.05004185E-06  3.53157166E-07
2.75820775E-01  1.23760177E-06  3.56276335E-07
2.76107644E-01  1.03619442E-06  3.57817281E-07
2.76394513E-01  1.27202270E-06  3.56120698E-07
2.76681379E-01  1.68946344E-06  3.63521144E-07
2.76968245E-01  1.07019177E-06  3.55382898E-07
2.77255108E-01  1.12909448E-06  3.59088967E-07
2.77541971E-01  1.05258607E-06  3.59377358E-07
2.77828832E-01  1.51884117E-06  3.60827294E-07
2.78115692E-01  8.15510775E-07  3.62936978E-07
2.78402550E-01  1.47698478E-06  3.56110480E-07
2.78689407E-01  9.38831505E-07  3.62609016E-07
2.78976263E-01  8.65928153E-07  3.61752930E-07
2.79263117E-01  8.66945650E-07  3.66418983E-07
2.79549970E-01  1.70311987E-06  3.65999524E-07
2.79836821E-01  1.47352360E-06  3.65783197E-07
2.80123671E-01  9.26358341E-07  3.74002553E-07
2.80410520E-01  1.44087999E-06  3.71726968E-07
2.80697367E-01  7.65896284E-07  3.69556784E-07
2.80984213E-01  1.45962572E-06  3.73063685E-07
2.81271057E-01  1.06425086E-06  3.71798069E-07
2.81557900E-01  3.37280601E-07  3.75675088E-07
2.81844742E-01  8.67783290E-07  3.73471819E-07
2.82131582E-01  8.52328272E-07  3.72995457E-07
2.82418420E-01  1.94134247E-06  3.81371491E-07
2.82705258E-01  9.59846328E-07  3.80760568E-07
2.82992094E-01  1.38537491E-06  3.79945242E-07
2.83278928E-01  1.41571007E-06  3.84380633E-07
2.83565761E-01  7.43833496E-07  3.77761175E-07
2.83852593E-01  6.60045071E-07  3.88622536E-07
2.84139423E-01  5.47381692E-07  3.87945653E-07
2.84426252E-01  1.11087818E-06  3.77107506E-07
2.84713079E-01  8.06508693E-07  3.88274966E-07
2.84999905E-01  7.66885166E-07  3.83266291E-07
2.85286730E-01  5.48724540E-07  3.93411890E-07
2.85573553E-01  1.33643498E-06  3.86427792E-07
2.85860374E-01  1.24551967E-06  3.86636098E-07
2.86147194E-01  1.73706988E-06  3.94823777E-07
2.86434013E-01  9.69973297E-07  3.89087841E-07
2.86720831E-01  1.03335690E-06  3.94254260E-07
2.87007646E-01  1.10384755E-06  3.91844882E-07
2.87294461E-01  8.39732935E-07  3.89573817E-07
2.87581274E-01  4.39763032E-07  4.02429348E-07
2.87868085E-01  1.34052605E-06  3.90059608E-07
2.88154896E-01  1.09281824E-06  3.97243261E-07
2.88441704E-01  9.47474626E-07  3.96429749E-07
2.88728512E-01  7.14951433E-07  3.96737907E-07
2.89015317E-01  1.83941735E-06  4.06816939E-07
2.89302122E-01  1.19017661E-06  3.92707344E-07
2.89588925E-01  8.40733637E-07  4.03893224E-07
2.89875726E-01  7.44649763E-07  4.04008232E-07
2.90162526E-01  1.03558502E-06  4.00655836E-07
2.90449325E-01  3.21523369E-07  4.09005299E-07
2.90736122E-01  1.60905711E-06  4.08877571E-07
2.91022917E-01  1.02242706E-06  4.11406327E-07
2.91309712E-01  9.90379426E-07  4.08540614E-07
2.91596504E-01  9.49921695E-07  4.10431875E-07
2.91883296E-01  3.64413944E-07  4.12803052E-07
2.92170085E-01  1.36346094E-06  4.09682320E-07
2.92456874E-01  1.03167832E-06  4.20156308E-07
2.92743661E-01  1.35392552E-06  4.13711538E-07
2.93030446E-01  3.50010696E-07  4.19022309E-07
2.93317230E-01  6.15218624E-07  4.13359234E-07
2.93604012E-01  1.07511091E-06  4.15294027E-07
2.93890793E-01  1.02727398E-06  4.23319945E-07
2.94177573E-01  1.35258897E-06  4.20112302E-07
2.94464351E-01  1.33015778E-06  4.26251982E-07
2.94751127E-01  1.25041850E-06  4.22597313E-07
2.95037903E-01  7.84488914E-07  4.20504858E-07
2.95324676E-01  9.95057472E-07  4.19788580E-07
2.95611448E-01  6.34372670E-07  4.20280092E-07
2.95898219E-01  2.69077802E-07  4.29818369E-07
2.96184988E-01  4.65493378E-07  4.26449037E-07
2.96471756E-01  1.35496412E-06  4.28020876E-07
2.96758522E-01  1.38887028E-06  4.28924060E-07
2.97045287E-01  6.97988019E-07  4.41472911E-07
2.97332050E-01  5.52759059E-07  4.37634601E-07
2.97618812E-01  2.88779943E-07  4.32075057E-07
2.97905572E-01  1.28593433E-06  4.42162513E-07
2.98192331E-01  9.59836120E-07  4.27441456E-07
2.98479088E-01  7.99042149E-07  4.43830707E-07
2.98765844E-01  1.18189172E-06  4.30645178E-07
2.99052598E-01  1.12401186E-06  4.37899190E-07
2.99339351E-01  1.01684108E-06  4.44173577E-07
2.99626102E-01  5.75857376E-07  4.31726289E-07
2.99912852E-01  6.30240381E-07  4.37278317E-07
3.00199600E-01  8.89668719E-07  4.35367489E-07
3.00486347E-01  1.10267847E-06  4.42603532E-07
3.00773092E-01  1.56049626E-06  4.48161618E-07
3.01059836E-01  -2.94254623E-07  4.36136264E-07
3.01346578E-01  4.08048801E-07  4.48045052E-07
3.01633319E-01  -3.30068139E-07  4.31729626E-07
3.01920058E-01  1.46895683E-06  4.51228965E-07
3.02206796E-01  3.00803731E-07  4.45731653E-07
3.02493532E-01  1.13788008E-06  4.42193631E-07
3.02780267E-01  9.34028492E-07  4.58969836E-07
3.03067000E-01  2.08897585E-07  4.45066682E-07
3.03353732E-01  1.22725820E-06  4.51678429E-07
3.03640462E-01  1.90703102E-07  4.53732615E-07
3.03927190E-01  5.06349056E-07  4.56050345E-07
3.04213918E-01  8.60693643E-07  4.58992313E-07
3.04500643E-01  5.86921422E-07  4.52833811E-07
3.04787367E-01  1.28427951E-07  4.64245371E-07
3.05074090E-01  8.37950982E-07  4.53254813E-07
3.05360811E-01  5.81594933E-07  4.59944771E-07
3.05647530E-01  9.69385757E-07  4.62559669E-07
3.05934248E-01  1.24250478E-06  4.54072399E-07
3.06220965E-01  1.31989569E-06  4.71338419E-07
3.06507679E-01  1.41543978E-06  4.60965743E-07
3.06794393E-01  6.07282630E-08  4.63980279E-07
3.07081105E-01  6.31123500E-07  4.68466943E-07
3.07367815E-01  1.18060153E-06  4.64488785E-07
3.07654524E-01  8.33867183E-07  4.79691067E-07
3.07941231E-01  -3.70810272E-07  4.56885958E-07
3.08227936E-01  1.02657237E-06  4.75960943E-07
3.08514640E-01  8.23543431E-07  4.85768542E-07
3.08801343E-01  5.98394462E-07  4.76075259E-07
3.09088044E-01  1.12344971E-06  4.88238920E-07
3.09374743E-01  4.69792114E-07  4.67844193E-07
3.09661441E-01  7.78572055E-07  4.84030288E-07
3.09948138E-01  3.53541558E-07  4.77952064E-07
3.10234833E-01  -2.06699254E-07  4.88249773E-07
3.10521526E-01  1.04163585E-06  4.86203777E-07
3.10808218E-01  9.17816212E-08  4.81537102E-07
3.11094908E-01  8.03027931E-07  4.96793274E-07
3.11381596E-01  1.61826650E-06  4.89604407E-07
3.11668283E-01  4.41680058E-07  4.94257616E-07
3.11954969E-01  8.23720764E-07  4.97392235E-07
3.12241653E-01  -1.80700698E-07  4.94508749E-07
3.12528335E-01  2.83791996E-07  5.01440306E-07
3.12815016E-01  9.39868252E-07  4.88813315E-07
3.13101695E-01  4.74433548E-07  5.01888926E-07
3.13388373E-01  3.54515561E-07  4.90305956E-07
3.13675049E-01  6.13349540E-07  5.06240062E-07
3.13961723E-01  1.20410594E-06  5.10095985E-07
3.14248396E-01  8.97431045E-07  5.00122685E-07
3.14535067E-01  -7.07909414E-08  5.20658492E-07
3.14821737E-01  3.34065981E-07  5.04257773E-07
3.15108405E-01  1.04962833E-06  5.16067278E-07
3.15395072E-01  5.82401196E-07  5.09668393E-07
3.15681737E-01  9.33019919E-07  5.12129787E-07
3.15968401E-01  1.33684949E-06  5.37053331E-07
3.16255063E-01  2.70835451E-07  5.13597028E-07
3.16541723E-01  3.54526603E-07  5.21838046E-07
3.16828382E-01  1.32885759E-06  5.17811059E-07
3.17115039E-01  1.39962238E-07  5.14994289E-07
3.17401694E-01  1.96861569E-06  5.42335016E-07
3.17688348E-01  -4.02942048E-07  5.09705958E-07
3.17975001E-01  7.76890826E-07  5.35496921E-07
3.18261651E-01  3.26857600E-07  5.23560151E-07
3.18548301E-01  7.32145722E-07  5.44226855E-07
3.18834948E-01  1.49405265E-06  5.45282740E-07
3.19121594E-01  1.38312278E-06  5.40518213E-07
3.19408239E-01  5.10956231E-07  5.45425364E-07
3.19694881E-01  8.87420609E-07  5.28162543E-07
3.19981523E-01  5.49041610E-07  5.51032349E-07
3.20268162E-01  1.34441490E-06  5.42765592E-07
3.20554800E-01  7.38366863E-07  5.42105003E-07
3.20841436E-01  1.17702909E-06  5.53468336E-07
3.21128071E-01  1.05676210E-06  5.41479961E-07
3.21414704E-01  1.40847273E-06  5.56936901E-07
3.21701336E-01  8.73072761E-07  5.51256653E-07
3.21987966E-01  1.06497387E-07  5.56071026E-07
3.22274594E-01  5.13091604E-07  5.54563849E-07
3.22561221E-01  1.44162143E-06  5.56638846E-07
3.22847846E-01  1.66232796E-06  5.74997796E-07
3.23134470E-01  6.54158593E-07  5.60094496E-07
3.23421092E-01  8.57015543E-07  5.75348275E-07
3.23707712E-01  5.83892595E-07  5.74848326E-07
3.23994330E-01  1.31662901E-06  5.71462313E-07
3.24280948E-01  1.22310082E-06  5.83576521E-07
3.24567563E-01  1.50888628E-07  5.61324881E-07
3.24854177E-01  1.63791065E-06  5.90939481E-07
3.25140789E-01  1.63301845E-06  5.71803124E-07
3.25427399E-01  5.90103810E-07  5.80708261E-07
3.25714008E-01  8.29223304E-08  5.92829032E-07
3.26000616E-01  9.59641383E-07  5.66007895E-07
3.26287221E-01  1.42018790E-06  6.07456124E-07
3.26573825E-01  5.98632055E-07  5.89429520E-07
3.26860428E-01  8.63419290E-07  6.09374643E-07
3.27147028E-01  8.94159195E-07  5.81639389E-07
3.27433627E-01  1.19952083E-06  6.01060839E-07
3.27720225E-01  1.34036264E-06  6.04144720E-07
3.28006821E-01  1.81508231E-06  5.95390662E-07
3.28293415E-01  -3.16963380E-07  6.03091729E-07
3.28580007E-01  8.63271659E-07  6.08233220E-07
3.28866598E-01  2.56531971E-07  6.05326892E-07
3.29153187E-01  1.32639135E-06  6.20354838E-07
3.29439775E-01  4.29802272E-07  5.93314474E-07
3.29726361E-01  4.58736506E-07  6.36067757E-07
3.30012945E-01  1.03850565E-06  6.00479867E-07
3.30299528E-01  1.14364695E-06  6.35092442E-07
3.30586109E-01  9.97154808E-08  6.22055879E-07
3.30872688E-01  7.58829572E-07  6.02342121E-07
3.31159266E-01  3.58617888E-07  6.23701863E-07
3.31445842E-01  6.75196761E-07  5.98620673E-07
3.31732416E-01  1.36135344E-06  6.28724505E-07
3.32018989E-01  2.17942527E-07  6.13717606E-07
3.32305560E-01  2.33399795E-07  6.26755351E-07
3.32592129E-01  1.34668901E-06  6.43414235E-07
3.32878697E-01  1.04049607E-06  5.94235121E-07
3.33165263E-01  -5.19198724E-07  6.46734772E-07
3.33451828E-01  1.08185293E-06  6.21985095E-07
3.33738390E-01  1.07660388E-06  6.20543888E-07
3.34024951E-01  8.75675705E-07  6.47416369E-07
3.34311511E-01  4.69447267E-07  6.19348556E-07
3.34598069E-01  3.80603977E-07  6.57196265E-07
3.34884625E-01  1.01846627E-06  6.29693912E-07
3.35171179E-01  4.03622939E-07  6.58361850E-07
3.35457732E-01  1.21352894E-07  6.34072944E-07
3.35744283E-01  -1.85181024E-07  6.36650916E-07
3.36030832E-01  5.52313968E-07  6.88544751E-07
3.36317380E-01  3.82858092E-07  6.47089162E-07
3.36603925E-01  8.34310012E-08  6.63778341E-07
3.36890470E-01  -7.38195852E-07  6.38898108E-07
3.37177012E-01  3.53815711E-07  6.77237374E-07
3.37463553E-01  5.82946765E-07  6.72741229E-07
3.37750092E-01  4.34116713E-07  6.44185409E-07
3.38036630E-01  9.83630758E-07  6.86401463E-07
3.38323166E-01  6.22076531E-07  6.67421133E-07
3.38609700E-01  -2.14778507E-07  6.90016723E-07
3.38896232E-01  -2.82066099E-08  6.98645308E-07
3.39182763E-01  1.29232619E-06  6.73006596E-07
3.39469292E-01  6.84692603E-07  7.27992985E-07
3.39755820E-01  -7.18935415E-07  6.79386050E-07
3.40042345E-01  1.53597119E-06  7.16468882E-07
3.40328869E-01  1.90496397E-07  6.99652337E-07
3.40615391E-01  1.66581030E-06  7.09982301E-07
3.40901912E-01  8.35400128E-07  7.31808547E-07
3.41188431E-01  1.24586503E-06  6.98825293E-07
3.41474948E-01  1.69743771E-07  7.52958419E-07
3.41761463E-01  6.59820405E-07  6.97093737E-07
3.42047977E-01  -4.09535885E-07  7.24845337E-07
3.42334489E-01  1.93864495E-07  7.45053421E-07
3.42620999E-01  2.76340377E-07  7.16915405E-07
3.42907508E-01  7.18561424E-07  7.68109647E-07
3.43194015E-01  1.11660209E-06  7.16973755E-07
3.43480520E-01  1.96984973E-07  7.63980375E-07
3.43767023E-01  1.36898021E-06  7.30259252E-07
3.44053525E-01  3.35355653E-07  7.41423466E-07
3.44340025E-01  7.18277422E-07  7.59000430E-07
3.44626523E-01  1.36712567E-06  7.48864831E-07
3.44913020E-01  1.73480791E-06  7.80470182E-07
3.45199515E-01  1.17210503E-06  7.72783200E-07
3.45486008E-01  -8.12268817E-07  7.71859229E-07
3.45772499E-01  2.47063455E-06  8.32710275E-07
3.46058989E-01  1.75581351E-06  7.56665693E-07
3.46345477E-01  1.64373021E-06  8.11800944E-07
3.46631963E-01  1.07208160E-06  7.83228879E-07
3.46918447E-01  4.50564583E-07  8.28319590E-07
3.47204930E-01  8.26190359E-07  8.09586083E-07
3.47491411E-01  1.09742932E-06  7.98957581E-07
3.47777890E-01  7.84902446E-07  8.46292118E-07
3.48064368E-01  1.79978380E-06  7.88800471E-07
3.48350844E-01  2.35631525E-06  8.64833096E-07
3.48637318E-01  -4.44086152E-07  8.15776679E-07
3.48923790E-01  5.38229271E-08  8.51478943E-07
3.49210260E-01  -1.61097529E-07  8.72695439E-07
3.49496729E-01  1.29634611E-06  8.05446680E-07
3.49783196E-01  -2.85785134E-07  8.87483646E-07
3.50069662E-01  1.98608363E-06  8.51738504E-07
3.50356125E-01  -7.55243057E-07  9.06664183E-07
3.50642587E-01  6.07210882E-07  9.30811600E-07
3.50929047E-01  1.11437039E-06  8.97137341E-07
3.51215505E-01  -2.36520474E-07  9.28668603E-07
3.51501962E-01  5.90890908E-07  8.73399648E-07
3.51788416E-01  7.91834699E-07  9.54727933E-07
3.52074869E-01  1.47701532E-06  9.32339021E-07
3.52361321E-01  4.39261796E-07  9.14025013E-07
3.52647770E-01  6.07363865E-07  9.96663651E-07
3.52934218E-01  1.80500884E-08  8.84158486E-07
3.53220664E-01  1.51218973E-06  9.90393196E-07
3.53507108E-01  1.23466070E-06  9.45778013E-07
3.53793550E-01  2.06972167E-06  1.01032289E-06
3.54079991E-01  3.50859857E-07  1.02826438E-06
3.54366430E-01  1.08844525E-06  9.30735786E-07
3.54652867E-01  1.36844176E-06  1.06550912E-06
3.54939302E-01  9.05752888E-07  9.57060925E-07
3.55225736E-01  -1.45612543E-06  1.07337653E-06
3.55512168E-01  4.06091988E-07  1.02214545E-06
3.55798598E-01  -2.30167073E-07  1.03694498E-06
3.56085026E-01  9.54503637E-07  1.12849623E-06
3.56371452E-01  -2.64323040E-07  9.79449113E-07
3.56657877E-01  -6.60563226E-07  1.11917242E-06
3.56944300E-01  1.66622578E-06  1.06349793E-06
3.57230721E-01  2.67612120E-06  1.14930445E-06
3.57517140E-01  -1.40065442E-06  1.19157505E-06
3.57803558E-01  3.29850571E-07  1.09429161E-06
3.58089973E-01  2.11799730E-06  1.22072322E-06
3.58376387E-01  2.01461047E-06  1.15860342E-06
3.58662800E-01  9.21707847E-07  1.18594890E-06
3.58949210E-01  1.10801402E-06  1.24323658E-06
3.59235618E-01  5.35988065E-08  1.20651754E-06
3.59522025E-01  5.44064814E-07  1.27941947E-06
3.59808430E-01  2.94934084E-07  1.20333537E-06
3.60094833E-01  3.33512167E-06  1.37368934E-06
3.60381235E-01  7.38586355E-07  1.24833401E-06
3.60667634E-01  9.53582695E-07  1.35765753E-06
3.60954032E-01  1.65532417E-06  1.36863243E-06
3.61240428E-01  5.76915584E-07  1.34058013E-06
3.61526822E-01  -2.89772974E-07  1.43169735E-06
3.61813215E-01  2.28164811E-08  1.36524488E-06
3.62099605E-01  1.21541477E-06  1.40063817E-06
3.62385994E-01  1.72191676E-06  1.65511943E-06
3.62672381E-01  1.06596310E-06  1.40741022E-06
3.62958766E-01  3.39067523E-07  1.66711358E-06


### HEADER:
#
#{
#    "analysis": {}, 
#    "calibration_params": {
#        "Beam_Center_X": 928.6272904649098, 
#        "Beam_Center_Y": 888.50456087491, 
#        "Detector_Pixel_Size": 0.172, 
#        "Radial_Average_Method": "RAW", 
#        "Sample-to-detector distance (mm)": 3637.745036113966, 
#        "Wavelength (A)": 1.03320164497
#    }, 
#    "config_file": "C:\\Users\\sosnicklab\\Documents\\z20190319Sosnick\\SAXS", 
#    "counters": {
#        "Coflow_on": "\tTrue\n", 
#        "D_hutch_shutter_open": "\tTrue\n", 
#        "Date": "\t2019-07-25 16:32:49.954967\n", 
#        "Exposure time/frame (s)": "\t0.5\n", 
#        "Exposure_period/frame_s": "\t2.0\n", 
#        "File_prefix": "\tTS08_098\n", 
#        "Flow rate (ml/min)": "\t0.7\n", 
#        "Front_end_shutter_open": "\tTrue\n", 
#        "I0_gain": "\t1e+06\n", 
#        "I1_gain": "\t1e+06\n", 
#        "I2_gain": "\t1e+03\n", 
#        "I3_gain": "\t1e+05\n", 
#        "Instrument": "\tBioCAT (Sector 18, APS)\n", 
#        "Number_of_frames": "\t1800\n", 
#        "Outlet_flow_rate_mL/min": "\t1.4\n", 
#        "Save_directory": "\t/nas_data/20190723Srinivas/Sosnick/TS08\n", 
#        "Sheath_excess_ratio": "\t2.1\n", 
#        "Sheath_inlet_flow_rate_including_excess_mL/min": "\t1.47\n", 
#        "Sheath_ratio": "\t0.5\n", 
#        "Wait_for_trigger": "\tFalse\n"
#    }, 
#    "filename": "LAF1-G2MAX-autopick.dat", 
#    "history": {
#        "subtraction": {
#            "initial_file": [
#                "A_TS08_098_0565.tif", 
#                {
#                    "averaged_files": [
#                        [
#                            "TS08_098_0565.tif"
#                        ], 
#                        [
#                            "TS08_098_0566.tif"
#                        ], 
#                        [
#                            "TS08_098_0567.tif"
#                        ], 
#                        [
#                            "TS08_098_0568.tif"
#                        ], 
#                        [
#                            "TS08_098_0569.tif"
#                        ], 
#                        [
#                            "TS08_098_0570.tif"
#                        ], 
#                        [
#                            "TS08_098_0571.tif"
#                        ], 
#                        [
#                            "TS08_098_0572.tif"
#                        ], 
#                        [
#                            "TS08_098_0573.tif"
#                        ], 
#                        [
#                            "TS08_098_0574.tif"
#                        ], 
#                        [
#                            "TS08_098_0575.tif"
#                        ], 
#                        [
#                            "TS08_098_0576.tif"
#                        ]
#                    ]
#                }
#            ], 
#            "subtracted_file": [
#                "A_TS08_098_0320.tif", 
#                {
#                    "averaged_files": [
#                        [
#                            "TS08_098_0320.tif"
#                        ], 
#                        [
#                            "TS08_098_0321.tif"
#                        ], 
#                        [
#                            "TS08_098_0322.tif"
#                        ], 
#                        [
#                            "TS08_098_0323.tif"
#                        ], 
#                        [
#                            "TS08_098_0324.tif"
#                        ], 
#                        [
#                            "TS08_098_0325.tif"
#                        ], 
#                        [
#                            "TS08_098_0326.tif"
#                        ], 
#                        [
#                            "TS08_098_0327.tif"
#                        ], 
#                        [
#                            "TS08_098_0328.tif"
#                        ], 
#                        [
#                            "TS08_098_0329.tif"
#                        ], 
#                        [
#                            "TS08_098_0330.tif"
#                        ], 
#                        [
#                            "TS08_098_0331.tif"
#                        ], 
#                        [
#                            "TS08_098_0332.tif"
#                        ], 
#                        [
#                            "TS08_098_0333.tif"
#                        ], 
#                        [
#                            "TS08_098_0334.tif"
#                        ], 
#                        [
#                            "TS08_098_0335.tif"
#                        ], 
#                        [
#                            "TS08_098_0336.tif"
#                        ], 
#                        [
#                            "TS08_098_0337.tif"
#                        ], 
#                        [
#                            "TS08_098_0338.tif"
#                        ], 
#                        [
#                            "TS08_098_0339.tif"
#                        ], 
#                        [
#                            "TS08_098_0340.tif"
#                        ], 
#                        [
#                            "TS08_098_0341.tif"
#                        ], 
#                        [
#                            "TS08_098_0342.tif"
#                        ], 
#                        [
#                            "TS08_098_0343.tif"
#                        ], 
#                        [
#                            "TS08_098_0344.tif"
#                        ], 
#                        [
#                            "TS08_098_0345.tif"
#                        ], 
#                        [
#                            "TS08_098_0346.tif"
#                        ], 
#                        [
#                            "TS08_098_0347.tif"
#                        ], 
#                        [
#                            "TS08_098_0348.tif"
#                        ], 
#                        [
#                            "TS08_098_0349.tif"
#                        ], 
#                        [
#                            "TS08_098_0350.tif"
#                        ], 
#                        [
#                            "TS08_098_0351.tif"
#                        ], 
#                        [
#                            "TS08_098_0352.tif"
#                        ], 
#                        [
#                            "TS08_098_0353.tif"
#                        ], 
#                        [
#                            "TS08_098_0354.tif"
#                        ], 
#                        [
#                            "TS08_098_0355.tif"
#                        ], 
#                        [
#                            "TS08_098_0356.tif"
#                        ], 
#                        [
#                            "TS08_098_0357.tif"
#                        ], 
#                        [
#                            "TS08_098_0358.tif"
#                        ], 
#                        [
#                            "TS08_098_0359.tif"
#                        ], 
#                        [
#                            "TS08_098_0360.tif"
#                        ], 
#                        [
#                            "TS08_098_0361.tif"
#                        ], 
#                        [
#                            "TS08_098_0362.tif"
#                        ], 
#                        [
#                            "TS08_098_0363.tif"
#                        ]
#                    ]
#                }
#            ]
#        }
#    }, 
#    "imageHeader": {
#        "Count_cutoff": "1157021 counts", 
#        "Excluded_pixels": "badpix_mask.tif", 
#        "Exposure_period": "1.0025000 s", 
#        "Exposure_time": "1.0000000 s", 
#        "Flat_field": "FF_p10-0130_E12000_T6000_vrf_m0p100.tif", 
#        "Gain_setting": "autog (vrf = 1.000)", 
#        "Image_path": "/ramdisk/Sosnick/TS08/", 
#        "N_excluded_pixels": "35", 
#        "Pixel_size": "172e-6 m x 172e-6 m", 
#        "Ratecorr_lut_directory": "ContinuousStandard_v1.1", 
#        "Retrigger_mode": "1", 
#        "Silicon": "sensor, thickness 0.000450 m", 
#        "Tau": "0 s", 
#        "Threshold_setting": "6000 eV", 
#        "Trim_file": "p10-0130_E12000_T6000.bin"
#    }, 
#    "normalizations": {
#        "Counter_norms": [
#            [
#                "/", 
#                "I1"
#            ]
#        ], 
#        "Solid_Angle_Correction": "On"
#    }, 
#    "raw_version": "1.6.0"
#}

