3.40534E-02	1.58388E-02	8.84799E-05	1.61838E-02
3.42802E-02	1.61028E-02	8.75214E-05	1.61063E-02
3.45069E-02	1.58861E-02	8.69843E-05	1.60293E-02
3.47336E-02	1.58894E-02	8.70241E-05	1.59528E-02
3.49603E-02	1.58720E-02	8.61399E-05	1.58766E-02
3.51870E-02	1.56833E-02	8.61269E-05	1.58009E-02
3.54137E-02	1.56493E-02	8.57314E-05	1.57256E-02
3.56405E-02	1.55398E-02	8.63462E-05	1.56506E-02
3.58672E-02	1.55681E-02	8.47563E-05	1.55761E-02
3.60939E-02	1.53196E-02	8.36067E-05	1.55019E-02
3.63206E-02	1.53924E-02	8.38263E-05	1.54282E-02
3.65473E-02	1.52995E-02	8.45692E-05	1.53548E-02
3.67740E-02	1.52659E-02	8.45073E-05	1.52818E-02
3.70008E-02	1.51243E-02	8.29770E-05	1.52091E-02
3.72275E-02	1.49724E-02	8.37686E-05	1.51368E-02
3.74542E-02	1.49856E-02	8.21066E-05	1.50649E-02
3.76809E-02	1.48836E-02	8.21496E-05	1.49933E-02
3.79076E-02	1.49673E-02	8.14371E-05	1.49221E-02
3.81344E-02	1.47447E-02	8.12569E-05	1.48512E-02
3.83611E-02	1.49656E-02	8.13249E-05	1.47806E-02
3.85878E-02	1.46595E-02	8.14156E-05	1.47104E-02
3.88145E-02	1.47954E-02	8.17221E-05	1.46405E-02
3.90412E-02	1.45397E-02	7.98576E-05	1.45709E-02
3.92679E-02	1.45183E-02	7.86493E-05	1.45017E-02
3.94947E-02	1.44652E-02	7.94388E-05	1.44327E-02
3.97214E-02	1.42292E-02	7.95278E-05	1.43641E-02
3.99481E-02	1.43882E-02	7.99388E-05	1.42958E-02
4.01748E-02	1.42381E-02	7.81629E-05	1.42278E-02
4.04015E-02	1.42568E-02	7.88285E-05	1.41601E-02
4.06282E-02	1.40799E-02	7.89077E-05	1.40927E-02
4.08550E-02	1.39975E-02	7.87716E-05	1.40256E-02
4.10817E-02	1.42009E-02	7.67562E-05	1.39588E-02
4.13084E-02	1.39119E-02	7.64403E-05	1.38922E-02
4.15351E-02	1.37218E-02	7.67939E-05	1.38260E-02
4.17618E-02	1.37869E-02	7.67540E-05	1.37601E-02
4.19885E-02	1.36439E-02	7.69709E-05	1.36944E-02
4.22153E-02	1.35917E-02	7.61739E-05	1.36290E-02
4.24420E-02	1.36178E-02	7.55318E-05	1.35640E-02
4.26687E-02	1.33769E-02	7.52933E-05	1.34991E-02
4.28954E-02	1.34428E-02	7.58292E-05	1.34346E-02
4.31221E-02	1.34316E-02	7.50640E-05	1.33704E-02
4.33489E-02	1.31700E-02	7.45276E-05	1.33063E-02
4.35756E-02	1.32191E-02	7.48893E-05	1.32426E-02
4.38023E-02	1.32079E-02	7.54445E-05	1.31792E-02
4.40290E-02	1.31653E-02	7.35174E-05	1.31160E-02
4.42557E-02	1.31062E-02	7.38756E-05	1.30531E-02
4.44824E-02	1.30071E-02	7.30413E-05	1.29904E-02
4.47092E-02	1.28876E-02	7.27091E-05	1.29280E-02
4.49359E-02	1.30293E-02	7.38171E-05	1.28659E-02
4.51626E-02	1.28618E-02	7.25914E-05	1.28040E-02
4.53893E-02	1.27604E-02	7.22298E-05	1.27424E-02
4.56160E-02	1.24968E-02	7.23708E-05	1.26810E-02
4.58427E-02	1.25923E-02	7.19254E-05	1.26199E-02
4.60695E-02	1.26289E-02	7.21274E-05	1.25590E-02
4.62962E-02	1.26019E-02	7.17095E-05	1.24984E-02
4.65229E-02	1.24954E-02	7.05087E-05	1.24381E-02
4.67496E-02	1.24833E-02	7.17836E-05	1.23780E-02
4.69763E-02	1.23109E-02	7.16377E-05	1.23181E-02
4.72031E-02	1.22772E-02	7.11725E-05	1.22585E-02
4.74298E-02	1.21608E-02	6.97940E-05	1.21991E-02
4.76565E-02	1.22270E-02	7.01282E-05	1.21400E-02
4.78832E-02	1.21296E-02	6.98285E-05	1.20811E-02
4.81099E-02	1.21228E-02	6.96895E-05	1.20225E-02
4.83366E-02	1.20474E-02	6.96509E-05	1.19641E-02
4.85634E-02	1.19090E-02	6.90919E-05	1.19060E-02
4.87901E-02	1.18537E-02	6.97484E-05	1.18481E-02
4.90168E-02	1.17897E-02	6.93612E-05	1.17904E-02
4.92435E-02	1.17688E-02	6.80225E-05	1.17330E-02
4.94702E-02	1.16901E-02	6.91000E-05	1.16758E-02
4.96969E-02	1.15567E-02	6.75961E-05	1.16189E-02
4.99237E-02	1.16246E-02	6.83598E-05	1.15622E-02
5.01504E-02	1.15503E-02	6.84184E-05	1.15057E-02
5.03771E-02	1.14713E-02	6.83445E-05	1.14495E-02
5.06038E-02	1.15064E-02	6.70528E-05	1.13935E-02
5.08305E-02	1.13315E-02	6.67395E-05	1.13378E-02
5.10573E-02	1.12651E-02	6.76561E-05	1.12822E-02
5.12840E-02	1.13452E-02	6.60501E-05	1.12269E-02
5.15107E-02	1.12240E-02	6.66030E-05	1.11719E-02
5.17374E-02	1.11711E-02	6.68615E-05	1.11171E-02
5.19641E-02	1.10421E-02	6.67604E-05	1.10625E-02
5.21908E-02	1.09245E-02	6.64785E-05	1.10081E-02
5.24176E-02	1.10589E-02	6.53168E-05	1.09540E-02
5.26443E-02	1.10136E-02	6.60432E-05	1.09001E-02
5.28710E-02	1.08992E-02	6.54454E-05	1.08465E-02
5.30977E-02	1.07068E-02	6.58308E-05	1.07931E-02
5.33244E-02	1.08221E-02	6.52665E-05	1.07399E-02
5.35511E-02	1.06652E-02	6.53868E-05	1.06869E-02
5.37779E-02	1.07962E-02	6.47758E-05	1.06342E-02
5.40046E-02	1.07206E-02	6.43953E-05	1.05817E-02
5.42313E-02	1.05632E-02	6.46663E-05	1.05294E-02
5.44580E-02	1.05806E-02	6.37268E-05	1.04773E-02
5.46847E-02	1.04701E-02	6.38516E-05	1.04255E-02
5.49115E-02	1.03810E-02	6.39939E-05	1.03739E-02
5.51382E-02	1.03786E-02	6.42724E-05	1.03226E-02
5.53649E-02	1.01693E-02	6.42111E-05	1.02714E-02
5.55916E-02	1.01215E-02	6.32566E-05	1.02205E-02
5.58183E-02	1.02600E-02	6.29181E-05	1.01699E-02
5.60450E-02	1.02351E-02	6.28929E-05	1.01194E-02
5.62718E-02	9.98027E-03	6.28768E-05	1.00692E-02
5.64985E-02	1.01008E-02	6.28778E-05	1.00192E-02
5.67252E-02	9.87516E-03	6.23188E-05	9.96941E-03
5.69519E-02	9.97964E-03	6.27280E-05	9.91987E-03
5.71786E-02	9.91124E-03	6.27643E-05	9.87055E-03
5.74053E-02	9.91632E-03	6.21485E-05	9.82146E-03
5.76321E-02	9.62523E-03	6.14224E-05	9.77257E-03
5.78588E-02	9.75946E-03	6.14518E-05	9.72393E-03
5.80855E-02	9.61767E-03	6.13684E-05	9.67551E-03
5.83122E-02	9.58418E-03	6.20731E-05	9.62731E-03
5.85389E-02	9.51644E-03	6.10578E-05	9.57934E-03
5.87656E-02	9.69371E-03	6.14718E-05	9.53160E-03
5.89924E-02	9.55851E-03	6.11585E-05	9.48405E-03
5.92191E-02	9.36744E-03	6.08751E-05	9.43675E-03
5.94458E-02	9.39507E-03	6.08160E-05	9.38967E-03
5.96725E-02	9.36116E-03	6.03319E-05	9.34282E-03
5.98992E-02	9.29898E-03	6.04272E-05	9.29618E-03
6.01260E-02	9.30642E-03	6.01714E-05	9.24975E-03
6.03527E-02	9.11555E-03	6.13992E-05	9.20356E-03
6.05794E-02	9.15171E-03	6.01565E-05	9.15759E-03
6.08061E-02	9.01835E-03	6.05207E-05	9.11184E-03
6.10328E-02	9.04489E-03	6.04450E-05	9.06631E-03
6.12595E-02	8.98430E-03	6.08625E-05	9.02100E-03
6.14863E-02	8.90060E-03	6.08675E-05	8.97589E-03
6.17130E-02	8.95807E-03	6.02320E-05	8.93103E-03
6.19397E-02	8.74733E-03	6.06674E-05	8.88638E-03
6.21664E-02	8.90982E-03	5.97395E-05	8.84195E-03
6.23931E-02	8.86868E-03	5.97240E-05	8.79774E-03
6.26198E-02	8.78015E-03	5.88816E-05	8.75374E-03
6.28466E-02	8.79985E-03	5.89982E-05	8.70995E-03
6.30733E-02	8.62877E-03	5.85477E-05	8.66639E-03
6.33000E-02	8.65460E-03	5.92310E-05	8.62305E-03
6.35267E-02	8.46689E-03	5.93473E-05	8.57993E-03
6.37534E-02	8.56781E-03	5.91345E-05	8.53702E-03
6.39802E-02	8.51422E-03	5.83550E-05	8.49432E-03
6.42069E-02	8.54398E-03	5.87623E-05	8.45184E-03
6.44336E-02	8.47565E-03	5.83762E-05	8.40958E-03
6.46603E-02	8.42340E-03	5.83469E-05	8.36754E-03
6.48870E-02	8.34226E-03	5.81918E-05	8.32571E-03
6.51137E-02	8.20996E-03	5.77204E-05	8.28410E-03
6.53405E-02	8.16925E-03	5.85812E-05	8.24268E-03
6.55672E-02	8.17120E-03	5.75792E-05	8.20149E-03
6.57939E-02	8.18869E-03	5.72499E-05	8.16052E-03
6.60206E-02	8.08952E-03	5.70830E-05	8.11976E-03
6.62473E-02	7.95346E-03	5.67981E-05	8.07921E-03
6.64740E-02	7.96831E-03	5.75968E-05	8.03888E-03
6.67008E-02	8.04506E-03	5.69614E-05	7.99873E-03
6.69275E-02	7.88510E-03	5.73482E-05	7.95882E-03
6.71542E-02	7.73046E-03	5.56930E-05	7.91912E-03
6.73809E-02	7.88607E-03	5.69038E-05	7.87962E-03
6.76076E-02	7.85071E-03	5.67439E-05	7.84034E-03
6.78344E-02	7.91348E-03	5.72226E-05	7.80125E-03
6.80611E-02	7.78608E-03	5.83953E-05	7.76238E-03
6.82878E-02	7.70447E-03	5.90693E-05	7.72373E-03
6.85145E-02	7.67417E-03	6.00406E-05	7.68528E-03
6.87412E-02	7.54811E-03	6.02490E-05	7.64703E-03
6.89679E-02	7.57695E-03	6.13759E-05	7.60900E-03
6.91947E-02	7.63171E-03	6.10204E-05	7.57115E-03
6.94214E-02	7.45803E-03	6.21951E-05	7.53353E-03
6.96481E-02	7.48431E-03	6.24610E-05	7.49611E-03
6.98748E-02	7.37122E-03	6.24690E-05	7.45890E-03
7.01015E-02	7.24562E-03	6.22146E-05	7.42189E-03
7.03282E-02	7.33455E-03	6.21072E-05	7.38508E-03
7.05550E-02	7.35747E-03	6.34588E-05	7.34846E-03
7.07817E-02	7.37317E-03	6.31721E-05	7.31206E-03
7.10084E-02	7.19931E-03	6.23041E-05	7.27586E-03
7.12351E-02	7.13003E-03	6.26423E-05	7.23986E-03
7.14618E-02	7.37648E-03	6.39876E-05	7.20406E-03
7.16886E-02	7.15931E-03	6.42702E-05	7.16845E-03
7.19153E-02	7.33230E-03	6.40577E-05	7.13305E-03
7.21420E-02	6.99178E-03	6.43445E-05	7.09785E-03
7.23687E-02	7.05973E-03	6.12477E-05	7.06285E-03
7.25954E-02	6.96061E-03	6.10615E-05	7.02805E-03
7.28221E-02	6.93185E-03	6.04271E-05	6.99345E-03
7.30489E-02	6.99113E-03	5.94274E-05	6.95902E-03
7.32756E-02	6.92606E-03	5.88668E-05	6.92481E-03
7.35023E-02	6.91767E-03	5.95451E-05	6.89079E-03
7.37290E-02	6.75311E-03	5.84736E-05	6.85696E-03
7.39557E-02	6.85074E-03	5.75991E-05	6.82333E-03
7.41824E-02	6.78200E-03	5.75612E-05	6.78990E-03
7.44092E-02	6.81224E-03	5.67958E-05	6.75664E-03
7.46359E-02	6.65991E-03	5.72704E-05	6.72358E-03
7.48626E-02	6.74746E-03	5.73607E-05	6.69072E-03
7.50893E-02	6.73302E-03	5.68896E-05	6.65805E-03
7.53160E-02	6.74673E-03	5.59797E-05	6.62557E-03
7.55427E-02	6.57162E-03	5.58745E-05	6.59328E-03
7.57695E-02	6.58893E-03	5.62677E-05	6.56116E-03
7.59962E-02	6.46670E-03	5.54080E-05	6.52924E-03
7.62229E-02	6.48721E-03	5.56115E-05	6.49751E-03
7.64496E-02	6.45529E-03	5.45804E-05	6.46597E-03
7.66763E-02	6.42765E-03	5.56584E-05	6.43461E-03
7.69031E-02	6.42449E-03	5.53032E-05	6.40343E-03
7.71298E-02	6.34358E-03	5.43494E-05	6.37244E-03
7.73565E-02	6.30415E-03	5.42922E-05	6.34163E-03
7.75832E-02	6.29706E-03	5.43900E-05	6.31101E-03
7.78099E-02	6.17869E-03	5.41491E-05	6.28057E-03
7.80366E-02	6.25438E-03	5.40572E-05	6.25031E-03
7.82634E-02	6.13854E-03	5.41062E-05	6.22022E-03
7.84901E-02	6.23495E-03	5.39358E-05	6.19031E-03
7.87168E-02	6.30205E-03	5.34803E-05	6.16059E-03
7.89435E-02	6.08253E-03	5.34509E-05	6.13105E-03
7.91702E-02	6.06050E-03	5.30279E-05	6.10168E-03
7.93969E-02	6.11879E-03	5.30483E-05	6.07249E-03
7.96237E-02	5.92909E-03	5.26687E-05	6.04347E-03
7.98504E-02	5.97278E-03	5.31969E-05	6.01463E-03
8.00771E-02	5.94749E-03	5.29466E-05	5.98596E-03
8.03038E-02	6.06130E-03	5.25481E-05	5.95747E-03
8.05305E-02	5.91826E-03	5.21038E-05	5.92915E-03
8.07573E-02	5.84978E-03	5.21412E-05	5.90099E-03
8.09840E-02	5.91286E-03	5.19875E-05	5.87301E-03
8.12107E-02	5.82577E-03	5.21779E-05	5.84521E-03
8.14374E-02	5.82374E-03	5.17631E-05	5.81757E-03
8.16641E-02	5.77154E-03	5.18361E-05	5.79010E-03
8.18908E-02	5.75959E-03	5.22136E-05	5.76280E-03
8.21176E-02	5.74081E-03	5.14541E-05	5.73565E-03
8.23443E-02	5.63486E-03	5.13330E-05	5.70868E-03
8.25710E-02	5.65873E-03	5.08860E-05	5.68188E-03
8.27977E-02	5.53879E-03	5.11205E-05	5.65524E-03
8.30244E-02	5.56058E-03	5.09277E-05	5.62877E-03
8.32511E-02	5.69179E-03	5.09395E-05	5.60245E-03
8.34779E-02	5.55527E-03	5.11826E-05	5.57629E-03
8.37046E-02	5.58606E-03	5.04485E-05	5.55030E-03
8.39313E-02	5.54907E-03	5.05717E-05	5.52447E-03
8.41580E-02	5.46627E-03	5.04156E-05	5.49880E-03
8.43847E-02	5.49956E-03	5.03302E-05	5.47329E-03
8.46115E-02	5.37797E-03	4.99480E-05	5.44792E-03
8.48382E-02	5.38538E-03	5.03005E-05	5.42272E-03
8.50649E-02	5.35070E-03	5.03051E-05	5.39768E-03
8.52916E-02	5.34050E-03	5.01161E-05	5.37280E-03
8.55183E-02	5.33395E-03	4.95635E-05	5.34806E-03
8.57450E-02	5.37869E-03	4.96393E-05	5.32348E-03
8.59718E-02	5.25826E-03	4.93140E-05	5.29905E-03
8.61985E-02	5.26744E-03	4.95445E-05	5.27477E-03
8.64252E-02	5.22004E-03	4.95132E-05	5.25065E-03
8.66519E-02	5.19536E-03	4.93431E-05	5.22667E-03
8.68786E-02	5.26412E-03	4.92539E-05	5.20285E-03
8.71053E-02	5.21262E-03	4.88769E-05	5.17917E-03
8.73321E-02	5.07468E-03	4.91013E-05	5.15563E-03
8.75588E-02	5.27485E-03	4.89711E-05	5.13225E-03
8.77855E-02	5.03293E-03	4.86002E-05	5.10902E-03
8.80122E-02	5.13309E-03	4.90058E-05	5.08592E-03
8.82389E-02	5.11539E-03	4.89440E-05	5.06298E-03
8.84656E-02	5.05842E-03	4.88250E-05	5.04017E-03
8.86924E-02	5.02370E-03	4.80768E-05	5.01750E-03
8.89191E-02	4.99302E-03	4.83721E-05	4.99498E-03
8.91458E-02	4.93097E-03	4.84406E-05	4.97260E-03
8.93725E-02	4.98818E-03	4.81868E-05	4.95036E-03
8.95992E-02	5.04191E-03	4.81834E-05	4.92826E-03
8.98260E-02	4.87008E-03	4.81013E-05	4.90628E-03
9.00527E-02	5.02217E-03	4.88019E-05	4.88446E-03
9.02794E-02	4.84745E-03	4.79884E-05	4.86277E-03
9.05061E-02	4.74764E-03	4.74949E-05	4.84121E-03
9.07328E-02	4.78721E-03	4.78164E-05	4.81979E-03
9.09595E-02	4.84315E-03	4.79286E-05	4.79851E-03
9.11863E-02	4.75896E-03	4.77121E-05	4.77735E-03
9.14130E-02	4.74875E-03	4.79940E-05	4.75633E-03
9.16397E-02	4.78895E-03	4.80913E-05	4.73544E-03
9.18664E-02	4.70333E-03	4.73983E-05	4.71468E-03
9.20931E-02	4.71085E-03	4.76406E-05	4.69405E-03
9.23198E-02	4.65890E-03	4.76157E-05	4.67355E-03
9.25466E-02	4.64226E-03	4.74326E-05	4.65317E-03
9.27733E-02	4.64818E-03	4.73834E-05	4.63292E-03
9.30000E-02	4.57530E-03	4.74491E-05	4.61280E-03
9.32267E-02	4.58663E-03	4.80465E-05	4.59281E-03
9.34534E-02	4.60540E-03	4.78594E-05	4.57294E-03
9.36802E-02	4.56074E-03	4.73943E-05	4.55319E-03
9.39069E-02	4.53173E-03	4.73299E-05	4.53356E-03
9.41336E-02	4.45720E-03	4.80469E-05	4.51406E-03
9.43603E-02	4.52256E-03	4.76743E-05	4.49469E-03
9.45870E-02	4.48819E-03	4.76234E-05	4.47543E-03
9.48137E-02	4.41415E-03	4.78941E-05	4.45629E-03
9.50405E-02	4.49025E-03	4.82778E-05	4.43726E-03
9.52672E-02	4.43442E-03	4.76874E-05	4.41836E-03
9.54939E-02	4.32531E-03	4.74896E-05	4.39958E-03
9.57206E-02	4.30639E-03	4.73915E-05	4.38091E-03
9.59473E-02	4.46623E-03	4.77080E-05	4.36236E-03
9.61740E-02	4.37640E-03	4.75269E-05	4.34392E-03
9.64008E-02	4.32510E-03	4.75006E-05	4.32559E-03
9.66275E-02	4.25906E-03	4.81785E-05	4.30738E-03
9.68542E-02	4.33626E-03	4.71603E-05	4.28929E-03
9.70809E-02	4.34417E-03	4.73645E-05	4.27130E-03
9.73076E-02	4.25173E-03	4.71410E-05	4.25343E-03
9.75344E-02	4.38089E-03	4.74454E-05	4.23566E-03
9.77611E-02	4.19244E-03	4.68011E-05	4.21801E-03
9.79878E-02	4.29123E-03	4.71115E-05	4.20046E-03
9.82145E-02	4.16196E-03	4.69112E-05	4.18302E-03
9.84412E-02	4.20170E-03	4.67426E-05	4.16569E-03
9.86679E-02	4.16818E-03	4.63636E-05	4.14847E-03
9.88947E-02	4.14828E-03	4.57204E-05	4.13135E-03
9.91214E-02	4.16721E-03	4.57259E-05	4.11433E-03
9.93481E-02	4.08190E-03	4.53393E-05	4.09743E-03
9.95748E-02	4.08821E-03	4.51754E-05	4.08062E-03
9.98015E-02	4.05788E-03	4.51724E-05	4.06392E-03
1.00028E-01	4.08423E-03	4.51158E-05	4.04733E-03
1.00255E-01	4.02434E-03	4.46377E-05	4.03081E-03
1.00482E-01	4.11226E-03	4.42981E-05	4.01439E-03
1.00708E-01	4.02053E-03	4.43617E-05	3.99815E-03
1.00935E-01	4.00377E-03	4.38793E-05	3.98192E-03
1.01162E-01	3.94320E-03	4.40127E-05	3.96580E-03
1.01389E-01	3.82382E-03	4.39082E-05	3.94978E-03
1.01615E-01	3.91301E-03	4.43229E-05	3.93392E-03
1.01842E-01	3.85803E-03	4.34740E-05	3.91809E-03
1.02069E-01	3.88532E-03	4.33472E-05	3.90236E-03
1.02295E-01	3.94699E-03	4.35591E-05	3.88679E-03
1.02522E-01	3.90376E-03	4.32279E-05	3.87124E-03
1.02749E-01	3.92229E-03	4.34115E-05	3.85579E-03
1.02976E-01	3.79735E-03	4.33165E-05	3.84043E-03
1.03202E-01	3.77475E-03	4.34629E-05	3.82523E-03
1.03429E-01	3.74181E-03	4.30557E-05	3.81006E-03
1.03656E-01	3.79551E-03	4.31290E-05	3.79497E-03
1.03882E-01	3.79440E-03	4.29433E-05	3.78005E-03
1.04109E-01	3.80738E-03	4.26625E-05	3.76514E-03
1.04336E-01	3.81935E-03	4.30256E-05	3.75033E-03
1.04563E-01	3.67649E-03	4.26326E-05	3.73560E-03
1.04789E-01	3.73089E-03	4.30813E-05	3.72103E-03
1.05016E-01	3.76896E-03	4.28631E-05	3.70648E-03
1.05243E-01	3.70846E-03	4.21543E-05	3.69201E-03
1.05469E-01	3.63587E-03	4.23875E-05	3.67769E-03
1.05696E-01	3.56403E-03	4.24424E-05	3.66340E-03
1.05923E-01	3.62690E-03	4.22496E-05	3.64919E-03
1.06150E-01	3.60899E-03	4.20675E-05	3.63507E-03
1.06376E-01	3.59042E-03	4.24310E-05	3.62109E-03
1.06603E-01	3.65073E-03	4.26081E-05	3.60713E-03
1.06830E-01	3.53452E-03	4.19942E-05	3.59325E-03
1.07056E-01	3.60481E-03	4.18429E-05	3.57952E-03
1.07283E-01	3.66194E-03	4.19690E-05	3.56580E-03
1.07510E-01	3.49861E-03	4.17707E-05	3.55217E-03
1.07737E-01	3.46879E-03	4.19420E-05	3.53861E-03
1.07963E-01	3.53478E-03	4.17098E-05	3.52520E-03
1.08190E-01	3.53256E-03	4.18921E-05	3.51180E-03
1.08417E-01	3.52684E-03	4.16110E-05	3.49848E-03
1.08644E-01	3.48647E-03	4.15740E-05	3.48524E-03
1.08870E-01	3.52681E-03	4.14784E-05	3.47214E-03
1.09097E-01	3.46842E-03	4.11743E-05	3.45905E-03
1.09324E-01	3.45189E-03	4.11422E-05	3.44604E-03
1.09550E-01	3.44659E-03	4.14753E-05	3.43316E-03
1.09777E-01	3.44907E-03	4.13397E-05	3.42030E-03
1.10004E-01	3.38824E-03	4.13303E-05	3.40751E-03
1.10231E-01	3.36302E-03	4.10979E-05	3.39480E-03
1.10457E-01	3.31857E-03	4.08670E-05	3.38221E-03
1.10684E-01	3.35028E-03	4.08560E-05	3.36964E-03
1.10911E-01	3.42428E-03	4.11181E-05	3.35715E-03
1.11137E-01	3.43760E-03	4.07261E-05	3.34478E-03
1.11364E-01	3.27627E-03	4.07001E-05	3.33243E-03
1.11591E-01	3.34936E-03	4.09274E-05	3.32014E-03
1.11818E-01	3.24298E-03	4.06482E-05	3.30793E-03
1.12044E-01	3.30900E-03	4.03573E-05	3.29584E-03
1.12271E-01	3.30242E-03	4.04396E-05	3.28377E-03
1.12498E-01	3.36200E-03	4.05260E-05	3.27176E-03
1.12724E-01	3.26841E-03	4.02747E-05	3.25988E-03
1.12951E-01	3.26705E-03	4.06541E-05	3.24801E-03
1.13178E-01	3.22004E-03	4.04719E-05	3.23621E-03
1.13405E-01	3.25883E-03	4.01554E-05	3.22447E-03
1.13631E-01	3.13401E-03	3.99411E-05	3.21286E-03
1.13858E-01	3.25205E-03	4.00762E-05	3.20125E-03
1.14085E-01	3.15473E-03	4.01312E-05	3.18971E-03
1.14311E-01	3.21968E-03	3.99140E-05	3.17829E-03
1.14538E-01	3.16769E-03	4.01047E-05	3.16688E-03
1.14765E-01	3.17311E-03	4.00461E-05	3.15554E-03
1.14992E-01	3.08989E-03	4.00273E-05	3.14426E-03
1.15218E-01	3.05679E-03	3.94260E-05	3.13309E-03
1.15445E-01	3.14833E-03	3.95680E-05	3.12193E-03
1.15672E-01	3.12966E-03	3.97702E-05	3.11084E-03
1.15898E-01	3.13561E-03	3.96604E-05	3.09986E-03
1.16125E-01	3.11307E-03	3.95866E-05	3.08889E-03
1.16352E-01	3.06376E-03	3.95099E-05	3.07798E-03
1.16579E-01	2.97889E-03	3.97684E-05	3.06713E-03
1.16805E-01	3.06891E-03	3.94212E-05	3.05639E-03
1.17032E-01	3.05087E-03	3.92991E-05	3.04566E-03
1.17259E-01	3.03858E-03	3.90192E-05	3.03499E-03
1.17486E-01	3.03525E-03	3.92984E-05	3.02438E-03
1.17712E-01	2.91589E-03	3.90835E-05	3.01387E-03
1.17939E-01	3.08226E-03	3.93171E-05	3.00338E-03
1.18166E-01	3.01364E-03	3.94836E-05	2.99294E-03
1.18392E-01	3.03647E-03	3.87684E-05	2.98261E-03
1.18619E-01	3.04323E-03	3.89343E-05	2.97229E-03
1.18846E-01	2.92322E-03	3.87613E-05	2.96202E-03
1.19073E-01	2.93751E-03	3.90324E-05	2.95181E-03
1.19299E-01	3.06414E-03	3.88366E-05	2.94171E-03
1.19526E-01	2.98176E-03	3.87202E-05	2.93161E-03
1.19753E-01	2.92126E-03	3.88910E-05	2.92157E-03
1.19979E-01	3.00110E-03	3.88879E-05	2.91162E-03
1.20206E-01	2.91250E-03	3.86349E-05	2.90169E-03
1.20433E-01	2.83853E-03	3.83683E-05	2.89181E-03
1.20660E-01	2.91614E-03	3.83994E-05	2.88198E-03
1.20886E-01	2.89442E-03	3.86251E-05	2.87225E-03
1.21113E-01	2.85469E-03	3.85628E-05	2.86254E-03
1.21340E-01	2.90018E-03	3.84087E-05	2.85287E-03
1.21566E-01	2.79982E-03	3.84141E-05	2.84330E-03
1.21793E-01	2.80029E-03	3.81531E-05	2.83373E-03
1.22020E-01	2.83538E-03	3.81635E-05	2.82422E-03
1.22247E-01	2.77804E-03	3.81719E-05	2.81476E-03
1.22473E-01	2.82860E-03	3.80912E-05	2.80540E-03
1.22700E-01	2.78264E-03	3.79362E-05	2.79604E-03
1.22927E-01	2.78544E-03	3.80728E-05	2.78673E-03
1.23153E-01	2.68957E-03	3.85807E-05	2.77752E-03
1.23380E-01	2.75328E-03	3.78165E-05	2.76831E-03
1.23607E-01	2.69735E-03	3.86095E-05	2.75915E-03
1.23834E-01	2.73917E-03	3.91955E-05	2.75004E-03
1.24060E-01	2.64637E-03	3.95554E-05	2.74102E-03
1.24287E-01	2.76630E-03	3.98838E-05	2.73201E-03
1.24514E-01	2.68600E-03	3.96813E-05	2.72305E-03
1.24740E-01	2.65920E-03	3.99615E-05	2.71417E-03
1.24967E-01	2.68084E-03	4.01833E-05	2.70530E-03
1.25194E-01	2.56110E-03	4.04215E-05	2.69648E-03
1.25421E-01	2.60708E-03	4.04292E-05	2.68771E-03
1.25647E-01	2.75245E-03	4.06610E-05	2.67902E-03
1.25874E-01	2.69221E-03	4.08434E-05	2.67034E-03
1.26101E-01	2.68125E-03	4.08240E-05	2.66171E-03
1.26327E-01	2.69339E-03	4.12823E-05	2.65316E-03
1.26554E-01	2.61852E-03	4.09814E-05	2.64461E-03
1.26781E-01	2.66229E-03	4.09922E-05	2.63612E-03
1.27008E-01	2.70323E-03	4.12798E-05	2.62766E-03
1.27234E-01	2.60130E-03	4.15095E-05	2.61929E-03
1.27461E-01	2.56700E-03	4.15774E-05	2.61093E-03
1.27688E-01	2.62610E-03	4.16560E-05	2.60261E-03
1.27914E-01	2.51797E-03	4.08864E-05	2.59438E-03
1.28141E-01	2.62791E-03	4.08174E-05	2.58614E-03
1.28368E-01	2.63771E-03	4.01441E-05	2.57796E-03
1.28595E-01	2.55509E-03	3.95356E-05	2.56981E-03
1.28821E-01	2.51357E-03	3.94274E-05	2.56175E-03
1.29048E-01	2.57072E-03	3.93134E-05	2.55369E-03
1.29275E-01	2.49697E-03	3.93781E-05	2.54567E-03
1.29502E-01	2.53529E-03	3.91581E-05	2.53770E-03
1.29728E-01	2.64615E-03	3.93387E-05	2.52980E-03
1.29955E-01	2.54419E-03	3.86105E-05	2.52191E-03
1.30182E-01	2.53978E-03	3.86032E-05	2.51407E-03
1.30408E-01	2.55123E-03	3.87297E-05	2.50629E-03
1.30635E-01	2.47047E-03	3.83183E-05	2.49853E-03
1.30862E-01	2.50907E-03	3.82931E-05	2.49080E-03
1.31089E-01	2.46688E-03	3.83163E-05	2.48312E-03
1.31315E-01	2.51105E-03	3.82052E-05	2.47550E-03
1.31542E-01	2.45966E-03	3.83038E-05	2.46790E-03
1.31769E-01	2.44051E-03	3.77306E-05	2.46034E-03
1.31995E-01	2.39759E-03	3.77496E-05	2.45284E-03
1.32222E-01	2.37492E-03	3.78124E-05	2.44536E-03
1.32449E-01	2.41985E-03	3.79472E-05	2.43791E-03
1.32676E-01	2.39365E-03	3.76095E-05	2.43050E-03
1.32902E-01	2.38110E-03	3.76986E-05	2.42317E-03
1.33129E-01	2.31418E-03	3.75414E-05	2.41583E-03
1.33356E-01	2.45634E-03	3.76307E-05	2.40854E-03
1.33582E-01	2.43445E-03	3.72411E-05	2.40132E-03
1.33809E-01	2.37914E-03	3.71669E-05	2.39410E-03
1.34036E-01	2.30430E-03	3.72223E-05	2.38692E-03
1.34263E-01	2.40444E-03	3.71344E-05	2.37978E-03
1.34489E-01	2.36643E-03	3.73136E-05	2.37271E-03
1.34716E-01	2.35895E-03	3.72439E-05	2.36564E-03
1.34943E-01	2.36220E-03	3.68904E-05	2.35861E-03
1.35169E-01	2.37078E-03	3.67291E-05	2.35164E-03
1.35396E-01	2.32090E-03	3.69170E-05	2.34469E-03
1.35623E-01	2.31640E-03	3.68340E-05	2.33776E-03
1.35850E-01	2.37492E-03	3.67332E-05	2.33088E-03
1.36076E-01	2.24133E-03	3.68540E-05	2.32406E-03
1.36303E-01	2.35828E-03	3.67786E-05	2.31724E-03
1.36530E-01	2.31922E-03	3.67587E-05	2.31046E-03
1.36756E-01	2.30124E-03	3.65422E-05	2.30374E-03
1.36983E-01	2.33845E-03	3.63649E-05	2.29703E-03
1.37210E-01	2.27846E-03	3.64759E-05	2.29036E-03
1.37437E-01	2.28006E-03	3.63507E-05	2.28372E-03
1.37663E-01	2.29217E-03	3.63236E-05	2.27714E-03
1.37890E-01	2.30556E-03	3.61709E-05	2.27056E-03
1.38117E-01	2.31612E-03	3.62411E-05	2.26402E-03
1.38344E-01	2.26957E-03	3.59878E-05	2.25752E-03
1.38570E-01	2.26897E-03	3.61467E-05	2.25107E-03
1.38797E-01	2.21208E-03	3.58549E-05	2.24464E-03
1.39024E-01	2.17700E-03	3.59647E-05	2.23823E-03
1.39250E-01	2.26582E-03	3.58603E-05	2.23188E-03
1.39477E-01	2.22911E-03	3.58789E-05	2.22554E-03
1.39704E-01	2.19016E-03	3.62267E-05	2.21923E-03
1.39931E-01	2.11230E-03	3.55064E-05	2.21296E-03
1.40157E-01	2.19221E-03	3.55271E-05	2.20674E-03
1.40384E-01	2.13752E-03	3.56371E-05	2.20053E-03
1.40611E-01	2.24164E-03	3.56991E-05	2.19435E-03
1.40837E-01	2.17883E-03	3.55306E-05	2.18823E-03
1.41064E-01	2.23466E-03	3.55878E-05	2.18211E-03
1.41291E-01	2.12251E-03	3.55630E-05	2.17602E-03
1.41518E-01	2.16352E-03	3.53718E-05	2.16997E-03
1.41744E-01	2.18907E-03	3.55077E-05	2.16397E-03
1.41971E-01	2.15717E-03	3.52474E-05	2.15797E-03
1.42198E-01	2.13141E-03	3.50909E-05	2.15201E-03
1.42424E-01	2.14707E-03	3.55247E-05	2.14610E-03
1.42651E-01	2.08438E-03	3.52768E-05	2.14020E-03
1.42878E-01	2.19719E-03	3.52926E-05	2.13432E-03
1.43105E-01	2.15650E-03	3.53875E-05	2.12848E-03
1.43331E-01	2.16735E-03	3.50501E-05	2.12269E-03
1.43558E-01	2.11885E-03	3.50191E-05	2.11691E-03
1.43785E-01	2.10197E-03	3.51096E-05	2.11115E-03
1.44011E-01	2.15859E-03	3.49116E-05	2.10545E-03
1.44238E-01	2.04724E-03	3.49050E-05	2.09975E-03
1.44465E-01	2.05011E-03	3.48840E-05	2.09408E-03
1.44692E-01	2.06011E-03	3.51060E-05	2.08844E-03
1.44918E-01	2.05486E-03	3.47553E-05	2.08285E-03
1.45145E-01	2.18918E-03	3.47209E-05	2.07726E-03
1.45372E-01	2.05341E-03	3.46578E-05	2.07170E-03
1.45598E-01	2.06094E-03	3.48643E-05	2.06620E-03
1.45825E-01	2.07825E-03	3.49900E-05	2.06069E-03
1.46052E-01	2.07848E-03	3.45301E-05	2.05522E-03
1.46279E-01	1.98604E-03	3.49583E-05	2.04977E-03
1.46505E-01	2.05932E-03	3.45734E-05	2.04437E-03
1.46732E-01	2.05639E-03	3.46175E-05	2.03898E-03
1.46959E-01	2.01706E-03	3.46198E-05	2.03361E-03
1.47185E-01	1.98327E-03	3.43282E-05	2.02829E-03
1.47412E-01	2.05905E-03	3.43701E-05	2.02298E-03
1.47639E-01	1.99138E-03	3.45750E-05	2.01769E-03
1.47866E-01	2.12234E-03	3.46042E-05	2.01243E-03
1.48092E-01	1.98094E-03	3.43495E-05	2.00721E-03
1.48319E-01	2.01534E-03	3.42997E-05	2.00200E-03
1.48546E-01	1.93544E-03	3.40670E-05	1.99682E-03
1.48773E-01	1.98131E-03	3.42017E-05	1.99166E-03
1.48999E-01	1.94697E-03	3.44038E-05	1.98654E-03
1.49226E-01	1.93119E-03	3.40788E-05	1.98143E-03
1.49453E-01	1.99853E-03	3.41458E-05	1.97635E-03
1.49679E-01	1.99256E-03	3.43183E-05	1.97131E-03
1.49906E-01	2.05882E-03	3.40434E-05	1.96627E-03
1.50133E-01	1.92060E-03	3.39349E-05	1.96126E-03
1.50360E-01	1.92366E-03	3.39183E-05	1.95627E-03
1.50586E-01	1.91414E-03	3.37561E-05	1.95133E-03
1.50813E-01	1.94770E-03	3.39009E-05	1.94639E-03
1.51040E-01	2.04605E-03	3.39067E-05	1.94148E-03
1.51266E-01	1.95537E-03	3.39050E-05	1.93660E-03
1.51493E-01	1.94404E-03	3.36796E-05	1.93174E-03
1.51720E-01	1.86313E-03	3.35599E-05	1.92689E-03
1.51947E-01	1.92876E-03	3.36959E-05	1.92207E-03
1.52173E-01	1.93158E-03	3.35263E-05	1.91729E-03
1.52400E-01	1.96091E-03	3.33979E-05	1.91251E-03
1.52627E-01	1.98854E-03	3.35760E-05	1.90776E-03
1.52853E-01	1.83708E-03	3.34548E-05	1.90304E-03
1.53080E-01	1.88641E-03	3.36071E-05	1.89833E-03
1.53307E-01	1.93347E-03	3.32407E-05	1.89365E-03
1.53534E-01	1.85222E-03	3.31568E-05	1.88898E-03
1.53760E-01	1.85742E-03	3.30389E-05	1.88436E-03
1.53987E-01	1.91183E-03	3.32804E-05	1.87974E-03
1.54214E-01	1.93441E-03	3.31844E-05	1.87513E-03
1.54440E-01	1.88269E-03	3.31026E-05	1.87058E-03
1.54667E-01	1.83935E-03	3.30788E-05	1.86602E-03
1.54894E-01	1.89610E-03	3.29708E-05	1.86148E-03
1.55121E-01	1.83600E-03	3.29395E-05	1.85697E-03
1.55347E-01	1.90312E-03	3.28764E-05	1.85249E-03
1.55574E-01	1.91600E-03	3.27429E-05	1.84802E-03
1.55801E-01	1.81388E-03	3.27914E-05	1.84356E-03
1.56027E-01	1.83104E-03	3.29456E-05	1.83915E-03
1.56254E-01	1.89607E-03	3.29144E-05	1.83473E-03
1.56481E-01	1.89735E-03	3.26845E-05	1.83034E-03
1.56708E-01	1.85418E-03	3.26337E-05	1.82597E-03
1.56934E-01	1.81674E-03	3.25710E-05	1.82163E-03
1.57161E-01	1.90032E-03	3.26077E-05	1.81730E-03
1.57388E-01	1.82055E-03	3.25064E-05	1.81299E-03
1.57614E-01	1.81910E-03	3.25133E-05	1.80871E-03
1.57841E-01	1.74397E-03	3.26021E-05	1.80444E-03
1.58068E-01	1.71963E-03	3.25721E-05	1.80018E-03
1.58295E-01	1.74873E-03	3.22552E-05	1.79594E-03
1.58521E-01	1.75525E-03	3.23995E-05	1.79174E-03
1.58748E-01	1.86995E-03	3.22799E-05	1.78754E-03
1.58975E-01	1.79345E-03	3.22572E-05	1.78336E-03
1.59202E-01	1.76129E-03	3.24922E-05	1.77920E-03
1.59428E-01	1.79435E-03	3.21965E-05	1.77507E-03
1.59655E-01	1.77235E-03	3.22436E-05	1.77095E-03
1.59882E-01	1.77314E-03	3.22505E-05	1.76684E-03
1.60108E-01	1.74079E-03	3.20352E-05	1.76277E-03
1.60335E-01	1.73107E-03	3.20689E-05	1.75870E-03
1.60562E-01	1.72022E-03	3.20145E-05	1.75464E-03
1.60789E-01	1.75835E-03	3.19208E-05	1.75061E-03
1.61015E-01	1.76475E-03	3.20777E-05	1.74661E-03
1.61242E-01	1.79196E-03	3.22900E-05	1.74260E-03
1.61469E-01	1.74349E-03	3.17491E-05	1.73862E-03
1.61695E-01	1.68662E-03	3.18682E-05	1.73467E-03
1.61922E-01	1.76099E-03	3.18160E-05	1.73072E-03
1.62149E-01	1.69229E-03	3.17584E-05	1.72679E-03
1.62376E-01	1.72273E-03	3.18771E-05	1.72287E-03
1.62602E-01	1.75966E-03	3.18685E-05	1.71899E-03
1.62829E-01	1.74292E-03	3.17302E-05	1.71510E-03
1.63056E-01	1.73987E-03	3.18259E-05	1.71124E-03
1.63282E-01	1.65900E-03	3.17897E-05	1.70740E-03
1.63509E-01	1.64812E-03	3.13618E-05	1.70357E-03
1.63736E-01	1.67305E-03	3.15444E-05	1.69975E-03
1.63963E-01	1.65412E-03	3.14748E-05	1.69595E-03
1.64189E-01	1.69173E-03	3.16018E-05	1.69218E-03
1.64416E-01	1.72327E-03	3.15805E-05	1.68840E-03
1.64643E-01	1.68912E-03	3.15587E-05	1.68465E-03
1.64869E-01	1.73720E-03	3.14137E-05	1.68093E-03
1.65096E-01	1.70878E-03	3.14720E-05	1.67720E-03
1.65323E-01	1.60673E-03	3.13765E-05	1.67349E-03
1.65550E-01	1.66784E-03	3.12721E-05	1.66980E-03
1.65776E-01	1.63040E-03	3.12578E-05	1.66614E-03
1.66003E-01	1.67954E-03	3.13029E-05	1.66247E-03
1.66230E-01	1.72154E-03	3.15137E-05	1.65882E-03
1.66456E-01	1.70719E-03	3.11607E-05	1.65521E-03
1.66683E-01	1.71869E-03	3.11377E-05	1.65159E-03
1.66910E-01	1.63470E-03	3.10720E-05	1.64798E-03
1.67137E-01	1.52528E-03	3.11158E-05	1.64439E-03
1.67363E-01	1.65410E-03	3.10778E-05	1.64083E-03
1.67590E-01	1.68513E-03	3.09859E-05	1.63727E-03
1.67817E-01	1.67509E-03	3.11771E-05	1.63372E-03
1.68044E-01	1.57842E-03	3.09597E-05	1.63019E-03
1.68270E-01	1.64160E-03	3.09562E-05	1.62669E-03
1.68497E-01	1.65504E-03	3.11328E-05	1.62318E-03
1.68724E-01	1.60975E-03	3.07396E-05	1.61969E-03
1.68950E-01	1.60580E-03	3.08689E-05	1.61623E-03
1.69177E-01	1.62947E-03	3.09034E-05	1.61276E-03
1.69404E-01	1.63321E-03	3.10826E-05	1.60932E-03
1.69631E-01	1.59370E-03	3.08914E-05	1.60588E-03
1.69857E-01	1.61318E-03	3.06340E-05	1.60247E-03
1.70084E-01	1.51527E-03	3.05326E-05	1.59906E-03
1.70311E-01	1.65163E-03	3.07330E-05	1.59567E-03
1.70537E-01	1.60496E-03	3.07005E-05	1.59230E-03
1.70764E-01	1.56013E-03	3.05555E-05	1.58893E-03
1.70991E-01	1.64795E-03	3.07094E-05	1.58557E-03
1.71218E-01	1.57461E-03	3.07379E-05	1.58223E-03
1.71444E-01	1.57246E-03	3.05586E-05	1.57891E-03
1.71671E-01	1.55159E-03	3.04511E-05	1.57559E-03
1.71898E-01	1.60119E-03	3.06016E-05	1.57229E-03
1.72124E-01	1.54243E-03	3.03281E-05	1.56901E-03
1.72351E-01	1.53414E-03	3.04867E-05	1.56573E-03
1.72578E-01	1.54554E-03	3.03808E-05	1.56246E-03
1.72805E-01	1.51815E-03	3.05258E-05	1.55921E-03
1.73031E-01	1.60935E-03	3.03288E-05	1.55598E-03
1.73258E-01	1.51228E-03	3.02982E-05	1.55275E-03
1.73485E-01	1.56959E-03	3.03349E-05	1.54953E-03
1.73711E-01	1.58973E-03	3.02151E-05	1.54634E-03
1.73938E-01	1.48396E-03	3.01516E-05	1.54314E-03
1.74165E-01	1.52157E-03	3.01907E-05	1.53996E-03
1.74392E-01	1.46362E-03	3.02204E-05	1.53679E-03
1.74618E-01	1.54558E-03	3.03096E-05	1.53365E-03
1.74845E-01	1.54975E-03	3.00513E-05	1.53050E-03
1.75072E-01	1.53797E-03	3.01659E-05	1.52737E-03
1.75298E-01	1.46204E-03	3.00269E-05	1.52426E-03
1.75525E-01	1.50047E-03	3.00491E-05	1.52115E-03
1.75752E-01	1.54060E-03	3.00237E-05	1.51805E-03
1.75979E-01	1.56566E-03	3.00076E-05	1.51496E-03
1.76205E-01	1.54874E-03	3.01667E-05	1.51190E-03
1.76432E-01	1.53559E-03	2.97725E-05	1.50884E-03
1.76659E-01	1.53450E-03	2.99226E-05	1.50579E-03
1.76886E-01	1.50469E-03	2.99481E-05	1.50274E-03
1.77112E-01	1.46232E-03	2.96488E-05	1.49973E-03
1.77339E-01	1.43537E-03	2.98984E-05	1.49671E-03
1.77566E-01	1.47219E-03	2.99059E-05	1.49370E-03
1.77792E-01	1.41986E-03	2.98923E-05	1.49072E-03
1.78019E-01	1.42610E-03	2.97879E-05	1.48773E-03
1.78246E-01	1.45742E-03	2.97403E-05	1.48476E-03
1.78473E-01	1.44232E-03	2.97742E-05	1.48180E-03
1.78699E-01	1.46246E-03	2.97248E-05	1.47886E-03
1.78926E-01	1.45925E-03	2.97311E-05	1.47592E-03
1.79153E-01	1.45195E-03	3.00210E-05	1.47299E-03
1.79379E-01	1.53803E-03	3.05051E-05	1.47008E-03
1.79606E-01	1.46760E-03	3.06072E-05	1.46717E-03
1.79833E-01	1.49298E-03	3.07880E-05	1.46427E-03
1.80060E-01	1.45434E-03	3.09133E-05	1.46139E-03
1.80286E-01	1.49338E-03	3.10153E-05	1.45852E-03
1.80513E-01	1.47158E-03	3.12988E-05	1.45566E-03
1.80740E-01	1.44095E-03	3.12385E-05	1.45280E-03
1.80966E-01	1.45028E-03	3.13021E-05	1.44997E-03
1.81193E-01	1.47599E-03	3.14969E-05	1.44714E-03
1.81420E-01	1.41089E-03	3.17017E-05	1.44431E-03
1.81647E-01	1.47114E-03	3.16777E-05	1.44150E-03
1.81873E-01	1.45680E-03	3.19186E-05	1.43871E-03
1.82100E-01	1.40510E-03	3.17927E-05	1.43592E-03
1.82327E-01	1.45262E-03	3.19021E-05	1.43314E-03
1.82553E-01	1.40697E-03	3.21826E-05	1.43038E-03
1.82780E-01	1.41277E-03	3.22274E-05	1.42762E-03
1.83007E-01	1.42707E-03	3.21604E-05	1.42486E-03
1.83234E-01	1.34041E-03	3.21751E-05	1.42212E-03
1.83460E-01	1.44113E-03	3.23211E-05	1.41941E-03
1.83687E-01	1.42145E-03	3.19264E-05	1.41669E-03
1.83914E-01	1.38334E-03	3.15832E-05	1.41398E-03
1.84140E-01	1.44346E-03	3.14564E-05	1.41129E-03
1.84367E-01	1.44832E-03	3.12968E-05	1.40860E-03
1.84594E-01	1.46371E-03	3.14115E-05	1.40592E-03
1.84821E-01	1.36778E-03	3.11356E-05	1.40325E-03
1.85047E-01	1.36139E-03	3.08970E-05	1.40060E-03
1.85274E-01	1.42722E-03	3.09060E-05	1.39795E-03
1.85501E-01	1.40461E-03	3.07589E-05	1.39531E-03
1.85727E-01	1.39768E-03	3.09897E-05	1.39269E-03
1.85954E-01	1.38974E-03	3.08121E-05	1.39007E-03
1.86181E-01	1.34891E-03	3.09098E-05	1.38746E-03
1.86408E-01	1.33240E-03	3.05585E-05	1.38486E-03
1.86634E-01	1.34454E-03	3.04759E-05	1.38228E-03
1.86861E-01	1.35385E-03	3.06721E-05	1.37970E-03
1.87088E-01	1.36471E-03	3.04516E-05	1.37713E-03
1.87314E-01	1.40647E-03	3.04142E-05	1.37458E-03
1.87541E-01	1.36564E-03	3.05449E-05	1.37203E-03
1.87768E-01	1.36719E-03	3.07106E-05	1.36949E-03
1.87995E-01	1.35863E-03	3.04099E-05	1.36696E-03
1.88221E-01	1.37609E-03	3.04378E-05	1.36445E-03
1.88448E-01	1.33456E-03	3.02162E-05	1.36194E-03
1.88675E-01	1.42143E-03	3.05516E-05	1.35943E-03
1.88902E-01	1.34068E-03	3.02243E-05	1.35694E-03
1.89128E-01	1.40324E-03	3.03400E-05	1.35447E-03
1.89355E-01	1.38535E-03	3.04167E-05	1.35199E-03
1.89582E-01	1.29714E-03	3.03210E-05	1.34953E-03
1.89808E-01	1.40683E-03	3.01018E-05	1.34708E-03
1.90035E-01	1.32102E-03	3.01029E-05	1.34464E-03
1.90262E-01	1.38743E-03	3.02466E-05	1.34220E-03
1.90489E-01	1.38704E-03	3.01587E-05	1.33978E-03
1.90715E-01	1.36258E-03	3.00668E-05	1.33737E-03
1.90942E-01	1.38213E-03	3.02877E-05	1.33496E-03
1.91169E-01	1.37252E-03	3.02871E-05	1.33256E-03
1.91395E-01	1.33504E-03	3.00643E-05	1.33019E-03
1.91622E-01	1.27082E-03	2.99805E-05	1.32781E-03
1.91849E-01	1.30824E-03	3.00477E-05	1.32544E-03
1.92076E-01	1.32524E-03	3.00959E-05	1.32308E-03
1.92302E-01	1.38354E-03	2.99977E-05	1.32074E-03
1.92529E-01	1.28053E-03	2.99001E-05	1.31839E-03
1.92756E-01	1.24499E-03	3.01898E-05	1.31606E-03
1.92982E-01	1.29607E-03	3.00440E-05	1.31375E-03
1.93209E-01	1.22467E-03	2.97564E-05	1.31143E-03
1.93436E-01	1.33056E-03	3.00445E-05	1.30913E-03
1.93663E-01	1.37623E-03	3.00591E-05	1.30683E-03
1.93889E-01	1.33801E-03	3.01444E-05	1.30456E-03
1.94116E-01	1.31281E-03	3.01067E-05	1.30228E-03
1.94343E-01	1.25089E-03	3.02360E-05	1.30001E-03
1.94569E-01	1.34338E-03	3.02532E-05	1.29776E-03
1.94796E-01	1.31483E-03	3.02271E-05	1.29551E-03
1.95023E-01	1.24105E-03	3.01248E-05	1.29327E-03
1.95250E-01	1.24971E-03	3.00445E-05	1.29104E-03
1.95476E-01	1.33163E-03	3.03873E-05	1.28883E-03
1.95703E-01	1.29892E-03	3.01933E-05	1.28661E-03
1.95930E-01	1.24738E-03	3.02225E-05	1.28441E-03
1.96156E-01	1.24451E-03	3.05259E-05	1.28222E-03
1.96383E-01	1.25970E-03	3.01332E-05	1.28003E-03
1.96610E-01	1.29934E-03	3.01877E-05	1.27786E-03
1.96837E-01	1.32510E-03	3.03178E-05	1.27569E-03
1.97063E-01	1.30426E-03	3.03847E-05	1.27354E-03
1.97290E-01	1.25130E-03	3.01651E-05	1.27139E-03
1.97517E-01	1.31245E-03	3.05395E-05	1.26924E-03
1.97744E-01	1.28174E-03	3.04188E-05	1.26711E-03
1.97970E-01	1.29334E-03	3.04114E-05	1.26499E-03
1.98197E-01	1.25044E-03	3.04295E-05	1.26288E-03
1.98424E-01	1.28930E-03	3.02056E-05	1.26077E-03
1.98650E-01	1.27983E-03	3.03719E-05	1.25868E-03
1.98877E-01	1.30212E-03	3.04478E-05	1.25659E-03
1.99104E-01	1.30985E-03	3.04767E-05	1.25451E-03
1.99331E-01	1.24518E-03	3.03558E-05	1.25244E-03
1.99557E-01	1.36203E-03	3.05720E-05	1.25039E-03
1.99784E-01	1.21768E-03	3.02169E-05	1.24833E-03
2.00011E-01	1.26367E-03	3.03790E-05	1.24629E-03
2.00237E-01	1.21867E-03	3.03683E-05	1.24426E-03
2.00464E-01	1.25742E-03	3.03374E-05	1.24223E-03
2.00691E-01	1.17804E-03	3.02519E-05	1.24021E-03
2.00918E-01	1.23151E-03	3.04872E-05	1.23820E-03
2.01144E-01	1.19260E-03	3.06911E-05	1.23620E-03
2.01371E-01	1.24935E-03	3.03498E-05	1.23421E-03
2.01598E-01	1.23227E-03	3.03602E-05	1.23222E-03
2.01824E-01	1.27899E-03	3.02618E-05	1.23025E-03
2.02051E-01	1.19551E-03	3.03740E-05	1.22828E-03
2.02278E-01	1.21615E-03	3.02942E-05	1.22632E-03
2.02505E-01	1.27798E-03	3.03425E-05	1.22437E-03
2.02731E-01	1.24487E-03	3.04574E-05	1.22243E-03
2.02958E-01	1.11365E-03	3.03097E-05	1.22049E-03
2.03185E-01	1.25111E-03	3.03771E-05	1.21857E-03
2.03411E-01	1.17361E-03	3.02273E-05	1.21665E-03
2.03638E-01	1.21435E-03	3.04264E-05	1.21474E-03
2.03865E-01	1.22170E-03	3.02350E-05	1.21284E-03
2.04092E-01	1.24546E-03	3.05684E-05	1.21094E-03
2.04318E-01	1.19207E-03	3.04918E-05	1.20906E-03
2.04545E-01	1.18937E-03	3.06224E-05	1.20718E-03
2.04772E-01	1.16088E-03	3.03989E-05	1.20531E-03
2.04998E-01	1.20945E-03	3.03732E-05	1.20346E-03
2.05225E-01	1.21871E-03	3.05094E-05	1.20160E-03
2.05452E-01	1.20180E-03	3.04903E-05	1.19975E-03
2.05679E-01	1.24334E-03	3.05086E-05	1.19791E-03
2.05905E-01	1.15877E-03	3.04667E-05	1.19609E-03
2.06132E-01	1.19895E-03	3.08450E-05	1.19427E-03
2.06359E-01	1.18885E-03	3.03779E-05	1.19245E-03
2.06586E-01	1.14898E-03	3.03728E-05	1.19064E-03
2.06812E-01	1.10887E-03	3.03453E-05	1.18885E-03
2.07039E-01	1.15255E-03	3.04445E-05	1.18706E-03
2.07266E-01	1.12358E-03	3.05720E-05	1.18527E-03
2.07492E-01	1.22736E-03	3.05400E-05	1.18350E-03
2.07719E-01	1.16974E-03	3.06612E-05	1.18173E-03
2.07946E-01	1.15146E-03	3.06479E-05	1.17997E-03
2.08173E-01	1.19427E-03	3.03554E-05	1.17821E-03
2.08399E-01	1.18633E-03	3.05595E-05	1.17647E-03
2.08626E-01	1.14527E-03	3.02957E-05	1.17473E-03
2.08853E-01	1.20975E-03	3.04992E-05	1.17300E-03
2.09079E-01	1.17380E-03	3.04105E-05	1.17128E-03
2.09306E-01	1.13499E-03	3.06694E-05	1.16956E-03
2.09533E-01	1.19184E-03	3.05587E-05	1.16785E-03
2.09760E-01	1.19217E-03	3.02513E-05	1.16615E-03
2.09986E-01	1.12731E-03	3.02296E-05	1.16446E-03
2.10213E-01	1.20907E-03	3.03663E-05	1.16277E-03
2.10440E-01	1.12114E-03	3.04253E-05	1.16108E-03
2.10666E-01	1.21320E-03	3.02119E-05	1.15942E-03
2.10893E-01	1.08846E-03	3.04508E-05	1.15775E-03
2.11120E-01	1.19957E-03	3.05280E-05	1.15608E-03
2.11347E-01	1.14451E-03	3.04140E-05	1.15443E-03
2.11573E-01	1.13738E-03	3.01060E-05	1.15279E-03
2.11800E-01	1.13351E-03	3.04431E-05	1.15115E-03
2.12027E-01	1.15043E-03	3.02178E-05	1.14951E-03
2.12253E-01	1.16343E-03	3.04566E-05	1.14789E-03
2.12480E-01	1.13113E-03	3.05034E-05	1.14627E-03
2.12707E-01	1.12872E-03	3.04336E-05	1.14465E-03
2.12934E-01	1.13115E-03	3.03276E-05	1.14305E-03
2.13160E-01	1.21342E-03	3.02853E-05	1.14145E-03
2.13387E-01	1.15996E-03	3.04627E-05	1.13986E-03
2.13614E-01	1.12850E-03	3.03088E-05	1.13827E-03
2.13840E-01	1.15262E-03	3.04812E-05	1.13669E-03
2.14067E-01	1.17849E-03	3.02692E-05	1.13512E-03
2.14294E-01	1.08602E-03	3.04689E-05	1.13355E-03
2.14521E-01	1.08421E-03	3.07937E-05	1.13198E-03
2.14747E-01	1.16775E-03	3.02585E-05	1.13043E-03
2.14974E-01	1.12395E-03	3.03569E-05	1.12888E-03
2.15201E-01	1.12778E-03	3.03956E-05	1.12733E-03
2.15427E-01	1.03185E-03	3.05879E-05	1.12580E-03
2.15654E-01	1.11911E-03	3.03143E-05	1.12427E-03
2.15881E-01	1.16802E-03	3.05686E-05	1.12274E-03
2.16108E-01	1.09010E-03	3.05983E-05	1.12122E-03
2.16334E-01	1.15906E-03	3.03859E-05	1.11971E-03
2.16561E-01	1.12894E-03	3.04105E-05	1.11820E-03
2.16788E-01	1.13560E-03	3.03617E-05	1.11669E-03
2.17014E-01	1.09389E-03	3.04728E-05	1.11520E-03
2.17241E-01	1.12079E-03	3.03895E-05	1.11371E-03
2.17468E-01	1.09081E-03	3.06331E-05	1.11222E-03
2.17695E-01	1.07137E-03	3.06535E-05	1.11073E-03
2.17921E-01	1.13994E-03	3.05040E-05	1.10926E-03
2.18148E-01	1.04452E-03	3.04580E-05	1.10779E-03
2.18375E-01	1.14461E-03	3.04468E-05	1.10633E-03
2.18602E-01	1.10537E-03	3.05712E-05	1.10486E-03
2.18828E-01	1.07812E-03	3.04452E-05	1.10341E-03
2.19055E-01	1.01721E-03	3.05615E-05	1.10196E-03
2.19282E-01	1.05960E-03	3.05264E-05	1.10052E-03
2.19508E-01	1.12799E-03	3.07285E-05	1.09908E-03
2.19735E-01	1.14443E-03	3.05294E-05	1.09765E-03
2.19962E-01	1.09610E-03	3.04083E-05	1.09621E-03
2.20189E-01	1.03935E-03	3.04115E-05	1.09479E-03
2.20415E-01	1.08475E-03	3.05146E-05	1.09337E-03
2.20642E-01	1.05363E-03	3.06833E-05	1.09196E-03
2.20869E-01	1.08179E-03	3.05267E-05	1.09054E-03
2.21095E-01	1.09253E-03	3.08191E-05	1.08914E-03
2.21322E-01	1.08048E-03	3.05119E-05	1.08774E-03
2.21549E-01	1.12933E-03	3.06499E-05	1.08634E-03
2.21776E-01	1.11063E-03	3.05050E-05	1.08495E-03
2.22002E-01	1.14830E-03	3.05205E-05	1.08356E-03
2.22229E-01	1.07221E-03	3.05587E-05	1.08218E-03
2.22456E-01	1.10019E-03	3.06485E-05	1.08080E-03
2.22682E-01	1.09670E-03	3.08139E-05	1.07942E-03
2.22909E-01	1.07326E-03	3.06326E-05	1.07805E-03
2.23136E-01	1.10022E-03	3.05013E-05	1.07668E-03
2.23363E-01	1.14777E-03	3.05235E-05	1.07532E-03
2.23589E-01	1.11186E-03	3.06512E-05	1.07396E-03
2.23816E-01	1.03064E-03	3.05663E-05	1.07261E-03
2.24043E-01	1.10672E-03	3.06690E-05	1.07125E-03
2.24269E-01	1.17030E-03	3.07772E-05	1.06991E-03
2.24496E-01	1.03374E-03	3.08124E-05	1.06856E-03
2.24723E-01	1.05996E-03	3.06275E-05	1.06722E-03
2.24950E-01	1.02891E-03	3.04767E-05	1.06588E-03
2.25176E-01	1.02505E-03	3.05528E-05	1.06456E-03
2.25403E-01	1.08608E-03	3.05916E-05	1.06323E-03
2.25630E-01	1.08461E-03	3.07440E-05	1.06190E-03
2.25856E-01	1.00941E-03	3.06764E-05	1.06058E-03
2.26083E-01	1.07548E-03	3.09359E-05	1.05926E-03
2.26310E-01	1.09254E-03	3.05939E-05	1.05794E-03
2.26537E-01	1.02203E-03	3.05643E-05	1.05663E-03
2.26763E-01	1.06956E-03	3.06551E-05	1.05532E-03
2.26990E-01	1.05274E-03	3.04978E-05	1.05401E-03
2.27217E-01	1.01850E-03	3.04835E-05	1.05271E-03
2.27444E-01	1.03542E-03	3.05769E-05	1.05141E-03
2.27670E-01	1.02700E-03	3.07048E-05	1.05011E-03
2.27897E-01	1.03628E-03	3.06766E-05	1.04882E-03
2.28124E-01	1.07099E-03	3.05816E-05	1.04753E-03
2.28350E-01	1.01423E-03	3.03223E-05	1.04624E-03
2.28577E-01	1.10580E-03	3.04935E-05	1.04495E-03
2.28804E-01	1.04469E-03	3.06292E-05	1.04367E-03
2.29031E-01	1.07103E-03	3.04533E-05	1.04239E-03
2.29257E-01	1.05857E-03	3.05681E-05	1.04111E-03
2.29484E-01	9.93413E-04	3.08136E-05	1.03984E-03
2.29711E-01	1.02983E-03	3.03836E-05	1.03856E-03
2.29937E-01	1.01699E-03	3.04083E-05	1.03730E-03
2.30164E-01	1.03473E-03	3.05821E-05	1.03603E-03
2.30391E-01	1.06459E-03	3.04029E-05	1.03476E-03
2.30618E-01	1.06597E-03	3.05749E-05	1.03350E-03
2.30844E-01	1.12970E-03	3.06787E-05	1.03224E-03
2.31071E-01	1.05569E-03	3.06474E-05	1.03098E-03
2.31298E-01	1.05078E-03	3.06347E-05	1.02972E-03
2.31524E-01	1.06873E-03	3.04705E-05	1.02847E-03
2.31751E-01	1.03032E-03	3.05558E-05	1.02722E-03
2.31978E-01	1.01851E-03	3.04477E-05	1.02597E-03
2.32205E-01	1.00402E-03	3.06583E-05	1.02472E-03
2.32431E-01	1.03228E-03	3.04901E-05	1.02347E-03
2.32658E-01	1.03596E-03	3.06540E-05	1.02223E-03
2.32885E-01	1.01959E-03	3.07703E-05	1.02098E-03
2.33111E-01	1.01081E-03	3.04389E-05	1.01975E-03
2.33338E-01	1.00494E-03	3.05597E-05	1.01851E-03
2.33565E-01	1.08104E-03	3.03649E-05	1.01727E-03
2.33792E-01	1.02811E-03	3.06423E-05	1.01603E-03
2.34018E-01	9.70140E-04	3.05208E-05	1.01480E-03
2.34245E-01	9.76039E-04	3.04946E-05	1.01357E-03
2.34472E-01	1.03834E-03	3.05967E-05	1.01234E-03
2.34698E-01	1.01434E-03	3.06488E-05	1.01111E-03
2.34925E-01	9.79346E-04	3.12996E-05	1.00988E-03
2.35152E-01	1.06402E-03	3.14343E-05	1.00865E-03
2.35379E-01	9.75134E-04	3.20046E-05	1.00743E-03
2.35832E-01	9.98832E-04	3.24962E-05	1.00498E-03
2.36059E-01	1.01485E-03	3.24939E-05	1.00376E-03
2.36286E-01	1.02886E-03	3.26244E-05	1.00254E-03
2.36512E-01	9.59984E-04	3.27308E-05	1.00133E-03
2.36739E-01	1.00567E-03	3.30061E-05	1.00011E-03
2.36966E-01	1.00394E-03	3.32983E-05	9.98889E-04
2.37192E-01	9.85793E-04	3.32557E-05	9.97678E-04
2.37419E-01	9.81591E-04	3.36058E-05	9.96463E-04
2.37646E-01	9.63600E-04	3.34724E-05	9.95248E-04
2.37873E-01	1.03275E-03	3.39945E-05	9.94035E-04
2.38099E-01	1.02430E-03	3.38898E-05	9.92828E-04
2.38326E-01	9.90381E-04	3.40036E-05	9.91617E-04
2.38553E-01	1.07620E-03	3.41602E-05	9.90406E-04
2.38779E-01	9.78570E-04	3.44905E-05	9.89202E-04
2.39006E-01	9.61827E-04	3.44739E-05	9.87994E-04
2.39233E-01	9.22776E-04	3.40759E-05	9.86786E-04
2.39460E-01	9.97450E-04	3.42147E-05	9.85579E-04
2.39686E-01	9.47596E-04	3.29728E-05	9.84378E-04
2.39913E-01	1.05970E-03	3.32335E-05	9.83173E-04
2.40140E-01	1.01313E-03	3.28141E-05	9.81969E-04
2.40366E-01	9.65820E-04	3.26915E-05	9.80770E-04
2.40593E-01	9.94246E-04	3.26719E-05	9.79567E-04
2.40820E-01	9.34646E-04	3.27328E-05	9.78365E-04
2.41047E-01	9.98239E-04	3.28542E-05	9.77163E-04
2.41273E-01	9.98457E-04	3.25922E-05	9.75967E-04
2.41500E-01	9.22447E-04	3.24162E-05	9.74767E-04
2.41727E-01	1.01524E-03	3.22621E-05	9.73567E-04
2.41953E-01	9.28136E-04	3.22827E-05	9.72373E-04
2.42180E-01	9.53113E-04	3.22212E-05	9.71174E-04
2.42407E-01	9.31518E-04	3.21610E-05	9.69976E-04
2.42634E-01	9.11707E-04	3.21845E-05	9.68779E-04
2.42860E-01	9.46733E-04	3.23150E-05	9.67587E-04
2.43314E-01	9.37673E-04	3.18009E-05	9.65194E-04
2.43540E-01	9.40264E-04	3.20136E-05	9.64004E-04
2.43767E-01	9.81190E-04	3.18867E-05	9.62809E-04
2.43994E-01	9.89977E-04	3.19590E-05	9.61614E-04
2.44221E-01	9.96258E-04	3.19336E-05	9.60420E-04
2.44447E-01	9.05335E-04	3.21203E-05	9.59232E-04
2.44674E-01	9.27518E-04	3.18257E-05	9.58038E-04
2.44901E-01	9.89601E-04	3.16696E-05	9.56846E-04
2.45354E-01	9.14516E-04	3.14058E-05	9.54466E-04
2.45581E-01	9.53092E-04	3.18942E-05	9.53275E-04
2.45808E-01	9.32769E-04	3.17067E-05	9.52084E-04
2.46034E-01	9.96841E-04	3.19174E-05	9.50898E-04
2.46488E-01	9.23086E-04	3.16439E-05	9.48518E-04
2.46715E-01	9.16185E-04	3.14470E-05	9.47328E-04
2.46941E-01	9.20115E-04	3.17016E-05	9.46144E-04
2.47168E-01	9.83888E-04	3.18804E-05	9.44955E-04
2.47621E-01	9.05458E-04	3.18000E-05	9.42584E-04
2.47848E-01	9.37187E-04	3.18629E-05	9.41396E-04
2.48075E-01	9.49435E-04	3.17584E-05	9.40208E-04
2.48302E-01	9.01294E-04	3.14412E-05	9.39021E-04
2.48755E-01	9.44008E-04	3.15312E-05	9.36654E-04
2.48982E-01	9.81672E-04	3.17594E-05	9.35468E-04
2.49208E-01	9.11038E-04	3.18269E-05	9.34288E-04
2.49435E-01	9.22737E-04	3.18235E-05	9.33103E-04
2.49662E-01	9.38337E-04	3.19986E-05	9.31918E-04
2.49889E-01	9.74545E-04	3.14311E-05	9.30734E-04
2.50115E-01	8.60767E-04	3.16422E-05	9.29555E-04
2.50342E-01	8.63247E-04	3.14778E-05	9.28372E-04
2.50569E-01	1.00702E-03	3.18721E-05	9.27189E-04
2.50795E-01	8.95033E-04	3.14799E-05	9.26012E-04
2.51022E-01	9.01930E-04	3.18939E-05	9.24830E-04
2.51249E-01	8.65995E-04	3.18716E-05	9.23648E-04
2.51476E-01	9.12870E-04	3.14927E-05	9.22467E-04
2.51702E-01	8.86715E-04	3.16523E-05	9.21292E-04
2.51929E-01	8.95043E-04	3.14807E-05	9.20112E-04
2.52156E-01	9.83379E-04	3.16012E-05	9.18932E-04
2.52382E-01	8.83706E-04	3.15487E-05	9.17759E-04
2.52609E-01	9.19792E-04	3.16866E-05	9.16580E-04
2.52836E-01	9.40202E-04	3.19674E-05	9.15402E-04
2.53063E-01	9.42608E-04	3.14649E-05	9.14225E-04
2.53289E-01	9.21697E-04	3.16282E-05	9.13053E-04
2.53516E-01	9.53780E-04	3.14842E-05	9.11877E-04
2.53743E-01	9.52977E-04	3.15138E-05	9.10702E-04
2.53969E-01	8.82965E-04	3.14275E-05	9.09532E-04
2.54196E-01	8.47921E-04	3.15941E-05	9.08358E-04
2.54423E-01	9.07583E-04	3.16485E-05	9.07184E-04
2.54650E-01	9.00213E-04	3.17528E-05	9.06012E-04
2.54876E-01	8.65252E-04	3.15155E-05	9.04845E-04
2.55103E-01	9.79820E-04	3.15234E-05	9.03673E-04
2.55330E-01	9.31865E-04	3.15361E-05	9.02502E-04
2.55556E-01	9.50428E-04	3.15152E-05	9.01338E-04
2.55783E-01	9.59145E-04	3.15568E-05	9.00169E-04
2.56010E-01	9.13718E-04	3.15128E-05	8.99000E-04
2.56237E-01	9.25688E-04	3.17800E-05	8.97833E-04
2.56463E-01	8.91903E-04	3.14431E-05	8.96672E-04
2.56690E-01	9.18578E-04	3.14758E-05	8.95506E-04
2.56917E-01	9.20007E-04	3.15252E-05	8.94341E-04
2.57144E-01	8.50790E-04	3.14057E-05	8.93177E-04
2.57370E-01	9.33165E-04	3.15131E-05	8.92019E-04
2.57597E-01	9.10258E-04	3.15467E-05	8.90857E-04
2.57824E-01	9.02483E-04	3.17578E-05	8.89696E-04
2.58050E-01	9.08716E-04	3.13798E-05	8.88542E-04
2.58277E-01	9.29589E-04	3.15347E-05	8.87383E-04
2.58504E-01	8.48007E-04	3.13612E-05	8.86225E-04
2.58731E-01	8.69678E-04	3.14862E-05	8.85068E-04
2.59184E-01	8.59867E-04	3.14546E-05	8.82763E-04
2.59411E-01	8.31141E-04	3.16173E-05	8.81610E-04
2.59637E-01	8.78575E-04	3.17042E-05	8.80463E-04
2.59864E-01	8.62501E-04	3.13209E-05	8.79312E-04
2.60091E-01	9.17591E-04	3.13007E-05	8.78162E-04
2.60318E-01	8.03222E-04	3.13540E-05	8.77014E-04
2.60544E-01	8.89355E-04	3.14082E-05	8.75872E-04
2.60771E-01	8.72534E-04	3.14919E-05	8.74727E-04
2.60998E-01	8.38161E-04	3.14080E-05	8.73582E-04
2.61224E-01	9.30309E-04	3.17365E-05	8.72444E-04
2.61451E-01	8.99307E-04	3.14140E-05	8.71303E-04
2.61678E-01	8.06793E-04	3.11747E-05	8.70163E-04
2.62131E-01	8.85399E-04	3.11694E-05	8.67892E-04
2.62358E-01	8.47955E-04	3.12993E-05	8.66756E-04
2.62585E-01	8.47782E-04	3.12573E-05	8.65622E-04
2.62811E-01	8.91822E-04	3.14491E-05	8.64495E-04
2.63038E-01	8.87740E-04	3.12963E-05	8.63364E-04
2.63265E-01	8.02547E-04	3.11562E-05	8.62235E-04
2.63492E-01	8.78603E-04	3.11929E-05	8.61108E-04
2.63718E-01	7.88440E-04	3.08933E-05	8.59987E-04
2.63945E-01	8.28637E-04	3.12509E-05	8.58863E-04
2.64172E-01	8.10457E-04	3.10886E-05	8.57740E-04
2.64398E-01	8.54045E-04	3.12994E-05	8.56625E-04
2.64625E-01	9.46522E-04	3.12808E-05	8.55506E-04
2.64852E-01	8.98980E-04	3.11905E-05	8.54389E-04
2.65079E-01	8.00613E-04	3.10523E-05	8.53274E-04
2.65305E-01	7.92563E-04	3.10284E-05	8.52166E-04
2.65532E-01	8.60963E-04	3.11799E-05	8.51055E-04
2.65759E-01	8.98537E-04	3.10705E-05	8.49946E-04
2.65985E-01	8.30036E-04	3.12029E-05	8.48843E-04
2.66212E-01	8.10882E-04	3.12463E-05	8.47738E-04
2.66439E-01	8.56371E-04	3.11943E-05	8.46635E-04
2.66666E-01	8.44843E-04	3.09215E-05	8.45534E-04
2.66892E-01	8.55362E-04	3.12582E-05	8.44440E-04
2.67119E-01	8.23361E-04	3.09647E-05	8.43343E-04
2.67346E-01	7.93686E-04	3.09408E-05	8.42249E-04
2.67573E-01	8.60809E-04	3.10893E-05	8.41156E-04
2.67799E-01	8.90280E-04	3.11161E-05	8.40071E-04
2.68026E-01	8.31087E-04	3.12606E-05	8.38983E-04
2.68253E-01	8.38264E-04	3.08230E-05	8.37897E-04
2.68479E-01	8.16226E-04	3.08786E-05	8.36818E-04
2.68706E-01	8.43766E-04	3.10286E-05	8.35737E-04
2.68933E-01	8.26998E-04	3.09870E-05	8.34658E-04
2.69160E-01	8.34661E-04	3.07367E-05	8.33582E-04
2.69386E-01	8.21910E-04	3.09796E-05	8.32512E-04
2.69613E-01	8.56630E-04	3.12089E-05	8.31441E-04
2.69840E-01	8.52649E-04	3.08254E-05	8.30372E-04
2.70066E-01	8.32122E-04	3.07886E-05	8.29310E-04
2.70293E-01	8.07012E-04	3.07334E-05	8.28245E-04
2.70520E-01	8.41034E-04	3.07964E-05	8.27184E-04
2.70747E-01	8.46051E-04	3.09209E-05	8.26125E-04
2.70973E-01	8.12273E-04	3.09734E-05	8.25073E-04
2.71200E-01	8.59016E-04	3.09491E-05	8.24019E-04
2.71427E-01	7.93225E-04	3.08462E-05	8.22968E-04
2.71653E-01	8.52721E-04	3.08819E-05	8.21924E-04
2.71880E-01	8.12800E-04	3.08025E-05	8.20878E-04
2.72107E-01	7.95770E-04	3.07357E-05	8.19834E-04
2.72334E-01	8.25659E-04	3.07879E-05	8.18794E-04
2.72560E-01	8.09320E-04	3.08542E-05	8.17760E-04
2.72787E-01	8.60641E-04	3.10848E-05	8.16725E-04
2.73014E-01	8.67004E-04	3.11582E-05	8.15693E-04
2.73240E-01	8.38288E-04	3.05378E-05	8.14668E-04
2.73467E-01	8.47981E-04	3.08298E-05	8.13641E-04
2.73694E-01	8.12646E-04	3.07186E-05	8.12617E-04
2.73921E-01	8.27039E-04	3.08389E-05	8.11596E-04
2.74147E-01	7.94590E-04	3.08945E-05	8.10583E-04
2.74374E-01	8.09415E-04	3.06487E-05	8.09567E-04
2.74601E-01	7.90082E-04	3.11489E-05	8.08555E-04
2.74827E-01	8.28454E-04	3.08139E-05	8.07550E-04
2.75054E-01	7.90622E-04	3.08183E-05	8.06544E-04
2.75281E-01	8.22878E-04	3.06142E-05	8.05540E-04
2.75508E-01	8.35609E-04	3.07831E-05	8.04540E-04
2.75734E-01	8.24935E-04	3.07386E-05	8.03546E-04
2.75961E-01	8.12853E-04	3.09376E-05	8.02552E-04
2.76415E-01	8.19530E-04	3.09222E-05	8.00572E-04
2.76641E-01	8.43177E-04	3.07819E-05	7.99591E-04
2.77095E-01	7.68971E-04	3.06468E-05	7.97629E-04
2.77321E-01	8.02335E-04	3.07094E-05	7.96658E-04
2.77548E-01	8.02364E-04	3.07748E-05	7.95685E-04
2.78002E-01	7.99797E-04	3.11657E-05	7.93748E-04
2.78228E-01	7.81169E-04	3.06220E-05	7.92789E-04
2.78455E-01	8.31022E-04	3.06712E-05	7.91828E-04
2.78682E-01	8.32460E-04	3.08092E-05	7.90871E-04
2.78908E-01	7.41130E-04	3.07097E-05	7.89921E-04
2.79135E-01	7.87223E-04	3.06832E-05	7.88970E-04
2.79362E-01	7.16479E-04	3.07909E-05	7.88022E-04
2.79589E-01	7.58704E-04	3.09272E-05	7.87078E-04
2.79815E-01	8.02950E-04	3.08252E-05	7.86141E-04
2.80042E-01	8.52231E-04	3.08145E-05	7.85202E-04
2.80269E-01	7.10304E-04	3.07733E-05	7.84267E-04
2.80722E-01	7.56356E-04	3.08213E-05	7.82411E-04
2.80949E-01	7.74127E-04	3.06490E-05	7.81486E-04
2.81176E-01	7.53189E-04	3.09364E-05	7.80564E-04
2.81402E-01	8.15047E-04	3.09036E-05	7.79650E-04
2.81629E-01	7.80036E-04	3.07693E-05	7.78734E-04
2.81856E-01	7.68065E-04	3.06539E-05	7.77822E-04
2.82082E-01	8.07868E-04	3.07360E-05	7.76917E-04
2.82309E-01	7.90376E-04	3.08285E-05	7.76011E-04
2.82536E-01	7.87704E-04	3.06557E-05	7.75109E-04
2.82763E-01	7.46587E-04	3.08969E-05	7.74209E-04
2.82989E-01	8.26287E-04	3.09788E-05	7.73317E-04
2.83216E-01	7.91229E-04	3.06850E-05	7.72425E-04
2.83443E-01	8.02364E-04	3.08043E-05	7.71535E-04
2.83669E-01	7.67067E-04	3.06665E-05	7.70653E-04
2.83896E-01	8.06933E-04	3.06928E-05	7.69770E-04
2.84123E-01	7.49900E-04	3.07789E-05	7.68890E-04
2.84350E-01	7.15479E-04	3.07460E-05	7.68014E-04
2.84576E-01	7.04757E-04	3.07701E-05	7.67144E-04
2.84803E-01	7.78017E-04	3.08973E-05	7.66274E-04
2.85030E-01	7.14195E-04	3.06165E-05	7.65408E-04
2.85256E-01	8.11902E-04	3.07387E-05	7.64548E-04
2.85483E-01	7.79746E-04	3.07155E-05	7.63687E-04
2.85710E-01	7.38857E-04	3.08009E-05	7.62830E-04
2.85937E-01	7.33322E-04	3.05940E-05	7.61976E-04
2.86163E-01	8.25756E-04	3.09474E-05	7.61129E-04
2.86390E-01	7.57343E-04	3.09501E-05	7.60282E-04
2.86617E-01	7.75012E-04	3.07510E-05	7.59438E-04
2.87070E-01	7.25004E-04	3.08308E-05	7.57762E-04
2.87297E-01	7.18283E-04	3.05661E-05	7.56927E-04
2.87524E-01	7.89618E-04	3.07977E-05	7.56096E-04
2.87750E-01	7.41252E-04	3.07564E-05	7.55271E-04
2.87977E-01	6.97840E-04	3.09183E-05	7.54445E-04
2.88204E-01	7.60914E-04	3.08518E-05	7.53623E-04
2.88431E-01	6.97852E-04	3.05619E-05	7.52804E-04
2.88657E-01	7.40465E-04	3.07095E-05	7.51991E-04
2.88884E-01	7.89674E-04	3.07115E-05	7.51178E-04
2.89111E-01	7.25430E-04	3.07576E-05	7.50368E-04
2.89337E-01	7.36329E-04	3.07014E-05	7.49565E-04
2.89564E-01	7.80868E-04	3.09085E-05	7.48761E-04
2.89791E-01	7.11614E-04	3.08242E-05	7.47960E-04
2.90018E-01	7.09581E-04	3.08272E-05	7.47162E-04
2.90244E-01	7.56234E-04	3.07157E-05	7.46370E-04
2.90924E-01	7.01512E-04	3.24158E-05	7.44007E-04
2.91151E-01	7.60333E-04	3.26329E-05	7.43224E-04
2.91378E-01	7.27764E-04	3.28732E-05	7.42444E-04
2.91605E-01	7.43843E-04	3.31198E-05	7.41666E-04
2.91831E-01	7.21423E-04	3.33873E-05	7.40895E-04
2.92058E-01	7.37822E-04	3.36958E-05	7.40124E-04
2.92285E-01	6.83235E-04	3.37163E-05	7.39355E-04
2.92511E-01	7.29908E-04	3.39013E-05	7.38592E-04
2.92738E-01	7.24443E-04	3.41863E-05	7.37829E-04
2.92965E-01	7.30605E-04	3.44537E-05	7.37069E-04
2.93192E-01	7.39264E-04	3.43541E-05	7.36311E-04
2.93418E-01	7.12922E-04	3.48969E-05	7.35559E-04
2.93645E-01	7.60786E-04	3.47069E-05	7.34807E-04
2.93872E-01	7.37291E-04	3.51964E-05	7.34058E-04
2.94098E-01	7.22164E-04	3.53058E-05	7.33314E-04
2.94552E-01	8.02621E-04	3.54688E-05	7.31828E-04
2.94779E-01	7.70822E-04	3.58462E-05	7.31089E-04
2.95005E-01	7.29974E-04	3.43491E-05	7.30356E-04
2.95232E-01	7.61656E-04	3.41419E-05	7.29622E-04
2.95459E-01	6.78323E-04	3.38955E-05	7.28891E-04
2.95685E-01	7.99208E-04	3.37591E-05	7.28165E-04
2.95912E-01	7.42718E-04	3.35032E-05	7.27439E-04
2.96139E-01	6.83467E-04	3.33483E-05	7.26715E-04
2.96366E-01	7.48207E-04	3.34594E-05	7.25994E-04
2.96592E-01	7.01129E-04	3.32265E-05	7.25278E-04
2.96819E-01	7.80822E-04	3.30095E-05	7.24561E-04
2.97046E-01	7.14804E-04	3.27933E-05	7.23847E-04
2.97273E-01	7.61229E-04	3.28661E-05	7.23135E-04
2.97499E-01	6.96064E-04	3.26775E-05	7.22428E-04
2.97726E-01	7.23616E-04	3.28426E-05	7.21721E-04
2.97953E-01	6.63827E-04	3.27402E-05	7.21016E-04
2.98179E-01	7.06480E-04	3.28209E-05	7.20316E-04
2.98406E-01	7.36729E-04	3.23797E-05	7.19615E-04
2.98633E-01	6.89719E-04	3.23975E-05	7.18917E-04
2.98860E-01	7.25088E-04	3.23048E-05	7.18221E-04
2.99086E-01	7.35625E-04	3.23930E-05	7.17529E-04
2.99313E-01	7.17438E-04	3.23395E-05	7.16837E-04
2.99540E-01	7.49496E-04	3.23654E-05	7.16147E-04
2.99766E-01	7.59339E-04	3.24545E-05	7.15463E-04
2.99993E-01	6.97405E-04	3.23186E-05	7.14777E-04
3.00220E-01	7.64904E-04	3.20343E-05	7.14093E-04
3.00447E-01	6.91391E-04	3.19718E-05	7.13411E-04
3.00673E-01	7.28760E-04	3.22427E-05	7.12734E-04
3.00900E-01	6.86682E-04	3.21941E-05	7.12056E-04
3.01127E-01	6.69708E-04	3.21224E-05	7.11380E-04
3.01353E-01	7.27782E-04	3.23369E-05	7.10708E-04
3.01580E-01	6.40805E-04	3.23161E-05	7.10036E-04
3.01807E-01	6.80200E-04	3.19069E-05	7.09365E-04
3.02034E-01	7.59693E-04	3.20304E-05	7.08696E-04
3.02260E-01	7.36544E-04	3.18630E-05	7.08032E-04
3.02487E-01	7.09871E-04	3.20648E-05	7.07367E-04
3.02714E-01	7.03491E-04	3.19549E-05	7.06703E-04
3.02940E-01	6.76334E-04	3.20533E-05	7.06044E-04
3.03167E-01	6.85068E-04	3.22214E-05	7.05383E-04
3.03394E-01	7.30648E-04	3.18675E-05	7.04725E-04
3.03621E-01	7.23117E-04	3.18103E-05	7.04068E-04
3.04301E-01	7.34323E-04	3.18880E-05	7.02108E-04
3.04527E-01	6.78994E-04	3.17994E-05	7.01460E-04
3.04754E-01	7.32138E-04	3.18014E-05	7.00811E-04
3.04981E-01	7.30126E-04	3.19805E-05	7.00163E-04
3.05208E-01	6.77046E-04	3.15009E-05	6.99516E-04
3.05434E-01	7.68453E-04	3.16443E-05	6.98874E-04
3.05661E-01	7.41580E-04	3.14731E-05	6.98230E-04
3.05888E-01	6.71626E-04	3.16000E-05	6.97587E-04
3.06115E-01	6.97059E-04	3.16811E-05	6.96946E-04
3.06568E-01	7.11622E-04	3.18645E-05	6.95670E-04
3.06795E-01	6.79429E-04	3.15076E-05	6.95032E-04
3.07021E-01	6.43082E-04	3.14701E-05	6.94399E-04
3.07248E-01	6.31988E-04	3.14226E-05	6.93764E-04
3.07475E-01	6.97255E-04	3.14362E-05	6.93130E-04
3.07702E-01	6.78471E-04	3.14128E-05	6.92497E-04
3.07928E-01	6.68853E-04	3.15213E-05	6.91868E-04
3.08155E-01	7.61516E-04	3.16479E-05	6.91237E-04
3.08382E-01	6.68437E-04	3.15540E-05	6.90608E-04
3.08608E-01	6.32279E-04	3.13137E-05	6.89982E-04
3.08835E-01	7.56402E-04	3.12917E-05	6.89355E-04
3.09062E-01	6.85267E-04	3.12963E-05	6.88728E-04
3.09289E-01	6.76450E-04	3.13908E-05	6.88103E-04
3.09515E-01	7.02542E-04	3.12074E-05	6.87481E-04
3.09742E-01	6.59167E-04	3.12754E-05	6.86857E-04
3.09969E-01	7.03068E-04	3.14989E-05	6.86235E-04
3.10195E-01	6.14101E-04	3.11105E-05	6.85616E-04
3.10422E-01	7.54471E-04	3.10950E-05	6.84995E-04
3.10649E-01	7.17306E-04	3.12230E-05	6.84375E-04
3.10876E-01	6.56708E-04	3.10639E-05	6.83755E-04
3.11102E-01	6.50143E-04	3.12703E-05	6.83140E-04
3.11329E-01	6.96857E-04	3.12570E-05	6.82522E-04
3.11556E-01	6.19813E-04	3.12997E-05	6.81905E-04
3.11782E-01	7.01523E-04	3.10904E-05	6.81292E-04
3.12009E-01	7.17746E-04	3.11866E-05	6.80676E-04
3.12236E-01	7.06759E-04	3.10682E-05	6.80062E-04
3.12463E-01	6.56392E-04	3.10467E-05	6.79448E-04
3.12689E-01	6.90980E-04	3.12256E-05	6.78837E-04
3.12916E-01	6.80306E-04	3.11341E-05	6.78224E-04
3.13143E-01	6.39625E-04	3.13034E-05	6.77612E-04
3.13369E-01	6.86726E-04	3.12242E-05	6.77003E-04
3.13596E-01	7.30779E-04	3.10667E-05	6.76393E-04
3.13823E-01	6.23956E-04	3.10262E-05	6.75782E-04
3.14050E-01	6.04362E-04	3.09987E-05	6.75173E-04
3.14276E-01	6.75080E-04	3.10732E-05	6.74566E-04
3.14503E-01	6.82211E-04	3.11562E-05	6.73958E-04
3.14730E-01	7.14694E-04	3.12291E-05	6.73349E-04
3.14956E-01	6.76725E-04	3.15402E-05	6.72745E-04
3.15183E-01	7.19519E-04	3.08482E-05	6.72138E-04
3.15410E-01	6.68329E-04	3.09764E-05	6.71531E-04
3.15637E-01	6.49746E-04	3.09722E-05	6.70925E-04
3.15863E-01	6.27851E-04	3.10542E-05	6.70322E-04
3.16090E-01	7.17279E-04	3.11186E-05	6.69717E-04
3.16317E-01	6.89425E-04	3.10670E-05	6.69112E-04
3.16544E-01	6.68475E-04	3.13848E-05	6.68508E-04
3.16770E-01	7.06744E-04	3.12228E-05	6.67906E-04
3.16997E-01	6.73998E-04	3.09291E-05	6.67303E-04
3.17224E-01	6.06973E-04	3.08734E-05	6.66700E-04
3.17450E-01	7.18189E-04	3.10666E-05	6.66099E-04
3.17677E-01	7.07841E-04	3.09961E-05	6.65497E-04
3.17904E-01	7.14139E-04	3.11397E-05	6.64895E-04
3.18131E-01	6.11318E-04	3.11524E-05	6.64293E-04
3.18357E-01	6.70171E-04	3.13854E-05	6.63695E-04
3.18584E-01	6.25041E-04	3.08985E-05	6.63094E-04
3.18811E-01	6.32697E-04	3.10056E-05	6.62493E-04
3.19037E-01	6.72167E-04	3.08444E-05	6.61895E-04
3.19264E-01	6.53483E-04	3.09862E-05	6.61295E-04
3.19491E-01	6.45038E-04	3.10600E-05	6.60695E-04
3.19718E-01	6.51139E-04	3.11621E-05	6.60096E-04
3.19944E-01	6.63419E-04	3.11668E-05	6.59499E-04
3.20171E-01	6.48784E-04	3.11488E-05	6.58900E-04
3.20398E-01	6.59053E-04	3.09361E-05	6.58302E-04
3.20624E-01	6.69038E-04	3.10605E-05	6.57706E-04
3.20851E-01	6.52545E-04	3.08279E-05	6.57108E-04
3.21078E-01	6.71716E-04	3.09740E-05	6.56510E-04
3.21305E-01	6.65098E-04	3.11181E-05	6.55912E-04
3.21531E-01	6.17627E-04	3.10419E-05	6.55318E-04
3.21758E-01	6.93279E-04	3.13458E-05	6.54721E-04
3.21985E-01	6.43280E-04	3.09175E-05	6.54124E-04
3.22211E-01	6.18545E-04	3.09776E-05	6.53530E-04
3.22438E-01	6.26769E-04	3.08900E-05	6.52934E-04
3.22665E-01	6.71608E-04	3.09801E-05	6.52338E-04
3.22892E-01	6.88992E-04	3.08935E-05	6.51742E-04
3.23118E-01	6.22746E-04	3.10672E-05	6.51149E-04
3.23345E-01	6.37861E-04	3.12853E-05	6.50554E-04
3.23572E-01	6.53595E-04	3.11082E-05	6.49959E-04
3.23798E-01	6.22292E-04	3.08127E-05	6.49367E-04
3.24025E-01	6.75118E-04	3.10004E-05	6.48772E-04
3.24252E-01	6.23693E-04	3.09563E-05	6.48178E-04
3.24479E-01	6.85131E-04	3.09538E-05	6.47584E-04
3.24705E-01	6.81769E-04	3.09387E-05	6.46993E-04
3.25159E-01	6.37779E-04	3.11494E-05	6.45806E-04
3.25385E-01	6.19638E-04	3.09271E-05	6.45216E-04
3.25839E-01	6.90933E-04	3.09371E-05	6.44031E-04
3.26066E-01	6.18467E-04	3.10814E-05	6.43439E-04
3.26292E-01	6.20356E-04	3.09170E-05	6.42850E-04
3.26519E-01	6.60866E-04	3.10074E-05	6.42258E-04
3.26746E-01	6.98771E-04	3.13336E-05	6.41667E-04
3.26973E-01	6.69242E-04	3.08675E-05	6.41076E-04
3.27199E-01	6.90754E-04	3.08739E-05	6.40489E-04
3.27426E-01	6.31230E-04	3.09641E-05	6.39898E-04
3.27653E-01	6.52620E-04	3.08517E-05	6.39308E-04
3.27879E-01	6.09857E-04	3.10317E-05	6.38721E-04
3.28106E-01	6.53551E-04	3.10700E-05	6.38132E-04
3.28333E-01	6.25709E-04	3.09724E-05	6.37543E-04
3.28560E-01	6.17901E-04	3.11261E-05	6.36955E-04
3.28786E-01	6.35769E-04	3.07796E-05	6.36369E-04
3.29013E-01	6.06321E-04	3.08707E-05	6.35782E-04
3.29240E-01	6.23895E-04	3.09474E-05	6.35194E-04
3.29466E-01	6.18317E-04	3.09968E-05	6.34610E-04
3.29693E-01	6.64589E-04	3.09767E-05	6.34023E-04
3.29920E-01	6.73769E-04	3.10160E-05	6.33437E-04
3.30147E-01	5.85418E-04	3.11508E-05	6.32851E-04
3.30373E-01	6.34425E-04	3.08313E-05	6.32269E-04
3.30600E-01	6.50395E-04	3.08273E-05	6.31684E-04
3.30827E-01	6.55299E-04	3.09681E-05	6.31100E-04
3.31053E-01	6.41617E-04	3.08871E-05	6.30518E-04
3.31280E-01	6.25598E-04	3.08752E-05	6.29935E-04
3.31507E-01	6.10885E-04	3.09956E-05	6.29352E-04
3.31734E-01	6.27065E-04	3.10631E-05	6.28769E-04
3.31960E-01	6.23027E-04	3.10564E-05	6.28190E-04
3.32187E-01	6.69270E-04	3.08393E-05	6.27609E-04
3.32414E-01	6.03111E-04	3.08051E-05	6.27028E-04
3.32640E-01	5.78659E-04	3.09154E-05	6.26450E-04
3.32867E-01	6.13230E-04	3.08591E-05	6.25871E-04
3.33094E-01	6.01383E-04	3.09444E-05	6.25292E-04
3.33321E-01	6.22336E-04	3.10197E-05	6.24713E-04
3.33547E-01	6.15165E-04	3.12197E-05	6.24138E-04
3.33774E-01	6.81811E-04	3.07997E-05	6.23560E-04
3.34001E-01	6.04114E-04	3.07640E-05	6.22984E-04
3.34227E-01	6.14518E-04	3.09010E-05	6.22410E-04
3.34454E-01	6.25586E-04	3.08248E-05	6.21835E-04
3.34681E-01	6.07783E-04	3.10011E-05	6.21261E-04
3.34908E-01	6.23280E-04	3.08840E-05	6.20687E-04
3.35134E-01	6.37822E-04	3.10393E-05	6.20116E-04
3.35361E-01	6.26896E-04	3.10934E-05	6.19543E-04
3.35588E-01	5.73702E-04	3.08883E-05	6.18972E-04
3.35815E-01	6.23362E-04	3.06873E-05	6.18401E-04
3.36041E-01	6.19508E-04	3.09779E-05	6.17833E-04
3.36268E-01	6.34468E-04	3.08782E-05	6.17264E-04
3.36495E-01	6.08959E-04	3.09257E-05	6.16695E-04
3.36721E-01	5.70916E-04	3.09209E-05	6.16130E-04
3.37175E-01	5.85675E-04	3.07748E-05	6.14997E-04
3.37628E-01	6.34596E-04	3.07887E-05	6.13870E-04
3.37855E-01	6.43839E-04	3.08064E-05	6.13306E-04
3.38082E-01	6.31244E-04	3.08622E-05	6.12744E-04
3.38308E-01	6.02699E-04	3.09286E-05	6.12185E-04
3.38535E-01	6.57749E-04	3.10614E-05	6.11624E-04
3.38762E-01	6.36723E-04	3.10299E-05	6.11064E-04
3.38989E-01	6.42845E-04	3.07765E-05	6.10506E-04
3.39215E-01	5.91366E-04	3.08193E-05	6.09951E-04
3.39442E-01	5.89385E-04	3.08699E-05	6.09394E-04
3.39669E-01	6.03654E-04	3.08845E-05	6.08838E-04
3.39895E-01	5.49417E-04	3.08476E-05	6.08286E-04
3.40122E-01	5.59670E-04	3.09000E-05	6.07732E-04
3.40349E-01	5.32788E-04	3.10991E-05	6.07180E-04
3.40576E-01	5.90674E-04	3.07674E-05	6.06629E-04
3.40802E-01	5.64793E-04	3.08185E-05	6.06081E-04
3.41029E-01	6.38745E-04	3.07905E-05	6.05532E-04
3.41256E-01	5.64544E-04	3.09026E-05	6.04984E-04
3.41482E-01	6.21968E-04	3.08646E-05	6.04439E-04
3.41709E-01	6.15212E-04	3.08546E-05	6.03894E-04
3.42163E-01	5.98907E-04	3.10056E-05	6.02806E-04
3.42389E-01	5.61543E-04	3.06677E-05	6.02266E-04
3.42616E-01	5.71468E-04	3.07992E-05	6.01725E-04
3.42843E-01	6.27288E-04	3.09184E-05	6.01186E-04
3.43069E-01	5.63343E-04	3.08960E-05	6.00650E-04
3.43296E-01	6.16199E-04	3.06799E-05	6.00113E-04
3.43750E-01	6.23001E-04	3.10063E-05	5.99043E-04
3.43976E-01	5.86225E-04	3.07350E-05	5.98512E-04
3.44203E-01	6.33487E-04	3.08348E-05	5.97980E-04
3.44430E-01	6.22879E-04	3.07811E-05	5.97450E-04
3.44656E-01	6.52647E-04	3.08503E-05	5.96923E-04
3.44883E-01	5.82599E-04	3.09093E-05	5.96396E-04
3.45337E-01	5.80766E-04	3.11185E-05	5.95345E-04
3.45563E-01	6.16594E-04	3.07974E-05	5.94824E-04
3.46017E-01	6.30214E-04	3.18027E-05	5.93781E-04
3.46244E-01	5.47257E-04	3.23497E-05	5.93262E-04
3.46697E-01	6.36176E-04	3.30919E-05	5.92231E-04
3.46924E-01	6.27187E-04	3.34049E-05	5.91716E-04
3.47150E-01	5.76259E-04	3.32758E-05	5.91206E-04
3.47604E-01	6.01329E-04	3.40168E-05	5.90184E-04
3.47831E-01	5.44265E-04	3.42237E-05	5.89676E-04
3.48057E-01	6.26671E-04	3.45428E-05	5.89171E-04
3.48284E-01	5.94397E-04	3.47975E-05	5.88666E-04
3.48511E-01	5.75249E-04	3.47551E-05	5.88162E-04
3.48737E-01	6.19522E-04	3.51321E-05	5.87663E-04
3.48964E-01	5.61192E-04	3.54513E-05	5.87162E-04
3.49191E-01	6.17758E-04	3.53717E-05	5.86663E-04
3.49644E-01	6.21446E-04	3.59856E-05	5.85673E-04
3.49871E-01	5.59341E-04	3.59378E-05	5.85179E-04
