0.000000000000000000e+00	4.075588871097588708e+04	1.834014991993914919e+03
1.000000000000000021e-03	4.074667909328771930e+04	1.845824562925933606e+03
2.000000000000000042e-03	4.071906601546311867e+04	1.856789410305118054e+03
3.000000000000000062e-03	4.067310189518320112e+04	1.866895376988908993e+03
4.000000000000000083e-03	4.060886579726981290e+04	1.876129599833865313e+03
5.000000000000000104e-03	4.052648225714806176e+04	1.884481424957384661e+03
6.000000000000000125e-03	4.042609480499882193e+04	1.891941236873944945e+03
7.000000000000000146e-03	4.030789097042234789e+04	1.898501664706892370e+03
8.000000000000000167e-03	4.017207609901070828e+04	1.904156407093107418e+03
8.999999999999999320e-03	4.001891223445298965e+04	1.908902113583407527e+03
1.000000000000000021e-02	3.984865257181485504e+04	1.912735323447113160e+03
1.099999999999999936e-02	3.966162251021948032e+04	1.915656367243600926e+03
1.200000000000000025e-02	3.945813705315168772e+04	1.917665460783171966e+03
1.299999999999999940e-02	3.923857678638047219e+04	1.918766404854005032e+03
1.400000000000000029e-02	3.900330658792886243e+04	1.918962684126099930e+03
1.499999999999999944e-02	3.875276020997329761e+04	1.918261630393677933e+03
1.600000000000000033e-02	3.848734137331449165e+04	1.916669600391061294e+03
1.700000000000000122e-02	3.820754786784082535e+04	1.914198148178825249e+03
1.799999999999999864e-02	3.791382502336437756e+04	1.910856781177564244e+03
1.899999999999999953e-02	3.760668727645334729e+04	1.906659044916184257e+03
2.000000000000000042e-02	3.728663466723057354e+04	1.901618368028759051e+03
2.100000000000000130e-02	3.695423302235816664e+04	1.895752154046973828e+03
2.199999999999999872e-02	3.660997364669114904e+04	1.889074640169262921e+03
2.299999999999999961e-02	3.625446468609697331e+04	1.881606717208432656e+03
2.400000000000000050e-02	3.588824473495838902e+04	1.873366375164827787e+03
2.500000000000000139e-02	3.551192570822482230e+04	1.864376099681802771e+03
2.599999999999999881e-02	3.512606807113876857e+04	1.854656394156126680e+03
2.699999999999999969e-02	3.473128889674737729e+04	1.844231440417285512e+03
2.800000000000000058e-02	3.432814950549283822e+04	1.833123183593317435e+03
2.900000000000000147e-02	3.391730559371007257e+04	1.821359310382230660e+03
2.999999999999999889e-02	3.349932390447464422e+04	1.808963490841630801e+03
3.099999999999999978e-02	3.307482298187895503e+04	1.795962887916027285e+03
3.200000000000000067e-02	3.264439140789089288e+04	1.782383770870842682e+03
3.300000000000000155e-02	3.220867248304359964e+04	1.768256119319093614e+03
3.400000000000000244e-02	3.176819637628817509e+04	1.753604439971107013e+03
3.500000000000000333e-02	3.132360622777347453e+04	1.738460145641427744e+03
3.599999999999999728e-02	3.087544493584772499e+04	1.722849827420302972e+03
3.699999999999999817e-02	3.042432207907402335e+04	1.706804468636052434e+03
3.799999999999999906e-02	2.997077271351518721e+04	1.690351581042256385e+03
3.899999999999999994e-02	2.951537900983229702e+04	1.673521989857491235e+03
4.000000000000000083e-02	2.905862747150058567e+04	1.656341765875533383e+03
4.100000000000000172e-02	2.860110450236121687e+04	1.638843287985297820e+03
4.200000000000000261e-02	2.814329661068907444e+04	1.621053884775690449e+03
4.299999999999999656e-02	2.768569298870456259e+04	1.603001624045994276e+03
4.399999999999999745e-02	2.722878502197433772e+04	1.584715288278906428e+03
4.499999999999999833e-02	2.677305829147049371e+04	1.566223910051023950e+03
4.599999999999999922e-02	2.631890993477136726e+04	1.547551904164556390e+03
4.700000000000000011e-02	2.586681457785720340e+04	1.528728741551360827e+03
4.800000000000000100e-02	2.541715919713100084e+04	1.509779256309581569e+03
4.900000000000000189e-02	2.497036589077903045e+04	1.490730843679508325e+03
5.000000000000000278e-02	2.452677079728891476e+04	1.471606247837334877e+03
5.099999999999999672e-02	2.408675994725741111e+04	1.452431624819621902e+03
5.199999999999999761e-02	2.365062205694992008e+04	1.433227696651165161e+03
5.299999999999999850e-02	2.321872386150208331e+04	1.414020283165476712e+03
5.399999999999999939e-02	2.279132977000105529e+04	1.394829381924064364e+03
5.500000000000000028e-02	2.236872601835196838e+04	1.375676650128646088e+03
5.600000000000000117e-02	2.195114718217901100e+04	1.356580895858662871e+03
5.700000000000000205e-02	2.153887705736482894e+04	1.337564265262355775e+03
5.800000000000000294e-02	2.113207105040212991e+04	1.318641233545092746e+03
5.899999999999999689e-02	2.073095051648963636e+04	1.299830597383899885e+03
5.999999999999999778e-02	2.033570117509313059e+04	1.281149174030867016e+03
6.099999999999999867e-02	1.994648314692882923e+04	1.262612383200594650e+03
6.199999999999999956e-02	1.956343208413185857e+04	1.244234280550786025e+03
6.300000000000000044e-02	1.918668300908765377e+04	1.226029044280700873e+03
6.400000000000000133e-02	1.881628634553911979e+04	1.208005583383611338e+03
6.500000000000000222e-02	1.845241014540502147e+04	1.190180454378623836e+03
6.600000000000000311e-02	1.809508434826628218e+04	1.172561465767655136e+03
6.700000000000000400e-02	1.774437030763729126e+04	1.155158507027187625e+03
6.800000000000000488e-02	1.740031814680099342e+04	1.137980806800784876e+03
6.900000000000000577e-02	1.706296981150055581e+04	1.121037116615586456e+03
7.000000000000000666e-02	1.673231101203044454e+04	1.104332526794009254e+03
7.099999999999999367e-02	1.640836249515109375e+04	1.087874433428517477e+03
7.199999999999999456e-02	1.609110692314973312e+04	1.071667721081772015e+03
7.299999999999999545e-02	1.578055167573405015e+04	1.055718907106607730e+03
7.399999999999999634e-02	1.547663604886963185e+04	1.040029942484039111e+03
7.499999999999999722e-02	1.517932214096052485e+04	1.024604244514835273e+03
7.599999999999999811e-02	1.488854889054361774e+04	1.009443614778857182e+03
7.699999999999999900e-02	1.460429713517113305e+04	9.945526349051540365e+02
7.799999999999999989e-02	1.432644809620809792e+04	9.799290497806337044e+02
7.900000000000000078e-02	1.405494594121729097e+04	9.655747861616277987e+02
8.000000000000000167e-02	1.378972446560101525e+04	9.514909881264699152e+02
8.100000000000000255e-02	1.353069046587167577e+04	9.376768492849070071e+02
8.200000000000000344e-02	1.327772591916055171e+04	9.241297239735743005e+02
8.300000000000000433e-02	1.303074832264635006e+04	9.108493077529797119e+02
8.400000000000000522e-02	1.278965797170625046e+04	8.978339896137787264e+02
8.500000000000000611e-02	1.255435269264355338e+04	8.850818648313704671e+02
8.599999999999999312e-02	1.232470950834115683e+04	8.725894331905539048e+02
8.699999999999999400e-02	1.210062436109215196e+04	8.603543920736519794e+02
8.799999999999999489e-02	1.188196410617347283e+04	8.483722371807859872e+02
8.899999999999999578e-02	1.166863947996312345e+04	8.366414507133559937e+02
8.999999999999999667e-02	1.146052343245884913e+04	8.251576871370369872e+02
9.099999999999999756e-02	1.125748622394063023e+04	8.139162539909074212e+02
9.199999999999999845e-02	1.105940808094760359e+04	8.029130266767959938e+02
9.299999999999999933e-02	1.086619839588754985e+04	7.921458630602023732e+02
9.400000000000000022e-02	1.067768888035912823e+04	7.816068260422881622e+02
9.500000000000000111e-02	1.049379519913654622e+04	7.712939471365360760e+02
9.600000000000000200e-02	1.031439493109668365e+04	7.612023459149352220e+02
9.700000000000000289e-02	1.013938819689563206e+04	7.513286653899663179e+02
9.800000000000000377e-02	9.968633712488850506e+03	7.416663482091704509e+02
9.900000000000000466e-02	9.802040896520918977e+03	7.322124549701126170e+02
1.000000000000000056e-01	9.639457230713052923e+03	7.229592923034789465e+02
1.010000000000000064e-01	9.480800425898576577e+03	7.139042720701627331e+02
1.019999999999999934e-01	9.325977228728657792e+03	7.050438784918864030e+02
1.029999999999999943e-01	9.174850375639576669e+03	6.963711435110437833e+02
1.039999999999999952e-01	9.027336703055305406e+03	6.878830567728142569e+02
1.049999999999999961e-01	8.883359907230518729e+03	6.795770329031346364e+02
1.059999999999999970e-01	8.742741292878219610e+03	6.714425312930472955e+02
1.069999999999999979e-01	8.605473173701271662e+03	6.634819816923680946e+02
1.079999999999999988e-01	8.471411551679128024e+03	6.556872540999644343e+02
1.089999999999999997e-01	8.340480064829847834e+03	6.480553010372791505e+02
1.100000000000000006e-01	8.212594414017268718e+03	6.405823642933469273e+02
1.110000000000000014e-01	8.087667309601921261e+03	6.332643503418304363e+02
1.120000000000000023e-01	7.965604308887695879e+03	6.260964986785728570e+02
1.130000000000000032e-01	7.846338069292724867e+03	6.190760736671960558e+02
1.140000000000000041e-01	7.729797449992446673e+03	6.121999580394018494e+02
1.150000000000000050e-01	7.615897177841476150e+03	6.054638256383973385e+02
1.160000000000000059e-01	7.504563725288297064e+03	5.988641852780061754e+02
1.170000000000000068e-01	7.395741591050421448e+03	5.923989014431386977e+02
1.179999999999999938e-01	7.289319636573082789e+03	5.860612987804759086e+02
1.189999999999999947e-01	7.185281531515597635e+03	5.798522195933087460e+02
1.199999999999999956e-01	7.083530032573849894e+03	5.737659326384818996e+02
1.209999999999999964e-01	6.984049086378397988e+03	5.678031907225637269e+02
1.219999999999999973e-01	6.886732727821975459e+03	5.619573905902732349e+02
1.229999999999999982e-01	6.791545757857279568e+03	5.562275975685112144e+02
1.239999999999999991e-01	6.698424191479355613e+03	5.506104685396030618e+02
1.250000000000000000e-01	6.607309944233602437e+03	5.451030703992722692e+02
1.260000000000000009e-01	6.518185106404928774e+03	5.397057268103280876e+02
1.270000000000000018e-01	6.430966897879751741e+03	5.344133492138073507e+02
1.280000000000000027e-01	6.345606930435006689e+03	5.292236179982795647e+02
1.290000000000000036e-01	6.262077984207351619e+03	5.241359272781553500e+02
1.300000000000000044e-01	6.180321766124148780e+03	5.191470283544284712e+02
1.310000000000000053e-01	6.100286316787299256e+03	5.142541365051692992e+02
1.320000000000000062e-01	6.021945656137930200e+03	5.094566025092689188e+02
1.330000000000000071e-01	5.945262002786325866e+03	5.047527440365590792e+02
1.340000000000000080e-01	5.870174666702323520e+03	5.001388816030379871e+02
1.350000000000000089e-01	5.796658043148125216e+03	4.956142626891647183e+02
1.360000000000000098e-01	5.724669355619073940e+03	4.911766307121165482e+02
1.370000000000000107e-01	5.654172908165176523e+03	4.868242873930216774e+02
1.380000000000000115e-01	5.585135747426102171e+03	4.825557285776152980e+02
1.390000000000000124e-01	5.517519005680930604e+03	4.783688977925366999e+02
1.400000000000000133e-01	5.451291256456200244e+03	4.742623393116894590e+02
1.409999999999999865e-01	5.386420656698777748e+03	4.702345233298032099e+02
1.419999999999999873e-01	5.322868122933125051e+03	4.662832475689417038e+02
1.429999999999999882e-01	5.260609874090447192e+03	4.624076079325502633e+02
1.439999999999999891e-01	5.199592417173951617e+03	4.586040511947425102e+02
1.449999999999999900e-01	5.139817959697752485e+03	4.548738894332510654e+02
1.459999999999999909e-01	5.081240302855175287e+03	4.512141388935395412e+02
1.469999999999999918e-01	5.023836863304524741e+03	4.476238645204331306e+02
1.479999999999999927e-01	4.967558386012748088e+03	4.440997197095396132e+02
1.489999999999999936e-01	4.912392127359049482e+03	4.406415738241067288e+02
1.499999999999999944e-01	4.858321683258403027e+03	4.372489514932562429e+02
1.509999999999999953e-01	4.805296972644325251e+03	4.339183166297825096e+02
1.519999999999999962e-01	4.753321641600521616e+03	4.306509407290072318e+02
1.529999999999999971e-01	4.702343925558350747e+03	4.274430628332540323e+02
1.539999999999999980e-01	4.652334054220500548e+03	4.242928657449096477e+02
1.549999999999999989e-01	4.603290020999850640e+03	4.212010369214863204e+02
1.559999999999999998e-01	4.555171535515853066e+03	4.181647469603553304e+02
1.570000000000000007e-01	4.507976882108798236e+03	4.151846708422203278e+02
1.580000000000000016e-01	4.461647031981274267e+03	4.122561857550697368e+02
1.590000000000000024e-01	4.416191266657328015e+03	4.093809304191343017e+02
1.600000000000000033e-01	4.371562556790278904e+03	4.065553177814959440e+02
1.610000000000000042e-01	4.327783530300403072e+03	4.037822033770275425e+02
1.620000000000000051e-01	4.284785379719753109e+03	4.010559115417688645e+02
1.630000000000000060e-01	4.242568231637496865e+03	3.983771569507609343e+02
1.640000000000000069e-01	4.201115936068598785e+03	3.957451211776620426e+02
1.650000000000000078e-01	4.160396190928803662e+03	3.931574400427719524e+02
1.660000000000000087e-01	4.120412471204504072e+03	3.906151022701869806e+02
1.670000000000000095e-01	4.081114352965500530e+03	3.881139749670190895e+02
1.680000000000000104e-01	4.042498414642800981e+03	3.856543487569232411e+02
1.690000000000000113e-01	4.004579778686897043e+03	3.832382848203360481e+02
1.700000000000000122e-01	3.967292789280926627e+03	3.808601077709689662e+02
1.710000000000000131e-01	3.930646905587552283e+03	3.785212970080812624e+02
1.719999999999999862e-01	3.894622157114850779e+03	3.762205003772945133e+02
1.729999999999999871e-01	3.859204966875322953e+03	3.739569612902187146e+02
1.739999999999999880e-01	3.824392399821724212e+03	3.717309412626715357e+02
1.749999999999999889e-01	3.790147704833826083e+03	3.695394012212979646e+02
1.759999999999999898e-01	3.756461044928069441e+03	3.673818901939650914e+02
1.769999999999999907e-01	3.723343829064247529e+03	3.652600296312026558e+02
1.779999999999999916e-01	3.690749032063904906e+03	3.631697047550881621e+02
1.789999999999999925e-01	3.658694346472947927e+03	3.611131319968799289e+02
1.799999999999999933e-01	3.627154715009801293e+03	3.590883167859702780e+02
1.809999999999999942e-01	3.596135349398804919e+03	3.570962401953012773e+02
1.819999999999999951e-01	3.565580359812498955e+03	3.551318038373248669e+02
1.829999999999999960e-01	3.535527034630053095e+03	3.531991507595422490e+02
1.839999999999999969e-01	3.505940388244275255e+03	3.512952269020763083e+02
1.849999999999999978e-01	3.476825539169876265e+03	3.494209666865725126e+02
1.859999999999999987e-01	3.448163488243299071e+03	3.475748796149245550e+02
1.869999999999999996e-01	3.419948723411974697e+03	3.457568159369505452e+02
1.880000000000000004e-01	3.392158514697901410e+03	3.439648733903671882e+02
1.890000000000000013e-01	3.364822381394674721e+03	3.422024361878383729e+02
1.900000000000000022e-01	3.337865973907023999e+03	3.404623293385164402e+02
1.910000000000000031e-01	3.311366389264876943e+03	3.387527816217968279e+02
1.920000000000000040e-01	3.285236890300747291e+03	3.370653049448566208e+02
1.930000000000000049e-01	3.259531598547275735e+03	3.354058014905145910e+02
1.940000000000000058e-01	3.234197922192850911e+03	3.337692255703021829e+02
1.950000000000000067e-01	3.209254150678873430e+03	3.321578045952633715e+02
1.960000000000000075e-01	3.184678353445774974e+03	3.305696130876714278e+02
1.970000000000000084e-01	3.160472568146524736e+03	3.290051943440531659e+02
1.980000000000000093e-01	3.136629670541224641e+03	3.274641376045038328e+02
1.990000000000000102e-01	3.113147992570598944e+03	3.259465948221417193e+02
2.000000000000000111e-01	3.090004484947500259e+03	3.244504709194874863e+02
2.010000000000000120e-01	3.067210865282773284e+03	3.229773041142760235e+02
2.020000000000000129e-01	3.044737488418099019e+03	3.215242787769512347e+02
2.030000000000000138e-01	3.022609192293424258e+03	3.200943134638736183e+02
2.039999999999999869e-01	3.000795366787672265e+03	3.186844679528508095e+02
2.049999999999999878e-01	2.979296395458574807e+03	3.172950661163382051e+02
2.059999999999999887e-01	2.958103667423498791e+03	3.159254716808296166e+02
2.069999999999999896e-01	2.937218157765572414e+03	3.145760646966927538e+02
2.079999999999999905e-01	2.916620992368451425e+03	3.132450945803716991e+02
2.089999999999999913e-01	2.896340790624502006e+03	3.119359031502588664e+02
2.099999999999999922e-01	2.876318101919248420e+03	3.106423550072788089e+02
2.109999999999999931e-01	2.856590559258524081e+03	3.093687575676981396e+02
2.119999999999999940e-01	2.837125977388900992e+03	3.081118811444346193e+02
2.129999999999999949e-01	2.817922809305474402e+03	3.068717939333661207e+02
2.139999999999999958e-01	2.798987990385551711e+03	3.056494885501022054e+02
2.149999999999999967e-01	2.780313868786950934e+03	3.044443686321711198e+02
2.159999999999999976e-01	2.761877392067551682e+03	3.032541376490171956e+02
2.169999999999999984e-01	2.743689974907474607e+03	3.020802662373129124e+02
2.179999999999999993e-01	2.725734917796499303e+03	3.009211349247335079e+02
2.190000000000000002e-01	2.708005832521422235e+03	2.997762456601213898e+02
2.200000000000000011e-01	2.690498917408925081e+03	2.986453798323906881e+02
2.210000000000000020e-01	2.673225512365372651e+03	2.975299995262659536e+02
2.220000000000000029e-01	2.656161991388877141e+03	2.964276782389986806e+02
2.230000000000000038e-01	2.639299863023475609e+03	2.953376546723268916e+02
2.240000000000000047e-01	2.622637739736499498e+03	2.942599543984352408e+02
2.250000000000000056e-01	2.606188784116399347e+03	2.931962382130949436e+02
2.260000000000000064e-01	2.589907885046399315e+03	2.921416094332338389e+02
2.270000000000000073e-01	2.573832694266576709e+03	2.911004777215498507e+02
2.280000000000000082e-01	2.557934977925752264e+03	2.900698264967803084e+02
2.290000000000000091e-01	2.542208079751299920e+03	2.890490586677228180e+02
2.300000000000000100e-01	2.526662069879524552e+03	2.880394759662657975e+02
2.310000000000000109e-01	2.511280369374275324e+03	2.870393462194796825e+02
2.320000000000000118e-01	2.496056335031276376e+03	2.860480559945842742e+02
2.330000000000000127e-01	2.480994953269251710e+03	2.850663201306370524e+02
2.340000000000000135e-01	2.466093951201723030e+03	2.840940231784384764e+02
2.349999999999999867e-01	2.451323347794525944e+03	2.831278466702677292e+02
2.359999999999999876e-01	2.436719335185475302e+03	2.821720990144780217e+02
2.369999999999999885e-01	2.422245991151126873e+03	2.812227595726458276e+02
2.379999999999999893e-01	2.407916952185949867e+03	2.802815332344445665e+02
2.389999999999999902e-01	2.393725399938649844e+03	2.793477541728404390e+02
2.399999999999999911e-01	2.379658441219199631e+03	2.784200376226463618e+02
2.409999999999999920e-01	2.365744962863851015e+03	2.775018841439297148e+02
2.419999999999999929e-01	2.351944731440099076e+03	2.765887004173556534e+02
2.429999999999999938e-01	2.338273472704949654e+03	2.756824424319135574e+02
2.439999999999999947e-01	2.324719983347049947e+03	2.747819020316213141e+02
2.449999999999999956e-01	2.311292535563473848e+03	2.738881654642716512e+02
2.459999999999999964e-01	2.297989853487049913e+03	2.730011945942615057e+02
2.469999999999999973e-01	2.284801125992650213e+03	2.721198141057246289e+02
2.479999999999999982e-01	2.271733037378673544e+03	2.712449246630136486e+02
2.489999999999999991e-01	2.258771719944525103e+03	2.703749748773596480e+02
2.500000000000000000e-01	2.245929558641824769e+03	2.695115470370189996e+02
2.510000000000000009e-01	2.233199313750200872e+03	2.686538774441492023e+02
2.520000000000000018e-01	2.220591991610399418e+03	2.678033941882141562e+02
2.530000000000000027e-01	2.208097061931349344e+03	2.669589347875001408e+02
2.540000000000000036e-01	2.195711178451575051e+03	2.661201948283309093e+02
2.550000000000000044e-01	2.183437304433874488e+03	2.652876324887157580e+02
2.560000000000000053e-01	2.171276551361773727e+03	2.644614839558640824e+02
2.570000000000000062e-01	2.159224636328175166e+03	2.636413280956701897e+02
2.580000000000000071e-01	2.147292435529575414e+03	2.628285941088200275e+02
2.590000000000000080e-01	2.135467736325149417e+03	2.620218912470958230e+02
2.600000000000000089e-01	2.123764683949075788e+03	2.612230561257363206e+02
2.610000000000000098e-01	2.112161713073074679e+03	2.604295392219100904e+02
2.620000000000000107e-01	2.100685362005875049e+03	2.596447107439261686e+02
2.630000000000000115e-01	2.089312877772574211e+03	2.588658655560219586e+02
2.640000000000000124e-01	2.078061313580401020e+03	2.580952151466858027e+02
2.650000000000000133e-01	2.066933791748874683e+03	2.573332570727349093e+02
2.660000000000000142e-01	2.055912171497799136e+03	2.565778390029253160e+02
2.670000000000000151e-01	2.045021844794126764e+03	2.558322327837452690e+02
2.680000000000000160e-01	2.034242181164199337e+03	2.550939695179906153e+02
2.690000000000000169e-01	2.023576282935151312e+03	2.543635387649485153e+02
2.700000000000000178e-01	2.013045362068422946e+03	2.536437156206212933e+02
2.710000000000000187e-01	2.002622016057200426e+03	2.529311606280244291e+02
2.720000000000000195e-01	1.992335163620925641e+03	2.522296317144091802e+02
2.730000000000000204e-01	1.982154676440198728e+03	2.515354284402612279e+02
2.740000000000000213e-01	1.972086696997799663e+03	2.508494278581201513e+02
2.750000000000000222e-01	1.962160906706524656e+03	2.501755156050818982e+02
2.760000000000000231e-01	1.952342943978300355e+03	2.495094282404268142e+02
2.770000000000000240e-01	1.942655014122374496e+03	2.488541073090761984e+02
2.780000000000000249e-01	1.933095478341275111e+03	2.482094594190197370e+02
2.790000000000000258e-01	1.923647369133852408e+03	2.475734164075268211e+02
2.800000000000000266e-01	1.914322789218174876e+03	2.469476398091445901e+02
2.810000000000000275e-01	1.905120405217575581e+03	2.463320683946325573e+02
2.819999999999999729e-01	1.896040655575924575e+03	2.457268689626397702e+02
2.829999999999999738e-01	1.887085955412900375e+03	2.451324656081357034e+02
2.839999999999999747e-01	1.878241045239776668e+03	2.445469840902188707e+02
2.849999999999999756e-01	1.869524651529099401e+03	2.439729670245474153e+02
2.859999999999999765e-01	1.860915020861523772e+03	2.434076847286872578e+02
2.869999999999999774e-01	1.852424260559024333e+03	2.428528205592880340e+02
2.879999999999999782e-01	1.844048915058848706e+03	2.423080274387326654e+02
2.889999999999999791e-01	1.835795315917600874e+03	2.417742431063479955e+02
2.899999999999999800e-01	1.827647605616923784e+03	2.412494839414338799e+02
2.909999999999999809e-01	1.819614955940824302e+03	2.407350586709710001e+02
2.919999999999999818e-01	1.811678980945824378e+03	2.402286328734162737e+02
2.929999999999999827e-01	1.803860861475824777e+03	2.397331084901370559e+02
2.939999999999999836e-01	1.796138103882675068e+03	2.392455954371722839e+02
2.949999999999999845e-01	1.788525379280450807e+03	2.387681381339401412e+02
2.959999999999999853e-01	1.781008990326475214e+03	2.382990029056823289e+02
2.969999999999999862e-01	1.773583603710372017e+03	2.378375612575608500e+02
2.979999999999999871e-01	1.766255417414000931e+03	2.373847281004416914e+02
2.989999999999999880e-01	1.759023649368600445e+03	2.369404855699504253e+02
2.999999999999999889e-01	1.751880118113900153e+03	2.365038159453764877e+02
3.009999999999999898e-01	1.744829580873425584e+03	2.360754422921744435e+02
3.019999999999999907e-01	1.737854782937924938e+03	2.356531085663825991e+02
3.029999999999999916e-01	1.730970861950173912e+03	2.352389401390286139e+02
3.039999999999999925e-01	1.724160193244851143e+03	2.348306183199486838e+02
3.049999999999999933e-01	1.717425756186249828e+03	2.344286157194230782e+02
3.059999999999999942e-01	1.710761443528199152e+03	2.340321654746576314e+02
3.069999999999999951e-01	1.704185326295599452e+03	2.336438082351266416e+02
3.079999999999999960e-01	1.697664204042350548e+03	2.332590616354189308e+02
3.089999999999999969e-01	1.691219132824874350e+03	2.328808745899851544e+02
3.099999999999999978e-01	1.684830182232874449e+03	2.325065651481366444e+02
3.109999999999999987e-01	1.678501343793822116e+03	2.321367358466855535e+02
3.119999999999999996e-01	1.672242621408875038e+03	2.317728273272700790e+02
3.130000000000000004e-01	1.666039796758549301e+03	2.314129277697624616e+02
3.140000000000000013e-01	1.659890019695599676e+03	2.310566907416274489e+02
3.150000000000000022e-01	1.653793587033324002e+03	2.307042053911486619e+02
3.160000000000000031e-01	1.647735807006000641e+03	2.303534658194388669e+02
3.170000000000000040e-01	1.641749133184725451e+03	2.300090535591800176e+02
3.180000000000000049e-01	1.635800312437726461e+03	2.296663638662567735e+02
3.190000000000000058e-01	1.629902401374675719e+03	2.293272678734168437e+02
3.200000000000000067e-01	1.624045503121674756e+03	2.289904159401561117e+02
3.210000000000000075e-01	1.618229743315400810e+03	2.286558627304661115e+02
3.220000000000000084e-01	1.612464428989099133e+03	2.283249631448564116e+02
3.230000000000000093e-01	1.606729321481249826e+03	2.279948907181893389e+02
3.240000000000000102e-01	1.601037874466200492e+03	2.276675857490936892e+02
3.250000000000000111e-01	1.595393771585048853e+03	2.273436124508694434e+02
3.260000000000000120e-01	1.589773688763724294e+03	2.270196827554597974e+02
3.270000000000000129e-01	1.584196093892625868e+03	2.266984610360347574e+02
3.280000000000000138e-01	1.578661963618874779e+03	2.263801255829466186e+02
3.290000000000000147e-01	1.573158650351624146e+03	2.260628980555283647e+02
3.300000000000000155e-01	1.567692912304948777e+03	2.257477793719126282e+02
3.310000000000000164e-01	1.562257870144750086e+03	2.254338106618874065e+02
3.320000000000000173e-01	1.556868867756123109e+03	2.251232382775353926e+02
3.330000000000000182e-01	1.551513208612999051e+03	2.248142639280235642e+02
3.340000000000000191e-01	1.546181757976425843e+03	2.245055912581770201e+02
3.350000000000000200e-01	1.540896850478925671e+03	2.242004917446836600e+02
3.360000000000000209e-01	1.535639056702250627e+03	2.238961744671881036e+02
3.370000000000000218e-01	1.530414693429425597e+03	2.235935867100390908e+02
3.380000000000000226e-01	1.525237315233824120e+03	2.232947429502318357e+02
3.390000000000000235e-01	1.520082940370776441e+03	2.229961673523928880e+02
3.400000000000000244e-01	1.514962134304650590e+03	2.226994337427836115e+02
3.410000000000000253e-01	1.509884109101400327e+03	2.224059292706362783e+02
3.420000000000000262e-01	1.504845569733775619e+03	2.221152060927052787e+02
3.430000000000000271e-01	1.499835342377375582e+03	2.218256471376138563e+02
3.439999999999999725e-01	1.494868682572799798e+03	2.215395387572889376e+02
3.449999999999999734e-01	1.489933245036075277e+03	2.212550868878571748e+02
3.459999999999999742e-01	1.485041967126674763e+03	2.209742447084491914e+02
3.469999999999999751e-01	1.480179936350698654e+03	2.206948285098891631e+02
3.479999999999999760e-01	1.475351870345150019e+03	2.204175694295654182e+02
3.489999999999999769e-01	1.470566725747224609e+03	2.201438388443595215e+02
3.499999999999999778e-01	1.465817771044898564e+03	2.198726656567347675e+02
3.509999999999999787e-01	1.461101382036624045e+03	2.196035377201045833e+02
3.519999999999999796e-01	1.456419904233550369e+03	2.193368375775726804e+02
3.529999999999999805e-01	1.451776540829826217e+03	2.190730800112207817e+02
3.539999999999999813e-01	1.447172581044499566e+03	2.188124942539283211e+02
3.549999999999999822e-01	1.442607723685174506e+03	2.185550701383039325e+02
3.559999999999999831e-01	1.438074537025324616e+03	2.182997147204442854e+02
3.569999999999999840e-01	1.433583421306250330e+03	2.180480383806806799e+02
3.579999999999999849e-01	1.429119303625824614e+03	2.177977818725756549e+02
3.589999999999999858e-01	1.424690715527525526e+03	2.175502722610531521e+02
3.599999999999999867e-01	1.420309966134025899e+03	2.173074248185059503e+02
3.609999999999999876e-01	1.415952104202151304e+03	2.170654575741897929e+02
3.619999999999999885e-01	1.411636547495749937e+03	2.168273736953471769e+02
3.629999999999999893e-01	1.407349201824224792e+03	2.165910421607482021e+02
3.639999999999999902e-01	1.403088862894249587e+03	2.163563026582932878e+02
3.649999999999999911e-01	1.398864456876575105e+03	2.161245585874308688e+02
3.659999999999999920e-01	1.394674441713375472e+03	2.158956035772305313e+02
3.669999999999999929e-01	1.390517397694775127e+03	2.156692483824596138e+02
3.679999999999999938e-01	1.386395439506475896e+03	2.154458512993063835e+02
3.689999999999999947e-01	1.382302994404049059e+03	2.152245762287104469e+02
3.699999999999999956e-01	1.378227484354199078e+03	2.150034875592550350e+02
3.709999999999999964e-01	1.374182575496850859e+03	2.147847365501577883e+02
3.719999999999999973e-01	1.370176076551824735e+03	2.145695735880157713e+02
3.729999999999999982e-01	1.366186107992775987e+03	2.143546003440665686e+02
3.739999999999999991e-01	1.362231570593074821e+03	2.141428028972313768e+02
3.750000000000000000e-01	1.358307355278351451e+03	2.139334084563403451e+02
3.760000000000000009e-01	1.354397750872475171e+03	2.137239650876765893e+02
3.770000000000000018e-01	1.350514970504600115e+03	2.135164168367772675e+02
3.780000000000000027e-01	1.346664049119425499e+03	2.133115853805169877e+02
3.790000000000000036e-01	1.342835017942450349e+03	2.131079173474668664e+02
3.800000000000000044e-01	1.339032019154775980e+03	2.129060910456094007e+02
3.810000000000000053e-01	1.335246649995775670e+03	2.127047913443270488e+02
3.820000000000000062e-01	1.331477648149274955e+03	2.125038326446243104e+02
3.830000000000000071e-01	1.327730595036124214e+03	2.123041221462762564e+02
3.840000000000000080e-01	1.324021069332449997e+03	2.121081753070585023e+02
3.850000000000000089e-01	1.320316540222724370e+03	2.119108047057472675e+02
3.860000000000000098e-01	1.316644211646324266e+03	2.117163892327289716e+02
3.870000000000000107e-01	1.312983018223924773e+03	2.115215642358743082e+02
3.880000000000000115e-01	1.309332451032224299e+03	2.113262575966010104e+02
3.890000000000000124e-01	1.305718338837474903e+03	2.111346553900196739e+02
3.900000000000000133e-01	1.302118913993400838e+03	2.109432640669309365e+02
3.910000000000000142e-01	1.298540315899125062e+03	2.107530932704279962e+02
3.920000000000000151e-01	1.294986851961799175e+03	2.105648621289885511e+02
3.930000000000000160e-01	1.291434833990799916e+03	2.103747344571013116e+02
3.940000000000000169e-01	1.287918683507175047e+03	2.101883291483709968e+02
3.950000000000000178e-01	1.284412697179449651e+03	2.100014759888400420e+02
3.960000000000000187e-01	1.280918846025700077e+03	2.098145069790096784e+02
3.970000000000000195e-01	1.277456443372551121e+03	2.096306023574356630e+02
3.980000000000000204e-01	1.274006835436624442e+03	2.094467237457810711e+02
3.990000000000000213e-01	1.270572604683375630e+03	2.092633079913519794e+02
4.000000000000000222e-01	1.267156329317076597e+03	2.090807943373176272e+02
