0.00214594131	6.04371727E-03	3.09765284E-03
0.00243206681	6.65396452E-03	2.51708490E-03
0.00271819232	7.77498633E-03	1.29367513E-03
0.00300431783	5.20984828E-03	1.05546336E-03
0.00329044334	6.01204112E-03	8.60234300E-04
0.00357656885	6.34503365E-03	6.86989297E-04
0.00386269435	6.00441918E-03	5.86379649E-04
0.00414881986	7.01060891E-03	4.64932502E-04
0.00443494537	7.11682066E-03	4.49852984E-04
0.00472107088	6.54137880E-03	3.81584420E-04
0.00500719638	6.60238788E-03	3.62995354E-04
0.00529332189	7.08591193E-03	3.17188991E-04
0.0055794474	6.62057474E-03	3.06273136E-04
0.00586557291	6.64186105E-03	2.83506775E-04
0.00615169841	6.56209886E-03	2.58555597E-04
0.00643782392	6.66992366E-03	2.65987115E-04
0.00672394943	5.97004592E-03	2.62610915E-04
0.00701007494	6.50895387E-03	2.65388123E-04
0.00729620044	6.51407987E-03	2.52365826E-04
0.00758232595	6.41763955E-03	2.53116499E-04
0.00786845146	6.92211092E-03	2.55296560E-04
0.00815457697	6.75561652E-03	2.42826303E-04
0.00844070247	6.30696863E-03	2.40170067E-04
0.00872682798	6.69318065E-03	2.31921296E-04
0.00901295349	6.24980405E-03	2.35861228E-04
0.009299079	6.53722510E-03	2.28298508E-04
0.00958520451	6.60228729E-03	2.25154577E-04
0.00987133001	6.79485872E-03	2.24850541E-04
0.0101574555	6.81027398E-03	2.18336912E-04
0.010443581	6.23452850E-03	2.19680432E-04
0.0107297065	6.43429533E-03	2.09088951E-04
0.011015832	6.70350529E-03	2.09568613E-04
0.0113019576	6.32442534E-03	2.10580171E-04
0.0115880831	6.19078800E-03	2.05362009E-04
0.0118742086	6.85207546E-03	2.02363463E-04
0.0121603341	6.33089431E-03	2.00151675E-04
0.0124464596	6.55215420E-03	2.00465909E-04
0.0127325851	6.30799308E-03	1.96599891E-04
0.0130187106	6.53129071E-03	1.94125557E-04
0.0133048361	6.40983693E-03	1.85973356E-04
0.0135909616	6.59080036E-03	1.79497944E-04
0.0138770871	6.30440004E-03	1.77361526E-04
0.0141632126	6.22324832E-03	1.67181210E-04
0.0144493381	6.19997084E-03	1.68215534E-04
0.0147354636	6.62716106E-03	1.64551912E-04
0.0150215892	6.43222779E-03	1.62633924E-04
0.0153077147	6.58979267E-03	1.58474177E-04
0.0155938402	6.38189353E-03	1.55174777E-04
0.0158799657	6.11717626E-03	1.54198266E-04
0.0161660912	6.16859645E-03	1.51691643E-04
0.0164522167	6.25572167E-03	1.49961215E-04
0.0167383422	6.30772673E-03	1.47054526E-04
0.0170244677	6.30786829E-03	1.47563315E-04
0.0173105932	6.14818372E-03	1.44622786E-04
0.0175967187	6.29703514E-03	1.41523264E-04
0.0178828442	6.33103773E-03	1.41061053E-04
0.0181689697	6.11693785E-03	1.39562853E-04
0.0184550952	6.12390973E-03	1.37342899E-04
0.0187412207	6.03136234E-03	1.35423717E-04
0.0190273463	6.06441684E-03	1.33851254E-04
0.0193134718	6.38817810E-03	1.34982210E-04
0.0195995973	6.08980469E-03	1.30791144E-04
0.0198857228	6.10934943E-03	1.32165372E-04
0.0201718483	6.38070144E-03	1.28853620E-04
0.0204579738	6.02008589E-03	1.29453686E-04
0.0207440993	6.20532781E-03	1.28110317E-04
0.0210302248	5.90725616E-03	1.24327025E-04
0.0213163503	6.22860342E-03	1.25772824E-04
0.0216024758	6.08161092E-03	1.23893220E-04
0.0218886013	6.29486889E-03	1.24455729E-04
0.0221747268	6.12819754E-03	1.21797481E-04
0.0224608523	6.12519681E-03	1.20309518E-04
0.0227469779	6.03189133E-03	1.20486798E-04
0.0230331034	6.15528971E-03	1.18613395E-04
0.0233192289	5.81641868E-03	1.17697442E-04
0.0236053544	5.84635511E-03	1.16174011E-04
0.0238914799	6.06671907E-03	1.17835791E-04
0.0241776054	5.75673208E-03	1.14775851E-04
0.0244637309	6.13369420E-03	1.14721798E-04
0.0247498564	6.05564564E-03	1.13762544E-04
0.0250359819	5.76760806E-03	1.12949838E-04
0.0253221074	5.96100464E-03	1.13512712E-04
0.0256082329	6.05209917E-03	1.11986989E-04
0.0258943584	5.82918338E-03	1.09939679E-04
0.0261804839	5.87194972E-03	1.09655438E-04
0.0264666095	5.79206645E-03	1.09435182E-04
0.026752735	5.83449379E-03	1.08887881E-04
0.0270388605	5.70126995E-03	1.07078629E-04
0.027324986	5.63655794E-03	1.06774929E-04
0.0276111115	5.81790693E-03	1.06114578E-04
0.027897237	5.56560606E-03	1.06690195E-04
0.0281833625	5.59891574E-03	1.04095358E-04
0.028469488	5.82772307E-03	1.05143822E-04
0.0287556135	5.55334985E-03	1.03535240E-04
0.029041739	5.70507906E-03	1.03892883E-04
0.0293278645	5.67671843E-03	1.02332204E-04
0.02961399	5.66678308E-03	1.02019313E-04
0.0299001155	5.43054193E-03	1.01686573E-04
0.0301862411	5.51943667E-03	1.00723155E-04
0.0304723666	5.62164560E-03	1.01511051E-04
0.0307584921	5.69449551E-03	9.87267296E-05
0.0310446176	5.43125905E-03	9.95475879E-05
0.0313307431	5.50169125E-03	9.87624331E-05
0.0316168686	5.54483756E-03	9.81517255E-05
0.0319029941	5.35462238E-03	9.87823174E-05
0.0321891196	5.45267947E-03	9.56363943E-05
0.0324752451	5.38171269E-03	9.73314303E-05
0.0327613706	5.31584397E-03	9.61111575E-05
0.0330474961	5.26846573E-03	9.51110635E-05
0.0333336216	5.46255335E-03	9.55244263E-05
0.0336197471	5.49634360E-03	9.39265584E-05
0.0339058727	5.36085851E-03	9.55041633E-05
0.0341919982	5.19646518E-03	9.31399479E-05
0.0344781237	5.26657328E-03	9.32764868E-05
0.0347642492	5.23292832E-03	9.27613187E-05
0.0350503747	5.21606207E-03	9.23685868E-05
0.0353365002	5.28260693E-03	9.23152916E-05
0.0356226257	5.31862304E-03	9.06255950E-05
0.0359087512	5.18763065E-03	9.16312486E-05
0.0361948767	5.19132055E-03	9.04066965E-05
0.0364810022	5.30178472E-03	9.03834494E-05
0.0367671277	5.11022098E-03	9.02972003E-05
0.0370532532	5.01499884E-03	9.07719768E-05
0.0373393787	4.98332269E-03	9.18268481E-05
0.0376255043	4.93529066E-03	9.10028359E-05
0.0379116298	5.13316318E-03	9.20656303E-05
0.0381977553	5.02367690E-03	9.08159726E-05
0.0384838808	5.03557175E-03	9.17082712E-05
0.0387700063	5.11240773E-03	9.07286687E-05
0.0390561318	4.97160293E-03	9.06579004E-05
0.0393422573	5.11303358E-03	9.10985749E-05
0.0396283828	5.01765124E-03	9.03864285E-05
0.0399145083	5.05934842E-03	9.06910931E-05
0.0402006338	4.85807285E-03	9.08603397E-05
0.0404867593	4.91431914E-03	8.96382901E-05
0.0407728848	4.77962010E-03	9.01592529E-05
0.0410590103	4.94092517E-03	9.03309566E-05
0.0413451359	4.79412451E-03	9.09403936E-05
0.0416312614	4.84210066E-03	9.01510468E-05
0.0419173869	4.71060909E-03	8.93054377E-05
0.0422035124	4.67202440E-03	8.98634294E-05
0.0424896379	4.77460958E-03	8.96920770E-05
0.0427757634	4.74809110E-03	8.95364511E-05
0.0430618889	4.79388982E-03	8.87232202E-05
0.0433480144	4.71622683E-03	8.94872942E-05
0.0436341399	4.51404043E-03	8.95700894E-05
0.0439202654	4.65263054E-03	8.88037605E-05
0.0442063909	4.66165878E-03	8.82600785E-05
0.0444925164	4.65910323E-03	8.85351956E-05
0.0447786419	4.68838401E-03	8.85060780E-05
0.0450647675	4.51397896E-03	8.94046307E-05
0.045350893	4.58191894E-03	8.68270025E-05
0.0456370185	4.58775647E-03	8.81948744E-05
0.045923144	4.55536880E-03	8.80498083E-05
0.0462092695	4.52772155E-03	8.79904457E-05
0.046495395	4.52284887E-03	8.71501519E-05
0.0467815205	4.58459184E-03	8.73286127E-05
0.047067646	4.49956767E-03	8.75326588E-05
0.0473537715	4.44033928E-03	8.68503385E-05
0.047639897	4.41217981E-03	8.90877122E-05
0.0479260225	4.50035185E-03	8.89953377E-05
0.048212148	4.37194854E-03	9.08000642E-05
0.0484982735	4.38933633E-03	9.11732031E-05
0.048784399	4.34161723E-03	9.01541911E-05
0.0490705246	4.35287878E-03	9.16343422E-05
0.0493566501	4.27114964E-03	9.10551349E-05
0.0496427756	4.20406274E-03	9.17181930E-05
0.0499289011	4.37226892E-03	9.23878869E-05
0.0502150266	4.35329601E-03	9.14824016E-05
0.0505011521	4.11413237E-03	9.24704187E-05
0.0507872776	4.32936847E-03	9.26892460E-05
0.0510734031	4.18798812E-03	9.20450668E-05
0.0513595286	4.03820351E-03	9.22393656E-05
0.0516456541	4.11115773E-03	9.25863825E-05
0.0519317796	4.28637303E-03	9.29621101E-05
0.0522179051	3.98623012E-03	9.28853755E-05
0.0525040306	4.06331569E-03	9.24737155E-05
0.0527901562	4.01120633E-03	9.25862434E-05
0.0530762817	3.93831544E-03	9.26550888E-05
0.0533624072	3.94104049E-03	9.29047698E-05
0.0536485327	4.14497405E-03	9.35088671E-05
0.0539346582	4.08513285E-03	9.29064921E-05
0.0542207837	3.99912149E-03	9.31539018E-05
0.0545069092	3.97166237E-03	9.30861672E-05
0.0547930347	3.89496423E-03	9.32075143E-05
0.0550791602	3.82992625E-03	9.21300187E-05
0.0553652857	3.81509215E-03	9.41168349E-05
0.0556514112	3.87754291E-03	9.34107796E-05
0.0559375367	3.77941877E-03	9.28756666E-05
0.0562236622	3.78849730E-03	9.34067891E-05
0.0565097878	3.89801152E-03	9.30758206E-05
0.0567959133	3.85906175E-03	9.41176348E-05
0.0570820388	3.76887061E-03	9.33770216E-05
0.0573681643	3.73646989E-03	9.40843764E-05
0.0576542898	3.73762101E-03	9.37593200E-05
0.0579404153	3.74365598E-03	9.33880106E-05
0.0582265408	3.77140380E-03	9.50004118E-05
0.0585126663	3.72824445E-03	9.27433872E-05
0.0587987918	3.82943265E-03	9.48225759E-05
0.0590849173	3.83866951E-03	9.36150372E-05
0.0593710428	3.74434516E-03	9.42422279E-05
0.0596571683	3.72849219E-03	9.45189031E-05
0.0599432938	3.53140198E-03	9.33647958E-05
0.0602294194	3.56772356E-03	9.46692804E-05
0.0605155449	3.54097225E-03	9.36024795E-05
0.0608016704	3.67815793E-03	9.41169073E-05
0.0610877959	3.57467122E-03	9.46996648E-05
0.0613739214	3.55842710E-03	9.31059526E-05
0.0616600469	3.64666246E-03	9.52780580E-05
0.0619461724	3.45951132E-03	9.28867276E-05
0.0622322979	3.26979719E-03	9.37116921E-05
0.0625184234	3.38074192E-03	9.30914120E-05
0.0628045489	3.56074423E-03	9.30360358E-05
0.0630906744	3.60260718E-03	9.44942162E-05
0.0633767999	3.42144631E-03	9.22173248E-05
0.0636629254	3.46779265E-03	9.36512645E-05
0.063949051	3.52625176E-03	9.22863007E-05
0.0642351765	3.24218534E-03	9.32641962E-05
0.064521302	3.32649052E-03	9.23617627E-05
0.0648074275	3.28878686E-03	9.26873290E-05
0.065093553	3.28707695E-03	9.28548570E-05
0.0653796785	3.40835936E-03	9.18541608E-05
0.065665804	3.31388973E-03	9.24185926E-05
0.0659519295	3.25938687E-03	9.16067818E-05
0.066238055	3.17860208E-03	9.19527261E-05
0.0665241805	3.31085734E-03	9.26475453E-05
0.066810306	3.39587964E-03	9.12746276E-05
0.0670964315	3.10363993E-03	9.54018281E-05
0.067382557	3.10268439E-03	9.50009430E-05
0.0676686826	3.09372693E-03	9.75536967E-05
0.0679548081	2.96672247E-03	9.77594878E-05
0.0682409336	3.23101692E-03	9.78841265E-05
0.0685270591	3.18599679E-03	9.98419573E-05
0.0688131846	3.04543972E-03	9.95096368E-05
0.0690993101	3.06320190E-03	1.00685137E-04
0.0693854356	2.96695530E-03	1.01125384E-04
0.0696715611	3.11734714E-03	1.01675312E-04
0.0699576866	3.05821933E-03	1.02537816E-04
0.0702438121	3.05107981E-03	1.02510894E-04
0.0705299376	3.07681225E-03	1.03281459E-04
0.0708160631	2.89824791E-03	1.03729589E-04
0.0711021886	2.96895020E-03	1.04336573E-04
0.0713883142	2.88089365E-03	1.05388373E-04
0.0716744397	3.03239189E-03	1.04434678E-04
0.0719605652	2.98991986E-03	1.05789338E-04
0.0722466907	3.00549529E-03	1.06039940E-04
0.0725328162	2.99386121E-03	1.06847696E-04
0.0728189417	2.88589299E-03	1.06620281E-04
0.0731050672	2.94099934E-03	1.06890500E-04
0.0733911927	2.78034993E-03	1.08642279E-04
0.0736773182	2.94538401E-03	1.07016928E-04
0.0739634437	2.86280178E-03	1.03792511E-04
0.0742495692	2.82024965E-03	1.02942890E-04
0.0745356947	2.70751305E-03	1.00790291E-04
0.0748218202	2.79927999E-03	1.01306090E-04
0.0751079458	2.77625211E-03	9.85119738E-05
0.0753940713	2.78396159E-03	9.89228973E-05
0.0756801968	2.79351138E-03	9.89597852E-05
0.0759663223	2.78957002E-03	9.75036273E-05
0.0762524478	2.75251456E-03	9.79590752E-05
0.0765385733	2.72459164E-03	9.58782014E-05
0.0768246988	2.63264962E-03	9.64752049E-05
0.0771108243	2.77261809E-03	9.55032959E-05
0.0773969498	2.58607604E-03	9.53844103E-05
0.0776830753	2.63188593E-03	9.42930347E-05
0.0779692008	2.66502053E-03	9.37282779E-05
0.0782553263	2.58211419E-03	9.37322039E-05
0.0785414518	2.42998451E-03	9.33683105E-05
0.0788275773	2.57924199E-03	9.27425676E-05
0.0791137029	2.49602273E-03	9.22729177E-05
0.0793998284	2.53480300E-03	9.19120875E-05
0.0796859539	2.59457156E-03	9.18661892E-05
0.0799720794	2.73657218E-03	9.09035278E-05
0.0802582049	2.48654187E-03	9.12451922E-05
0.0805443304	2.52604298E-03	8.99056525E-05
0.0808304559	2.35589780E-03	9.09009232E-05
0.0811165814	2.47742981E-03	8.98943656E-05
0.0814027069	2.51973048E-03	8.87029604E-05
0.0816888324	2.39675306E-03	8.94810572E-05
0.0819749579	2.48983502E-03	8.84064006E-05
0.0822610834	2.39047781E-03	8.90954664E-05
0.0825472089	2.43641809E-03	8.87957575E-05
0.0828333345	2.44425796E-03	8.84909502E-05
0.08311946	2.47396715E-03	8.85554502E-05
0.0834055855	2.31733732E-03	8.76498186E-05
0.083691711	2.40581855E-03	8.78507448E-05
0.0839778365	2.51722895E-03	8.83105159E-05
0.084263962	2.41243280E-03	8.82910256E-05
0.0845500875	2.22591497E-03	8.78805091E-05
0.084836213	2.38188542E-03	8.67059381E-05
0.0851223385	2.22688355E-03	8.73795684E-05
0.085408464	2.29816139E-03	8.69425051E-05
0.0856945895	2.32045725E-03	8.73860797E-05
0.085980715	2.26284564E-03	8.83232872E-05
0.0862668405	2.16789171E-03	8.60230996E-05
0.0865529661	2.28060409E-03	8.70269683E-05
0.0868390916	2.30880268E-03	8.65164808E-05
0.0871252171	2.42569484E-03	8.71324833E-05
0.0874113426	2.07776204E-03	8.58707778E-05
0.0876974681	2.37651542E-03	8.66313804E-05
0.0879835936	2.31052749E-03	8.72426134E-05
0.0882697191	2.20114365E-03	8.50078370E-05
0.0885558446	2.23046727E-03	8.61988810E-05
0.0888419701	2.26075202E-03	8.58324509E-05
0.0891280956	2.22307071E-03	8.61446459E-05
0.0894142211	2.06912868E-03	8.61824132E-05
0.0897003466	2.15259194E-03	8.48106533E-05
0.0899864721	2.22745538E-03	8.58800858E-05
0.0902725977	2.18456984E-03	8.51091193E-05
0.0905587232	2.05044635E-03	8.53990981E-05
0.0908448487	2.27289833E-03	8.54608318E-05
0.0911309742	2.24516168E-03	8.42800753E-05
0.0914170997	1.91412866E-03	8.57480336E-05
0.0917032252	2.04487704E-03	8.44780798E-05
0.0919893507	2.16783397E-03	8.44718337E-05
0.0922754762	2.14946084E-03	8.45527942E-05
0.0925616017	1.92751735E-03	8.42298665E-05
0.0928477272	1.97216682E-03	8.51404168E-05
0.0931338527	2.07131170E-03	8.35862332E-05
0.0934199782	2.04039738E-03	8.42958860E-05
0.0937061037	1.95348449E-03	8.37777636E-05
0.0939922293	2.03167088E-03	8.42922083E-05
0.0942783548	1.97843835E-03	8.36764799E-05
0.0945644803	2.17647478E-03	8.34630489E-05
0.0948506058	1.96649320E-03	8.39449810E-05
0.0951367313	1.91436149E-03	8.39527879E-05
0.0954228568	2.17332877E-03	8.37606623E-05
0.0957089823	1.95007026E-03	8.29266575E-05
0.0959951078	2.00285204E-03	8.29134351E-05
0.0962812333	1.96859054E-03	8.35782659E-05
0.0965673588	2.10308470E-03	8.32498748E-05
0.0968534843	1.98074989E-03	8.27137846E-05
0.0971396098	2.03016028E-03	8.29916050E-05
0.0974257353	2.01375037E-03	8.28560937E-05
0.0977118609	1.88368186E-03	8.26956816E-05
0.0979979864	1.87991187E-03	8.24003151E-05
0.0982841119	1.78874843E-03	8.24411954E-05
0.0985702374	1.76818483E-03	8.26328198E-05
0.0988563629	1.95892528E-03	8.18559869E-05
0.0991424884	1.81062892E-03	8.18726325E-05
0.0994286139	1.80179812E-03	8.20290957E-05
0.0997147394	1.90385617E-03	8.37763224E-05
0.100000865	1.79300271E-03	8.55852305E-05
0.10028699	1.79457478E-03	8.47771620E-05
0.100573116	1.73296779E-03	8.53776631E-05
0.100859241	1.68906897E-03	8.65462749E-05
0.101145367	1.81304477E-03	8.71227887E-05
0.101431492	1.74568966E-03	8.81402740E-05
0.101717618	1.79446675E-03	8.74310100E-05
0.102003743	1.70757249E-03	8.91304480E-05
0.102289869	1.72771141E-03	8.89238116E-05
0.102575994	1.65220723E-03	8.96802470E-05
0.10286212	1.70880556E-03	9.06551013E-05
0.103148245	1.71381421E-03	9.02344829E-05
0.103434371	1.79710425E-03	9.09892916E-05
0.103720497	1.69887207E-03	8.92484461E-05
0.104006622	1.79195963E-03	8.83895772E-05
0.104292748	1.62463449E-03	8.73415212E-05
0.104578873	1.56766549E-03	8.79747804E-05
0.104864999	1.75735727E-03	8.64881308E-05
0.105151124	1.75658241E-03	8.71256157E-05
0.10543725	1.65195391E-03	8.56767422E-05
0.105723375	1.79190002E-03	8.61518930E-05
0.106009501	1.73928216E-03	8.56341940E-05
0.106295626	1.73293054E-03	8.48899443E-05
0.106581752	1.61329843E-03	8.47499104E-05
0.106867877	1.51715986E-03	8.40063687E-05
0.107154003	1.62306987E-03	8.46972218E-05
0.107440128	1.55585259E-03	8.46247507E-05
0.107726254	1.43970363E-03	8.31500838E-05
0.108012379	1.51792169E-03	8.37154419E-05
0.108298505	1.57338195E-03	8.33233874E-05
0.10858463	1.55763701E-03	8.38346070E-05
0.108870756	1.63519010E-03	8.32793849E-05
0.109156881	1.46921165E-03	8.19538301E-05
0.109443007	1.64444000E-03	8.32876069E-05
0.109729132	1.56236440E-03	8.22841119E-05
0.110015258	1.53692998E-03	8.29512692E-05
0.110301383	1.53929740E-03	8.18674589E-05
0.110587509	1.58654153E-03	8.14399885E-05
0.110873634	1.56642497E-03	8.19338070E-05
0.11115976	1.47354789E-03	8.12084098E-05
0.111445885	1.45461038E-03	8.10160259E-05
0.111732011	1.45154819E-03	8.06042478E-05
0.112018136	1.53866597E-03	8.07745549E-05
0.112304262	1.54502504E-03	8.05808732E-05
0.112590387	1.66896172E-03	7.94115749E-05
0.112876513	1.44532323E-03	8.02323650E-05
0.113162638	1.45938061E-03	7.95283503E-05
0.113448764	1.44839659E-03	7.91872854E-05
0.113734889	1.43074058E-03	7.95378964E-05
0.114021015	1.47791207E-03	7.87975946E-05
0.11430714	1.45229697E-03	7.91024460E-05
0.114593266	1.34377182E-03	7.87653682E-05
0.114879391	1.47583894E-03	7.87138916E-05
0.115165517	1.51453912E-03	7.87769737E-05
0.115451642	1.30789168E-03	7.82629562E-05
0.115737768	1.36735104E-03	7.88973857E-05
0.116023893	1.48107857E-03	7.81296066E-05
0.116310019	1.30528770E-03	7.84160786E-05
0.116596144	1.42376684E-03	7.78501217E-05
0.11688227	1.41062774E-03	7.82814044E-05
0.117168395	1.31272338E-03	7.86647278E-05
0.117454521	1.40836835E-03	7.75105258E-05
0.117740646	1.30183622E-03	7.76917513E-05
0.118026772	1.28597766E-03	7.75241197E-05
0.118312897	1.32694468E-03	7.74868412E-05
0.118599023	1.37353875E-03	7.83052859E-05
0.118885148	1.38137676E-03	7.68486898E-05
0.119171274	1.29931420E-03	7.75317197E-05
0.119457399	1.32767856E-03	7.72186375E-05
0.119743525	1.30042247E-03	7.75763091E-05
0.12002965	1.26083940E-03	7.68216577E-05
0.120315776	1.31844915E-03	7.68035872E-05
0.120601901	1.24909915E-03	7.74623098E-05
0.120888027	1.35358423E-03	7.66738279E-05
0.121174152	1.25872158E-03	7.64924276E-05
0.121460278	1.25501864E-03	7.59670596E-05
0.121746403	1.35482848E-03	7.61338828E-05
0.122032529	1.25993788E-03	7.66910957E-05
0.122318655	1.30442344E-03	7.55856712E-05
0.12260478	1.31873414E-03	7.58037876E-05
0.122890906	1.07872859E-03	7.56760654E-05
0.123177031	1.38399191E-03	7.55139395E-05
0.123463157	1.32525153E-03	7.54382722E-05
0.123749282	1.24826096E-03	7.43690946E-05
0.124035408	1.26129761E-03	7.53545564E-05
0.124321533	1.27146766E-03	7.50159143E-05
0.124607659	1.25541538E-03	7.51812726E-05
0.124893784	1.35849230E-03	7.48835967E-05
0.12517991	1.31612830E-03	7.47269264E-05
0.125466035	1.10208057E-03	7.48599716E-05
0.125752161	1.13853998E-03	7.50860371E-05
0.126038286	1.34755671E-03	7.49517219E-05
0.126324412	1.25612877E-03	7.47079049E-05
0.126610537	1.07051246E-03	7.50639458E-05
0.126896663	1.25205331E-03	7.53812572E-05
0.127182788	1.19656138E-03	7.46388456E-05
0.127468914	1.16209872E-03	7.66999949E-05
0.127755039	1.30534731E-03	7.85179421E-05
0.128041165	1.02822110E-03	7.90574028E-05
0.12832729	1.31670572E-03	8.04611039E-05
0.128613416	1.15209632E-03	7.95047768E-05
0.128899541	9.46050510E-04	8.16229594E-05
0.129185667	1.30850822E-03	8.14730925E-05
0.129471792	1.39605440E-03	8.28857501E-05
0.129757918	1.10564940E-03	8.20262882E-05
0.130044043	1.14486925E-03	8.31378597E-05
0.130330169	1.15507469E-03	8.39782202E-05
0.130616294	1.17875449E-03	8.34825658E-05
0.13090242	1.12938508E-03	8.49358697E-05
0.131188545	1.08806603E-03	8.40739848E-05
0.131474671	1.16788596E-03	8.51206929E-05
0.131760796	1.16508827E-03	8.63280629E-05
0.132046922	1.12593919E-03	8.51788251E-05
0.132333047	1.12241507E-03	8.64733641E-05
0.132619173	1.15680508E-03	8.57752947E-05
0.132905298	9.40581784E-04	8.65680708E-05
0.133191424	1.14649162E-03	8.72639250E-05
0.133477549	9.85493883E-04	8.50363257E-05
0.133763675	9.10513103E-04	8.70379328E-05
0.1340498	1.13253854E-03	8.64905720E-05
0.134335926	9.72896814E-04	8.41472191E-05
0.134622051	1.11785345E-03	8.16406080E-05
0.134908177	9.67653468E-04	8.04331443E-05
0.135194302	9.32043418E-04	8.07912185E-05
0.135480428	1.08851492E-03	7.93898275E-05
0.135766553	1.06561743E-03	7.90133173E-05
0.136052679	1.09573826E-03	7.85870407E-05
0.136338804	1.03266165E-03	7.79497075E-05
0.13662493	1.03826076E-03	7.82231540E-05
0.136911055	1.10344961E-03	7.65660710E-05
0.137197181	1.02099590E-03	7.70280336E-05
0.137483306	9.86346975E-04	7.61026395E-05
0.137769432	9.24441963E-04	7.62853309E-05
0.138055557	1.17849186E-03	7.62728617E-05
0.138341683	9.26759094E-04	7.45512750E-05
0.138627808	1.08403713E-03	7.51914360E-05
0.138913934	9.65731218E-04	7.50317399E-05
0.139200059	8.50558281E-04	7.51371992E-05
0.139486185	8.66651535E-04	7.41787577E-05
0.13977231	9.63846222E-04	7.44413078E-05
0.140058436	1.11188740E-03	7.50101471E-05
0.140344561	9.62991267E-04	7.40624171E-05
0.140630687	1.01370364E-03	7.43985692E-05
0.140916813	9.25496221E-04	7.42892378E-05
0.141202938	9.00881365E-04	7.35781054E-05
0.141489064	1.02709047E-03	7.44442439E-05
0.141775189	8.88986513E-04	7.36944034E-05
0.142061315	9.44200903E-04	7.32876628E-05
0.14234744	9.98508185E-04	7.39015982E-05
0.142633566	8.48587602E-04	7.30965720E-05
0.142919691	9.18688253E-04	7.38374471E-05
0.143205817	9.97852534E-04	7.31694065E-05
0.143491942	8.99294391E-04	7.31002852E-05
0.143778068	9.47646797E-04	7.36023440E-05
0.144064193	8.19133595E-04	7.30139873E-05
0.144350319	9.85331833E-04	7.27382848E-05
0.144636444	9.19258222E-04	7.27579668E-05
0.14492257	9.27535817E-04	7.28380711E-05
0.145208695	1.07749179E-03	7.32807865E-05
0.145494821	9.83104110E-04	7.26631997E-05
0.145780946	9.22434032E-04	7.25886755E-05
0.146067072	9.66794789E-04	7.23063459E-05
0.146353197	8.34384933E-04	7.20912174E-05
0.146639323	9.13770869E-04	7.25078194E-05
0.146925448	8.63727182E-04	7.20757435E-05
0.147211574	8.54676589E-04	7.19059585E-05
0.147497699	8.57949257E-04	7.23100716E-05
0.147783825	1.05064176E-03	7.18343308E-05
0.14806995	8.96101817E-04	7.19215610E-05
0.148356076	8.21217895E-04	7.17038334E-05
0.148642201	9.65310261E-04	7.16581883E-05
0.148928327	7.71040097E-04	7.21211402E-05
0.149214452	8.32930207E-04	7.11280666E-05
0.149500578	9.13975760E-04	7.14325892E-05
0.149786703	8.52007419E-04	7.16767336E-05
0.150072829	8.91700387E-04	7.10391887E-05
0.150358954	8.35476443E-04	7.18500676E-05
0.15064508	8.93566757E-04	7.06949563E-05
0.150931205	8.51463526E-04	7.12462480E-05
0.151217331	7.75236636E-04	7.12222908E-05
0.151503456	8.66796821E-04	7.03103565E-05
0.151789582	8.54553655E-04	7.13823784E-05
0.152075707	6.82946295E-04	7.07030261E-05
0.152361833	7.29529187E-04	7.11159443E-05
0.152647958	8.34027305E-04	7.12219314E-05
0.152934084	7.50813633E-04	6.97309077E-05
0.153220209	7.61682168E-04	7.07278799E-05
0.153506335	9.99201089E-04	7.04801254E-05
0.15379246	8.37378204E-04	7.05929171E-05
0.154078586	8.40760767E-04	7.06054110E-05
0.154364711	7.99896196E-04	7.01906174E-05
0.154650837	8.56803730E-04	7.07003390E-05
0.154936962	9.31551680E-04	6.98532720E-05
0.155223088	8.66292045E-04	7.04187801E-05
0.155509213	8.01624730E-04	6.97565299E-05
0.155795339	8.71121883E-04	7.01659684E-05
0.156081464	7.90206715E-04	7.04123508E-05
0.15636759	8.43629241E-04	6.93029782E-05
0.156653715	8.57943669E-04	6.98907900E-05
0.156939841	8.30853358E-04	6.95930644E-05
0.157225966	8.51463526E-04	7.00387553E-05
0.157512092	9.36402008E-04	7.00939333E-05
0.157798217	8.17481428E-04	6.90342611E-05
0.158084343	9.06605273E-04	6.96677577E-05
0.158370468	8.26766714E-04	6.91218727E-05
0.158656594	8.51685181E-04	6.98962414E-05
0.158942719	7.84140080E-04	6.90184647E-05
0.159228845	9.91942361E-04	6.93224209E-05
0.15951497	7.29618594E-04	6.98446837E-05
0.159801096	8.30769539E-04	6.85855447E-05
0.160087222	8.23959708E-04	6.89107508E-05
0.160373347	7.01233745E-04	6.88074927E-05
0.160659473	7.23358244E-04	6.91065158E-05
0.160945598	7.37439841E-04	6.93933639E-05
0.161231724	8.64315778E-04	6.82641616E-05
0.161517849	7.28843734E-04	6.89494702E-05
0.161803975	7.84290954E-04	6.85466773E-05
0.1620901	8.09924677E-04	6.87945284E-05
0.162376226	6.61032274E-04	6.90649292E-05
0.162662351	7.65634701E-04	6.80446182E-05
0.162948477	7.67292455E-04	6.85909942E-05
0.163234602	6.57236204E-04	6.78599602E-05
0.163520728	6.52721152E-04	6.83487236E-05
0.163806853	7.07380474E-04	6.77944888E-05
0.164092979	7.71636143E-04	6.75691500E-05
0.164379104	7.26258382E-04	6.81184469E-05
0.16466523	6.50811940E-04	6.76913342E-05
0.164951355	6.90182671E-04	6.73413115E-05
0.165237481	6.26992434E-04	6.71369711E-05
0.165523606	7.90268183E-04	6.74645055E-05
0.165809732	7.56185502E-04	6.76268026E-05
0.166095857	7.15242699E-04	6.72078275E-05
0.166381983	6.93093985E-04	6.74127314E-05
0.166668108	9.16631892E-04	6.72072672E-05
0.166954234	7.09056854E-04	6.71055159E-05
0.167240359	7.42103904E-04	6.71265381E-05
0.167526485	7.25308433E-04	6.68071260E-05
0.16781261	7.67206773E-04	6.70585922E-05
0.168098736	7.22954050E-04	6.70011125E-05
0.168384861	7.44242221E-04	6.71297392E-05
0.168670987	7.35552981E-04	6.68318515E-05
0.168957112	7.86809251E-04	6.70395328E-05
0.169243238	6.20221719E-04	6.70595321E-05
0.169529363	6.25513494E-04	6.68476138E-05
0.169815489	7.37136230E-04	6.72002927E-05
0.170101614	7.73767009E-04	6.68380980E-05
0.17038774	6.80789351E-04	6.70248669E-05
0.170673865	6.32828102E-04	6.70369495E-05
0.170959991	6.92518428E-04	6.65883681E-05
0.171246116	7.42435455E-04	6.73653227E-05
0.171532242	6.50763512E-04	6.66123969E-05
0.171818367	7.58197159E-04	6.70265930E-05
0.172104493	6.70460984E-04	6.71197892E-05
0.172390618	6.23943284E-04	6.62781483E-05
0.172676744	6.05598092E-04	6.65888346E-05
0.172962869	6.62267208E-04	6.65099542E-05
0.173248995	7.24453479E-04	6.70519381E-05
0.17353512	6.36180863E-04	6.63699513E-05
0.173821246	6.37868419E-04	6.62680940E-05
0.174107371	7.04269856E-04	6.63061975E-05
0.174393497	7.06557184E-04	6.62790427E-05
0.174679622	6.40260056E-04	6.66413568E-05
0.174965748	6.52685761E-04	6.60437906E-05
0.175251873	6.88070431E-04	6.62030216E-05
0.175537999	6.54507428E-04	6.64663896E-05
0.175824124	6.17302954E-04	6.56994101E-05
0.17611025	6.57513738E-04	6.63818729E-05
0.176396375	5.91216609E-04	6.54286797E-05
0.176682501	6.74115494E-04	6.61121801E-05
0.176968626	7.35301524E-04	6.60536000E-05
0.177254752	6.01217151E-04	6.54521756E-05
0.177540877	7.28707761E-04	6.63210724E-05
0.177827003	4.75818291E-04	6.51898294E-05
0.178113128	6.76877797E-04	6.61560358E-05
0.178399254	6.49260357E-04	6.53538190E-05
0.17868538	5.44464216E-04	6.54360733E-05
0.178971505	6.04966655E-04	6.56882502E-05
0.179257631	5.40601090E-04	6.52311717E-05
0.179543756	7.19891861E-04	6.57200559E-05
0.179829882	5.80467284E-04	6.52956432E-05
0.180116007	4.65229154E-04	6.51622226E-05
0.180402133	5.38250431E-04	6.56089365E-05
0.180688258	6.08999282E-04	6.48606817E-05
0.180974384	5.19912690E-04	6.53384144E-05
0.181260509	5.81739470E-04	6.47088469E-05
0.181546635	6.05229288E-04	6.53320487E-05
0.18183276	6.93891197E-04	6.54397578E-05
0.182118886	5.94811514E-04	6.48110671E-05
0.182405011	5.47736883E-04	6.50317604E-05
0.182691137	6.88120723E-04	6.49335804E-05
0.182977262	6.70121983E-04	6.49137436E-05
0.183263388	7.09764659E-04	6.49988111E-05
0.183549513	5.55140898E-04	6.47364052E-05
0.183835639	6.46827742E-04	6.47058985E-05
0.184121764	6.36309385E-04	6.47807991E-05
0.18440789	5.17413020E-04	6.43450949E-05
0.184694015	6.00183383E-04	6.50488766E-05
0.184980141	5.75024635E-04	6.44536030E-05
0.185266266	6.58106059E-04	6.45237049E-05
0.185552392	6.11539930E-04	6.45586769E-05
0.185838517	5.14524058E-04	6.42973813E-05
0.186124643	4.89845872E-04	6.42856669E-05
0.186410768	5.64461574E-04	6.41903202E-05
0.186696894	5.88746741E-04	6.43303895E-05
0.186983019	4.56202775E-04	6.42017325E-05
0.187269145	5.91663644E-04	6.41430618E-05
0.18755527	6.17455691E-04	6.43668311E-05
0.187841396	5.68732619E-04	6.58258479E-05
0.188127521	5.36078587E-04	6.66646677E-05
0.188413647	7.40496442E-04	6.74183091E-05
0.188699772	6.37544319E-04	6.80005123E-05
0.188985898	5.98963350E-04	6.84538759E-05
0.189272023	6.02625310E-04	6.87940856E-05
0.189558149	5.80700114E-04	6.96867372E-05
0.189844274	5.79308718E-04	6.96015627E-05
0.1901304	5.48239797E-04	7.03679297E-05
0.190416525	5.12287021E-04	7.03077708E-05
0.190702651	5.47423959E-04	7.08055329E-05
0.190988776	6.81206584E-04	7.11258741E-05
0.191274902	4.89857048E-04	7.09409421E-05
0.191561027	5.58644533E-04	7.14230573E-05
0.191847153	6.92889094E-04	7.14511568E-05
0.192133278	3.85537744E-04	7.12351458E-05
0.192419404	4.73154709E-04	7.10293434E-05
0.192705529	5.31205907E-04	7.17259246E-05
0.192991655	5.56938350E-04	7.16780134E-05
0.19327778	6.39948994E-04	7.20588088E-05
0.193563906	4.95307148E-04	7.21066197E-05
0.193850031	5.41063026E-04	7.17973485E-05
0.194136157	6.57236204E-04	7.20074057E-05
0.194422282	5.33612445E-04	7.12250793E-05
0.194708408	5.15684485E-04	6.96210946E-05
0.194994533	5.56884333E-04	6.88510388E-05
0.195280659	6.24146312E-04	6.78500807E-05
0.195566784	5.97927719E-04	6.75343007E-05
0.19585291	4.56998125E-04	6.68132936E-05
0.196139035	6.18683174E-04	6.66356401E-05
0.196425161	5.28274104E-04	6.62826949E-05
0.196711286	4.98360023E-04	6.57517361E-05
0.196997412	6.35737553E-04	6.60627185E-05
0.197283538	5.53200021E-04	6.51055471E-05
0.197569663	5.81923872E-04	6.49453822E-05
0.197855789	5.19644469E-04	6.52803098E-05
0.198141914	5.35110012E-04	6.48178293E-05
0.19842804	5.30336052E-04	6.50590804E-05
0.198714165	5.01852483E-04	6.46194681E-05
0.199000291	5.28104603E-04	6.44333923E-05
0.199286416	4.84969467E-04	6.46928310E-05
0.199572542	4.06820327E-04	6.43984564E-05
0.199858667	3.34724784E-04	6.45407670E-05
0.200144793	4.72247601E-04	6.39737823E-05
0.200430918	4.96100634E-04	6.42346552E-05
0.200717044	4.75058332E-04	6.42084845E-05
0.201003169	6.36802986E-04	6.41948260E-05
0.201289295	5.50664961E-04	6.42668243E-05
0.20157542	3.77073884E-04	6.35868059E-05
0.201861546	5.52289188E-04	6.42454948E-05
0.202147671	5.54187223E-04	6.36852600E-05
0.202433797	4.47385013E-04	6.37425601E-05
0.202719922	4.79599461E-04	6.36920815E-05
0.203006048	5.26040792E-04	6.36054354E-05
0.203292173	5.75641170E-04	6.38770145E-05
0.203578299	5.20538539E-04	6.32891102E-05
0.203864424	4.89795581E-04	6.33549805E-05
0.20415055	4.99578193E-04	6.34090688E-05
0.204436675	4.97138128E-04	6.35970943E-05
0.204722801	6.31608069E-04	6.34519499E-05
0.205008926	5.18720597E-04	6.28132983E-05
0.205295052	5.06443903E-04	6.31458833E-05
0.205581177	5.45537099E-04	6.34096052E-05
0.205867303	4.43641096E-04	6.28617057E-05
0.206153428	5.06898388E-04	6.31433769E-05
0.206439554	5.25457785E-04	6.27684378E-05
0.206725679	5.10487705E-04	6.30661643E-05
0.207011805	5.02428040E-04	6.28312669E-05
0.20729793	4.83840704E-04	6.27114015E-05
0.207584056	4.73123044E-04	6.28436500E-05
0.207870181	4.58257273E-04	6.25580827E-05
0.208156307	4.91550192E-04	6.29136756E-05
0.208442432	4.27354127E-04	6.21493665E-05
0.208728558	4.63867560E-04	6.27494816E-05
0.209014683	3.91734764E-04	6.24044202E-05
0.209300809	4.11000103E-04	6.24244519E-05
0.209586934	5.35894185E-04	6.26346838E-05
0.20987306	4.34273854E-04	6.19275539E-05
0.210159185	4.90162522E-04	6.23009507E-05
0.210445311	4.42506745E-04	6.21691384E-05
0.210731436	3.62416729E-04	6.24337211E-05
0.211017562	4.73618507E-04	6.21738041E-05
0.211303687	4.10322100E-04	6.17206318E-05
0.211589813	5.23911789E-04	6.22972507E-05
0.211875938	3.88260931E-04	6.18934088E-05
0.212162064	5.83892688E-04	6.19826554E-05
0.212448189	4.31956723E-04	6.20359208E-05
0.212734315	4.56376001E-04	6.15996394E-05
0.21302044	2.65657902E-04	6.18675120E-05
0.213306566	4.72720712E-04	6.14555292E-05
0.213592691	5.23867086E-04	6.21880597E-05
0.213878817	3.73661518E-04	6.13664342E-05
0.214164942	4.07584012E-04	6.15263447E-05
0.214451068	4.91466373E-04	6.14449864E-05
0.214737193	4.72722575E-04	6.10091987E-05
0.215023319	4.74734232E-04	6.13958527E-05
0.215309444	4.93198633E-04	6.10588175E-05
0.21559557	3.88994813E-04	6.09850681E-05
0.215881695	5.02575189E-04	6.12755695E-05
0.216167821	3.26512381E-04	6.04903071E-05
0.216453947	3.88465822E-04	6.11463109E-05
0.216740072	4.72180545E-04	6.07554608E-05
0.217026198	5.69883734E-04	6.08828367E-05
0.217312323	4.77284193E-04	6.10940448E-05
0.217598449	4.69049439E-04	6.03624237E-05
0.217884574	4.46241349E-04	6.09075396E-05
0.2181707	4.19193879E-04	6.02397825E-05
0.218456825	3.66389751E-04	6.05579765E-05
0.218742951	3.66654247E-04	6.08460694E-05
0.219029076	4.92794439E-04	6.05559855E-05
0.219315202	4.37607989E-04	6.08996205E-05
0.219601327	3.88244167E-04	5.98739373E-05
0.219887453	3.81136313E-04	6.03587515E-05
0.220173578	4.66056168E-04	6.08243487E-05
0.220459704	4.08960506E-04	6.05471419E-05
0.220745829	3.87040898E-04	6.07017970E-05
0.221031955	3.96657735E-04	6.01073097E-05
0.22131808	4.22487035E-04	6.06607379E-05
0.221604206	3.98973003E-04	6.04999325E-05
0.221890331	4.30500135E-04	6.02357311E-05
0.222176457	4.06717882E-04	6.07455682E-05
0.222462582	4.34709713E-04	6.01574985E-05
0.222748708	2.87277624E-04	6.02627724E-05
0.223034833	3.92641872E-04	6.02840559E-05
0.223320959	4.08992171E-04	6.02090092E-05
0.223607084	3.76386568E-04	6.03600302E-05
0.22389321	5.03722578E-04	6.01331224E-05
0.224179335	4.61494550E-04	6.02332541E-05
0.224465461	2.89531425E-04	5.99562320E-05
0.224751586	4.28253785E-04	6.00984718E-05
0.225037712	4.40310687E-04	6.00502996E-05
0.225323837	4.25552949E-04	5.99916151E-05
0.225609963	3.02338973E-04	5.99507086E-05
0.225896088	3.95981595E-04	5.96712939E-05
0.226182214	4.49804589E-04	5.99952195E-05
0.226468339	5.30755147E-04	5.98266165E-05
0.226754465	4.48182225E-04	6.00154040E-05
0.22704059	4.09549102E-04	5.99740843E-05
0.227326716	5.20456582E-04	5.94211017E-05
0.227612841	3.34832817E-04	6.00636873E-05
0.227898967	3.54258344E-04	5.95378540E-05
0.228185092	4.80430201E-04	5.94379243E-05
0.228471218	4.48608771E-04	5.96624731E-05
0.228757343	3.85157764E-04	5.94844235E-05
0.229043469	2.97578052E-04	5.97804827E-05
0.229329594	3.76606360E-04	5.91159718E-05
0.22961572	4.71476465E-04	5.92716230E-05
0.229901845	4.42324206E-04	5.93621411E-05
0.230187971	3.50689515E-04	5.93774365E-05
0.230474096	4.26599756E-04	5.98152440E-05
0.230760222	4.54569235E-04	5.87131857E-05
0.231046347	3.76442447E-04	5.95373620E-05
0.231332473	3.32145020E-04	5.90368880E-05
0.231618598	3.95853072E-04	5.92928052E-05
0.231904724	3.65324318E-04	5.92134212E-05
0.232190849	3.64579260E-04	5.86699431E-05
0.232476975	4.19229269E-04	5.94232666E-05
0.2327631	3.70297581E-04	5.89124505E-05
0.233049226	4.17543575E-04	5.90509085E-05
0.233335351	3.45889479E-04	5.90302179E-05
0.233621477	3.82009894E-04	5.87257237E-05
0.233907602	4.88081947E-04	5.93112604E-05
0.234193728	3.58041376E-04	5.87815746E-05
0.234479853	3.50210816E-04	5.87315881E-05
0.234765979	3.55795026E-04	5.88696248E-05
0.235052105	4.38177958E-04	5.86182183E-05
0.23533823	3.36464494E-04	5.89754990E-05
0.235624356	4.02145088E-04	5.85515817E-05
0.235910481	4.76665795E-04	5.89055072E-05
0.236196607	4.23444435E-04	5.86968459E-05
0.236482732	3.11046839E-04	5.85061202E-05
0.236768858	3.77543271E-04	5.88836729E-05
0.237054983	3.40158120E-04	5.81744061E-05
0.237341109	3.12093645E-04	5.87909124E-05
0.237627234	3.33927572E-04	5.83964107E-05
0.23791336	3.39236110E-04	5.81620262E-05
0.238199485	3.58799472E-04	5.84091453E-05
0.238485611	3.55351716E-04	5.82151738E-05
0.238771736	3.06911767E-04	5.86277925E-05
0.239057862	2.88199633E-04	5.81755843E-05
0.239343987	3.46239656E-04	5.83459472E-05
0.239630113	3.06729227E-04	5.80656678E-05
0.239916238	3.64994630E-04	5.79552871E-05
0.240202364	3.35862860E-04	5.84912972E-05
0.240488489	3.47809866E-04	5.80363875E-05
0.240774615	3.49903479E-04	5.81716764E-05
0.24106074	2.30241567E-04	5.91629221E-05
0.241346866	4.16936353E-04	5.99355212E-05
0.241632991	3.01020220E-04	6.08272813E-05
0.241919117	3.90065834E-04	6.04531683E-05
0.242205242	3.41892242E-04	6.14107137E-05
0.242491368	3.67196277E-04	6.17688188E-05
0.242777493	4.14064154E-04	6.21329267E-05
0.243063619	4.47774306E-04	6.26214291E-05
0.243349744	4.11139801E-04	6.24625207E-05
0.24363587	4.54269350E-04	6.31805886E-05
0.243921995	4.23830003E-04	6.33805913E-05
0.244208121	3.87394801E-04	6.38424005E-05
0.244494246	3.95700336E-04	6.38761251E-05
0.244780372	3.01284716E-04	6.36489712E-05
0.245066497	4.06943262E-04	6.45454252E-05
0.245352623	3.26061621E-04	6.46476534E-05
0.245638748	4.27648425E-04	6.47602996E-05
0.245924874	3.56921926E-04	6.45830551E-05
0.246210999	2.92757526E-04	6.47075392E-05
0.246497125	2.54426152E-04	6.51495801E-05
0.24678325	4.07552347E-04	6.49171786E-05
0.247069376	2.96350569E-04	6.50137689E-05
0.247355501	2.97302380E-04	6.49626203E-05
0.247641627	3.83969396E-04	6.54004164E-05
0.247927752	3.95957381E-04	6.71934537E-05
0.248213878	3.31236050E-04	6.82271416E-05
0.248500003	3.41672450E-04	6.97530552E-05
0.248786129	3.13337892E-04	7.02926322E-05
0.249072254	2.94135883E-04	7.16197133E-05
0.24935838	3.66814435E-04	7.16811478E-05
0.249644505	4.17418778E-04	7.26851591E-05
0.249930631	3.66862863E-04	7.35625018E-05
0.250216756	4.19834629E-04	7.40486474E-05
0.250502882	2.54575163E-04	7.45537985E-05
0.250789007	2.91556120E-04	7.38499842E-05
0.251075133	3.14826146E-04	7.46364154E-05
0.251361258	4.15863469E-04	7.54333539E-05
0.251647384	3.95709649E-04	7.46534442E-05
0.251933509	3.56189907E-04	7.51903812E-05
0.252219635	3.14762816E-04	7.50278556E-05
0.25250576	2.46251002E-04	7.55490181E-05
0.252791886	2.87273899E-04	7.62411203E-05
0.253078011	3.85524705E-04	7.49806584E-05
0.253364137	4.08180058E-04	7.71089986E-05
0.253650263	1.55979767E-04	7.63814415E-05
0.253936388	3.88566405E-04	7.77246060E-05
0.254222514	3.13157216E-04	7.68814085E-05
0.254508639	3.72711569E-04	7.69632947E-05
0.254794765	3.64791602E-04	7.89984370E-05
0.25508089	2.85740942E-04	7.73648847E-05
0.255367016	2.76220962E-04	7.88935171E-05
0.255653141	2.95797363E-04	7.81545422E-05
0.255939267	2.92362645E-04	7.90012143E-05
0.256225392	2.39379704E-04	8.00223685E-05
0.256511518	4.22185287E-04	7.89731407E-05
0.256797643	3.36352736E-04	7.97349664E-05
0.257083769	2.94275582E-04	7.95863835E-05
0.257369894	3.11024487E-04	8.06041595E-05
0.25765602	1.63773075E-04	8.15372776E-05
0.257942145	3.07410955E-04	7.96007477E-05
0.258228271	2.42803246E-04	8.14160344E-05
0.258514396	3.89782712E-04	8.11894619E-05
0.258800522	3.61610204E-04	8.20389832E-05
0.259086647	4.47776169E-04	8.24103289E-05
0.259372773	4.14991751E-04	8.13043412E-05
0.259658898	1.82796270E-04	8.31834056E-05
0.259945024	3.23895365E-04	8.21108998E-05
0.260231149	2.59364024E-04	8.32850426E-05
0.260517275	2.16430053E-04	8.28650191E-05
0.2608034	3.90920788E-04	8.33438849E-05
0.261089526	2.00826675E-04	8.45621685E-05
0.261375651	2.32703984E-04	8.31418035E-05
0.261661777	3.55370343E-04	8.45327132E-05
0.261947902	3.04121524E-04	8.40796153E-05
0.262234028	1.49438158E-04	8.53183272E-05
0.262520153	2.91563570E-04	8.57935207E-05
0.262806279	3.82626429E-04	8.48261153E-05
0.263092404	1.95790082E-04	8.53331089E-05
0.26337853	3.12656164E-04	8.58989136E-05
0.263664655	4.55165282E-04	8.68927258E-05
0.263950781	3.07250768E-04	8.56806548E-05
0.264236906	2.36997381E-04	8.66255405E-05
0.264523032	4.75032255E-04	8.75168969E-05
0.264809157	3.53058800E-04	8.73480637E-05
0.265095283	2.70588323E-04	8.74212234E-05
0.265381408	2.79357657E-04	8.76201031E-05
0.265667534	4.75214794E-04	8.75746770E-05
0.265953659	3.30481678E-04	8.92749428E-05
0.266239785	3.85681167E-04	8.80288432E-05
0.26652591	3.91649082E-04	8.91293781E-05
0.266812036	1.87933445E-04	8.84850410E-05
0.267098161	2.70491466E-04	8.91452073E-05
0.267384287	3.36593017E-04	9.01459301E-05
0.267670412	4.10694629E-04	8.98497516E-05
0.267956538	3.49121168E-04	8.99505859E-05
0.268242663	3.68505716E-04	9.07781072E-05
0.268528789	3.70249152E-04	9.06895003E-05
0.268814914	2.97758728E-04	9.00998528E-05
0.26910104	4.16522846E-04	9.11488049E-05
0.269387165	1.80482864E-04	9.01513208E-05
0.269673291	3.04080546E-04	9.16413998E-05
0.269959416	3.11195850E-04	9.03712509E-05
0.270245542	2.19710171E-04	9.15787966E-05
0.270531667	3.95854935E-04	9.21243047E-05
0.270817793	4.63070348E-04	9.15466312E-05
0.271103918	4.40731645E-04	9.22084861E-05
0.271390044	4.65830788E-04	9.15981348E-05
0.271676169	2.45977193E-04	9.32322068E-05
0.271962295	1.40668824E-04	9.31730354E-05
0.27224842	3.66732478E-04	9.22032860E-05
0.272534546	4.85548750E-04	9.39849552E-05
0.272820672	4.58138064E-04	9.36337116E-05
0.273106797	1.85653567E-04	9.44113398E-05
0.273392923	9.71406698E-05	9.40363897E-05
0.273679048	2.81753018E-04	9.36846617E-05
0.273965174	3.73352319E-04	9.49803086E-05
0.274251299	2.83213332E-04	9.40895078E-05
0.274537425	5.31625003E-04	9.49700473E-05
0.27482355	3.84464860E-04	9.45443697E-05
0.275109676	3.83978710E-04	9.43864233E-05
0.275395801	2.50160694E-04	9.50769306E-05
0.275681927	3.28801572E-04	9.53937161E-05
0.275968052	3.89181077E-04	9.37956455E-05
0.276254178	2.82308087E-04	9.59001492E-05
0.276540303	3.48471105E-04	9.46497241E-05
0.276826429	3.47588211E-04	9.53475506E-05
0.277112554	2.66097486E-04	9.60737271E-05
0.27739868	3.72741371E-04	9.48871803E-05
0.277684805	2.97419727E-04	9.65630623E-05
0.277970931	1.87721103E-04	9.55461581E-05
0.278257056	3.84274870E-04	9.69502545E-05
0.278543182	2.80268490E-04	9.69171017E-05
0.278829307	2.66777351E-04	9.66693251E-05
0.279115433	3.60818580E-04	9.80594699E-05
0.279401558	2.97380611E-04	9.69813025E-05
0.279687684	3.43773514E-04	9.88489853E-05
0.279973809	3.25554982E-04	9.74198918E-05
0.280259935	4.44326550E-04	9.89354481E-05
0.28054606	2.02476978E-04	9.92237760E-05
0.280832186	1.93344429E-04	9.80635276E-05
0.281118311	3.10424715E-04	1.00741583E-04
0.281404437	4.02530655E-04	9.89173901E-05
0.281690562	3.77463177E-04	1.00646169E-04
0.281976688	3.02478671E-04	1.01328904E-04
0.282262813	4.27396968E-04	9.91108926E-05
0.282548939	3.31806019E-04	1.02176070E-04
0.282835064	6.09084964E-05	9.98397773E-05
0.28312119	2.15800479E-04	1.02075124E-04
0.283407315	3.13809142E-04	1.01662957E-04
0.283693441	2.85295770E-04	1.01483025E-04
0.283979566	3.92517075E-04	1.03338689E-04
0.284265692	4.03873622E-04	1.01737476E-04
0.284551817	2.36796215E-04	1.03773443E-04
0.284837943	2.83496454E-04	1.02693003E-04
0.285124068	3.20969149E-04	1.03845190E-04
0.285410194	3.62869352E-04	1.05061199E-04
0.285696319	3.09333205E-04	1.02792578E-04
0.285982445	2.54688784E-04	1.05669551E-04
0.28626857	3.22466716E-04	1.03841935E-04
0.286554696	3.01834196E-04	1.06071831E-04
0.286840821	2.93001533E-04	1.06551673E-04
0.287126947	3.11220065E-04	1.04275297E-04
0.287413072	2.01493502E-04	1.07486807E-04
0.287699198	2.48789787E-04	1.04749459E-04
0.287985323	2.66233459E-04	1.08367170E-04
0.288271449	2.99246982E-04	1.07174992E-04
0.288557574	3.45846638E-04	1.06540835E-04
0.2888437	1.60828233E-04	1.09815363E-04
0.289129825	3.37583944E-04	1.06066695E-04
0.289415951	3.25493515E-04	1.09858999E-04
0.289702076	2.47746706E-04	1.08778724E-04
0.289988202	1.62266195E-04	1.08409198E-04
0.290274327	1.52191147E-04	1.11329799E-04
0.290560453	-5.50858676E-05	1.07493931E-04
0.290846578	3.50587070E-05	1.11766622E-04
0.291132704	2.93830410E-04	1.09585555E-04
0.29141883	2.36272812E-04	1.11116245E-04
0.291704955	4.87824902E-04	1.13405354E-04
0.291991081	4.26925719E-04	1.09883331E-04
0.292277206	-1.41356140E-05	1.13837603E-04
0.292563332	3.02126631E-04	1.10543059E-04
0.292849457	3.27160582E-04	1.14130619E-04
0.293135583	1.90932304E-04	1.13414533E-04
0.293421708	2.70057470E-04	1.12767579E-04
0.293707834	4.87107784E-04	1.15686227E-04
0.293993959	4.32429835E-04	1.12748597E-04
0.294280085	1.44762918E-04	1.15832580E-04
0.29456621	4.34957445E-04	1.15142731E-04
0.294852336	2.87082046E-04	1.15992157E-04
0.295138461	3.58290970E-04	1.17006977E-04
0.295424587	2.66943127E-04	1.15085827E-04
0.295710712	2.99034640E-04	1.18424067E-04
0.295996838	2.50512734E-04	1.15817184E-04
0.296282963	3.54615971E-04	1.18526680E-04
0.296569089	3.09158117E-04	1.19695899E-04
0.296855214	2.08770856E-04	1.16237731E-04
0.29714134	2.33944505E-04	1.20365561E-04
0.297427465	1.55653805E-04	1.18169093E-04
0.297713591	1.27978623E-04	1.20145644E-04
0.297999716	2.90468335E-04	1.20629107E-04
0.298285842	2.37818807E-04	1.19507560E-04
0.298571967	2.59218737E-04	1.23359603E-04
0.298858093	2.47154385E-04	1.19335294E-04
0.299144218	1.21757388E-04	1.22923937E-04
0.299430344	2.02372670E-04	1.21474242E-04
0.299716469	3.32532451E-04	1.22950615E-04
0.300002595	2.08260491E-04	1.25365257E-04
0.30028872	3.31521034E-04	1.20751620E-04
0.300574846	2.95728445E-04	1.26005160E-04
0.300860971	3.16847116E-04	1.23867787E-04
0.301147097	2.58402899E-04	1.25188847E-04
0.301433222	4.12687659E-04	1.28740795E-04
0.301719348	2.55025923E-04	1.22755859E-04
0.302005473	3.64964828E-04	1.29072579E-04
0.302291599	3.21552157E-04	1.25537603E-04
0.302577724	3.86202708E-04	1.28150263E-04
0.30286385	4.74520028E-04	1.30069159E-04
0.303149975	2.08815560E-04	1.27087159E-04
0.303436101	1.78361312E-04	1.31980921E-04
0.303722226	1.13550574E-04	1.27732140E-04
0.304008352	3.13546509E-04	1.31191210E-04
0.304294477	3.30848619E-04	1.30578931E-04
0.304580603	1.14841387E-04	1.30917348E-04
0.304866728	4.06678766E-04	1.34454889E-04
0.305152854	1.40260905E-04	1.29458424E-04
0.305438979	-3.17730010E-05	1.33964175E-04
0.305725105	3.33050266E-04	1.32658475E-04
0.30601123	2.90403143E-04	1.33867350E-04
0.306297356	3.27590853E-04	1.38049865E-04
0.306583481	1.66667625E-04	1.31645425E-04
0.306869607	2.07025558E-04	1.37769068E-04
0.307155732	4.48858365E-04	1.35035288E-04
0.307441858	2.79849395E-04	1.36258888E-04
0.307727983	3.41717154E-04	1.38277539E-04
0.308014109	2.06137076E-04	1.33663772E-04
0.308300234	5.48742712E-04	1.38693563E-04
0.30858636	8.16937536E-05	1.33237810E-04
0.308872485	3.95502895E-04	1.37550038E-04
0.309158611	8.80490988E-05	1.35167718E-04
0.309444736	-2.43242830E-05	1.35573755E-04
0.309730862	3.48102301E-04	1.39222118E-04
0.310016988	2.33376399E-04	1.33120780E-04
0.310303113	3.00657004E-04	1.38517228E-04
0.310589239	3.46412882E-04	1.35021927E-04
0.310875364	2.63176858E-04	1.36284456E-04
0.31116149	1.64378434E-04	1.40268144E-04
0.311447615	2.68848613E-04	1.34469511E-04
0.311733741	4.05445695E-04	1.40285460E-04
0.312019866	5.25763258E-04	1.37090518E-04
0.312305992	4.71182168E-04	1.40278976E-04
0.312592117	1.96393579E-04	1.41379325E-04
0.312878243	2.36835331E-04	1.38427517E-04
0.313164368	2.58537009E-04	1.44704445E-04
0.313450494	3.30036506E-04	1.37510194E-04
0.313736619	2.51267105E-04	1.44670825E-04
0.314022745	4.21231613E-04	1.42821196E-04
0.31430887	2.52602622E-04	1.44138621E-04
0.314594996	5.21663576E-04	1.48178381E-04
0.314881121	5.05382195E-04	1.40576059E-04
0.315167247	1.91055238E-04	1.49149028E-04
0.315453372	2.58293003E-04	1.44267587E-04
0.315739498	3.14641744E-04	1.47509724E-04
0.316025623	9.58237797E-05	1.52275774E-04
0.316311749	3.38887796E-04	1.43880107E-04
0.316597874	2.45528296E-04	1.52163742E-04
0.316884	2.26143748E-04	1.47718811E-04
0.317170125	4.61459160E-04	1.52382688E-04
0.317456251	3.42976302E-04	1.53504847E-04
0.317742376	5.46781346E-04	1.49938949E-04
0.318028502	1.95661560E-04	1.57122138E-04
0.318314627	2.49082223E-04	1.50250998E-04
0.318600753	1.92916021E-04	1.57030046E-04
0.318886878	2.53360718E-04	1.55701355E-04
0.319173004	4.17945907E-04	1.55267384E-04
0.319459129	2.69737095E-04	1.61924732E-04
0.319745255	4.80320305E-05	1.53478583E-04
0.32003138	2.30478123E-04	1.61710636E-04
0.320317506	2.87102535E-04	1.58507723E-04
0.320603631	1.26061961E-04	1.60032307E-04
0.320889757	5.18096611E-04	1.68621754E-04
0.321175882	3.72495502E-04	1.57044425E-04
0.321462008	6.32684678E-05	1.66252401E-04
0.321748133	-2.63359398E-05	1.60755866E-04
0.322034259	4.02363017E-04	1.67291774E-04
0.322320384	1.93802640E-04	1.69575076E-04
0.32260651	2.67161056E-04	1.63363591E-04
0.322892635	1.79382041E-04	1.73092657E-04
0.323178761	3.75667587E-04	1.65893537E-04
0.323464886	5.75538725E-04	1.73432015E-04
0.323751012	2.39796937E-05	1.71686189E-04
0.324037137	2.51663849E-04	1.71479694E-04
0.324323263	4.06334177E-04	1.80655027E-04
0.324609388	1.55307353E-05	1.67651533E-04
0.324895514	3.56545672E-04	1.80377363E-04
0.325181639	2.14282423E-04	1.75230751E-04
0.325467765	1.43658370E-04	1.78855924E-04
0.32575389	-5.81741333E-05	1.87813465E-04
0.326040016	1.03157014E-04	1.71354238E-04
0.326326141	5.20499423E-04	1.89507524E-04
0.326612267	1.44358724E-04	1.77821102E-04
0.326898392	3.74477357E-04	1.88468144E-04
0.327184518	6.01388514E-04	1.92845307E-04
0.327470643	8.59759748E-05	1.80605975E-04
0.327756769	-1.14461407E-04	1.96924086E-04
0.328042894	1.43377110E-04	1.83708935E-04
0.32832902	3.30749899E-04	1.95069142E-04
0.328615146	-1.97777525E-04	1.92991239E-04
0.328901271	3.88585031E-05	1.92343711E-04
0.329187397	2.39869580E-04	2.06908572E-04
0.329473522	1.42309815E-04	1.88441919E-04
0.329759648	1.98436901E-04	2.07103318E-04
0.330045773	1.07489526E-04	1.96751762E-04
0.330331899	4.69634309E-04	2.05641862E-04
0.330618024	2.08428130E-04	2.16644339E-04
0.33090415	-8.26530159E-05	1.95332281E-04
0.331190275	8.20718706E-05	2.17558929E-04
0.331476401	4.44304198E-04	2.03747031E-04
0.331762526	1.03805214E-04	2.15539858E-04
0.332048652	3.60259786E-04	2.20521540E-04
0.332334777	2.28894874E-04	2.09968927E-04
0.332620903	2.76025385E-05	2.26299837E-04
0.332907028	4.03953716E-04	2.13805975E-04
0.333193154	-3.74875963E-05	2.25446116E-04
0.333479279	2.59980559E-04	2.28502656E-04
0.333765405	2.59352848E-04	2.22349195E-04
0.33405153	2.01752409E-04	2.50011906E-04
0.334337656	-1.48890540E-04	2.16162793E-04
0.334623781	1.16117299E-05	2.47904738E-04
0.334909907	3.29688191E-06	2.30980786E-04
0.335196032	8.38972628E-05	2.42779185E-04
0.335482158	-1.05816871E-05	2.67035918E-04
0.335768283	4.92591411E-04	2.25736209E-04
0.336054409	-8.35601240E-05	2.69248924E-04
0.336340534	1.38798729E-04	2.40484636E-04
0.33662666	1.50429085E-04	2.66275434E-04
0.336912785	1.08735636E-04	2.70318883E-04
0.337198911	1.06697902E-04	2.48502647E-04
0.337485036	2.45656818E-04	2.92529092E-04
0.337771162	1.48655847E-04	2.50463612E-04
0.338057287	5.81277534E-04	2.97432992E-04
0.338343413	-4.87312675E-04	2.69383208E-04
0.338629538	-4.97698784E-06	2.88223528E-04
0.338915664	-1.42397359E-04	3.17878853E-04
0.339201789	-1.63173303E-04	2.66992905E-04
0.339487915	5.07609919E-04	3.27151956E-04
0.33977404	1.55977905E-04	2.85743219E-04
0.340060166	2.34266743E-04	3.30884942E-04
0.340346291	5.77038154E-04	3.44736169E-04
0.340632417	2.61176378E-04	2.98936147E-04
0.340918542	4.19989228E-04	3.56625824E-04
0.341204668	6.28614798E-04	3.23682756E-04
0.341490793	-1.65034086E-04	3.56184826E-04
0.341776919	6.86664134E-04	3.71501170E-04
0.342063044	6.93742186E-04	3.48609424E-04
0.34234917	-5.08533791E-04	4.09668978E-04
0.342635295	-1.02408230E-05	3.60117292E-04
0.342921421	-3.91788781E-05	4.09355195E-04
0.343207546	1.97401270E-04	4.25178239E-04
0.343493672	6.38693571E-04	4.00497598E-04
0.343779797	2.16808170E-04	5.30632007E-04
0.344065923	-8.45044851E-05	4.11706821E-04
