0.0063258	1.3722e-05	1.6701e-06
0.0066133	1.2149e-05	1.5388e-06
0.0069008	1.239e-05	1.2328e-06
0.0071884	1.2926e-05	1.0232e-06
0.0074759	1.1724e-05	8.3842e-07
0.0077634	1.1455e-05	7.1473e-07
0.008051	1.1939e-05	6.0674e-07
0.0083385	1.1536e-05	5.5353e-07
0.008626	1.1808e-05	5.2951e-07
0.0089136	1.2185e-05	4.9003e-07
0.0092011	1.0714e-05	4.7796e-07
0.0094887	1.2325e-05	4.65e-07
0.0097762	1.1817e-05	4.424e-07
0.010064	1.1099e-05	4.4328e-07
0.010351	1.1548e-05	4.2005e-07
0.010639	1.2335e-05	4.19e-07
0.010926	1.1561e-05	4.0715e-07
0.011214	1.215e-05	4.0376e-07
0.011501	1.1699e-05	4.1375e-07
0.011789	1.1299e-05	4.0198e-07
0.012076	1.2915e-05	4.1343e-07
0.012364	1.1369e-05	4.0115e-07
0.012652	1.1001e-05	4.0133e-07
0.012939	1.2106e-05	3.9403e-07
0.013227	1.1619e-05	3.9315e-07
0.013514	1.0739e-05	3.8814e-07
0.013802	1.171e-05	3.8243e-07
0.014089	1.2074e-05	3.8944e-07
0.014377	1.042e-05	3.887e-07
0.014664	1.097e-05	3.7214e-07
0.014952	1.2367e-05	3.8612e-07
0.015239	1.1477e-05	3.9107e-07
0.015527	1.0256e-05	3.9528e-07
0.015814	1.1228e-05	4.0375e-07
0.016102	9.914e-06	3.9228e-07
0.016389	1.1205e-05	3.7377e-07
0.016677	1.1204e-05	3.5697e-07
0.016965	1.1254e-05	3.6498e-07
0.017252	1.138e-05	3.6102e-07
0.01754	1.1639e-05	3.5717e-07
0.017827	1.1125e-05	3.5097e-07
0.018115	1.1784e-05	3.4805e-07
0.018402	1.1117e-05	3.5088e-07
0.01869	1.142e-05	3.4032e-07
0.018977	1.0876e-05	3.3904e-07
0.019265	1.0827e-05	3.374e-07
0.019552	1.0177e-05	3.3104e-07
0.01984	1.0641e-05	3.1753e-07
0.020127	1.0829e-05	3.0829e-07
0.020415	1.1001e-05	3.181e-07
0.020702	1.0266e-05	3.1323e-07
0.02099	1.0474e-05	3.1185e-07
0.021278	1.0247e-05	3.0616e-07
0.021565	1.0549e-05	2.9913e-07
0.021853	1.0684e-05	3.0357e-07
0.02214	1.0876e-05	3.0026e-07
0.022428	9.999e-06	2.993e-07
0.022715	9.5278e-06	2.9508e-07
0.023003	9.6029e-06	2.9451e-07
0.02329	9.375e-06	2.9788e-07
0.023578	1.0117e-05	2.8798e-07
0.023865	9.9819e-06	2.9063e-07
0.024153	1.0161e-05	2.9046e-07
0.02444	9.6517e-06	2.8731e-07
0.024728	9.3491e-06	2.8707e-07
0.025015	1.101e-05	2.7922e-07
0.025303	1.0111e-05	2.8447e-07
0.02559	1.0044e-05	2.8179e-07
0.025878	9.7256e-06	2.8145e-07
0.026166	1.0251e-05	2.8154e-07
0.026453	1.0012e-05	2.7164e-07
0.026741	9.2173e-06	2.8032e-07
0.027028	1.024e-05	2.7185e-07
0.027316	1.0057e-05	2.7437e-07
0.027603	9.4225e-06	2.7557e-07
0.027891	9.8517e-06	2.707e-07
0.028178	8.5706e-06	2.7497e-07
0.028466	9.2239e-06	2.6571e-07
0.028753	9.5503e-06	2.6885e-07
0.029041	9.3958e-06	2.6711e-07
0.029328	9.6756e-06	2.6777e-07
0.029616	9.3517e-06	2.694e-07
0.029903	9.7376e-06	2.594e-07
0.030191	9.4025e-06	2.6677e-07
0.030478	9.5945e-06	2.6401e-07
0.030766	9.186e-06	2.6101e-07
0.031053	9.2557e-06	2.6279e-07
0.031341	8.9331e-06	2.5999e-07
0.031629	8.6553e-06	2.6136e-07
0.031916	8.9028e-06	2.5698e-07
0.032204	9.2214e-06	2.5681e-07
0.032491	9.2374e-06	2.5494e-07
0.032779	8.9927e-06	2.5644e-07
0.033066	8.1008e-06	2.5804e-07
0.033354	9.4295e-06	2.5139e-07
0.033641	8.4263e-06	2.5295e-07
0.033929	7.9841e-06	2.5235e-07
0.034216	8.2613e-06	2.538e-07
0.034504	8.412e-06	2.5317e-07
0.034791	8.3444e-06	2.4637e-07
0.035079	9.2287e-06	2.4731e-07
0.035366	8.4711e-06	2.4823e-07
0.035654	8.2471e-06	2.4976e-07
0.035941	8.4327e-06	2.4566e-07
0.036229	8.4954e-06	2.4363e-07
0.036516	8.3727e-06	2.465e-07
0.036804	8.8346e-06	2.4393e-07
0.037092	8.7462e-06	2.4333e-07
0.037379	8.4307e-06	2.3314e-07
0.037667	8.1113e-06	2.3806e-07
0.037954	7.652e-06	2.4045e-07
0.038242	8.6817e-06	2.3612e-07
0.038529	8.1309e-06	2.361e-07
0.038817	8.3739e-06	2.3426e-07
0.039104	8.4817e-06	2.3703e-07
0.039392	8.3464e-06	2.3893e-07
0.039679	8.2116e-06	2.3246e-07
0.039967	8.0275e-06	2.3577e-07
0.040254	7.8429e-06	2.3277e-07
0.040542	7.9528e-06	2.3617e-07
0.040829	8.1696e-06	2.3223e-07
0.041117	7.7489e-06	2.2941e-07
0.041404	7.6531e-06	2.3352e-07
0.041692	7.719e-06	2.3085e-07
0.041979	7.7266e-06	2.3235e-07
0.042267	7.5192e-06	2.2602e-07
0.042554	7.1465e-06	2.2859e-07
0.042842	7.5482e-06	2.3129e-07
0.043129	7.3252e-06	2.2682e-07
0.043417	7.2668e-06	2.2505e-07
0.043704	7.7023e-06	2.2638e-07
0.043992	7.347e-06	2.2398e-07
0.04428	7.159e-06	2.2009e-07
0.044567	7.3054e-06	2.221e-07
0.044855	7.8777e-06	2.2834e-07
0.045142	6.6153e-06	2.3178e-07
0.04543	7.8596e-06	2.3428e-07
0.045717	7.1183e-06	2.3248e-07
0.046005	6.7884e-06	2.3759e-07
0.046292	7.2411e-06	2.3773e-07
0.04658	7.3164e-06	2.3808e-07
0.046867	7.2611e-06	2.4147e-07
0.047155	6.7291e-06	2.3751e-07
0.047442	6.7075e-06	2.433e-07
0.04773	6.8555e-06	2.4211e-07
0.048017	6.3174e-06	2.4272e-07
0.048305	6.3898e-06	2.3964e-07
0.048592	6.519e-06	2.374e-07
0.04888	6.8185e-06	2.4406e-07
0.049167	6.787e-06	2.4135e-07
0.049455	6.5911e-06	2.4094e-07
0.049742	6.3915e-06	2.4205e-07
0.05003	6.7872e-06	2.3866e-07
0.050317	6.8329e-06	2.435e-07
0.050605	6.6508e-06	2.3766e-07
0.050892	6.3943e-06	2.4041e-07
0.05118	5.7879e-06	2.414e-07
0.051467	6.7137e-06	2.3882e-07
0.051755	6.2793e-06	2.4276e-07
0.052042	6.4983e-06	2.3303e-07
0.05233	6.1224e-06	2.4082e-07
0.052617	6.0268e-06	2.3833e-07
0.052905	5.7924e-06	2.3807e-07
0.053192	6.254e-06	2.412e-07
0.05348	6.6182e-06	2.3388e-07
0.053768	5.7365e-06	2.4059e-07
0.054055	5.8563e-06	2.359e-07
0.054343	6.0468e-06	2.3579e-07
0.05463	5.7399e-06	2.3826e-07
0.054918	5.7511e-06	2.298e-07
0.055205	5.8854e-06	2.3429e-07
0.055493	5.8379e-06	2.289e-07
0.05578	5.9593e-06	2.3306e-07
0.056068	5.0433e-06	2.3515e-07
0.056355	5.6449e-06	2.3563e-07
0.056643	5.7392e-06	2.355e-07
0.05693	5.6442e-06	2.305e-07
0.057218	5.3029e-06	2.3411e-07
0.057505	5.9366e-06	2.3332e-07
0.057793	5.3079e-06	2.3068e-07
0.05808	5.4574e-06	2.3416e-07
0.058368	5.3491e-06	2.3107e-07
0.058655	5.239e-06	2.3479e-07
0.058943	5.8558e-06	2.3248e-07
0.05923	5.0524e-06	2.3056e-07
0.059518	5.4801e-06	2.3235e-07
0.059805	4.8033e-06	2.2988e-07
0.060093	5.1864e-06	2.3509e-07
0.06038	5.6466e-06	2.2716e-07
0.060668	5.1016e-06	2.2958e-07
0.060955	5.5876e-06	2.294e-07
0.061243	5.45e-06	2.3133e-07
0.06153	5.1023e-06	2.3383e-07
0.061818	4.7255e-06	2.2604e-07
0.062105	5.0028e-06	2.2941e-07
0.062393	4.5903e-06	2.2841e-07
0.06268	5.3155e-06	2.2907e-07
0.062968	4.9251e-06	2.2905e-07
0.063255	4.975e-06	2.2705e-07
0.063543	4.8097e-06	2.2868e-07
0.06383	4.9048e-06	2.2712e-07
0.064118	4.9607e-06	2.2743e-07
0.064405	5.0109e-06	2.2573e-07
0.064693	4.4599e-06	2.2789e-07
0.06498	4.6651e-06	2.2873e-07
0.065268	4.9031e-06	2.2261e-07
0.065555	5.0633e-06	2.2799e-07
0.065843	5.1837e-06	2.2511e-07
0.06613	5.186e-06	2.2704e-07
0.066418	4.6991e-06	2.2505e-07
0.066705	4.9401e-06	2.2339e-07
0.066993	4.3148e-06	2.2613e-07
0.06728	4.4647e-06	2.245e-07
0.067568	4.2818e-06	2.2403e-07
0.067855	4.3976e-06	2.2259e-07
0.068143	4.4126e-06	2.2059e-07
0.06843	4.5277e-06	2.2589e-07
0.068718	4.46e-06	2.2296e-07
0.069005	4.5197e-06	2.2239e-07
0.069293	4.6134e-06	2.2254e-07
0.06958	4.3019e-06	2.2204e-07
0.069868	4.2164e-06	2.2445e-07
0.070155	4.335e-06	2.1807e-07
0.070443	4.1119e-06	2.2333e-07
0.07073	4.5182e-06	2.2236e-07
0.071018	4.0322e-06	2.2093e-07
0.071305	3.9269e-06	2.224e-07
0.071593	4.0934e-06	2.1843e-07
0.07188	4.193e-06	2.2168e-07
0.072168	3.9536e-06	2.2537e-07
0.072455	4.1503e-06	2.2538e-07
0.072742	3.6088e-06	2.2705e-07
0.07303	3.625e-06	2.3138e-07
0.073317	4.0668e-06	2.3758e-07
0.073605	3.7501e-06	2.3939e-07
0.073892	3.4042e-06	2.382e-07
0.07418	3.2057e-06	2.4102e-07
0.074467	4.1084e-06	2.4147e-07
0.074755	3.5538e-06	2.441e-07
0.075042	3.9248e-06	2.3908e-07
0.07533	3.6134e-06	2.4193e-07
0.075617	3.9643e-06	2.4315e-07
0.075905	3.9683e-06	2.4663e-07
0.076192	4.1785e-06	2.4284e-07
0.07648	3.8156e-06	2.4447e-07
0.076767	3.8845e-06	2.4707e-07
0.077055	3.3646e-06	2.4492e-07
0.077342	3.7622e-06	2.3776e-07
0.07763	3.9025e-06	2.2703e-07
0.077917	4.3201e-06	2.2792e-07
0.078205	3.2809e-06	2.2877e-07
0.078492	4.0077e-06	2.2263e-07
0.07878	3.377e-06	2.2338e-07
0.079067	3.4753e-06	2.2126e-07
0.079355	3.8105e-06	2.2279e-07
0.079642	3.7054e-06	2.2326e-07
0.07993	2.8527e-06	2.1978e-07
0.080217	3.6115e-06	2.2112e-07
0.080505	3.4267e-06	2.1906e-07
0.080792	3.6748e-06	2.2171e-07
0.08108	3.5118e-06	2.1814e-07
0.081367	3.2684e-06	2.1798e-07
0.081654	3.7773e-06	2.1885e-07
0.081942	3.1649e-06	2.1694e-07
0.082229	3.3311e-06	2.1898e-07
0.082517	3.4116e-06	2.1589e-07
0.082804	3.0977e-06	2.1759e-07
0.083092	3.4699e-06	2.1925e-07
0.083379	3.532e-06	2.1493e-07
0.083667	3.5623e-06	2.1696e-07
0.083954	3.6058e-06	2.1355e-07
0.084242	3.0361e-06	2.1594e-07
0.084529	3.4211e-06	2.1566e-07
0.084817	2.9552e-06	2.1258e-07
0.085104	3.3018e-06	2.1632e-07
0.085392	3.4065e-06	2.1369e-07
0.085679	2.8532e-06	2.1471e-07
0.085967	2.9319e-06	2.1257e-07
0.086254	3.2825e-06	2.1212e-07
0.086542	3.5699e-06	2.1462e-07
0.086829	3.3588e-06	2.115e-07
0.087116	2.9782e-06	2.1279e-07
0.087404	3.2691e-06	2.103e-07
0.087691	3.2845e-06	2.11e-07
0.087979	3.7793e-06	2.126e-07
0.088266	3.22e-06	2.1181e-07
0.088554	3.0277e-06	2.1007e-07
0.088841	3.4373e-06	2.0938e-07
0.089129	2.9e-06	2.1141e-07
0.089416	2.7686e-06	2.1053e-07
0.089704	2.4562e-06	2.0558e-07
0.089991	3.0943e-06	2.057e-07
0.090279	3.2747e-06	2.0529e-07
0.090566	2.7746e-06	2.059e-07
0.090854	2.9589e-06	2.0504e-07
0.091141	2.7459e-06	2.0648e-07
0.091428	3.0172e-06	2.0907e-07
0.091716	2.6069e-06	2.0596e-07
0.092003	2.743e-06	2.0617e-07
0.092291	2.7205e-06	2.0342e-07
0.092578	2.9044e-06	2.0519e-07
0.092866	2.9763e-06	2.0572e-07
0.093153	2.8742e-06	2.0608e-07
0.093441	2.7552e-06	2.0522e-07
0.093728	2.6151e-06	2.0384e-07
0.094016	2.9392e-06	2.0605e-07
0.094303	2.7573e-06	2.0451e-07
0.09459	2.4805e-06	2.017e-07
0.094878	2.8576e-06	2.0367e-07
0.095165	2.5713e-06	2.0328e-07
0.095453	2.939e-06	2.0545e-07
0.09574	3.0009e-06	2.0045e-07
0.096028	2.4357e-06	2.0312e-07
0.096315	2.443e-06	2.0257e-07
0.096603	2.5149e-06	2.0276e-07
0.09689	2.9123e-06	2.0257e-07
0.097178	2.814e-06	2.0039e-07
0.097465	2.3692e-06	2.0349e-07
0.097752	2.7745e-06	2.0202e-07
0.09804	2.4882e-06	2.0094e-07
0.098327	2.7255e-06	2.0164e-07
0.098615	2.5893e-06	1.9914e-07
0.098902	2.2914e-06	2.024e-07
0.09919	2.4692e-06	2.0043e-07
0.099477	2.5293e-06	1.9948e-07
0.099765	2.8598e-06	2.0018e-07
0.10005	2.5249e-06	1.9866e-07
0.10034	2.412e-06	2.013e-07
0.10063	2.485e-06	1.9747e-07
0.10091	2.4854e-06	2.0053e-07
0.1012	2.582e-06	1.9973e-07
0.10149	2.1296e-06	1.9855e-07
0.10178	2.3504e-06	1.9802e-07
0.10206	2.5047e-06	1.9859e-07
0.10235	2.6396e-06	1.9865e-07
0.10264	2.4371e-06	1.9981e-07
0.10293	2.0343e-06	1.9794e-07
0.10321	2.4766e-06	1.9726e-07
0.1035	2.8739e-06	1.9691e-07
0.10379	2.1138e-06	1.9863e-07
0.10408	2.2798e-06	1.9799e-07
0.10436	2.5369e-06	1.9641e-07
0.10465	2.5358e-06	1.974e-07
0.10494	2.1438e-06	1.9446e-07
0.10523	2.4468e-06	1.9213e-07
0.10551	1.9015e-06	1.9166e-07
0.1058	2.4573e-06	1.9306e-07
0.10609	1.9755e-06	1.9367e-07
0.10638	2.0506e-06	1.9434e-07
0.10666	2.4811e-06	1.9362e-07
0.10695	2.469e-06	1.933e-07
0.10724	2.1002e-06	1.9268e-07
0.10753	2.3243e-06	1.8946e-07
0.10781	2.0259e-06	1.8982e-07
0.1081	2.5128e-06	1.8904e-07
0.10839	1.9795e-06	1.9247e-07
0.10868	2.2557e-06	1.9232e-07
0.10896	1.9897e-06	1.8985e-07
0.10925	2.209e-06	1.9087e-07
0.10954	2.3512e-06	1.8946e-07
0.10983	2.2934e-06	1.9167e-07
0.11011	2.3978e-06	1.9187e-07
0.1104	1.9776e-06	1.8843e-07
0.11069	2.3558e-06	1.9159e-07
0.11097	1.6414e-06	1.9067e-07
0.11126	2.0685e-06	1.91e-07
0.11155	1.8764e-06	1.9143e-07
0.11184	2.4711e-06	1.8808e-07
0.11212	2.1387e-06	1.9043e-07
0.11241	2.2635e-06	1.8875e-07
0.1127	2.4179e-06	1.8959e-07
0.11299	1.973e-06	1.903e-07
0.11327	2.0211e-06	1.8891e-07
0.11356	2.1676e-06	1.9034e-07
0.11385	1.824e-06	1.8767e-07
0.11414	2.1685e-06	1.8866e-07
0.11442	2.1048e-06	1.8884e-07
0.11471	2.1996e-06	1.8961e-07
0.115	1.995e-06	1.8937e-07
0.11529	2.0741e-06	1.8617e-07
0.11557	2.1063e-06	1.8892e-07
0.11586	2.2358e-06	1.8711e-07
0.11615	1.9748e-06	1.8877e-07
0.11644	2.3782e-06	1.8766e-07
0.11672	1.9185e-06	1.8638e-07
0.11701	1.9663e-06	1.888e-07
0.1173	2.0144e-06	1.8759e-07
0.11759	1.988e-06	1.8618e-07
0.11787	1.8555e-06	1.8645e-07
0.11816	1.7684e-06	1.8683e-07
0.11845	1.6638e-06	1.8848e-07
0.11874	1.9128e-06	1.86e-07
0.11902	1.756e-06	1.8518e-07
0.11931	1.8016e-06	1.8503e-07
0.1196	1.4706e-06	1.8654e-07
0.11988	2.0221e-06	1.8652e-07
0.12017	2.2486e-06	1.8421e-07
0.12046	2.0692e-06	1.865e-07
0.12075	2.0544e-06	1.8381e-07
0.12103	2.1254e-06	1.8559e-07
0.12132	1.5596e-06	1.8353e-07
0.12161	2.2693e-06	1.852e-07
0.1219	1.9211e-06	1.8521e-07
0.12218	1.7219e-06	1.8423e-07
0.12247	1.7967e-06	1.8342e-07
0.12276	1.5716e-06	1.8321e-07
0.12305	1.9851e-06	1.8394e-07
0.12333	1.7097e-06	1.8467e-07
0.12362	1.6156e-06	1.8221e-07
0.12391	1.7958e-06	1.8326e-07
0.1242	1.7899e-06	1.8196e-07
0.12448	1.8996e-06	1.8371e-07
0.12477	1.881e-06	1.8544e-07
0.12506	2.2374e-06	1.8879e-07
0.12535	1.417e-06	1.9371e-07
0.12563	1.6417e-06	1.9175e-07
0.12592	1.8299e-06	1.9557e-07
0.12621	1.9095e-06	1.9336e-07
0.12649	1.7265e-06	1.9628e-07
0.12678	1.6173e-06	2.0064e-07
0.12707	1.5887e-06	1.9261e-07
0.12736	2.0539e-06	1.9055e-07
0.12764	1.6783e-06	1.8767e-07
0.12793	1.8743e-06	1.913e-07
0.12822	1.5236e-06	1.9049e-07
0.12851	1.562e-06	1.8784e-07
0.12879	1.9744e-06	1.888e-07
0.12908	1.6336e-06	1.8613e-07
0.12937	1.7463e-06	1.882e-07
0.12966	1.2938e-06	1.8686e-07
0.12994	1.8237e-06	1.8435e-07
0.13023	1.6014e-06	1.8727e-07
0.13052	1.7992e-06	1.8455e-07
0.13081	1.6868e-06	1.8691e-07
0.13109	1.9588e-06	1.8367e-07
0.13138	2.0981e-06	1.8452e-07
0.13167	1.6133e-06	1.8687e-07
0.13196	1.3486e-06	1.8269e-07
0.13224	1.5197e-06	1.8506e-07
0.13253	1.7998e-06	1.8377e-07
0.13282	1.526e-06	1.8241e-07
0.1331	1.5911e-06	1.868e-07
0.13339	1.2445e-06	1.8951e-07
0.13368	1.2465e-06	1.9188e-07
0.13397	1.4437e-06	1.9174e-07
0.13425	1.6675e-06	1.9454e-07
0.13454	1.4967e-06	1.9375e-07
0.13483	1.3804e-06	1.9353e-07
0.13512	1.4191e-06	1.9536e-07
0.1354	1.7865e-06	1.9314e-07
0.13569	1.7888e-06	1.9596e-07
0.13598	1.6755e-06	1.9438e-07
0.13627	1.566e-06	1.9649e-07
0.13655	1.591e-06	1.9713e-07
0.13684	1.4213e-06	1.972e-07
0.13713	1.3635e-06	1.9647e-07
0.13742	1.4061e-06	1.9743e-07
0.1377	1.264e-06	1.9804e-07
0.13799	1.504e-06	1.9849e-07
0.13828	1.314e-06	1.8961e-07
0.13856	1.4795e-06	1.8836e-07
0.13885	1.4218e-06	1.8446e-07
0.13914	1.2588e-06	1.8648e-07
0.13943	1.3887e-06	1.8398e-07
0.13971	1.3603e-06	1.8313e-07
0.14	1.3053e-06	1.8464e-07
0.14029	1.9087e-06	1.8228e-07
0.14058	1.6547e-06	1.8307e-07
0.14086	1.5715e-06	1.819e-07
0.14115	1.4113e-06	1.8164e-07
0.14144	1.4708e-06	1.8237e-07
0.14173	1.0332e-06	1.8191e-07
0.14201	1.161e-06	1.8091e-07
0.1423	1.6732e-06	1.7877e-07
0.14259	1.8384e-06	1.8018e-07
0.14288	1.2471e-06	1.8092e-07
0.14316	1.6129e-06	1.7958e-07
0.14345	1.4545e-06	1.8012e-07
0.14374	1.3442e-06	1.7839e-07
0.14402	1.1558e-06	1.7827e-07
0.14431	1.4605e-06	1.7453e-07
0.1446	1.5152e-06	1.7347e-07
0.14489	1.69e-06	1.7597e-07
0.14517	1.6385e-06	1.7578e-07
0.14546	1.1419e-06	1.7576e-07
0.14575	1.3784e-06	1.7361e-07
0.14604	1.6987e-06	1.7408e-07
0.14632	1.3738e-06	1.742e-07
0.14661	1.1722e-06	1.7451e-07
0.1469	1.2834e-06	1.7371e-07
0.14719	1.1656e-06	1.7356e-07
0.14747	1.2538e-06	1.7442e-07
0.14776	8.6462e-07	1.7466e-07
0.14805	1.2723e-06	1.741e-07
0.14834	1.2543e-06	1.744e-07
0.14862	1.2654e-06	1.7423e-07
0.14891	9.8224e-07	1.7508e-07
0.1492	1.2403e-06	1.7294e-07
0.14948	1.1033e-06	1.7396e-07
0.14977	1.3304e-06	1.7278e-07
0.15006	1.4972e-06	1.737e-07
0.15035	1.3435e-06	1.7413e-07
0.15063	1.1136e-06	1.7231e-07
0.15092	1.3564e-06	1.7418e-07
0.15121	1.1239e-06	1.7169e-07
0.1515	1.0388e-06	1.7389e-07
0.15178	8.8791e-07	1.7332e-07
0.15207	1.2825e-06	1.7187e-07
0.15236	1.0459e-06	1.7394e-07
0.15265	2.0437e-06	1.7141e-07
0.15293	1.3957e-06	1.7264e-07
0.15322	1.0228e-06	1.7071e-07
0.15351	1.5564e-06	1.7239e-07
0.15379	1.2365e-06	1.7301e-07
0.15408	1.207e-06	1.6979e-07
0.15437	1.3503e-06	1.7127e-07
0.15466	1.1885e-06	1.7024e-07
0.15494	1.4709e-06	1.7176e-07
0.15523	1.2054e-06	1.7195e-07
0.15552	1.2804e-06	1.6898e-07
0.15581	1.1872e-06	1.7234e-07
0.15609	1.129e-06	1.7003e-07
0.15638	1.5086e-06	1.6983e-07
0.15667	1.1945e-06	1.6944e-07
0.15695	1.0267e-06	1.6855e-07
0.15724	1.5433e-06	1.7153e-07
0.15753	1.206e-06	1.6847e-07
0.15782	9.9907e-07	1.6797e-07
0.1581	1.214e-06	1.6987e-07
0.15839	9.6754e-07	1.6801e-07
0.15868	1.018e-06	1.7003e-07
0.15897	1.1794e-06	1.6749e-07
0.15925	1.2609e-06	1.6886e-07
0.15954	7.8998e-07	1.6876e-07
0.15983	1.0443e-06	1.6827e-07
0.16012	1.1563e-06	1.6933e-07
0.1604	1.3491e-06	1.6678e-07
0.16069	1.1215e-06	1.6815e-07
0.16098	1.2222e-06	1.6822e-07
0.16126	1.2595e-06	1.676e-07
0.16155	1.2054e-06	1.6664e-07
0.16184	8.3985e-07	1.6348e-07
0.16213	9.7957e-07	1.6596e-07
0.16241	9.8988e-07	1.6549e-07
0.1627	1.2714e-06	1.6506e-07
0.16299	7.1506e-07	1.657e-07
0.16328	1.0831e-06	1.6528e-07
0.16356	1.464e-06	1.658e-07
0.16385	1.1953e-06	1.6381e-07
0.16414	1.1457e-06	1.6511e-07
0.16443	1.3414e-06	1.6489e-07
0.16471	1.0876e-06	1.6523e-07
0.165	1.1285e-06	1.6439e-07
0.16529	9.7156e-07	1.6471e-07
0.16557	1.089e-06	1.6381e-07
0.16586	1.1374e-06	1.6256e-07
0.16615	9.2126e-07	1.6174e-07
0.16644	9.866e-07	1.609e-07
0.16672	1.149e-06	1.61e-07
0.16701	1.0189e-06	1.6322e-07
0.1673	9.8188e-07	1.625e-07
0.16759	8.4825e-07	1.6301e-07
0.16787	1.0295e-06	1.6237e-07
0.16816	9.1524e-07	1.6351e-07
0.16845	1.166e-06	1.6282e-07
0.16873	7.7032e-07	1.6226e-07
0.16902	7.6642e-07	1.629e-07
0.16931	5.2534e-07	1.6256e-07
0.1696	9.3949e-07	1.6234e-07
0.16988	1.205e-06	1.6231e-07
0.17017	1.0091e-06	1.617e-07
0.17046	9.3506e-07	1.629e-07
0.17075	1.2162e-06	1.6092e-07
0.17103	8.6673e-07	1.619e-07
0.17132	1.0223e-06	1.6136e-07
0.17161	7.8421e-07	1.6213e-07
0.17189	1.5479e-06	1.6233e-07
0.17218	1.0192e-06	1.6005e-07
0.17247	1.208e-06	1.6169e-07
0.17276	1.0239e-06	1.6041e-07
0.17304	9.3178e-07	1.6064e-07
0.17333	9.0426e-07	1.6161e-07
0.17362	8.8633e-07	1.5979e-07
0.17391	9.4591e-07	1.6084e-07
0.17419	7.1914e-07	1.6058e-07
0.17448	9.9266e-07	1.6051e-07
0.17477	8.4948e-07	1.6023e-07
0.17505	1.0568e-06	1.5935e-07
0.17534	9.7e-07	1.6087e-07
0.17563	3.2442e-07	1.5993e-07
0.17592	7.9152e-07	1.5933e-07
0.1762	7.6991e-07	1.5878e-07
0.17649	9.508e-07	1.5959e-07
0.17678	1.0069e-06	1.5979e-07
0.17707	8.004e-07	1.6012e-07
0.17735	7.5874e-07	1.577e-07
0.17764	8.7724e-07	1.595e-07
0.17793	1.0038e-06	1.5922e-07
0.17821	6.7243e-07	1.5945e-07
0.1785	8.6589e-07	1.5876e-07
0.17879	1.0202e-06	1.5862e-07
0.17908	7.4805e-07	1.5783e-07
0.17936	1.2347e-06	1.5664e-07
0.17965	8.2094e-07	1.5493e-07
0.17994	7.6652e-07	1.5591e-07
0.18023	8.9079e-07	1.5729e-07
0.18051	9.4538e-07	1.5622e-07
0.1808	6.347e-07	1.5658e-07
0.18109	8.5424e-07	1.5561e-07
0.18137	8.6177e-07	1.564e-07
0.18166	6.1269e-07	1.5646e-07
0.18195	8.1079e-07	1.5663e-07
0.18224	8.5194e-07	1.569e-07
0.18252	7.3961e-07	1.5484e-07
0.18281	9.1785e-07	1.5637e-07
0.1831	1.2022e-06	1.5472e-07
0.18338	9.1806e-07	1.5514e-07
0.18367	4.9215e-07	1.5642e-07
0.18396	7.7434e-07	1.5405e-07
0.18425	8.7191e-07	1.5699e-07
0.18453	7.4302e-07	1.5399e-07
0.18482	1.1738e-06	1.5426e-07
0.18511	8.2488e-07	1.5575e-07
0.1854	1.1467e-06	1.543e-07
0.18568	7.2329e-07	1.5676e-07
0.18597	6.1371e-07	1.5407e-07
0.18626	1.0725e-06	1.5445e-07
0.18654	9.1793e-07	1.5452e-07
0.18683	9.3545e-07	1.5455e-07
0.18712	5.0763e-07	1.5503e-07
0.18741	8.3369e-07	1.5449e-07
0.18769	9.2273e-07	1.5536e-07
0.18798	9.7408e-07	1.5482e-07
0.18827	6.6602e-07	1.5357e-07
0.18856	7.8987e-07	1.554e-07
0.18884	6.2257e-07	1.5499e-07
0.18913	1.2174e-06	1.5437e-07
0.18942	7.7086e-07	1.5449e-07
0.1897	6.6479e-07	1.5347e-07
0.18999	7.1679e-07	1.5475e-07
0.19028	1.3882e-06	1.5341e-07
0.19057	5.044e-07	1.5385e-07
0.19085	8.437e-07	1.5393e-07
0.19114	9.3403e-07	1.5306e-07
0.19143	9.9581e-07	1.5501e-07
0.19171	7.1238e-07	1.5294e-07
0.192	5.3459e-07	1.5257e-07
0.19229	9.9307e-07	1.5403e-07
0.19258	5.1117e-07	1.53e-07
0.19286	8.0443e-07	1.5428e-07
0.19315	8.449e-07	1.5258e-07
0.19344	8.771e-07	1.5257e-07
0.19372	7.7217e-07	1.5238e-07
0.19401	8.3976e-07	1.5599e-07
0.1943	6.6214e-07	1.5852e-07
0.19459	4.5662e-07	1.6024e-07
0.19487	7.8311e-07	1.601e-07
0.19516	1.0518e-06	1.6226e-07
0.19545	5.7433e-07	1.6078e-07
0.19574	7.9441e-07	1.6101e-07
0.19602	6.0602e-07	1.6311e-07
0.19631	6.3748e-07	1.6245e-07
0.1966	1.0459e-06	1.6319e-07
0.19688	1.0421e-06	1.5997e-07
0.19717	7.3626e-07	1.6104e-07
0.19746	6.5039e-07	1.6328e-07
0.19775	9.1327e-07	1.6239e-07
0.19803	9.1457e-07	1.6308e-07
0.19832	7.1101e-07	1.6336e-07
0.19861	7.5995e-07	1.6414e-07
0.19889	1.4361e-06	1.6518e-07
0.19918	3.8448e-07	1.5849e-07
0.19947	1.1595e-06	1.5711e-07
0.19976	9.4605e-07	1.5589e-07
0.20004	8.9676e-07	1.5662e-07
0.20033	6.9133e-07	1.5588e-07
0.20062	4.0494e-07	1.5333e-07
0.2009	6.999e-07	1.5511e-07
0.20119	6.2759e-07	1.5446e-07
0.20148	1.0419e-06	1.5477e-07
0.20177	9.1071e-07	1.5417e-07
0.20205	4.5292e-07	1.5353e-07
0.20234	9.2193e-07	1.552e-07
0.20263	6.1996e-07	1.5308e-07
0.20292	6.0218e-07	1.5337e-07
0.2032	6.7888e-07	1.5285e-07
0.20349	9.322e-07	1.5283e-07
0.20378	7.3404e-07	1.5424e-07
0.20406	6.8034e-07	1.514e-07
0.20435	7.3161e-07	1.5282e-07
0.20464	9.7975e-07	1.5218e-07
0.20493	6.6596e-07	1.5237e-07
0.20521	7.0669e-07	1.5236e-07
0.2055	6.636e-07	1.5102e-07
0.20579	8.1164e-07	1.5257e-07
0.20607	5.0071e-07	1.5171e-07
0.20636	6.534e-07	1.5147e-07
0.20665	5.0669e-07	1.5088e-07
0.20694	6.0692e-07	1.5107e-07
0.20722	5.7167e-07	1.5236e-07
0.20751	5.8764e-07	1.5103e-07
0.2078	5.3718e-07	1.5031e-07
0.20808	7.5457e-07	1.5026e-07
0.20837	7.2298e-07	1.5116e-07
0.20866	7.1575e-07	1.5116e-07
0.20895	3.583e-07	1.4921e-07
0.20923	4.2328e-07	1.5057e-07
0.20952	7.8607e-07	1.5008e-07
0.20981	5.6367e-07	1.5093e-07
0.21009	6.9083e-07	1.4985e-07
0.21038	6.0355e-07	1.4957e-07
0.21067	6.802e-07	1.503e-07
0.21096	5.6367e-07	1.4917e-07
0.21124	4.7614e-07	1.4979e-07
0.21153	8.8679e-07	1.488e-07
0.21182	4.7326e-07	1.4922e-07
0.2121	5.7405e-07	1.4991e-07
0.21239	8.5729e-07	1.4865e-07
0.21268	7.0101e-07	1.4812e-07
0.21297	6.7706e-07	1.4786e-07
0.21325	6.7588e-07	1.4912e-07
0.21354	5.5837e-07	1.4899e-07
0.21383	8.1794e-07	1.4713e-07
0.21411	8.3905e-07	1.483e-07
0.2144	7.5938e-07	1.4535e-07
0.21469	1.0301e-06	1.4616e-07
0.21498	4.6728e-07	1.4525e-07
0.21526	4.9956e-07	1.457e-07
0.21555	7.0768e-07	1.4772e-07
0.21584	7.4889e-07	1.4565e-07
0.21612	4.4968e-07	1.4693e-07
0.21641	8.294e-07	1.4541e-07
0.2167	5.6523e-07	1.463e-07
0.21699	6.7476e-07	1.4638e-07
0.21727	6.9114e-07	1.4601e-07
0.21756	5.4568e-07	1.4651e-07
0.21785	1.0487e-06	1.4572e-07
0.21813	7.2554e-07	1.458e-07
0.21842	5.2562e-07	1.4645e-07
0.21871	8.1595e-07	1.4525e-07
0.219	4.5462e-07	1.4617e-07
0.21928	6.4445e-07	1.4547e-07
0.21957	8.2419e-07	1.4584e-07
0.21986	6.1019e-07	1.45e-07
0.22014	4.6986e-07	1.4531e-07
0.22043	3.9709e-07	1.4624e-07
0.22072	6.2721e-07	1.449e-07
0.22101	4.9161e-07	1.4586e-07
0.22129	5.7013e-07	1.4482e-07
0.22158	4.1447e-07	1.4601e-07
0.22187	4.751e-07	1.4518e-07
0.22215	8.552e-07	1.4508e-07
0.22244	9.4866e-07	1.4486e-07
0.22273	2.8608e-07	1.449e-07
0.22301	6.8232e-07	1.4487e-07
0.2233	7.0637e-07	1.4489e-07
0.22359	7.7907e-07	1.4457e-07
0.22388	4.7178e-07	1.4458e-07
0.22416	7.3581e-07	1.4419e-07
0.22445	5.9833e-07	1.4483e-07
0.22474	9.5251e-07	1.4354e-07
0.22502	5.814e-07	1.4462e-07
0.22531	2.7966e-07	1.4459e-07
0.2256	7.7091e-07	1.4427e-07
0.22589	7.321e-07	1.4391e-07
0.22617	5.4212e-07	1.4298e-07
0.22646	3.7318e-07	1.4467e-07
0.22675	3.5674e-07	1.4265e-07
0.22703	5.2002e-07	1.4131e-07
0.22732	6.1049e-07	1.4149e-07
0.22761	5.3405e-07	1.4132e-07
0.2279	7.7275e-07	1.4358e-07
0.22818	5.9201e-07	1.4254e-07
0.22847	3.2373e-07	1.4223e-07
0.22876	3.9584e-07	1.4298e-07
0.22904	5.4105e-07	1.419e-07
0.22933	6.7706e-07	1.4359e-07
0.22962	6.4298e-07	1.4162e-07
0.2299	5.707e-07	1.4235e-07
0.23019	2.4693e-07	1.4267e-07
0.23048	6.5047e-07	1.4211e-07
0.23077	1.6771e-07	1.4228e-07
0.23105	6.0947e-07	1.4068e-07
0.23134	5.5613e-07	1.4226e-07
0.23163	8.1537e-07	1.4097e-07
0.23191	6.026e-07	1.3913e-07
0.2322	6.8011e-07	1.394e-07
0.23249	5.23e-07	1.3886e-07
0.23278	7.3838e-07	1.4031e-07
0.23306	7.0218e-07	1.3991e-07
0.23335	5.9863e-07	1.3955e-07
0.23364	4.641e-07	1.4005e-07
0.23392	7.6461e-07	1.3954e-07
0.23421	6.2267e-07	1.4021e-07
0.2345	3.8813e-07	1.3881e-07
0.23478	5.3037e-07	1.3966e-07
0.23507	3.6019e-07	1.4025e-07
0.23536	2.9851e-07	1.3976e-07
0.23565	6.5988e-07	1.3992e-07
0.23593	5.4358e-07	1.3905e-07
0.23622	5.1389e-07	1.4034e-07
0.23651	5.3517e-07	1.4006e-07
0.23679	2.7945e-07	1.4004e-07
0.23708	2.5704e-07	1.4042e-07
0.23737	7.1843e-07	1.3919e-07
0.23766	4.8025e-07	1.4074e-07
0.23794	4.2562e-07	1.3918e-07
0.23823	3.3296e-07	1.3976e-07
0.23852	4.4784e-07	1.3976e-07
0.2388	5.0507e-07	1.3972e-07
0.23909	2.5504e-07	1.4038e-07
0.23938	2.9726e-07	1.3859e-07
0.23966	2.3873e-07	1.3982e-07
0.23995	5.3525e-07	1.393e-07
0.24024	5.5397e-07	1.3926e-07
0.24053	1.7915e-07	1.3931e-07
0.24081	4.8362e-07	1.3828e-07
0.2411	8.1252e-07	1.3997e-07
0.24139	5.7341e-07	1.3895e-07
0.24167	2.9737e-07	1.3837e-07
0.24196	6.8335e-07	1.3887e-07
0.24225	4.2039e-07	1.382e-07
0.24253	5.2137e-07	1.3921e-07
0.24282	8.8659e-07	1.3827e-07
0.24311	4.3168e-07	1.3848e-07
0.2434	4.7697e-07	1.3886e-07
0.24368	1.9808e-07	1.3901e-07
0.24397	8.6457e-07	1.3928e-07
0.24426	3.0393e-07	1.3775e-07
0.24454	4.4789e-07	1.3831e-07
0.24483	5.2554e-07	1.3832e-07
0.24512	7.7303e-07	1.3803e-07
0.24541	2.9264e-07	1.3767e-07
0.24569	6.2128e-07	1.3756e-07
0.24598	4.5644e-07	1.3803e-07
0.24627	3.2814e-07	1.3765e-07
0.24655	2.9455e-07	1.3687e-07
0.24684	5.7429e-07	1.3708e-07
0.24713	7.2357e-07	1.3737e-07
0.24741	5.1391e-07	1.3744e-07
0.2477	4.7818e-07	1.3708e-07
0.24799	5.3522e-07	1.3711e-07
0.24828	3.7856e-07	1.3722e-07
0.24856	4.0631e-07	1.3694e-07
0.24885	7.824e-07	1.3753e-07
0.24914	5.075e-07	1.3543e-07
0.24942	4.0246e-07	1.3561e-07
0.24971	3.0213e-07	1.3429e-07
0.25	5.0013e-07	1.3558e-07
0.25028	5.3592e-07	1.3459e-07
0.25057	1.902e-07	1.357e-07
0.25086	3.9459e-07	1.3605e-07
0.25114	5.4234e-07	1.3575e-07
0.25143	4.7516e-07	1.3548e-07
0.25172	5.413e-07	1.3458e-07
0.25201	5.5465e-07	1.3566e-07
0.25229	1.0197e-07	1.3584e-07
0.25258	5.7225e-07	1.355e-07
0.25287	2.1611e-07	1.3571e-07
0.25315	6.5384e-07	1.3512e-07
0.25344	4.1502e-07	1.3626e-07
0.25373	4.2201e-07	1.3544e-07
0.25401	2.7347e-07	1.3515e-07
0.2543	5.6042e-07	1.3564e-07
0.25459	7.4176e-07	1.3469e-07
0.25488	1.6563e-07	1.3527e-07
0.25516	7.8996e-07	1.363e-07
0.25545	6.2679e-07	1.3986e-07
0.25574	4.9559e-07	1.4109e-07
0.25602	6.7387e-07	1.4025e-07
0.25631	2.1488e-07	1.4198e-07
0.2566	2.2842e-07	1.411e-07
0.25688	6.6676e-07	1.4235e-07
0.25717	5.2475e-07	1.4361e-07
0.25746	4.6914e-07	1.4207e-07
0.25775	4.5404e-07	1.4329e-07
0.25803	4.3508e-07	1.428e-07
0.25832	4.866e-07	1.4403e-07
0.25861	6.9433e-07	1.4407e-07
0.25889	4.6331e-07	1.4313e-07
0.25918	5.532e-07	1.4525e-07
0.25947	4.8888e-07	1.4388e-07
0.25975	4.8595e-07	1.4563e-07
0.26004	3.3996e-07	1.4465e-07
0.26033	1.6438e-07	1.4532e-07
0.26061	6.6252e-07	1.4706e-07
0.2609	2.8004e-07	1.4555e-07
0.26119	4.9452e-07	1.4549e-07
0.26148	4.1676e-07	1.4587e-07
0.26176	3.5149e-07	1.4673e-07
0.26205	6.077e-07	1.4745e-07
0.26234	3.2579e-07	1.4593e-07
0.26262	5.0485e-07	1.4671e-07
0.26291	4.8494e-07	1.4676e-07
0.2632	6.0439e-07	1.4722e-07
0.26348	5.3333e-07	1.4699e-07
0.26377	4.02e-07	1.4684e-07
0.26406	2.9024e-07	1.4742e-07
0.26434	4.8158e-07	1.4767e-07
0.26463	3.6674e-07	1.4838e-07
0.26492	4.8173e-07	1.4701e-07
0.26521	2.901e-07	1.4845e-07
0.26549	4.3969e-07	1.4878e-07
0.26578	2.58e-07	1.4941e-07
0.26607	3.5915e-07	1.4783e-07
0.26635	3.8832e-07	1.4721e-07
0.26664	3.3044e-07	1.4824e-07
0.26693	5.2044e-07	1.5104e-07
0.26721	6.0004e-07	1.5552e-07
0.2675	3.6765e-07	1.5656e-07
0.26779	6.171e-07	1.5668e-07
0.26807	1.8701e-07	1.6108e-07
0.26836	1.206e-07	1.6068e-07
0.26865	6.091e-07	1.6273e-07
0.26894	2.5553e-07	1.6478e-07
0.26922	1.9518e-07	1.6564e-07
0.26951	5.6056e-07	1.6798e-07
0.2698	5.5746e-07	1.6643e-07
0.27008	3.3235e-07	1.7057e-07
0.27037	5.1728e-07	1.7129e-07
0.27066	5.5138e-07	1.724e-07
0.27094	3.8391e-07	1.7341e-07
0.27123	2.7759e-07	1.7275e-07
0.27152	5.2416e-07	1.7472e-07
0.2718	3.4102e-07	1.7487e-07
0.27209	5.8631e-07	1.7495e-07
0.27238	7.0483e-07	1.7704e-07
0.27267	2.5522e-07	1.7573e-07
0.27295	3.5732e-07	1.7872e-07
0.27324	-4.8508e-08	1.7634e-07
0.27353	1.6027e-07	1.7827e-07
0.27381	3.2934e-07	1.8021e-07
0.2741	4.7158e-07	1.7958e-07
0.27439	6.351e-07	1.8196e-07
0.27467	2.4377e-07	1.8093e-07
0.27496	3.4343e-07	1.8095e-07
0.27525	4.2917e-07	1.8342e-07
0.27553	7.7488e-08	1.8302e-07
0.27582	1.4834e-07	1.8316e-07
0.27611	2.8302e-07	1.8439e-07
0.27639	9.8448e-08	1.8435e-07
0.27668	2.1016e-07	1.8721e-07
0.27697	4.8167e-07	1.8347e-07
0.27726	2.7276e-07	1.8531e-07
0.27754	5.758e-07	1.8607e-07
0.27783	3.1138e-07	1.8609e-07
0.27812	2.2885e-07	1.8881e-07
0.2784	1.6077e-07	1.8465e-07
0.27869	1.5547e-07	1.8774e-07
0.27898	3.9271e-07	1.8873e-07
0.27926	4.7669e-07	1.8916e-07
0.27955	1.2814e-08	1.8966e-07
0.27984	6.6342e-07	1.8896e-07
0.28012	3.9442e-07	1.9029e-07
0.28041	6.2462e-07	1.9119e-07
0.2807	4.1281e-07	1.8984e-07
0.28098	-5.9617e-08	1.9244e-07
0.28127	6.3783e-07	1.9239e-07
0.28156	5.1588e-07	1.9218e-07
0.28184	4.5839e-07	1.9441e-07
0.28213	4.2675e-07	1.9253e-07
0.28242	2.6193e-07	1.9564e-07
0.28271	1.4584e-07	1.9606e-07
0.28299	2.5837e-07	1.9477e-07
0.28328	-2.0398e-07	1.9754e-07
0.28357	3.4123e-08	1.9562e-07
0.28385	1.8286e-08	1.9973e-07
0.28414	2.7206e-07	1.9859e-07
0.28443	9.3608e-07	1.9649e-07
0.28471	4.7858e-07	2.0098e-07
0.285	9.9673e-07	1.971e-07
0.28529	3.2139e-07	2.017e-07
0.28557	7.275e-08	1.9951e-07
0.28586	4.0496e-07	1.9861e-07
0.28615	2.5463e-07	2.0354e-07
0.28643	2.306e-07	1.9925e-07
0.28672	1.792e-07	2.0233e-07
0.28701	4.6117e-08	2.02e-07
0.28729	3.5491e-07	2.0205e-07
0.28758	1.2904e-07	2.0774e-07
0.28787	5.917e-07	2.0032e-07
0.28815	2.6626e-07	2.052e-07
0.28844	1.8326e-07	2.0559e-07
0.28873	2.0197e-07	2.0519e-07
0.28902	-1.6602e-08	2.1163e-07
0.2893	5.5555e-07	2.0269e-07
0.28959	3.999e-07	2.0925e-07
0.28988	7.5206e-07	2.0811e-07
0.29016	1.2e-07	2.097e-07
0.29045	3.2997e-07	2.1014e-07
0.29074	2.9363e-08	2.0852e-07
0.29102	3.4731e-07	2.1247e-07
0.29131	1.3718e-07	2.1138e-07
0.2916	8.0056e-07	2.1114e-07
0.29188	1.2642e-07	2.1392e-07
0.29217	6.5761e-07	2.118e-07
0.29246	-2.3193e-08	2.1612e-07
0.29274	5.1633e-07	2.1221e-07
0.29303	2.6573e-07	2.1605e-07
0.29332	2.3596e-07	2.1432e-07
0.2936	1.9674e-07	2.1563e-07
0.29389	1.6031e-07	2.1705e-07
0.29418	3.8229e-07	2.1479e-07
0.29446	4.9461e-07	2.1986e-07
0.29475	-3.2736e-08	2.1812e-07
0.29504	5.9398e-07	2.1834e-07
0.29532	4.0462e-07	2.1815e-07
0.29561	5.9011e-07	2.1991e-07
0.2959	2.4387e-07	2.2287e-07
0.29618	2.1701e-07	2.2019e-07
0.29647	3.2356e-07	2.2092e-07
0.29676	9.3351e-08	2.2073e-07
0.29705	1.9724e-07	2.2522e-07
0.29733	8.162e-07	2.2292e-07
0.29762	5.4666e-07	2.2352e-07
0.29791	2.5781e-07	2.2673e-07
0.29819	2.3134e-08	2.2293e-07
0.29848	2.7249e-07	2.278e-07
0.29877	1.2361e-08	2.2418e-07
0.29905	1.6031e-07	2.2644e-07
0.29934	7.1205e-07	2.2784e-07
0.29963	3.2906e-07	2.2349e-07
0.29991	2.3236e-07	2.2797e-07
0.3002	1.4031e-07	2.2436e-07
0.30049	5.1516e-07	2.2823e-07
0.30077	6.5945e-07	2.2862e-07
0.30106	2.0563e-07	2.2524e-07
0.30135	3.2011e-07	2.3105e-07
0.30163	4.8892e-08	2.2563e-07
0.30192	-1.7158e-07	2.3133e-07
0.30221	3.3167e-08	2.3171e-07
0.30249	3.9874e-07	2.2937e-07
0.30278	3.6724e-07	2.3534e-07
0.30307	-1.6739e-07	2.291e-07
0.30335	2.4957e-07	2.3471e-07
0.30364	-3.833e-07	2.3496e-07
0.30393	1.9289e-07	2.3588e-07
0.30421	2.9866e-07	2.3788e-07
0.3045	7.3187e-08	2.3224e-07
0.30479	1.5558e-07	2.3994e-07
0.30507	3.4384e-07	2.3513e-07
0.30536	1.0083e-07	2.3897e-07
0.30565	1.4263e-07	2.4023e-07
0.30593	1.8475e-07	2.3479e-07
0.30622	3.5913e-07	2.4396e-07
0.30651	7.1322e-07	2.3732e-07
0.30679	5.7795e-07	2.4139e-07
0.30708	3.167e-07	2.4078e-07
0.30737	5.9227e-07	2.4224e-07
0.30765	3.9946e-07	2.4765e-07
0.30794	6.502e-07	2.404e-07
0.30823	5.7548e-07	2.4644e-07
0.30851	3.0459e-07	2.4438e-07
0.3088	2.0586e-07	2.4538e-07
0.30909	4.1497e-07	2.5149e-07
0.30937	4.946e-07	2.4247e-07
0.30966	7.2812e-07	2.4957e-07
0.30995	-3.3779e-07	2.468e-07
0.31023	1.9883e-07	2.5034e-07
0.31052	4.0457e-07	2.5091e-07
0.31081	2.1025e-07	2.5156e-07
0.31109	5.8395e-07	2.553e-07
0.31138	1.5858e-07	2.4977e-07
0.31167	4.6861e-08	2.5553e-07
0.31195	3.2501e-07	2.5365e-07
0.31224	4.8904e-07	2.5558e-07
0.31253	3.5502e-07	2.5899e-07
0.31282	7.5236e-08	2.5363e-07
0.3131	-7.4217e-09	2.6089e-07
0.31339	2.5634e-07	2.5502e-07
0.31368	1.4914e-07	2.6229e-07
0.31396	-5.2884e-08	2.6284e-07
0.31425	2.3095e-07	2.5805e-07
0.31454	9.5218e-08	2.6617e-07
0.31482	-1.5912e-07	2.5924e-07
0.31511	1.7733e-07	2.6743e-07
0.3154	1.1157e-07	2.6571e-07
0.31568	2.7956e-07	2.6315e-07
0.31597	3.9578e-07	2.7233e-07
0.31626	8.948e-08	2.621e-07
0.31654	3.4194e-07	2.7094e-07
0.31683	2.6023e-07	2.6826e-07
0.31712	5.7264e-07	2.7051e-07
0.3174	-2.34e-09	2.7872e-07
0.31769	8.2565e-07	2.6605e-07
0.31798	7.4898e-08	2.7765e-07
0.31826	1.565e-07	2.7043e-07
0.31855	4.7601e-07	2.7711e-07
0.31883	4.7251e-07	2.7706e-07
0.31912	3.6133e-07	2.7472e-07
0.31941	-2.8511e-08	2.7965e-07
0.31969	5.6072e-07	2.7423e-07
0.31998	1.0231e-07	2.8359e-07
0.32027	2.7502e-07	2.7997e-07
0.32055	3.9199e-07	2.7881e-07
0.32084	3.9076e-07	2.8708e-07
0.32113	-4.7322e-08	2.7868e-07
0.32141	5.782e-07	2.8722e-07
0.3217	6.6975e-07	2.8439e-07
0.32199	3.7749e-07	2.8748e-07
0.32227	7.5149e-07	2.8899e-07
0.32256	1.8274e-07	2.8652e-07
0.32285	-1.2013e-07	2.9332e-07
0.32313	2.5136e-07	2.8668e-07
0.32342	6.721e-07	2.9451e-07
0.32371	3.7797e-07	2.9188e-07
0.32399	4.4731e-07	2.9466e-07
0.32428	1.0336e-06	3.0281e-07
0.32457	2.0635e-07	2.9023e-07
0.32485	1.4982e-07	3.0124e-07
0.32514	8.9033e-09	2.9539e-07
0.32543	1.0021e-06	3.0031e-07
0.32571	8.2392e-07	3.0869e-07
0.326	8.3024e-07	2.9258e-07
0.32629	-3.3169e-07	3.0848e-07
0.32657	1.877e-07	2.9964e-07
0.32686	-4.6452e-07	3.0657e-07
0.32715	5.1363e-07	3.0648e-07
0.32743	1.7905e-07	3.0636e-07
0.32772	4.5131e-07	3.1563e-07
0.32801	-4.1467e-08	3.0712e-07
0.32829	-2.2751e-08	3.1547e-07
0.32858	5.127e-08	3.1175e-07
0.32887	3.6861e-07	3.1352e-07
0.32915	8.4018e-07	3.2086e-07
0.32944	-2.0697e-08	3.1164e-07
0.32973	-4.9286e-07	3.2414e-07
0.33001	1.5144e-07	3.1202e-07
0.3303	-1.7826e-07	3.2348e-07
0.33059	1.0515e-06	3.1922e-07
0.33087	8.708e-07	3.1572e-07
0.33116	1.7991e-08	3.2514e-07
0.33145	1.5701e-07	3.1018e-07
0.33173	-1.3714e-07	3.2446e-07
0.33202	-5.9264e-07	3.188e-07
0.33231	7.87e-07	3.224e-07
0.33259	5.6926e-07	3.2856e-07
0.33288	5.3248e-07	3.0881e-07
0.33317	5.5873e-07	3.2977e-07
0.33345	1.0464e-07	3.1966e-07
0.33374	1.0128e-06	3.2823e-07
0.33402	3.33e-07	3.3136e-07
0.33431	4.1235e-07	3.2026e-07
0.3346	5.5213e-07	3.3778e-07
0.33488	1.59e-07	3.2253e-07
0.33517	-7.9475e-07	3.3624e-07
0.33546	-2.7381e-07	3.3309e-07
0.33574	4.7161e-07	3.3263e-07
0.33603	3.859e-07	3.4473e-07
0.33632	3.4096e-07	3.3145e-07
0.3366	2.6205e-07	3.4336e-07
0.33689	-4.865e-07	3.4069e-07
0.33718	-1.8889e-07	3.444e-07
0.33746	3.9898e-09	3.5155e-07
0.33775	2.6511e-07	3.3608e-07
0.33804	6.2351e-07	3.5479e-07
0.33832	2.0301e-07	3.4453e-07
0.33861	1.0671e-07	3.5696e-07
0.3389	7.0699e-07	3.5736e-07
0.33918	2.8094e-07	3.4644e-07
0.33947	5.8761e-07	3.6862e-07
0.33976	3.4267e-07	3.4523e-07
0.34004	-7.7154e-08	3.6947e-07
0.34033	-2.9637e-07	3.5552e-07
0.34062	3.9128e-07	3.6665e-07
0.3409	-3.6736e-08	3.7641e-07
0.34119	8.9766e-07	3.537e-07
0.34147	4.6065e-07	3.8157e-07
0.34176	1.1435e-08	3.6449e-07
0.34205	-8.3681e-07	3.7519e-07
0.34233	1.2531e-07	3.8491e-07
0.34262	1.63e-07	3.6983e-07
0.34291	-3.1765e-07	3.9151e-07
0.34319	2.2146e-07	3.6945e-07
0.34348	9.362e-07	3.8843e-07
0.34377	1.0278e-06	3.8159e-07
0.34405	-2.7583e-07	3.9152e-07
0.34434	-4.3712e-07	4.04e-07
0.34463	8.2787e-07	3.8097e-07
0.34491	2.195e-07	4.0551e-07
0.3452	7.9112e-07	3.9225e-07
0.34549	8.9144e-07	4.0157e-07
0.34577	-2.1921e-07	4.2101e-07
0.34606	-1.4165e-07	3.8683e-07
0.34635	7.7046e-07	4.2709e-07
0.34663	6.8685e-07	4.0132e-07
0.34692	2.7837e-07	4.2279e-07
0.3472	-6.2235e-07	4.1732e-07
0.34749	2.3463e-07	4.1387e-07
0.34778	7.5089e-08	4.3846e-07
0.34806	5.6756e-07	4.0772e-07
0.34835	6.5333e-07	4.4042e-07
0.34864	3.0422e-07	4.2011e-07
0.34892	-2.3103e-07	4.4687e-07
0.34921	-6.569e-07	4.5531e-07
0.3495	-2.2478e-07	4.2657e-07
0.34978	6.5304e-08	4.5583e-07
0.35007	6.7013e-07	4.3828e-07
0.35036	5.3535e-07	4.6503e-07
0.35064	5.9012e-07	4.6048e-07
0.35093	4.5583e-07	4.5082e-07
0.35122	2.514e-07	4.8548e-07
0.3515	-2.0162e-07	4.4526e-07
0.35179	1.372e-07	4.8821e-07
0.35207	-8.3476e-07	4.7171e-07
0.35236	4.8774e-07	4.7532e-07
0.35265	3.9053e-07	5.2401e-07
0.35293	1.1885e-07	4.5499e-07
0.35322	3.0877e-07	5.2023e-07
0.35351	8.7766e-07	4.8134e-07
0.35379	-5.7347e-07	5.13e-07
0.35408	-7.2595e-07	5.3202e-07
0.35437	-1.0414e-06	4.8476e-07
0.35465	2.7971e-07	5.5085e-07
0.35494	-2.9645e-08	4.8671e-07
0.35523	-5.8951e-07	5.5233e-07
0.35551	6.8208e-07	5.2903e-07
0.3558	-5.4518e-07	5.4162e-07
0.35609	-2.623e-07	5.8587e-07
0.35637	-6.6306e-07	5.1357e-07
0.35666	1.1212e-06	5.895e-07
0.35694	3.5347e-07	5.3909e-07
0.35723	4.282e-07	5.9403e-07
0.35752	-1.3842e-06	6.1472e-07
0.3578	-2.2751e-07	5.6129e-07
0.35809	-6.3143e-07	6.3641e-07
0.35838	-3.7743e-07	5.7837e-07
0.35866	-4.1363e-07	6.2909e-07
0.35895	1.5191e-06	6.2484e-07
0.35924	-2.4299e-07	6.2282e-07
0.35952	-4.5691e-07	6.7153e-07
0.35981	-5.9995e-07	6.1189e-07
0.36009	2.4367e-07	6.9927e-07
0.36038	-5.1692e-07	6.6104e-07
0.36067	1.3789e-06	6.9174e-07
0.36095	-2.2421e-07	7.3269e-07
0.36124	1.4913e-06	6.7405e-07
0.36153	-1.8889e-07	7.3865e-07
0.36181	1.2643e-06	7.2296e-07
0.3621	-3.9679e-07	7.4363e-07
0.36239	-9.6369e-07	8.369e-07
0.36267	5.8076e-07	7.3563e-07
0.36296	-7.491e-07	8.5045e-07
