  9.663614e-02   1.496728e+01   3.347272e-01
  1.013536e-01   1.524790e+01   3.013512e-01
  1.060711e-01   1.478460e+01   3.138846e-01
  1.107886e-01   1.468392e+01   2.735860e-01
  1.155061e-01   1.459866e+01   2.579714e-01
  1.202236e-01   1.445874e+01   2.490698e-01
  1.249411e-01   1.434776e+01   2.464576e-01
  1.296586e-01   1.414381e+01   2.319438e-01
  1.343761e-01   1.441034e+01   2.146992e-01
  1.390937e-01   1.414920e+01   2.111720e-01
  1.438112e-01   1.419092e+01   2.138586e-01
  1.485287e-01   1.428305e+01   1.994602e-01
  1.532462e-01   1.383840e+01   1.861702e-01
  1.579637e-01   1.380424e+01   1.869625e-01
  1.626812e-01   1.357474e+01   1.907572e-01
  1.673987e-01   1.325363e+01   1.759155e-01
  1.721162e-01   1.349882e+01   1.717583e-01
  1.768337e-01   1.342472e+01   1.671008e-01
  1.815512e-01   1.332974e+01   1.684704e-01
  1.862687e-01   1.305637e+01   1.672891e-01
  1.909862e-01   1.329848e+01   1.591742e-01
  1.957037e-01   1.310807e+01   1.555629e-01
  2.004212e-01   1.306318e+01   1.563084e-01
  2.051387e-01   1.257218e+01   1.497077e-01
  2.098562e-01   1.259587e+01   1.490500e-01
  2.145737e-01   1.250024e+01   1.416683e-01
  2.192912e-01   1.239751e+01   1.436108e-01
  2.240087e-01   1.208987e+01   1.415099e-01
  2.287262e-01   1.237051e+01   1.380332e-01
  2.334437e-01   1.199887e+01   1.358121e-01
  2.381612e-01   1.174228e+01   1.344056e-01
  2.428787e-01   1.150773e+01   1.314195e-01
  2.475962e-01   1.153084e+01   1.288039e-01
  2.523137e-01   1.162933e+01   1.249758e-01
  2.570312e-01   1.128368e+01   1.271404e-01
  2.617487e-01   1.123257e+01   1.254308e-01
  2.664662e-01   1.104473e+01   1.228714e-01
  2.711837e-01   1.092110e+01   1.203478e-01
  2.759012e-01   1.073104e+01   1.187597e-01
  2.806187e-01   1.085693e+01   1.201542e-01
  2.853362e-01   1.064438e+01   1.175357e-01
  2.900537e-01   1.017313e+01   1.153423e-01
  2.947712e-01   1.035532e+01   1.121214e-01
  2.994887e-01   1.004053e+01   1.130175e-01
  3.042062e-01   9.813690e+00   1.092102e-01
  3.089237e-01   9.648132e+00   1.098817e-01
  3.136412e-01   9.760990e+00   1.049540e-01
  3.183587e-01   9.679636e+00   1.072624e-01
  3.230762e-01   9.336322e+00   1.069922e-01
  3.277937e-01   9.407154e+00   1.056705e-01
  3.325112e-01   9.399772e+00   1.027751e-01
  3.372287e-01   9.161716e+00   1.017421e-01
  3.419462e-01   9.153458e+00   1.016841e-01
  3.466637e-01   9.027954e+00   1.010551e-01
  3.513812e-01   8.952674e+00   1.009916e-01
  3.560987e-01   8.792036e+00   9.668108e-02
  3.608162e-01   8.614434e+00   1.004478e-01
  3.655337e-01   8.650922e+00   1.002802e-01
  3.702512e-01   8.319136e+00   1.009130e-01
  3.749687e-01   8.194480e+00   1.001908e-01
  3.796862e-01   8.150626e+00   1.055306e-01
  3.844037e-01   7.973436e+00   1.040284e-01
  3.891212e-01   7.862798e+00   1.052238e-01
  3.938387e-01   7.798452e+00   1.067737e-01
  3.985562e-01   7.759832e+00   1.115346e-01
  4.032737e-01   7.511420e+00   1.133484e-01
  4.079912e-01   7.416818e+00   1.121368e-01
  4.127087e-01   7.363968e+00   1.147240e-01
  4.174262e-01   7.196912e+00   1.154705e-01
  4.221437e-01   7.101118e+00   1.207191e-01
  4.268612e-01   7.299854e+00   1.181534e-01
  4.315787e-01   6.842276e+00   1.216550e-01
  4.362962e-01   6.816294e+00   1.234076e-01
  4.410137e-01   6.822122e+00   1.257110e-01
  4.457312e-01   6.662754e+00   1.254408e-01
  4.504487e-01   6.673180e+00   1.269748e-01
  4.551662e-01   6.632764e+00   1.287403e-01
  4.598837e-01   6.623332e+00   1.271361e-01
  4.646012e-01   6.436526e+00   1.207490e-01
  4.693187e-01   6.293902e+00   1.203033e-01
  4.740362e-01   6.540708e+00   1.193858e-01
  4.787537e-01   6.042774e+00   1.193719e-01
  4.834712e-01   6.117442e+00   1.164923e-01
  4.881887e-01   6.063132e+00   1.159461e-01
  4.929062e-01   5.945000e+00   1.155118e-01
  4.976237e-01   5.888074e+00   1.146154e-01
  5.023412e-01   5.777982e+00   1.117996e-01
  5.070587e-01   5.790418e+00   1.137108e-01
  5.117762e-01   5.613430e+00   1.124701e-01
  5.164937e-01   5.281496e+00   1.111938e-01
  5.212112e-01   5.429944e+00   1.091567e-01
  5.259287e-01   5.335810e+00   1.090750e-01
  5.306462e-01   5.453106e+00   1.107876e-01
  5.353637e-01   5.175448e+00   1.089960e-01
  5.400812e-01   5.076360e+00   1.055730e-01
  5.447987e-01   5.117640e+00   1.068845e-01
  5.495162e-01   4.876536e+00   1.070991e-01
  5.542337e-01   4.861396e+00   1.042299e-01
  5.589512e-01   4.936488e+00   1.040615e-01
  5.636687e-01   4.740290e+00   1.029950e-01
  5.683862e-01   4.809848e+00   1.031578e-01
  5.731037e-01   4.617884e+00   1.041714e-01
  5.778212e-01   4.624408e+00   9.750482e-02
  5.825388e-01   4.544896e+00   1.003260e-01
  5.872563e-01   4.670382e+00   1.000572e-01
  5.919738e-01   4.439272e+00   9.959818e-02
  5.966913e-01   4.359500e+00   9.723660e-02
  6.014088e-01   4.362272e+00   9.711156e-02
  6.061263e-01   4.112458e+00   9.697160e-02
  6.108438e-01   4.275394e+00   9.921240e-02
  6.155613e-01   4.064114e+00   9.613882e-02
  6.202788e-01   4.269670e+00   9.564520e-02
  6.249963e-01   4.026472e+00   9.624170e-02
  6.297138e-01   4.144638e+00   9.670570e-02
  6.344313e-01   4.040690e+00   9.509170e-02
  6.391488e-01   3.911486e+00   9.323734e-02
  6.438663e-01   3.913594e+00   9.476006e-02
  6.485838e-01   3.815896e+00   9.428574e-02
  6.533013e-01   3.859428e+00   9.517472e-02
  6.580188e-01   3.976458e+00   9.212424e-02
  6.627363e-01   3.650762e+00   9.314830e-02
  6.674538e-01   3.634452e+00   9.255608e-02
  6.721713e-01   3.583738e+00   9.293254e-02
  6.768888e-01   3.364504e+00   9.041768e-02
  6.816063e-01   3.656228e+00   9.143932e-02
  6.863238e-01   3.492342e+00   9.012028e-02
  6.910413e-01   3.406668e+00   9.234424e-02
  6.957588e-01   3.195558e+00   8.870734e-02
  7.004763e-01   3.255586e+00   8.945376e-02
  7.051938e-01   3.289668e+00   8.984934e-02
  7.099113e-01   3.361230e+00   9.150654e-02
  7.146288e-01   3.258696e+00   9.024044e-02
  7.193463e-01   3.129032e+00   8.632142e-02
  7.240638e-01   3.153932e+00   8.807534e-02
  7.287813e-01   3.200794e+00   8.953148e-02
  7.334988e-01   3.015838e+00   8.858398e-02
  7.382163e-01   2.936896e+00   8.551006e-02
  7.429338e-01   2.979400e+00   8.626176e-02
  7.476513e-01   3.017608e+00   8.667282e-02
  7.523688e-01   2.907932e+00   8.834038e-02
  7.570863e-01   2.924652e+00   8.536394e-02
  7.618038e-01   3.003550e+00   8.617416e-02
  7.665213e-01   2.894200e+00   8.541260e-02
  7.712388e-01   2.838188e+00   8.725370e-02
  7.759563e-01   2.912612e+00   8.499594e-02
  7.806738e-01   2.748484e+00   8.345928e-02
  7.853913e-01   2.825744e+00   8.517742e-02
  7.901088e-01   2.693016e+00   8.533324e-02
  7.948263e-01   2.649712e+00   8.481058e-02
  7.995438e-01   2.622066e+00   8.278530e-02
  8.042613e-01   2.599490e+00   8.169034e-02
  8.089788e-01   2.608722e+00   8.504882e-02
  8.136963e-01   2.678862e+00   8.438846e-02
  8.184138e-01   2.461980e+00   8.031624e-02
  8.231313e-01   2.533976e+00   8.282310e-02
  8.278488e-01   2.532732e+00   8.348758e-02
  8.325663e-01   2.622056e+00   8.330646e-02
  8.372838e-01   2.335002e+00   8.024272e-02
  8.420013e-01   2.283600e+00   8.110572e-02
  8.467188e-01   2.363454e+00   8.268764e-02
  8.514363e-01   2.284368e+00   8.028518e-02
  8.561538e-01   2.323984e+00   8.102302e-02
  8.608713e-01   2.284778e+00   7.887202e-02
  8.655888e-01   2.280384e+00   8.110910e-02
  8.703063e-01   2.334578e+00   8.030206e-02
  8.750238e-01   2.249384e+00   8.026746e-02
  8.797413e-01   2.336054e+00   7.859088e-02
  8.844588e-01   2.101096e+00   7.966814e-02
  8.891763e-01   2.162534e+00   7.952546e-02
  8.938938e-01   2.279472e+00   7.971534e-02
  8.986113e-01   2.185172e+00   7.846770e-02
  9.033288e-01   2.066100e+00   7.853636e-02
  9.080463e-01   2.064942e+00   7.807550e-02
  9.127638e-01   2.179236e+00   7.813084e-02
  9.174813e-01   2.096002e+00   7.816288e-02
  9.221988e-01   2.123042e+00   7.737406e-02
  9.269163e-01   1.962840e+00   7.757366e-02
  9.316338e-01   2.101584e+00   7.758336e-02
  9.363513e-01   1.956278e+00   7.790898e-02
  9.410688e-01   2.024376e+00   7.604752e-02
  9.457863e-01   1.965654e+00   7.659510e-02
  9.505038e-01   2.000720e+00   7.766506e-02
  9.552213e-01   1.870402e+00   7.669798e-02
  9.599388e-01   2.036454e+00   7.484732e-02
  9.646563e-01   1.754888e+00   7.544320e-02
  9.693738e-01   1.922090e+00   5.004480e-02
  9.740913e-01   1.803862e+00   4.980617e-02
  9.788088e-01   1.988550e+00   4.930498e-02
  9.835263e-01   1.838337e+00   4.971702e-02
  9.882438e-01   1.764436e+00   4.961067e-02
  9.929613e-01   1.846099e+00   4.994685e-02
  9.976788e-01   1.748239e+00   4.941955e-02
  1.002396e+00   1.808443e+00   4.847978e-02
  1.007114e+00   1.813035e+00   4.893698e-02
  1.011831e+00   1.671130e+00   4.868090e-02
  1.016549e+00   1.754307e+00   4.881356e-02
  1.021266e+00   1.671753e+00   4.789798e-02
  1.025984e+00   1.770961e+00   4.800843e-02
  1.030701e+00   1.832876e+00   4.898200e-02
  1.035419e+00   1.710038e+00   4.881200e-02
  1.040136e+00   1.617972e+00   4.754460e-02
  1.044854e+00   1.648038e+00   4.807652e-02
  1.049571e+00   1.607335e+00   4.833643e-02
  1.054289e+00   1.680386e+00   4.837930e-02
  1.059006e+00   1.601124e+00   4.690292e-02
  1.063724e+00   1.576575e+00   4.715799e-02
  1.068441e+00   1.554259e+00   4.770370e-02
  1.073159e+00   1.630646e+00   4.780042e-02
  1.077876e+00   1.438884e+00   4.719193e-02
  1.082594e+00   1.591353e+00   4.623956e-02
  1.087311e+00   1.465918e+00   4.745096e-02
  1.092029e+00   1.508752e+00   4.696246e-02
  1.096746e+00   1.487859e+00   4.743295e-02
  1.101464e+00   1.521562e+00   4.610369e-02
  1.106181e+00   1.570038e+00   4.678096e-02
  1.110899e+00   1.510254e+00   4.633338e-02
  1.115616e+00   1.415193e+00   4.675422e-02
  1.120334e+00   1.455473e+00   4.544732e-02
  1.125051e+00   1.468357e+00   4.654708e-02
  1.129769e+00   1.551868e+00   4.631049e-02
  1.134486e+00   1.448728e+00   4.599598e-02
  1.139204e+00   1.433730e+00   4.581904e-02
  1.143921e+00   1.388349e+00   4.605542e-02
  1.148639e+00   1.496430e+00   4.565409e-02
  1.153356e+00   1.291957e+00   4.577336e-02
  1.158074e+00   1.327271e+00   4.571132e-02
  1.162791e+00   1.377831e+00   4.521693e-02
  1.167509e+00   1.282077e+00   4.479754e-02
  1.172226e+00   1.293365e+00   4.526788e-02
  1.176944e+00   1.332153e+00   4.532877e-02
  1.181661e+00   1.297780e+00   4.488428e-02
  1.186379e+00   1.275083e+00   4.475584e-02
  1.191096e+00   1.338157e+00   4.512449e-02
  1.195814e+00   1.337441e+00   4.519834e-02
  1.200531e+00   1.286294e+00   4.517071e-02
  1.205249e+00   1.435717e+00   4.646216e-02
  1.209966e+00   1.311458e+00   6.189827e-02
  1.214684e+00   1.262529e+00   6.307677e-02
  1.219401e+00   1.152343e+00   6.258661e-02
  1.224119e+00   1.279765e+00   6.354776e-02
  1.228836e+00   1.347191e+00   6.373547e-02
  1.233554e+00   1.275029e+00   6.552994e-02
  1.238271e+00   1.175726e+00   6.615856e-02
  1.242989e+00   1.266403e+00   6.514254e-02
  1.247706e+00   1.262714e+00   6.600390e-02
  1.252424e+00   1.220865e+00   6.701664e-02
  1.257141e+00   1.208056e+00   6.760850e-02
  1.261859e+00   1.306023e+00   6.760602e-02
  1.266576e+00   1.173301e+00   6.518161e-02
  1.271294e+00   1.157079e+00   6.365783e-02
  1.276011e+00   1.224920e+00   6.410300e-02
  1.280729e+00   1.066110e+00   6.031486e-02
  1.285446e+00   1.043700e+00   6.008558e-02
  1.290164e+00   1.094302e+00   6.067892e-02
  1.294881e+00   1.156935e+00   6.025140e-02
  1.299599e+00   1.148994e+00   5.972824e-02
  1.304316e+00   1.136180e+00   5.731711e-02
  1.309034e+00   1.015167e+00   5.848207e-02
  1.313751e+00   1.159077e+00   5.853962e-02
  1.318469e+00   1.119939e+00   5.820894e-02
  1.323186e+00   1.009254e+00   5.597598e-02
  1.327904e+00   1.114649e+00   5.760858e-02
  1.332621e+00   1.097599e+00   5.682651e-02
  1.337339e+00   1.126484e+00   5.769589e-02
  1.342056e+00   1.087053e+00   5.605232e-02
  1.346774e+00   1.120387e+00   5.666019e-02
  1.351491e+00   9.849196e-01   5.649434e-02
  1.356209e+00   1.098148e+00   5.686007e-02
  1.360926e+00   1.018098e+00   5.591626e-02
  1.365644e+00   1.017939e+00   5.587694e-02
  1.370361e+00   9.881661e-01   5.581162e-02
  1.375079e+00   1.049240e+00   5.646067e-02
  1.379796e+00   1.026073e+00   5.599816e-02
  1.384514e+00   9.611098e-01   5.460343e-02
  1.389231e+00   1.063761e+00   5.574503e-02
  1.393949e+00   1.128830e+00   5.563682e-02
  1.398666e+00   1.021865e+00   5.587604e-02
  1.403384e+00   9.710508e-01   5.455727e-02
  1.408101e+00   1.017747e+00   5.492015e-02
  1.412819e+00   9.348405e-01   5.524991e-02
  1.417536e+00   9.686331e-01   5.492449e-02
  1.422254e+00   1.041661e+00   5.499984e-02
  1.426971e+00   1.042208e+00   5.427429e-02
  1.431689e+00   1.061265e+00   5.497895e-02
  1.436406e+00   8.618946e-01   5.494801e-02
  1.441124e+00   1.063028e+00   5.417203e-02
  1.445841e+00   8.685169e-01   5.300300e-02
  1.450559e+00   9.744081e-01   5.482278e-02
  1.455276e+00   9.173058e-01   5.431471e-02
  1.459994e+00   8.806071e-01   5.412426e-02
  1.464711e+00   9.154333e-01   5.283431e-02
  1.469429e+00   9.785540e-01   5.399767e-02
  1.474146e+00   9.105124e-01   5.415585e-02
  1.478864e+00   8.132332e-01   5.382418e-02
  1.483581e+00   9.824716e-01   5.287195e-02
  1.488299e+00   8.772868e-01   5.337498e-02
  1.493016e+00   8.003930e-01   5.452242e-02
  1.497734e+00   8.874325e-01   5.641348e-02
  1.502451e+00   8.321606e-01   5.623086e-02
  1.507169e+00   8.782749e-01   5.679420e-02
  1.511886e+00   8.108910e-01   5.808458e-02
  1.516604e+00   8.891454e-01   5.946156e-02
  1.521321e+00   1.010252e+00   5.768450e-02
  1.526039e+00   8.758774e-01   5.513605e-02
  1.530756e+00   9.027995e-01   5.566563e-02
  1.535474e+00   8.467541e-01   5.586411e-02
  1.540191e+00   8.397140e-01   5.436567e-02
  1.544909e+00   9.693680e-01   5.352459e-02
  1.549626e+00   9.191932e-01   5.357647e-02
  1.554344e+00   7.463661e-01   5.305906e-02
  1.559061e+00   8.560273e-01   5.274398e-02
  1.563779e+00   8.129229e-01   5.151769e-02
  1.568496e+00   7.489448e-01   5.223262e-02
  1.573214e+00   8.142869e-01   5.252021e-02
  1.577931e+00   8.224226e-01   5.218903e-02
  1.582649e+00   8.400109e-01   5.200712e-02
  1.587366e+00   7.957152e-01   5.205766e-02
  1.592084e+00   8.377627e-01   5.264109e-02
  1.596801e+00   8.150620e-01   5.239673e-02
  1.601519e+00   8.294425e-01   5.213160e-02
  1.606236e+00   8.339860e-01   5.100347e-02
  1.610954e+00   8.825081e-01   5.226587e-02
  1.615671e+00   7.838465e-01   5.205538e-02
  1.620389e+00   7.480623e-01   5.172826e-02
  1.625106e+00   7.541091e-01   5.099815e-02
  1.629824e+00   6.785459e-01   5.108322e-02
  1.634541e+00   8.338199e-01   5.185295e-02
  1.639259e+00   8.056294e-01   5.140162e-02
  1.643976e+00   7.258196e-01   5.107119e-02
  1.648694e+00   7.924117e-01   5.099606e-02
  1.653411e+00   7.453090e-01   5.131818e-02
  1.658129e+00   6.668968e-01   5.067434e-02
  1.662846e+00   7.198869e-01   5.113485e-02
  1.667564e+00   8.076763e-01   5.001169e-02
  1.672281e+00   7.095215e-01   5.112374e-02
  1.676999e+00   7.948847e-01   5.067767e-02
  1.681716e+00   7.343949e-01   5.141796e-02
  1.686434e+00   7.056491e-01   4.925038e-02
  1.691152e+00   7.222123e-01   5.041656e-02
  1.695869e+00   7.296081e-01   5.057018e-02
  1.700587e+00   7.616190e-01   5.055616e-02
  1.705304e+00   7.718451e-01   4.957134e-02
  1.710022e+00   7.116271e-01   5.030540e-02
  1.714739e+00   6.756131e-01   4.978359e-02
  1.719457e+00   6.867654e-01   5.011379e-02
  1.724174e+00   6.729805e-01   4.936058e-02
  1.728892e+00   7.408629e-01   4.980272e-02
  1.733609e+00   7.400491e-01   4.987367e-02
  1.738327e+00   6.582579e-01   4.990895e-02
  1.743044e+00   7.215093e-01   4.927180e-02
  1.747762e+00   7.680919e-01   4.970343e-02
  1.752479e+00   6.716736e-01   4.917310e-02
  1.757197e+00   6.861865e-01   4.965572e-02
  1.761914e+00   6.186684e-01   4.938258e-02
  1.766632e+00   6.714555e-01   4.855184e-02
  1.771349e+00   6.866043e-01   4.936839e-02
  1.776067e+00   7.288834e-01   4.946687e-02
  1.780784e+00   6.856027e-01   4.914188e-02
  1.785502e+00   6.619725e-01   4.825593e-02
  1.790219e+00   6.610279e-01   4.899080e-02
  1.794937e+00   7.195597e-01   4.885886e-02
  1.799654e+00   7.073034e-01   4.913828e-02
  1.804372e+00   6.365118e-01   4.804008e-02
  1.809089e+00   7.401346e-01   4.895102e-02
  1.813807e+00   6.352384e-01   4.888045e-02
  1.818524e+00   6.681636e-01   4.867925e-02
  1.823242e+00   7.079460e-01   4.825419e-02
  1.827959e+00   6.739788e-01   4.817977e-02
  1.832677e+00   6.532362e-01   4.855957e-02
  1.837394e+00   6.327704e-01   4.861717e-02
  1.842112e+00   6.409479e-01   4.818019e-02
  1.846829e+00   6.863644e-01   4.752787e-02
  1.851547e+00   7.105500e-01   4.865741e-02
  1.856264e+00   6.272889e-01   4.780756e-02
  1.860982e+00   6.089455e-01   4.802806e-02
  1.865699e+00   6.558468e-01   4.770892e-02
  1.870417e+00   6.967568e-01   4.805412e-02
  1.875134e+00   6.142457e-01   4.731280e-02
  1.879852e+00   6.605565e-01   4.804762e-02
  1.884569e+00   6.470032e-01   4.771612e-02
  1.889287e+00   6.185593e-01   4.741480e-02
  1.894004e+00   5.587742e-01   4.743060e-02
  1.898722e+00   5.985432e-01   4.728041e-02
  1.903439e+00   6.780257e-01   4.790427e-02
  1.908157e+00   5.223474e-01   4.679301e-02
  1.912874e+00   6.124068e-01   4.687066e-02
  1.917592e+00   6.160208e-01   4.735063e-02
  1.922309e+00   6.564005e-01   4.799774e-02
  1.927027e+00   5.958117e-01   4.588472e-02
  1.931744e+00   5.504572e-01   4.677495e-02
  1.936462e+00   6.892217e-01   4.675251e-02
  1.941179e+00   6.654775e-01   4.737709e-02
  1.945897e+00   6.711014e-01   4.637190e-02
  1.950614e+00   5.941120e-01   4.640463e-02
  1.955332e+00   5.586164e-01   4.633435e-02
  1.960049e+00   5.337866e-01   4.650985e-02
  1.964767e+00   6.912569e-01   4.643790e-02
  1.969484e+00   5.716932e-01   4.611481e-02
  1.974202e+00   6.700343e-01   4.684079e-02
  1.978919e+00   5.307363e-01   4.666446e-02
  1.983637e+00   6.233008e-01   4.657273e-02
  1.988354e+00   5.577993e-01   4.564981e-02
  1.993072e+00   6.796297e-01   4.658390e-02
  1.997789e+00   5.507274e-01   4.684646e-02
  2.002507e+00   5.525310e-01   4.609130e-02
  2.007224e+00   5.917799e-01   4.570360e-02
  2.011942e+00   4.711625e-01   4.670052e-02
  2.016659e+00   5.602489e-01   4.813850e-02
  2.021377e+00   5.435179e-01   4.875517e-02
  2.026094e+00   5.748458e-01   4.956308e-02
  2.030812e+00   6.313207e-01   4.973240e-02
  2.035529e+00   6.031135e-01   5.044891e-02
  2.040247e+00   5.112990e-01   5.074147e-02
  2.044964e+00   6.094674e-01   5.100337e-02
  2.049682e+00   5.629603e-01   5.113675e-02
  2.054399e+00   6.295271e-01   5.150993e-02
  2.059117e+00   6.161248e-01   5.164450e-02
  2.063834e+00   5.535645e-01   5.160430e-02
  2.068552e+00   4.889406e-01   5.114414e-02
  2.073269e+00   6.572293e-01   5.184597e-02
  2.077987e+00   5.027052e-01   5.075842e-02
  2.082704e+00   5.355248e-01   4.960580e-02
  2.087422e+00   4.594129e-01   4.782866e-02
  2.092139e+00   5.449424e-01   4.825714e-02
  2.096857e+00   4.885010e-01   4.731419e-02
  2.101574e+00   5.442326e-01   4.761145e-02
  2.106292e+00   6.425854e-01   4.683020e-02
  2.111009e+00   5.243775e-01   4.625397e-02
  2.115727e+00   5.014603e-01   4.684459e-02
  2.120444e+00   5.878975e-01   4.663525e-02
  2.125162e+00   5.538481e-01   4.658765e-02
  2.129879e+00   5.010963e-01   4.553491e-02
  2.134597e+00   5.271325e-01   4.632992e-02
  2.139314e+00   5.941624e-01   4.648626e-02
  2.144032e+00   5.544337e-01   4.680341e-02
  2.148749e+00   4.961618e-01   4.484414e-02
  2.153467e+00   5.545225e-01   4.596122e-02
  2.158184e+00   6.449898e-01   4.613974e-02
  2.162902e+00   4.531497e-01   4.598540e-02
  2.167619e+00   5.247348e-01   4.515836e-02
  2.172337e+00   4.787882e-01   4.517715e-02
  2.177054e+00   5.316306e-01   4.581436e-02
  2.181772e+00   4.665184e-01   4.547998e-02
  2.186489e+00   5.224916e-01   4.534283e-02
  2.191207e+00   5.202300e-01   4.486754e-02
  2.195924e+00   4.881252e-01   4.529682e-02
  2.200642e+00   4.176222e-01   4.509302e-02
  2.205359e+00   4.535876e-01   4.504583e-02
  2.210077e+00   5.265654e-01   4.453276e-02
  2.214794e+00   4.560372e-01   4.465149e-02
  2.219512e+00   4.888466e-01   4.530404e-02
  2.224229e+00   5.650139e-01   4.574554e-02
  2.228947e+00   4.702784e-01   4.372122e-02
  2.233664e+00   3.890223e-01   4.441101e-02
  2.238382e+00   5.707235e-01   4.503038e-02
  2.243099e+00   5.609267e-01   4.495041e-02
  2.247817e+00   4.846018e-01   4.404190e-02
  2.252534e+00   4.341620e-01   4.427641e-02
  2.257252e+00   4.974789e-01   4.472332e-02
  2.261969e+00   4.495256e-01   4.454296e-02
  2.266687e+00   4.953398e-01   4.371740e-02
  2.271404e+00   4.927509e-01   4.412186e-02
  2.276122e+00   4.185281e-01   4.474817e-02
  2.280839e+00   5.122772e-01   4.412193e-02
  2.285557e+00   4.946971e-01   4.383092e-02
  2.290274e+00   4.551228e-01   4.377981e-02
  2.294992e+00   5.151294e-01   4.452405e-02
  2.299709e+00   4.741339e-01   4.411808e-02
  2.304427e+00   5.465580e-01   4.424039e-02
  2.309144e+00   5.406521e-01   4.341953e-02
  2.313862e+00   4.146189e-01   4.368967e-02
  2.318579e+00   4.268166e-01   4.379243e-02
  2.323297e+00   4.701760e-01   4.393476e-02
  2.328014e+00   4.828065e-01   4.313116e-02
  2.332732e+00   4.790365e-01   4.373779e-02
  2.337449e+00   4.101324e-01   4.318320e-02
  2.342167e+00   3.830628e-01   4.361053e-02
  2.346884e+00   4.919556e-01   4.328788e-02
  2.351602e+00   4.843602e-01   4.343730e-02
  2.356319e+00   5.500395e-01   4.362260e-02
  2.361037e+00   4.824810e-01   4.343591e-02
  2.365754e+00   4.113573e-01   4.316167e-02
  2.370472e+00   4.696626e-01   4.299527e-02
  2.375189e+00   4.777446e-01   4.311849e-02
  2.379907e+00   4.115720e-01   4.322228e-02
  2.384624e+00   4.470693e-01   4.358649e-02
  2.389342e+00   5.755338e-01   4.254830e-02
  2.394059e+00   3.639677e-01   4.259284e-02
  2.398777e+00   4.746859e-01   4.322429e-02
  2.403494e+00   4.944740e-01   4.370595e-02
  2.408212e+00   3.824269e-01   4.208763e-02
  2.412929e+00   4.433295e-01   4.245933e-02
  2.417647e+00   4.922409e-01   4.304347e-02
  2.422364e+00   4.706508e-01   4.313593e-02
  2.427082e+00   4.096593e-01   4.238326e-02
  2.431799e+00   4.439234e-01   4.240068e-02
  2.436517e+00   4.777798e-01   4.296189e-02
  2.441234e+00   3.711403e-01   4.253709e-02
  2.445952e+00   5.814765e-01   4.275488e-02
  2.450669e+00   4.784107e-01   4.218066e-02
  2.455387e+00   4.198956e-01   4.263461e-02
  2.460104e+00   4.057869e-01   4.238296e-02
  2.464822e+00   4.255783e-01   4.282283e-02
  2.469539e+00   4.113639e-01   4.136076e-02
  2.474257e+00   4.731910e-01   4.259254e-02
  2.478974e+00   4.793200e-01   4.262405e-02
  2.483692e+00   4.675519e-01   4.270883e-02
  2.488409e+00   4.511666e-01   4.170791e-02
  2.493127e+00   4.989638e-01   4.182230e-02
  2.497844e+00   5.041365e-01   4.242136e-02
  2.502562e+00   4.758370e-01   4.285683e-02
  2.507279e+00   4.982994e-01   4.157506e-02
  2.511997e+00   4.614347e-01   4.157359e-02
  2.516714e+00   3.932286e-01   4.202286e-02
  2.521432e+00   4.608004e-01   4.205157e-02
  2.526149e+00   4.426366e-01   4.146882e-02
  2.530867e+00   3.907169e-01   4.126567e-02
  2.535584e+00   3.897807e-01   4.165601e-02
  2.540302e+00   5.079417e-01   4.186181e-02
  2.545019e+00   4.200920e-01   4.170126e-02
  2.549737e+00   3.880543e-01   4.080701e-02
  2.554454e+00   4.173856e-01   4.152640e-02
  2.559172e+00   4.138538e-01   4.173341e-02
  2.563889e+00   4.584649e-01   4.182833e-02
  2.568607e+00   4.058910e-01   4.083862e-02
  2.573324e+00   4.256790e-01   4.131094e-02
  2.578042e+00   4.191892e-01   4.174403e-02
  2.582759e+00   4.387927e-01   4.163990e-02
  2.587477e+00   4.167749e-01   4.084525e-02
  2.592194e+00   4.201271e-01   4.122519e-02
  2.596912e+00   4.347743e-01   4.146080e-02
  2.601629e+00   4.588743e-01   4.167883e-02
  2.606347e+00   4.166725e-01   4.080712e-02
  2.611064e+00   4.782496e-01   4.119872e-02
  2.615782e+00   4.680134e-01   4.117531e-02
  2.620499e+00   3.911833e-01   4.141241e-02
  2.625217e+00   4.258702e-01   4.099905e-02
  2.629934e+00   4.521312e-01   4.082866e-02
  2.634652e+00   4.412221e-01   4.100808e-02
  2.639369e+00   4.531127e-01   4.102828e-02
  2.644087e+00   4.581663e-01   4.143181e-02
  2.648804e+00   4.244273e-01   4.035620e-02
  2.653522e+00   4.552218e-01   4.089556e-02
  2.658239e+00   3.025953e-01   4.074650e-02
  2.662957e+00   3.858597e-01   4.089977e-02
  2.667674e+00   3.677076e-01   4.054581e-02
  2.672392e+00   5.246392e-01   4.086864e-02
  2.677109e+00   3.968845e-01   4.056964e-02
  2.681827e+00   4.306034e-01   4.121829e-02
  2.686544e+00   4.125972e-01   4.040182e-02
  2.691262e+00   4.142582e-01   4.059754e-02
  2.695979e+00   4.072215e-01   4.039293e-02
  2.700697e+00   3.733466e-01   4.067618e-02
  2.705414e+00   4.559079e-01   4.062304e-02
  2.710132e+00   3.851634e-01   4.011830e-02
  2.714849e+00   3.929232e-01   4.014933e-02
  2.719567e+00   3.994918e-01   4.067710e-02
  2.724284e+00   4.227730e-01   4.101004e-02
  2.729002e+00   4.483427e-01   3.958795e-02
  2.733719e+00   4.221254e-01   4.022595e-02
  2.738437e+00   4.224676e-01   4.069200e-02
  2.743154e+00   3.510872e-01   4.027472e-02
  2.747872e+00   4.429217e-01   3.988017e-02
  2.752589e+00   3.678300e-01   3.991497e-02
  2.757307e+00   4.520641e-01   4.025163e-02
  2.762024e+00   4.293585e-01   4.067685e-02
  2.766742e+00   3.802222e-01   3.946299e-02
  2.771459e+00   3.685548e-01   3.981960e-02
  2.776177e+00   3.733046e-01   4.001668e-02
  2.780894e+00   3.868596e-01   4.042829e-02
  2.785612e+00   3.967671e-01   3.962080e-02
  2.790329e+00   3.881113e-01   3.973344e-02
  2.795047e+00   3.797474e-01   3.980631e-02
  2.799764e+00   3.725664e-01   4.011159e-02
  2.804482e+00   4.010186e-01   4.021374e-02
  2.809199e+00   4.016780e-01   3.904218e-02
  2.813917e+00   3.925592e-01   3.973841e-02
  2.818634e+00   4.068825e-01   4.023897e-02
  2.823352e+00   4.072618e-01   4.100987e-02
  2.828069e+00   3.327152e-01   4.110415e-02
  2.832787e+00   4.321301e-01   4.181538e-02
  2.837504e+00   3.932639e-01   4.269190e-02
  2.842222e+00   3.608084e-01   4.310371e-02
  2.846939e+00   3.378845e-01   4.265054e-02
  2.851657e+00   4.065873e-01   4.292171e-02
  2.856374e+00   3.676723e-01   4.333288e-02
  2.861092e+00   3.507801e-01   4.331027e-02
  2.865809e+00   4.298014e-01   4.321525e-02
  2.870527e+00   3.780612e-01   4.343578e-02
  2.875244e+00   3.371950e-01   4.357344e-02
  2.879962e+00   4.482572e-01   4.377192e-02
  2.884679e+00   3.917420e-01   4.397141e-02
  2.889397e+00   3.579678e-01   4.181903e-02
  2.894114e+00   3.287137e-01   4.192995e-02
  2.898832e+00   5.070340e-01   4.171471e-02
  2.903549e+00   3.992888e-01   4.122957e-02
  2.908267e+00   4.257477e-01   4.005390e-02
  2.912984e+00   4.344791e-01   4.040605e-02
  2.917702e+00   3.863110e-01   4.064705e-02
  2.922419e+00   3.995656e-01   4.065567e-02
  2.927137e+00   3.162727e-01   3.955901e-02
  2.931854e+00   4.237479e-01   4.016909e-02
  2.936572e+00   3.931263e-01   4.010360e-02
  2.941289e+00   4.269424e-01   4.052415e-02
  2.946007e+00   4.247796e-01   3.983351e-02
  2.950724e+00   4.348582e-01   4.002304e-02
  2.955442e+00   4.170886e-01   3.995227e-02
  2.960159e+00   3.303193e-01   3.982524e-02
  2.964877e+00   3.768884e-01   3.989826e-02
  2.969594e+00   3.820980e-01   3.957335e-02
  2.974312e+00   3.700464e-01   3.945329e-02
  2.979029e+00   3.543824e-01   3.991435e-02
  2.983747e+00   3.847775e-01   3.991079e-02
  2.988464e+00   3.938930e-01   3.909469e-02
  2.993182e+00   3.595249e-01   3.919479e-02
  2.997899e+00   4.232462e-01   3.978570e-02
  3.002617e+00   3.406562e-01   3.955493e-02
  3.007334e+00   3.208415e-01   3.891893e-02
  3.012052e+00   3.599678e-01   3.921748e-02
  3.016769e+00   3.327823e-01   3.899943e-02
  3.021487e+00   3.610550e-01   3.958143e-02
  3.026204e+00   3.926716e-01   3.915454e-02
  3.030922e+00   4.043658e-01   3.896956e-02
  3.035639e+00   3.407721e-01   3.893448e-02
  3.040357e+00   3.819755e-01   3.935084e-02
  3.045074e+00   3.823128e-01   3.925294e-02
  3.049792e+00   3.641540e-01   3.853023e-02
  3.054509e+00   3.879989e-01   3.913288e-02
  3.059227e+00   3.553119e-01   3.901701e-02
  3.063944e+00   3.763784e-01   3.939504e-02
  3.068662e+00   2.822620e-01   3.797746e-02
  3.073379e+00   3.890307e-01   3.889029e-02
  3.078097e+00   3.813145e-01   3.895784e-02
  3.082814e+00   3.466863e-01   3.931497e-02
  3.087532e+00   3.695984e-01   3.802484e-02
  3.092249e+00   3.374567e-01   3.849174e-02
  3.096967e+00   3.739926e-01   3.877491e-02
  3.101684e+00   3.032278e-01   3.883817e-02
  3.106402e+00   3.829386e-01   3.841404e-02
  3.111119e+00   3.984147e-01   3.856022e-02
  3.115837e+00   3.749338e-01   3.856914e-02
  3.120554e+00   3.312438e-01   3.876504e-02
  3.125272e+00   3.316951e-01   3.835401e-02
  3.129989e+00   3.640046e-01   3.791035e-02
  3.134707e+00   3.751385e-01   3.874935e-02
  3.139424e+00   3.605550e-01   3.865544e-02
  3.144142e+00   3.921766e-01   3.827828e-02
  3.148859e+00   3.470436e-01   3.789177e-02
  3.153577e+00   3.010266e-01   3.838151e-02
  3.158294e+00   3.654727e-01   3.850303e-02
  3.163012e+00   4.282074e-01   3.873426e-02
  3.167729e+00   2.790239e-01   3.733887e-02
  3.172447e+00   3.706571e-01   3.815836e-02
  3.177164e+00   3.460840e-01   3.858613e-02
  3.181882e+00   3.565853e-01   3.804894e-02
  3.186599e+00   4.280933e-01   3.804118e-02
  3.191317e+00   3.341464e-01   3.781308e-02
  3.196034e+00   3.460906e-01   3.810041e-02
  3.200752e+00   3.877438e-01   3.814004e-02
  3.205469e+00   3.836785e-01   3.761993e-02
  3.210187e+00   3.402889e-01   3.767965e-02
  3.214904e+00   3.689172e-01   3.807640e-02
  3.219622e+00   2.915738e-01   3.772675e-02
  3.224339e+00   3.889350e-01   3.768280e-02
  3.229057e+00   3.268345e-01   3.748602e-02
  3.233774e+00   3.739221e-01   3.789579e-02
  3.238492e+00   3.502533e-01   3.763127e-02
  3.243209e+00   3.535133e-01   3.779674e-02
  3.247927e+00   3.855526e-01   3.737109e-02
  3.252644e+00   3.652512e-01   3.774863e-02
  3.257362e+00   3.779773e-01   3.771125e-02
  3.262079e+00   4.184829e-01   3.805763e-02
  3.266797e+00   3.100514e-01   3.715604e-02
  3.271514e+00   3.809101e-01   3.769027e-02
  3.276232e+00   3.125950e-01   3.758122e-02
  3.280949e+00   3.421680e-01   3.765666e-02
  3.285667e+00   3.481510e-01   3.724614e-02
  3.290384e+00   3.379701e-01   3.752503e-02
  3.295102e+00   3.722678e-01   3.744048e-02
  3.299819e+00   3.661001e-01   3.766775e-02
  3.304537e+00   3.087092e-01   3.716673e-02
  3.309254e+00   3.982385e-01   3.762926e-02
  3.313972e+00   2.448352e-01   3.702359e-02
  3.318689e+00   3.542381e-01   3.772100e-02
  3.323407e+00   3.649861e-01   3.716375e-02
  3.328124e+00   3.247021e-01   3.727347e-02
  3.332842e+00   3.565837e-01   3.729282e-02
  3.337559e+00   2.937868e-01   3.730241e-02
  3.342277e+00   3.486426e-01   3.743450e-02
  3.346994e+00   3.575350e-01   3.673867e-02
  3.351712e+00   3.697175e-01   3.706051e-02
  3.356429e+00   2.466707e-01   3.711247e-02
  3.361147e+00   2.958019e-01   3.737078e-02
  3.365864e+00   2.633951e-01   3.665721e-02
  3.370582e+00   3.240292e-01   3.702863e-02
  3.375299e+00   2.590580e-01   3.703959e-02
  3.380017e+00   3.356883e-01   3.809758e-02
  3.384734e+00   3.104139e-01   3.848987e-02
  3.389452e+00   3.305492e-01   3.888809e-02
  3.394169e+00   3.074223e-01   3.919900e-02
  3.398887e+00   3.282908e-01   3.981173e-02
  3.403604e+00   3.750563e-01   3.951497e-02
  3.408322e+00   3.176486e-01   3.945037e-02
  3.413039e+00   3.691453e-01   3.974854e-02
  3.417757e+00   3.478809e-01   3.976013e-02
  3.422474e+00   3.095128e-01   3.977254e-02
  3.427192e+00   3.009695e-01   3.982647e-02
  3.431909e+00   3.551861e-01   4.019328e-02
  3.436627e+00   3.383442e-01   3.991137e-02
  3.441344e+00   3.261499e-01   4.046299e-02
  3.446062e+00   3.276399e-01   3.989970e-02
  3.450779e+00   3.723466e-01   4.037660e-02
  3.455497e+00   3.473675e-01   4.041087e-02
  3.460214e+00   2.994729e-01   4.072311e-02
  3.464932e+00   2.692892e-01   3.973823e-02
  3.469649e+00   3.059727e-01   4.063744e-02
  3.474367e+00   3.977453e-01   4.084835e-02
  3.479084e+00   2.998554e-01   4.074605e-02
  3.483802e+00   3.408946e-01   4.048061e-02
  3.488519e+00   3.014980e-01   4.081435e-02
  3.493237e+00   3.125179e-01   4.076187e-02
  3.497954e+00   2.654303e-01   4.078374e-02
  3.502672e+00   3.680834e-01   4.090756e-02
  3.507389e+00   3.168885e-01   4.066149e-02
  3.512107e+00   3.834704e-01   4.142211e-02
  3.516824e+00   3.119776e-01   4.119467e-02
  3.521542e+00   3.481946e-01   4.096933e-02
  3.526259e+00   3.137108e-01   4.073321e-02
  3.530977e+00   2.587593e-01   4.138022e-02
  3.535694e+00   3.038654e-01   4.141327e-02
  3.540412e+00   3.310726e-01   4.132005e-02
  3.545129e+00   2.787336e-01   4.088389e-02
  3.549847e+00   3.720715e-01   4.153835e-02
  3.554564e+00   3.719591e-01   4.179866e-02
  3.559282e+00   2.838978e-01   4.109238e-02
  3.563999e+00   2.789853e-01   4.113283e-02
  3.568717e+00   2.925939e-01   4.142726e-02
  3.573434e+00   2.877518e-01   4.178763e-02
  3.578152e+00   2.943489e-01   4.155692e-02
  3.582869e+00   3.377805e-01   4.115590e-02
  3.587587e+00   2.724586e-01   4.155658e-02
  3.592304e+00   2.788359e-01   4.185854e-02
  3.597022e+00   3.334535e-01   4.136280e-02
  3.601739e+00   3.453877e-01   4.135104e-02
  3.606457e+00   2.826462e-01   4.122856e-02
  3.611174e+00   3.150731e-01   4.194508e-02
  3.615892e+00   3.661740e-01   4.149977e-02
  3.620609e+00   3.266449e-01   4.136187e-02
  3.625327e+00   3.088686e-01   4.151643e-02
  3.630044e+00   3.401697e-01   4.320100e-02
  3.634762e+00   3.648116e-01   4.401506e-02
  3.639479e+00   3.088149e-01   4.422207e-02
  3.644197e+00   3.420321e-01   4.542426e-02
  3.648914e+00   2.354664e-01   4.592583e-02
  3.653632e+00   3.110850e-01   4.600052e-02
  3.658349e+00   4.299657e-01   4.635245e-02
  3.663067e+00   3.932487e-01   4.680344e-02
  3.667784e+00   2.341929e-01   4.679514e-02
  3.672502e+00   3.547683e-01   4.732815e-02
  3.677219e+00   2.876192e-01   4.702299e-02
  3.681937e+00   3.548706e-01   4.758572e-02
  3.686654e+00   3.743617e-01   4.840975e-02
  3.691372e+00   3.202190e-01   4.804737e-02
  3.696089e+00   3.034476e-01   4.814357e-02
  3.700807e+00   2.118144e-01   4.793240e-02
  3.705524e+00   4.452506e-01   4.971110e-02
  3.710242e+00   2.576587e-01   4.859813e-02
  3.714959e+00   3.242172e-01   4.920973e-02
  3.719677e+00   3.165698e-01   4.904963e-02
  3.724394e+00   2.552259e-01   4.971999e-02
  3.729112e+00   3.879452e-01   4.994896e-02
  3.733829e+00   2.280270e-01   4.984348e-02
  3.738547e+00   3.478675e-01   5.006421e-02
  3.743264e+00   2.821009e-01   5.037423e-02
  3.747982e+00   4.459435e-01   5.076213e-02
  3.752699e+00   3.030332e-01   5.109852e-02
  3.757417e+00   3.069106e-01   5.081835e-02
  3.762134e+00   3.501661e-01   5.156032e-02
  3.766852e+00   2.052155e-01   5.092888e-02
  3.771569e+00   3.018538e-01   5.138426e-02
  3.776287e+00   2.287199e-01   5.155519e-02
  3.781004e+00   3.323830e-01   5.200223e-02
  3.785722e+00   2.942012e-01   5.230713e-02
  3.790439e+00   3.959382e-01   5.221341e-02
  3.795157e+00   3.580568e-01   5.309263e-02
  3.799874e+00   3.313075e-01   5.288866e-02
  3.804592e+00   2.918221e-01   5.272248e-02
  3.809309e+00   2.786832e-01   5.292492e-02
  3.814027e+00   2.584388e-01   5.336457e-02
  3.818744e+00   3.776183e-01   5.430539e-02
  3.823462e+00   3.237004e-01   5.328575e-02
  3.828179e+00   3.421143e-01   5.427690e-02
  3.832897e+00   3.117863e-01   5.424728e-02
  3.837614e+00   3.077042e-01   5.504932e-02
  3.842332e+00   2.813811e-01   5.398317e-02
  3.847049e+00   3.787256e-01   5.494395e-02
  3.851767e+00   2.968169e-01   5.496917e-02
  3.856484e+00   3.570669e-01   5.620623e-02
  3.861202e+00   3.685515e-01   5.522641e-02
  3.865919e+00   3.144289e-01   5.522346e-02
  3.870637e+00   3.023637e-01   5.559282e-02
  3.875354e+00   3.078485e-01   5.665551e-02
  3.880072e+00   3.148315e-01   5.583446e-02
  3.884789e+00   2.495868e-01   5.589775e-02
  3.889507e+00   1.771392e-01   5.609988e-02
  3.894224e+00   3.867036e-01   5.736639e-02
  3.898942e+00   2.829901e-01   5.725746e-02
  3.903660e+00   3.230746e-01   5.654147e-02
  3.908377e+00   3.404734e-01   5.747178e-02
  3.913095e+00   3.533120e-01   5.790880e-02
  3.917812e+00   3.211367e-01   5.843361e-02
  3.922530e+00   1.642955e-01   5.682155e-02
  3.927247e+00   3.232088e-01   5.810537e-02
  3.931965e+00   3.846265e-01   5.843239e-02
  3.936682e+00   3.162459e-01   5.813302e-02
  3.941400e+00   2.054873e-01   5.720137e-02
  3.946117e+00   2.768830e-01   5.780248e-02
  3.950835e+00   3.281332e-01   5.846313e-02
  3.955552e+00   2.373824e-01   5.875323e-02
  3.960270e+00   2.931912e-01   5.841077e-02
  3.964987e+00   2.461943e-01   5.784606e-02
  3.969705e+00   2.416608e-01   5.871379e-02
  3.974422e+00   3.190479e-01   5.894516e-02
  3.979140e+00   2.937465e-01   5.985752e-02
  3.983857e+00   2.748596e-01   5.880406e-02
  3.988575e+00   2.862400e-01   5.940361e-02
  3.993292e+00   2.281310e-01   5.940646e-02
  3.998010e+00   4.434772e-01   6.037699e-02
  4.002727e+00   3.521056e-01   6.040686e-02
  4.007445e+00   1.645624e-01   6.019761e-02
  4.012162e+00   3.676958e-01   6.034955e-02
  4.016880e+00   2.374864e-01   6.081397e-02
  4.021597e+00   3.019024e-01   6.131001e-02
  4.026315e+00   2.415048e-01   6.154107e-02
  4.031032e+00   2.181095e-01   6.107733e-02
  4.035750e+00   2.743377e-01   6.126230e-02
  4.040467e+00   2.190020e-01   6.249157e-02
  4.045185e+00   3.554780e-01   6.198208e-02
  4.049902e+00   3.462484e-01   6.238820e-02
  4.054620e+00   2.081400e-01   6.211332e-02
  4.059337e+00   3.188448e-01   6.295546e-02
  4.064055e+00   3.600081e-01   6.293554e-02
  4.068772e+00   2.455818e-01   6.301126e-02
  4.073490e+00   3.724070e-01   6.329317e-02
  4.078207e+00   1.292161e-01   6.343959e-02
  4.082925e+00   2.887098e-01   6.381884e-02
  4.087642e+00   2.684419e-01   6.437183e-02
  4.092360e+00   2.617643e-01   6.407399e-02
  4.097077e+00   2.692288e-01   6.447482e-02
  4.101795e+00   3.523237e-01   6.498019e-02
  4.106512e+00   3.729338e-01   6.596933e-02
  4.111230e+00   2.639269e-01   6.523268e-02
  4.115947e+00   3.417586e-01   6.534249e-02
  4.120665e+00   2.783577e-01   6.580497e-02
  4.125382e+00   3.138147e-01   6.704718e-02
  4.130100e+00   2.721801e-01   6.605583e-02
  4.134817e+00   3.273144e-01   6.597160e-02
  4.139535e+00   2.829264e-01   6.718793e-02
  4.144252e+00   2.577090e-01   6.757036e-02
  4.148970e+00   2.945016e-01   6.721635e-02
  4.153687e+00   2.420701e-01   6.683300e-02
  4.158405e+00   2.459292e-01   6.802822e-02
  4.163122e+00   2.402800e-01   6.869731e-02
  4.167840e+00   2.735693e-01   6.766972e-02
  4.172557e+00   1.877563e-01   6.802465e-02
  4.177275e+00   3.269403e-01   6.903886e-02
  4.181992e+00   3.542801e-01   7.106070e-02
  4.186710e+00   2.964780e-01   6.885813e-02
  4.191427e+00   2.348573e-01   6.953088e-02
  4.196145e+00   2.492193e-01   6.981478e-02
  4.200862e+00   2.747471e-01   7.132465e-02
  4.205580e+00   1.437106e-01   6.886636e-02
  4.210297e+00   2.112590e-01   7.048797e-02
  4.215015e+00   1.810216e-01   7.110277e-02
  4.219732e+00   1.922210e-01   7.199465e-02
  4.224450e+00   4.438311e-01   7.191973e-02
  4.229167e+00   2.934311e-01   7.179907e-02
  4.233885e+00   3.412754e-01   7.202012e-02
  4.238602e+00   1.727400e-01   7.383473e-02
  4.243320e+00   1.790670e-01   7.219619e-02
  4.248037e+00   2.467697e-01   7.296363e-02
  4.252755e+00   1.202935e-01   7.267491e-02
  4.257472e+00   2.649085e-01   7.583331e-02
  4.262190e+00   2.745559e-01   7.408620e-02
  4.266907e+00   2.559775e-01   7.348522e-02
  4.271625e+00   3.231367e-01   7.538133e-02
  4.276342e+00   3.580467e-01   7.610043e-02
  4.281060e+00   2.632072e-01   7.483353e-02
  4.285777e+00   3.175478e-01   7.524115e-02
  4.290495e+00   1.643409e-01   7.609632e-02
  4.295212e+00   3.467802e-01   7.804888e-02
  4.299930e+00   1.750100e-01   7.546232e-02
  4.304647e+00   2.453134e-01   7.651219e-02
  4.309365e+00   4.012871e-01   7.779435e-02
  4.314082e+00   2.332383e-01   7.886954e-02
  4.318800e+00   2.034555e-01   7.772956e-02
  4.323517e+00   3.539915e-01   7.817215e-02
  4.328235e+00   1.473834e-01   7.819420e-02
  4.332952e+00   9.061148e-02   7.995435e-02
  4.337670e+00   2.261176e-01   7.943625e-02
  4.342387e+00   2.168260e-01   7.924406e-02
  4.347105e+00   2.952851e-01   8.022573e-02
  4.351822e+00   2.574104e-01   8.139273e-02
  4.356540e+00   2.415702e-01   8.097887e-02
  4.361257e+00   1.975664e-01   8.141119e-02
  4.365975e+00   3.163818e-01   8.193368e-02
  4.370692e+00   2.035613e-01   8.254746e-02
  4.375410e+00   2.724402e-01   8.316818e-02
  4.380127e+00   2.733109e-01   8.259782e-02
  4.384845e+00   3.552028e-01   8.398690e-02
  4.389562e+00   3.517348e-01   8.562805e-02
  4.394280e+00   3.699088e-01   8.583935e-02
  4.398997e+00   3.283898e-01   8.423826e-02
  4.403715e+00   3.404113e-01   8.470783e-02
  4.408432e+00   2.637776e-01   8.558845e-02
  4.413150e+00   2.167102e-01   8.507142e-02
  4.417867e+00   1.751761e-01   8.339966e-02
  4.422585e+00   3.830426e-01   8.594094e-02
  4.427302e+00   2.175742e-01   8.512908e-02
  4.432020e+00   3.137695e-01   8.659661e-02
  4.436737e+00   2.331208e-01   8.432237e-02
  4.441455e+00   2.538198e-01   8.517341e-02
  4.446172e+00   1.318653e-01   8.542710e-02
  4.450890e+00   3.312472e-01   8.840075e-02
  4.455607e+00   1.888922e-01   8.562575e-02
  4.460325e+00   1.207080e-01   8.597368e-02
  4.465042e+00   2.955183e-01   8.813617e-02
  4.469760e+00   2.000697e-01   8.979813e-02
  4.474477e+00   1.397544e-01   8.761844e-02
  4.479195e+00   2.338993e-01   8.834976e-02
  4.483912e+00   2.098363e-01   9.049248e-02
  4.488630e+00   2.870252e-01   9.212070e-02
  4.493347e+00   2.964579e-01   8.995479e-02
  4.498065e+00   2.749988e-01   9.145020e-02
  4.502782e+00   1.176275e-01   9.219874e-02
  4.507500e+00   2.422497e-01   9.346439e-02
  4.512217e+00   4.913516e-01   9.309535e-02
  4.516935e+00   3.043251e-01   9.335505e-02
  4.521652e+00   2.867467e-01   9.421107e-02
  4.526370e+00   2.767001e-01   9.721250e-02
  4.531087e+00   2.921326e-01   9.406371e-02
  4.535805e+00   2.463067e-01   9.452739e-02
  4.540522e+00   3.262523e-01   9.626849e-02
  4.545240e+00   1.418147e-01   1.000195e-01
  4.549957e+00   8.168556e-02   9.539623e-02
  4.554675e+00   1.272329e-01   9.684336e-02
  4.559392e+00   1.894375e-01   9.873032e-02
  4.564110e+00   2.561872e-01   1.026235e-01
  4.568827e+00   2.873776e-01   9.894472e-02
  4.573545e+00   1.750335e-01   9.924044e-02
  4.578262e+00   3.582783e-01   1.030462e-01
  4.582980e+00   3.341984e-01   1.059840e-01
  4.587697e+00   3.314519e-01   1.023331e-01
  4.592415e+00   2.668564e-01   1.027590e-01
  4.597132e+00   3.288294e-01   1.042172e-01
  4.601850e+00   4.093389e-01   1.074853e-01
  4.606567e+00   1.918183e-01   1.061905e-01
  4.611285e+00   3.636204e-01   1.052522e-01
  4.616002e+00   2.881611e-01   1.074040e-01
  4.620720e+00   7.607331e-02   1.098203e-01
  4.625437e+00   3.843211e-01   1.101088e-01
  4.630155e+00   2.282736e-01   1.088912e-01
  4.634872e+00   2.348237e-01   1.103375e-01
  4.639590e+00   1.346723e-01   1.136927e-01
  4.644307e+00   1.729195e-01   1.134128e-01
  4.649025e+00   1.107048e-01   1.112293e-01
  4.653742e+00   3.933276e-01   1.153929e-01
  4.658460e+00   3.267036e-01   1.173790e-01
  4.663177e+00   2.979813e-01   1.195124e-01
  4.667895e+00   3.886146e-01   1.159361e-01
  4.672612e+00   2.552862e-01   1.181962e-01
  4.677330e+00   2.200188e-01   1.204359e-01
  4.682047e+00   4.490005e-01   1.258234e-01
  4.686765e+00   1.501232e-01   1.186662e-01
  4.691482e+00   4.451163e-01   1.225372e-01
  4.696200e+00   3.854553e-01   1.250072e-01
  4.700917e+00   2.691717e-01   1.308369e-01
  4.705635e+00   3.929333e-01   1.255191e-01
  4.710352e+00   6.272973e-02   1.250325e-01
  4.715070e+00   4.314775e-01   1.316824e-01
  4.719787e+00   1.478933e-01   1.364326e-01
  4.724505e+00   2.704200e-01   1.306341e-01
  4.729222e+00   3.742392e-01   1.330729e-01
  4.733940e+00  -2.356811e-02   1.331211e-01
  4.738657e+00   3.575819e-01   1.440356e-01
  4.743375e+00   2.284867e-01   1.366937e-01
  4.748092e+00   1.615038e-01   1.370867e-01
  4.752810e+00   1.772801e-01   1.412135e-01
  4.757527e+00   3.318444e-01   1.508062e-01
  4.762245e+00   3.925407e-01   1.428974e-01
  4.766962e+00   5.091631e-02   1.437833e-01
  4.771680e+00   5.075139e-01   1.518413e-01
  4.776397e+00   2.229382e-01   1.574036e-01
  4.781115e+00   3.053636e-01   1.509008e-01
  4.785832e+00   7.275796e-02   1.536163e-01
  4.790550e+00   1.953819e-01   1.589772e-01
  4.795267e+00   2.270690e-01   1.660511e-01
  4.799985e+00  -1.006347e-02   1.591393e-01
  4.804702e+00   3.629560e-01   1.638184e-01
  4.809420e+00   4.032367e-01   1.737664e-01
  4.814137e+00   1.199378e-01   1.722667e-01
  4.818855e+00   4.352777e-01   1.758922e-01
  4.823572e+00   5.510311e-01   1.792023e-01
  4.828290e+00   7.083688e-03   1.847769e-01
  4.833007e+00   2.146582e-02   1.841997e-01
  4.837725e+00   3.579880e-01   1.897510e-01
  4.842442e+00   4.723941e-01   1.958113e-01
  4.847160e+00   4.587787e-01   2.040330e-01
  4.851877e+00  -6.203344e-02   1.969438e-01
  4.856595e+00   2.069890e-01   2.074967e-01
  4.861312e+00   6.745157e-01   2.184113e-01
  4.866030e+00   1.906153e-01   2.241818e-01
  4.870747e+00   3.617580e-01   2.237142e-01
  4.875465e+00  -1.590844e-01   2.271877e-01
  4.880182e+00  -2.055595e-01   2.389503e-01
  4.884900e+00   7.031727e-01   2.544645e-01
  4.889617e+00   6.967920e-02   2.519550e-01
  4.894335e+00   5.087571e-01   2.747638e-01
  4.899052e+00   7.668822e-01   2.998944e-01
  4.903770e+00   4.204308e-01   2.953167e-01
  4.908487e+00   4.648104e-01   3.152018e-01
  4.913205e+00   4.867476e-02   3.348987e-01
  4.917922e+00   3.047680e-01   3.462846e-01
  4.922640e+00   8.280751e-01   3.927008e-01
  4.927357e+00   6.893391e-01   4.423231e-01
  4.932075e+00   4.497287e-01   5.230585e-01
  4.936792e+00   9.911459e-02   5.050752e-01
  4.941510e+00   1.278542e+00   6.800299e-01
  4.946227e+00   3.192559e-01   1.050673e+00
range-from: 15
range-to: 1043
